0.0	0.14477295239081944
0.0010000000000041087	0.14477294973137522
0.0020000000000082174	0.14477294255320605
0.003000000000012548	0.1447729312909144
0.004000000000016657	0.14477291599654207
0.005000000000020766	0.14477289587513353
0.006000000000024874	0.14477287168196862
0.007000000000029205	0.14477284292688686
0.008000000000033314	0.14477280971921713
0.009000000000037423	0.144772772374126
0.010000000000041753	0.14477273044103167
0.011000000000045862	0.14477268404138655
0.01200000000004997	0.14477263328106615
0.01300000000005408	0.14477257804752208
0.01400000000005841	0.14477251872893337
0.015000000000062519	0.14477245486970236
0.016000000000066406	0.14477238632582912
0.017000000000070736	0.14477231369210575
0.018000000000074845	0.14477223662301464
0.019000000000078954	0.14477215490779538
0.020000000000083062	0.14477206901933504
0.021000000000087393	0.1447719786590136
0.022000000000091502	0.1447718838520341
0.02300000000009561	0.14477178488163667
0.02400000000009972	0.1447716810681957
0.02500000000010405	0.14477157321951584
0.02600000000010816	0.1447714608839259
0.027000000000112268	0.14477134389071444
0.0280000000001166	0.14477122264879105
0.029000000000120707	0.14477109724640802
0.030000000000124816	0.14477096720349214
0.031000000000128924	0.14477083277180103
0.032000000000133255	0.14477069398678433
0.033000000000137364	0.14477055057364374
0.03400000000014147	0.1447704029860224
0.0350000000001458	0.14477025113132735
0.03600000000014991	0.1447700946060987
0.03700000000015402	0.14476993373985358
0.03800000000015813	0.14476976849777
0.03900000000016246	0.14476959890217722
0.04000000000016657	0.14476942467409204
0.04100000000017068	0.14476924614915898
0.04200000000017501	0.14476906336554052
0.04300000000017912	0.14476887611914446
0.044000000000183226	0.14476868444288582
0.045000000000187335	0.144768488188585
0.046000000000191665	0.14476828785744777
0.04700000000019555	0.14476808305376276
0.04800000000019966	0.14476787351065845
0.04900000000020399	0.14476765980031603
0.0500000000002081	0.14476744162282107
0.05100000000021221	0.14476721901515366
0.05200000000021632	0.14476699226919787
0.05300000000022065	0.14476676097275964
0.05400000000022476	0.1447665250406548
0.055000000000228866	0.14476628502410271
0.0560000000002332	0.14476604045067942
0.057000000000237305	0.14476579128634615
0.058000000000241414	0.144765538096986
0.05900000000024552	0.1447652803179289
0.060000000000249853	0.14476501798909913
0.06100000000025396	0.14476475158678737
0.06200000000025807	0.14476448052170965
0.0630000000002624	0.144764205117915
0.06400000000026651	0.1447639253903279
0.06500000000027062	0.14476364119844565
0.06600000000027473	0.14476335247375272
0.06700000000027906	0.1447630593378597
0.06800000000028317	0.1447627620395393
0.06900000000028728	0.14476246036760176
0.0700000000002916	0.14476215389816716
0.07100000000029572	0.14476184338398856
0.07200000000029982	0.14476152839833278
0.07300000000030393	0.14476120878402976
0.07400000000030826	0.14476088503450524
0.07500000000031237	0.14476055684022238
0.07600000000031648	0.1447602239766852
0.07700000000032081	0.14475988701251485
0.0780000000003247	0.14475954554430803
0.07900000000032881	0.14475919965254547
0.08000000000033292	0.14475884942313433
0.08100000000033725	0.14475849470723168
0.08200000000034136	0.14475813562251527
0.08300000000034546	0.14475777214094154
0.0840000000003498	0.14475740430745132
0.0850000000003539	0.14475703200955903
0.08600000000035801	0.14475665532286763
0.08700000000036212	0.14475627416153602
0.08800000000036645	0.14475588862031752
0.08900000000037056	0.14475549861210424
0.09000000000037467	0.14475510448056728
0.091000000000379	0.1447547059457993
0.09200000000038311	0.1447543026217729
0.09300000000038722	0.14475389516267334
0.09400000000039133	0.14475348330945703
0.09500000000039566	0.14475306671115618
0.09600000000039977	0.14475264616293215
0.09700000000040387	0.14475222117934372
0.0980000000004082	0.144751791497857
0.09900000000041231	0.14475135732042754
0.10000000000041642	0.14475091869128154
0.10100000000042053	0.14475047596951907
0.10200000000042486	0.14475002905435763
0.10300000000042897	0.1447495778944552
0.10400000000043308	0.14474912188657518
0.10500000000043741	0.14474866117022178
0.10600000000044152	0.1447481965460995
0.10700000000044563	0.1447477273811444
0.10800000000044951	0.14474725384375287
0.10900000000045384	0.14474677595799967
0.11000000000045795	0.14474629327752175
0.11100000000046206	0.14474580658153524
0.1120000000004664	0.14474531556285675
0.1130000000004705	0.14474481994860722
0.11400000000047461	0.14474431990974923
0.11500000000047872	0.14474381552381588
0.11600000000048305	0.144743306734057
0.11700000000048716	0.14474279355166342
0.11800000000049127	0.144742275959178
0.1190000000004956	0.14474175395201838
0.12000000000049971	0.14474122754098628
0.12100000000050382	0.1447406967562228
0.12200000000050792	0.14474016155290825
0.12300000000051226	0.1447396219545971
0.12400000000051636	0.14473907794815755
0.12500000000052047	0.14473852953620647
0.1260000000005248	0.14473797674458466
0.1270000000005289	0.1447374195291391
0.12800000000053302	0.14473685792480728
0.12900000000053713	0.14473629191153903
0.13000000000054146	0.14473572149865055
0.13100000000054557	0.14473514664865217
0.13200000000054968	0.14473456724583178
0.133000000000554	0.14473398387434466
0.13400000000055812	0.14473339625201742
0.13500000000056223	0.14473280362930707
0.13600000000056633	0.14473220680869336
0.13700000000057067	0.14473160559771336
0.13800000000057477	0.14473099999670014
0.13900000000057866	0.14473038993455456
0.140000000000583	0.14472977567079726
0.1410000000005871	0.1447291567466804
0.1420000000005912	0.14472853362602467
0.14300000000059532	0.14472790592897233
0.14400000000059965	0.14472727403134167
0.14500000000060376	0.14472663772044503
0.14600000000060787	0.14472599680291665
0.1470000000006122	0.14472535155080446
0.1480000000006163	0.1447247020039506
0.14900000000062041	0.14472404796155958
0.15000000000062452	0.14472338959826148
0.15100000000062885	0.1447227267497928
0.15200000000063296	0.14472205956433237
0.15300000000063707	0.14472138796268508
0.1540000000006414	0.14472071202692582
0.1550000000006455	0.14472003161788738
0.15600000000064962	0.144719346849846
0.15700000000065373	0.14471865768135594
0.15800000000065806	0.14471796415968552
0.15900000000066217	0.14471726621084557
0.16000000000066628	0.144716563860936
0.16100000000067038	0.14471585710915869
0.16200000000067472	0.1447151458661996
0.16300000000067882	0.14471443017438823
0.16400000000068293	0.14471371029421076
0.16500000000068726	0.14471298599733484
0.16600000000069137	0.1447122573395898
0.16700000000069548	0.14471152417880218
0.1680000000006996	0.14471078666193338
0.16900000000070392	0.1447100445491809
0.1700000000007078	0.14470929816742695
0.17100000000071192	0.1447085475150386
0.17200000000071625	0.1447077923935417
0.17300000000072036	0.14470703271082141
0.17400000000072446	0.14470626914522167
0.17500000000072857	0.1447055010768804
0.1760000000007329	0.14470472816958146
0.177000000000737	0.14470395105592915
0.17800000000074112	0.14470316949652162
0.17900000000074545	0.14470238366025046
0.18000000000074956	0.1447015933008946
0.18100000000075367	0.1447007985858969
0.18200000000075778	0.1446999994706315
0.1830000000007621	0.14469919608295456
0.18400000000076622	0.14469838824076198
0.18500000000077033	0.1446975759905268
0.18600000000077466	0.14469675926611159
0.18700000000077877	0.14469593839268713
0.18800000000078287	0.1446951129637073
0.18900000000078698	0.1446942829965996
0.1900000000007913	0.14469344882855606
0.19100000000079542	0.14469261015126245
0.19200000000079953	0.14469176719165433
0.19300000000080386	0.14469091973700565
0.19400000000080797	0.14469006785339267
0.19500000000081208	0.14468921173353
0.1960000000008162	0.14468835126497426
0.19700000000082052	0.14468748626443972
0.19800000000082463	0.14468661684291284
0.19900000000082874	0.14468574312921756
0.20000000000083307	0.14468486493437815
0.20100000000083695	0.14468398242465041
0.20200000000084106	0.1446830954299273
0.20300000000084517	0.1446822042408158
0.2040000000008495	0.14468130850635397
0.2050000000008536	0.1446804083540677
0.20600000000085772	0.14467950389581352
0.20700000000086205	0.1446785949723718
0.20800000000086616	0.1446776817216716
0.20900000000087027	0.14467676402623142
0.21000000000087438	0.14467584203331074
0.2110000000008787	0.1446749155794973
0.21200000000088282	0.14467398471704862
0.21300000000088692	0.144673049507116
0.21400000000089126	0.14467210986465184
0.21500000000089536	0.14467116586366158
0.21600000000089947	0.14467021743387276
0.21700000000090358	0.1446692646760538
0.2180000000009079	0.14466830747880055
0.21900000000091202	0.1446673458935317
0.22000000000091613	0.1446663799406086
0.22100000000092046	0.1446654095955009
0.22200000000092457	0.1446644348463738
0.22300000000092868	0.14466345574451844
0.2240000000009328	0.1446624722127533
0.22500000000093712	0.14466148436132553
0.22600000000094123	0.1446604920609027
0.22700000000094533	0.14465949533236155
0.22800000000094967	0.14465849428445432
0.22900000000095377	0.14465748884834662
0.23000000000095788	0.14465647902243906
0.23100000000096177	0.14465546479809754
0.2320000000009661	0.1446544461788155
0.2330000000009702	0.14465342312778207
0.23400000000097432	0.14465239573809363
0.23500000000097865	0.14465136421743807
0.23600000000098276	0.14465032808036693
0.23700000000098687	0.14464928718114056
0.23800000000099097	0.14464824233907525
0.2390000000009953	0.14464719300564677
0.24000000000099941	0.1446461394977534
0.24100000000100352	0.14464508172543022
0.24200000000100785	0.14464401891308332
0.24300000000101196	0.1446429522071756
0.24400000000101607	0.14464188108950693
0.24500000000102018	0.1446408052546806
0.2460000000010245	0.144639725186388
0.24700000000102862	0.14463864093639367
0.24800000000103273	0.14463755216293128
0.24900000000103706	0.1446364590052137
0.25000000000104117	0.14463536146267408
0.2510000000010453	0.144634259553153
0.2520000000010494	0.14463315315545833
0.2530000000010537	0.1446320424381714
0.2540000000010578	0.1446309273865961
0.25500000000106193	0.14462980798156777
0.25600000000106626	0.14462868416803598
0.25700000000107037	0.1446275559742678
0.2580000000010745	0.1446264232929979
0.2590000000010786	0.14462528642482164
0.2600000000010829	0.14462414498421983
0.26100000000108703	0.14462299925176247
0.2620000000010909	0.14462184908780873
0.26300000000109525	0.14462069457921323
0.26400000000109936	0.14461953569008756
0.26500000000110346	0.14461837238794095
0.2660000000011076	0.14461720478801832
0.2670000000011119	0.14461603293118452
0.268000000001116	0.1446148564206441
0.2690000000011201	0.14461367536777436
0.27000000000112445	0.14461249017692168
0.27100000000112856	0.1446113009140264
0.27200000000113267	0.14461010739119773
0.2730000000011368	0.14460890896291334
0.2740000000011411	0.14460770591642902
0.2750000000011452	0.14460649910556567
0.2760000000011493	0.1446052876883973
0.27700000000115366	0.14460407156232036
0.27800000000115777	0.14460285162892783
0.2790000000011619	0.1446016271414583
0.280000000001166	0.14460039793794888
0.2810000000011703	0.14459916459557465
0.2820000000011744	0.1445979270898453
0.28300000000117853	0.14459668474284648
0.28400000000118286	0.1445954382664416
0.28500000000118697	0.14459418759801268
0.2860000000011911	0.14459293240174043
0.2870000000011952	0.14459167284652008
0.2880000000011995	0.14459040879818508
0.2890000000012036	0.14458914046520288
0.29000000000120774	0.14458786781791222
0.29100000000121207	0.14458659068543311
0.2920000000012162	0.14458530920156443
0.29300000000122006	0.14458402340574095
0.29400000000122417	0.1445827331872216
0.2950000000012285	0.14458143855728212
0.2960000000012326	0.14458013962972605
0.2970000000012367	0.14457883628096346
0.29800000000124083	0.14457752854419958
0.29900000000124516	0.14457621647849517
0.30000000000124927	0.14457490002985718
0.3010000000012534	0.14457357920483627
0.3020000000012577	0.14457225400310258
0.3030000000012618	0.14457092440005403
0.3040000000012659	0.1445695904800226
0.30500000000127003	0.14456825217097746
0.30600000000127436	0.14456690945451023
0.3070000000012785	0.14456556241334417
0.3080000000012826	0.14456421098357952
0.3090000000012869	0.14456285514825162
0.310000000001291	0.14456149500400894
0.31100000000129513	0.14456013047191407
0.31200000000129924	0.14455876155362213
0.31300000000130357	0.14455738822712172
0.3140000000013077	0.14455601056011647
0.3150000000013118	0.1445546285606627
0.3160000000013161	0.14455324216740695
0.3170000000013202	0.14455185143191496
0.31800000000132433	0.14455045629277286
0.31900000000132844	0.1445490567197486
0.3200000000013328	0.1445476529353691
0.3210000000013369	0.144546244696664
0.322000000001341	0.14454483198078072
0.3230000000013453	0.1445434150939119
0.3240000000013492	0.14454199379356492
0.3250000000013533	0.1445405679295122
0.3260000000013574	0.14453913797057716
0.32700000000136176	0.14453770362066265
0.32800000000136587	0.14453626463890834
0.32900000000137	0.14453482133450324
0.3300000000013743	0.14453337405252586
0.3310000000013784	0.1445319219868253
0.3320000000013825	0.14453046558373628
0.33300000000138663	0.14452900522668033
0.33400000000139096	0.1445275400902284
0.33500000000139507	0.14452607073323853
0.3360000000013992	0.14452459706743548
0.3370000000014035	0.14452311869473977
0.3380000000014076	0.14452163635699355
0.3390000000014117	0.14452014964376403
0.34000000000141584	0.1445186583689102
0.34100000000142017	0.14451716276831372
0.3420000000014243	0.1445156627583909
0.3430000000014284	0.14451415860042416
0.3440000000014327	0.14451264989734391
0.3450000000014368	0.14451113680060101
0.34600000000144093	0.14450961953249808
0.34700000000144504	0.1445080976660622
0.34800000000144937	0.14450657169087266
0.3490000000014535	0.14450504119633378
0.3500000000014576	0.14450350632188358
0.3510000000014619	0.14450196723707676
0.35200000000146603	0.14450042365451243
0.35300000000147014	0.14449887573569753
0.35400000000147425	0.14449732349418254
0.35500000000147836	0.14449576687341437
0.35600000000148246	0.14449420589847417
0.3570000000014866	0.14449264056116362
0.3580000000014909	0.14449107086198243
0.359000000001495	0.14448949678383538
0.3600000000014991	0.14448791835207764
0.36100000000150323	0.14448633556171564
0.36200000000150756	0.14448474845769432
0.36300000000151167	0.14448315697997505
0.3640000000015158	0.14448156108377175
0.3650000000015201	0.1444799608757501
0.3660000000015242	0.14447835635449857
0.3670000000015283	0.14447674743620853
0.36800000000153243	0.14447513417591828
0.36900000000153677	0.14447351657179774
0.3700000000015409	0.14447189457377152
0.371000000001545	0.14447026825717368
0.3720000000015493	0.1444686374761719
0.3730000000015534	0.14446700259703504
0.37400000000155753	0.14446536307186786
0.37500000000156164	0.14446371931633428
0.37600000000156597	0.14446207094725827
0.3770000000015701	0.14446041872883286
0.3780000000015742	0.14445876181481832
0.3790000000015785	0.1444571006544395
0.3800000000015826	0.14445543515863468
0.38100000000158674	0.14445376529725418
0.38200000000159084	0.1444520912050099
0.3830000000015952	0.14445041228471045
0.3840000000015993	0.14444872970826284
0.3850000000016034	0.14444704222270144
0.3860000000016075	0.14444535056604435
0.3870000000016116	0.1444436545070431
0.3880000000016157	0.1444419540855919
0.38900000000161983	0.14444024941605482
0.39000000000162416	0.14443854037351667
0.39100000000162827	0.14443682710711025
0.3920000000016324	0.1444351092923013
0.3930000000016367	0.14443338712255005
0.3940000000016408	0.1444316605921614
0.3950000000016449	0.14442992994649795
0.39600000000164903	0.14442819504885662
0.39700000000165336	0.14442645545438915
0.3980000000016575	0.1444247114927273
0.3990000000016616	0.14442296327140203
0.4000000000016659	0.1444212106377395
0.40100000000167	0.14441945378161625
0.40200000000167413	0.1444176925701548
0.40300000000167824	0.1444159269866655
0.40400000000168257	0.14441415704361893
0.4050000000016867	0.14441238278869095
0.4060000000016908	0.14441060427340213
0.4070000000016951	0.14440882138800548
0.4080000000016992	0.14440703417204093
0.40900000000170333	0.14440524241052544
0.41000000000170744	0.14440344639411495
0.4110000000017118	0.14440164627698948
0.4120000000017159	0.14439984088047209
0.41300000000172	0.144398032541726
0.4140000000017243	0.14439621916689438
0.41500000000172843	0.14439440077847587
0.41600000000173254	0.14439257938221317
0.4170000000017364	0.14439075284303482
0.41800000000174076	0.14438892207480247
0.41900000000174487	0.14438708699200964
0.420000000001749	0.1443852475738152
0.4210000000017533	0.14438340381575743
0.4220000000017574	0.14438155571782674
0.4230000000017615	0.14437970328276495
0.42400000000176563	0.14437784653287944
0.42500000000176996	0.14437598555940057
0.42600000000177407	0.14437411944398848
0.4270000000017782	0.14437225031433643
0.4280000000017825	0.14437037603107183
0.4290000000017866	0.1443684975079622
0.4300000000017907	0.14436661469003176
0.43100000000179484	0.14436472754404772
0.43200000000179917	0.14436283621279145
0.4330000000018033	0.14436093975660758
0.4340000000018074	0.14435904026005608
0.4350000000018115	0.14435713561874608
0.4360000000018158	0.14435522673504642
0.43700000000181993	0.14435331358337455
0.43800000000182404	0.1443513960017273
0.43900000000182837	0.14434947431549594
0.4400000000018325	0.144347547566954
0.4410000000018366	0.14434561772159593
0.4420000000018407	0.14434368273107356
0.44300000000184503	0.1443417434596138
0.44400000000184914	0.1443397999522642
0.44500000000185325	0.14433785214044903
0.4460000000018576	0.14433589988996842
0.4470000000018617	0.14433394339354066
0.4480000000018656	0.14433198257463253
0.4490000000018697	0.14433001735872697
0.450000000001874	0.1443280478860992
0.4510000000018781	0.14432607406488274
0.45200000000188223	0.1443240958415264
0.45300000000188656	0.14432211340502843
0.45400000000189067	0.14432012658625526
0.4550000000018948	0.14431813552196016
0.4560000000018989	0.1443161401775117
0.4570000000019032	0.14431413994618458
0.4580000000019073	0.14431213610278115
0.45900000000191143	0.1443101274543721
0.46000000000191577	0.14430811469488325
0.4610000000019199	0.14430609754273038
0.462000000001924	0.14430407608442453
0.4630000000019281	0.14430205029644916
0.4640000000019324	0.14430002019088906
0.46500000000193653	0.1442979857196559
0.46600000000194064	0.14429594691575887
0.46700000000194497	0.144293903822017
0.4680000000019491	0.14429185639469333
0.4690000000019532	0.14428980464733376
0.4700000000019573	0.14428774857512583
0.4710000000019616	0.14428568817884369
0.47200000000196574	0.14428362345756873
0.47300000000196984	0.14428155441091062
0.4740000000019742	0.14427948104157307
0.4750000000019783	0.14427740335121841
0.4760000000019824	0.14427532133754695
0.4770000000019865	0.14427323498533418
0.47800000000199083	0.14427114432875376
0.4790000000019947	0.1442690494203741
0.48000000000199883	0.1442669501670908
0.48100000000200316	0.14426484658329297
0.48200000000200727	0.1442627386215517
0.4830000000020114	0.14426062638466974
0.4840000000020155	0.14425850983783794
0.4850000000020198	0.1442563890862727
0.4860000000020239	0.14425426310892453
0.48700000000202803	0.14425213427055583
0.48800000000203236	0.1442500002613658
0.4890000000020365	0.14424786204979245
0.4900000000020406	0.1442457195478567
0.4910000000020447	0.14424357275370359
0.492000000002049	0.1442414217570187
0.49300000000205313	0.1442392656029119
0.49400000000205724	0.14423710652967603
0.49500000000206157	0.14423494229960587
0.4960000000020657	0.14423277387455968
0.4970000000020698	0.14423060116569986
0.4980000000020739	0.1442284241555336
0.4990000000020782	0.14422624280875607
0.5000000000020823	0.1442240572156296
0.5010000000020864	0.1442218672379103
0.5020000000020908	0.144219672919232
0.5030000000020949	0.14421747434035814
0.504000000002099	0.14421527144078483
0.5050000000021031	0.1442130642274907
0.5060000000021074	0.1442108527021364
0.5070000000021115	0.14420863686506769
0.5080000000021156	0.14420641671695056
0.50900000000212	0.14420419225801984
0.5100000000021239	0.14420196348761039
0.511000000002128	0.1441997304034467
0.5120000000021321	0.14419749300054385
0.5130000000021364	0.1441952512588236
0.5140000000021405	0.14419300526377543
0.5150000000021446	0.14419075503818668
0.516000000002149	0.144188500449018
0.5170000000021531	0.14418624146687664
0.5180000000021572	0.14418397820412987
0.5190000000021613	0.14418171069873753
0.5200000000021656	0.1441794388360811
0.5210000000021697	0.14417716277564896
0.5220000000021738	0.1441748822750939
0.5230000000021782	0.14417259742785127
0.5240000000021823	0.14417030840322786
0.5250000000021864	0.14416801499318732
0.5260000000021905	0.1441657173085723
0.5270000000021948	0.14416341531958876
0.5280000000021989	0.14416110902467716
0.529000000002203	0.14415879842872403
0.5300000000022074	0.14415648352800425
0.5310000000022115	0.14415416431916783
0.5320000000022156	0.1441518408000415
0.5330000000022197	0.14414951303027745
0.534000000002224	0.14414718099865698
0.5350000000022281	0.14414484429317154
0.5360000000022322	0.14414250381030524
0.5370000000022366	0.14414015872479757
0.5380000000022407	0.14413780952580635
0.5390000000022448	0.1441354560026752
0.5400000000022487	0.1441330979972405
0.541000000002253	0.14413073572194324
0.5420000000022571	0.14412836926433248
0.5430000000022612	0.14412599841131624
0.5440000000022656	0.14412362336164863
0.5450000000022697	0.14412124392214798
0.5460000000022738	0.14411886027703746
0.5470000000022779	0.14411647224690693
0.5480000000022822	0.14411407996739867
0.5490000000022863	0.14411168341619474
0.5500000000022904	0.14410928252795074
0.5510000000022948	0.14410687737313765
0.5520000000022989	0.14410446794096987
0.553000000002303	0.14410205420820432
0.5540000000023071	0.14409963617293442
0.5550000000023114	0.1440972138411567
0.5560000000023155	0.1440947872171705
0.5570000000023196	0.14409235630277184
0.558000000002324	0.14408992109598018
0.5590000000023281	0.14408748159553697
0.5600000000023322	0.14408503780088744
0.5610000000023363	0.1440825897115926
0.5620000000023406	0.14408013732933767
0.5630000000023447	0.14407768065828708
0.5640000000023488	0.14407521970267045
0.5650000000023532	0.14407275445772438
0.5660000000023573	0.14407028492224527
0.5670000000023614	0.14406781110119038
0.5680000000023655	0.14406533299359547
0.5690000000023698	0.14406285059713175
0.5700000000023739	0.14406036391237176
0.5710000000023778	0.14405787293967198
0.5720000000023819	0.14405537768289955
0.5730000000023863	0.1440528781460153
0.5740000000023904	0.14405037432628776
0.5750000000023945	0.14404786622219334
0.5760000000023988	0.14404535382937123
0.5770000000024029	0.1440428371370559
0.578000000002407	0.1440403161468924
0.5790000000024111	0.14403779093099034
0.5800000000024155	0.14403526142753642
0.5810000000024196	0.14403272762602182
0.5820000000024237	0.14403018959540237
0.583000000002428	0.1440276473666785
0.5840000000024321	0.14402510063337515
0.5850000000024362	0.144022549648553
0.5860000000024403	0.1440199944649645
0.5870000000024447	0.14401743495377228
0.5880000000024488	0.1440148712064011
0.5890000000024529	0.14401230318005454
0.5900000000024572	0.14400973086192814
0.5910000000024613	0.14400715427295663
0.5920000000024654	0.14400457340260087
0.5930000000024696	0.1440019882517406
0.5940000000024739	0.14399939882706647
0.595000000002478	0.14399680511434598
0.5960000000024821	0.1439942071313297
0.5970000000024864	0.1439916048631028
0.5980000000024905	0.1439889983378947
0.5990000000024946	0.14398638754350568
0.6000000000024988	0.14398377256657635
0.6010000000025031	0.14398115309099102
0.602000000002507	0.14397852940656009
0.6030000000025111	0.14397590155276196
0.6040000000025154	0.1439732693412592
0.6050000000025195	0.14397063293589596
0.6060000000025236	0.14396799218955536
0.6070000000025277	0.1439653472410497
0.6080000000025321	0.14396269795832817
0.6090000000025362	0.14396004444927435
0.6100000000025403	0.14395738662979818
0.6110000000025446	0.14395472458499248
0.6120000000025487	0.14395205828450364
0.6130000000025528	0.14394938770233734
0.614000000002557	0.14394671284139227
0.6150000000025613	0.14394403371107212
0.6160000000025654	0.1439413503137006
0.6170000000025695	0.14393866265052613
0.6180000000025738	0.1439359707222707
0.6190000000025779	0.14393327453004134
0.620000000002582	0.1439305740746386
0.6210000000025861	0.14392786935644541
0.6220000000025905	0.14392516037381042
0.6230000000025946	0.1439224471270507
0.6240000000025987	0.143919729615819
0.625000000002603	0.14391700783228123
0.6260000000026071	0.14391428177715182
0.6270000000026112	0.14391155150134405
0.6280000000026154	0.14390881693509172
0.6290000000026197	0.1439060781316781
0.6300000000026238	0.14390333502471941
0.6310000000026279	0.14390058770312197
0.6320000000026322	0.14389783608678242
0.6330000000026361	0.143895080224285
0.6340000000026402	0.1438923200999841
0.6350000000026443	0.14388955572706497
0.6360000000026487	0.1438867870899203
0.6370000000026528	0.14388401420704522
0.6380000000026569	0.1438812370582211
0.6390000000026612	0.14387845566759638
0.6400000000026653	0.14387567003676172
0.6410000000026694	0.14387288021624944
0.6420000000026735	0.1438700861289377
0.6430000000026779	0.1438672874358996
0.644000000002682	0.14386448488933345
0.6450000000026861	0.1438616780884454
0.6460000000026904	0.14385886681184412
0.6470000000026945	0.14385605135961876
0.6480000000026986	0.14385323169230546
0.6490000000027027	0.14385040778093838
0.6500000000027071	0.14384757972896967
0.6510000000027112	0.14384474718591322
0.6520000000027153	0.1438419104384523
0.6530000000027196	0.14383906955599446
0.6540000000027237	0.14383622433727317
0.6550000000027278	0.14383337495232051
0.656000000002732	0.1438305212409534
0.6570000000027363	0.14382766335259978
0.6580000000027404	0.1438248011469574
0.6590000000027445	0.1438219347561871
0.6600000000027488	0.1438190640590954
0.6610000000027529	0.14381618916808592
0.662000000002757	0.14381330998136577
0.6630000000027612	0.14381042658658127
0.6640000000027653	0.14380753889869324
0.6650000000027694	0.1438046470516886
0.6660000000027735	0.14380175089620528
0.6670000000027778	0.14379885050816976
0.6680000000027819	0.14379594589731226
0.669000000002786	0.14379303702690627
0.6700000000027901	0.14379012392772084
0.6710000000027945	0.14378720658352118
0.6720000000027986	0.14378428500647722
0.6730000000028027	0.14378135917408819
0.674000000002807	0.1437784291113543
0.6750000000028111	0.143775494818283
0.6760000000028152	0.14377255627957042
0.6770000000028193	0.14376961351040063
0.6780000000028237	0.14376666649441738
0.6790000000028278	0.1437637152648351
0.6800000000028319	0.14376075981884695
0.6810000000028362	0.1437578000330142
0.6820000000028403	0.14375483615534512
0.6830000000028444	0.14375186791354666
0.6840000000028486	0.1437488955475238
0.6850000000028529	0.1437459188470721
0.686000000002857	0.14374293802294613
0.6870000000028611	0.14373995283307262
0.6880000000028654	0.14373696356453414
0.6890000000028695	0.14373396993862342
0.6900000000028736	0.14373097218809938
0.6910000000028778	0.14372797009760774
0.6920000000028821	0.14372496390580825
0.6930000000028862	0.14372195338353166
0.6940000000028901	0.14371893859166285
0.6950000000028944	0.14371591961685304
0.6960000000028985	0.14371289646471752
0.6970000000029026	0.14370986904604488
0.6980000000029067	0.14370683732637102
0.6990000000029111	0.14370380139505157
0.7000000000029152	0.14370076133105825
0.7010000000029193	0.1436977169355661
0.7020000000029236	0.14369466842502954
0.7030000000029277	0.14369161559695154
0.7040000000029318	0.14368855860880836
0.705000000002936	0.1436854973764059
0.7060000000029403	0.14368243191755103
0.7070000000029444	0.1436793622352952
0.7080000000029485	0.143676288336123
0.7090000000029526	0.14367321021615453
0.7100000000029569	0.14367012788706834
0.711000000002961	0.14366704133238795
0.7120000000029651	0.14366395056120385
0.7130000000029695	0.14366085557876662
0.7140000000029736	0.14365775635857203
0.7150000000029777	0.14365465292910562
0.7160000000029818	0.14365154527906598
0.7170000000029861	0.14364843343888456
0.7180000000029902	0.14364531734250185
0.7190000000029944	0.1436421971035723
0.7200000000029987	0.14363907249581032
0.7210000000030028	0.1436359438240905
0.7220000000030069	0.1436328109201278
0.723000000003011	0.1436296736599213
0.7240000000030153	0.14362653233464506
0.7250000000030195	0.14362338674089048
0.7260000000030233	0.1436202369628058
0.7270000000030277	0.14361708306475485
0.7280000000030318	0.14361392472275325
0.7290000000030359	0.14361076227974845
0.73000000000304	0.1436075956185301
0.7310000000030443	0.14360442474945834
0.7320000000030484	0.14360124979195532
0.7330000000030525	0.14359807045327955
0.7340000000030569	0.14359488689887367
0.735000000003061	0.14359169918442394
0.7360000000030651	0.14358850728233152
0.7370000000030692	0.14358531116266282
0.7380000000030735	0.1435821108270856
0.7390000000030776	0.14357890630113435
0.7400000000030817	0.1435756975774808
0.7410000000030861	0.1435724846870372
0.7420000000030902	0.14356926757229693
0.7430000000030943	0.14356604623392166
0.7440000000030984	0.1435628206916597
0.7450000000031027	0.14355959096078053
0.7460000000031068	0.14355635702417047
0.747000000003111	0.14355311888451383
0.7480000000031153	0.14354987654114382
0.7490000000031194	0.14354662998824297
0.7500000000031235	0.14354337922165195
0.7510000000031276	0.14354012432658803
0.7520000000031319	0.14353686515830322
0.753000000003136	0.1435336018065918
0.7540000000031402	0.14353033424761996
0.7550000000031445	0.14352706247370228
0.7560000000031484	0.14352378655713538
0.7570000000031525	0.1435205064115348
0.7580000000031566	0.14351722213131746
0.7590000000031609	0.14351393375092636
0.760000000003165	0.1435106409479947
0.7610000000031691	0.14350734398049714
0.7620000000031735	0.14350404288910623
0.7630000000031776	0.14350073757555093
0.7640000000031817	0.1434974282279401
0.7650000000031858	0.14349411423840852
0.7660000000031901	0.14349079656644403
0.7670000000031942	0.14348747446878507
0.7680000000031983	0.14348414831443357
0.7690000000032027	0.14348081796008438
0.7700000000032068	0.14347748321376796
0.7710000000032109	0.14347414431083616
0.772000000003215	0.14347080129824596
0.7730000000032193	0.14346745411691897
0.7740000000032234	0.14346410286741007
0.7750000000032276	0.1434607471089151
0.7760000000032319	0.1434573875016525
0.777000000003236	0.14345402350308845
0.7780000000032401	0.14345065539382695
0.7790000000032442	0.14344728310253452
0.7800000000032485	0.14344390662283302
0.7810000000032526	0.1434405259592687
0.7820000000032568	0.1434371411255846
0.7830000000032611	0.14343375209338016
0.7840000000032652	0.14343035884891375
0.7850000000032693	0.1434269615570346
0.7860000000032734	0.14342355995683742
0.7870000000032777	0.14342015418908372
0.7880000000032816	0.1434167444150195
0.7890000000032857	0.14341332962197595
0.7900000000032901	0.1434099119890344
0.7910000000032942	0.14340648937288847
0.7920000000032983	0.14340306289512839
0.7930000000033024	0.14339963195016103
0.7940000000033067	0.14339619672599213
0.7950000000033108	0.14339275778114557
0.796000000003315	0.14338931459121773
0.7970000000033193	0.14338586694228384
0.7980000000033234	0.14338241523860262
0.7990000000033275	0.14337895937189893
0.8000000000033316	0.14337549936738314
0.8010000000033359	0.14337203531530052
0.80200000000334	0.1433685667936061
0.8030000000033441	0.14336509406464626
0.8040000000033485	0.14336161726638352
0.8050000000033526	0.14335813647269346
0.8060000000033567	0.14335465175592943
0.8070000000033608	0.14335116234337464
0.8080000000033651	0.1433476689505515
0.8090000000033692	0.14334417145899714
0.8100000000033734	0.1433406696942593
0.8110000000033777	0.14333716392479445
0.8120000000033818	0.14333365386788266
0.8130000000033859	0.14333013976258813
0.81400000000339	0.14332662079363623
0.8150000000033943	0.14332309884675787
0.8160000000033985	0.14331957202699974
0.8170000000034026	0.14331604117452723
0.8180000000034067	0.1433125062882894
0.8190000000034108	0.14330896659376224
0.8200000000034149	0.14330542383467582
0.821000000003419	0.143301876088051
0.8220000000034233	0.14329832438385293
0.8230000000034274	0.14329476848419298
0.8240000000034315	0.14329120842276166
0.8250000000034359	0.1432876446100514
0.82600000000344	0.1432840761668912
0.8270000000034441	0.14328050366253575
0.8280000000034482	0.14327692709050222
0.8290000000034525	0.1432733463549074
0.8300000000034566	0.14326976142686387
0.8310000000034607	0.14326617236641648
0.8320000000034651	0.1432625791553951
0.8330000000034692	0.14325898178996122
0.8340000000034733	0.14325538025225804
0.8350000000034774	0.14325177460004201
0.8360000000034817	0.1432481647830932
0.8370000000034858	0.1432445507988277
0.83800000000349	0.1432409326874815
0.8390000000034943	0.14323731042134347
0.8400000000034984	0.14323368399712166
0.8410000000035025	0.14323005341005812
0.8420000000035066	0.14322641869956843
0.8430000000035109	0.14322277984309661
0.844000000003515	0.14321913683851872
0.8450000000035192	0.1432154896954312
0.8460000000035233	0.14321183843069218
0.8470000000035276	0.14320818295736104
0.8480000000035317	0.143204523402491
0.8490000000035356	0.1432008597391521
0.8500000000035399	0.14319719171527368
0.851000000003544	0.14319351983571793
0.8520000000035481	0.14318984371189503
0.8530000000035523	0.14318616350801205
0.8540000000035566	0.14318247907972337
0.8550000000035607	0.14317879046007786
0.8560000000035648	0.1431750976625794
0.8570000000035691	0.14317140076986623
0.8580000000035732	0.1431676998592606
0.8590000000035773	0.14316399471877683
0.8600000000035815	0.14316028545974457
0.8610000000035858	0.14315657207686217
0.8620000000035899	0.14315285454170845
0.863000000003594	0.14314913280736485
0.8640000000035983	0.1431454070761946
0.8650000000036024	0.14314167734673278
0.8660000000036066	0.14313794321600382
0.8670000000036107	0.1431342048723998
0.868000000003615	0.1431304627589587
0.8690000000036191	0.14312671624063955
0.8700000000036232	0.1431229656921047
0.8710000000036275	0.14311921106928438
0.8720000000036316	0.1431154521108624
0.8730000000036358	0.14311168901728633
0.8740000000036399	0.14310792209101764
0.8750000000036442	0.14310415088195794
0.8760000000036483	0.14310037557497068
0.8770000000036524	0.14309659588027868
0.8780000000036567	0.14309281230099535
0.8790000000036609	0.14308902464048834
0.8800000000036647	0.14308523285604913
0.8810000000036688	0.14308143678112006
0.8820000000036732	0.14307763677524044
0.8830000000036773	0.1430738325353491
0.8840000000036814	0.1430700242183902
0.8850000000036857	0.14306621175642176
0.8860000000036898	0.1430623952129748
0.887000000003694	0.14305857458077642
0.888000000003698	0.14305474975283383
0.8890000000037024	0.1430509208195675
0.8900000000037065	0.14304708778512354
0.8910000000037106	0.14304325065873502
0.8920000000037149	0.14303940936768922
0.893000000003719	0.14303556398368344
0.8940000000037231	0.1430317145364517
0.8950000000037273	0.14302786089259167
0.8960000000037316	0.14302400330523646
0.8970000000037357	0.1430201415063833
0.8980000000037398	0.14301627529799998
0.8990000000037441	0.1430124053475833
0.9000000000037482	0.14300853127587154
0.9010000000037524	0.1430046529028669
0.9020000000037565	0.14300077048967386
0.9030000000037608	0.14299688405569633
0.9040000000037649	0.1429929932631847
0.905000000003769	0.14298909855023323
0.9060000000037733	0.14298519978731183
0.9070000000037775	0.1429812969082751
0.9080000000037816	0.1429773898627985
0.9090000000037857	0.14297347866414545
0.91000000000379	0.14296956341932243
0.9110000000037939	0.14296564411121948
0.912000000003798	0.1429617207151036
0.9130000000038023	0.14295779308997125
0.9140000000038064	0.1429538615063597
0.9150000000038105	0.14294992573256193
0.9160000000038147	0.1429459858954666
0.917000000003819	0.1429420419898616
0.9180000000038231	0.14293809390487344
0.9190000000038272	0.14293414173379093
0.9200000000038315	0.14293018554126058
0.9210000000038356	0.1429262250461797
0.9220000000038397	0.14292226078666392
0.9230000000038439	0.1429182920939901
0.9240000000038482	0.1429143194673217
0.9250000000038523	0.14291034276285308
0.9260000000038564	0.14290636202338958
0.9270000000038607	0.14290237707952358
0.9280000000038648	0.1428983882083008
0.929000000003869	0.14289439498539958
0.9300000000038731	0.14289039784281243
0.9310000000038774	0.1428863965797723
0.9320000000038815	0.14288239120871538
0.9330000000038856	0.14287838172619838
0.9340000000038899	0.1428743681647856
0.935000000003894	0.1428703504054476
0.9360000000038982	0.1428663288568628
0.9370000000039023	0.14286230308876435
0.9380000000039066	0.14285827318159505
0.9390000000039107	0.14285423917290507
0.9400000000039148	0.1428502011244861
0.9410000000039191	0.14284615887988206
0.942000000003923	0.14284211279083625
0.9430000000039271	0.14283806240013275
0.9440000000039312	0.14283400804019086
0.9450000000039356	0.1428299495140375
0.9460000000039397	0.14282588697902288
0.9470000000039438	0.14282182036146895
0.9480000000039481	0.14281774978673722
0.9490000000039522	0.1428136743078542
0.9500000000039563	0.14280959616143785
0.9510000000039605	0.1428055130652638
0.9520000000039648	0.14280142597101553
0.9530000000039689	0.14279733484736257
0.954000000003973	0.14279323989221615
0.9550000000039773	0.14278914058878767
0.9560000000039814	0.142785037051832
0.9570000000039856	0.14278092996370562
0.9580000000039897	0.14277681802289188
0.959000000003994	0.1427727030483198
0.9600000000039981	0.14276858285205407
0.9610000000040022	0.1427644596546287
0.9620000000040065	0.14276033186407422
0.9630000000040106	0.14275620007288337
0.9640000000040148	0.14275206388371364
0.9650000000040189	0.14274792429202654
0.9660000000040232	0.1427437800828123
0.9670000000040273	0.14273963216726937
0.9680000000040314	0.14273548013886794
0.9690000000040357	0.14273132320494408
0.9700000000040399	0.14272716356596604
0.9710000000040437	0.14272299908188435
0.9720000000040478	0.14271883071451275
0.9730000000040522	0.14271465839330322
0.9740000000040563	0.14271048120220275
0.9750000000040604	0.14270630126988149
0.9760000000040647	0.14270211650654885
0.9770000000040688	0.1426979278063466
0.978000000004073	0.1426937351870602
0.979000000004077	0.14268953769371884
0.9800000000040812	0.1426853375167002
0.9810000000040855	0.14268113243831448
0.9820000000040896	0.14267692343097949
0.9830000000040937	0.14267271039632567
0.984000000004098	0.14266849347606092
0.9850000000041004	0.1426642722708702
0.9860000000041018	0.14266004694571577
0.987000000004103	0.14265581793112947
0.9880000000041045	0.14265158449711635
0.9890000000041059	0.1426473465346223
0.9900000000041072	0.1426431059437454
0.9910000000041086	0.1426388599071553
0.99200000000411	0.14263461087647833
0.9930000000041115	0.14263035701022198
0.9940000000041127	0.14262609955648897
0.9950000000041141	0.142621838044225
0.9960000000041156	0.14261757207137926
0.997000000004117	0.14261330237157344
0.9980000000041185	0.14260902876768844
0.9990000000041197	0.14260475087272695
1.0000000000041211	0.14260046905455837
1.001000000004117	0.14259618316387934
1.002000000004113	0.14259189309102482
1.0030000000041086	0.14258759918853603
1.0040000000041045	0.142583301090345
1.0050000000041002	0.14257899893648784
1.006000000004096	0.1425746929482633
1.007000000004092	0.1425703827753615
1.0080000000040878	0.14256606858054988
1.0090000000040837	0.14256175032992713
1.0100000000040794	0.14255742810761673
1.0110000000040753	0.14255310183576253
1.012000000004071	0.14254877151716405
1.0130000000040669	0.14254443715281884
1.0140000000040628	0.14254009878851548
1.0150000000040587	0.14253575636408555
1.0160000000040534	0.1425314099023941
1.0170000000040464	0.14252705938867005
1.0180000000040397	0.14252270488567642
1.0190000000040325	0.14251834631317317
1.0200000000040257	0.14251398379599345
1.021000000004019	0.1425096173360082
1.0220000000040117	0.14250524660691033
1.023000000004005	0.14250087175237924
1.0240000000039977	0.14249649335712555
1.025000000003991	0.14249211057683664
1.026000000003984	0.1424877238309772
1.027000000003977	0.14248333306475647
1.0280000000039702	0.14247893829719738
1.0290000000039632	0.14247453964518153
1.0300000000039562	0.1424701366618083
1.0310000000039494	0.14246572969002091
1.0320000000039424	0.14246131895170022
1.0330000000039354	0.14245690404262856
1.0340000000039287	0.1424524851711877
1.0350000000039217	0.14244806226994378
1.0360000000039147	0.14244363536961568
1.0370000000039077	0.14243920435451407
1.0380000000039007	0.14243476943438127
1.039000000003894	0.1424303304561909
1.0400000000038867	0.14242588741962559
1.04100000000388	0.14242144048490712
1.0420000000038732	0.14241698943479242
1.043000000003866	0.14241253437161616
1.0440000000038592	0.14240807532691102
1.0450000000038522	0.1424036122998359
1.0460000000038452	0.14239914524049668
1.0470000000038384	0.14239467414848406
1.0480000000038314	0.14239019915886264
1.0490000000038244	0.14238572004957661
1.0500000000038174	0.14238123710451867
1.0510000000038104	0.14237674989627402
1.0520000000038037	0.1423722587916877
1.0530000000037967	0.14236776368690207
1.0540000000037897	0.14236326459497617
1.055000000003783	0.14235876157994154
1.056000000003776	0.14235425412232838
1.057000000003769	0.1423497432499622
1.0580000000037622	0.1423452281905372
1.059000000003755	0.14234070887460393
1.0600000000037482	0.1423361858453861
1.0610000000037412	0.14233165875068965
1.0620000000037342	0.14232712766064493
1.0630000000037274	0.14232259268864123
1.0640000000037202	0.14231805290732957
1.0650000000037134	0.1423135105162019
1.0660000000037064	0.14230896342316435
1.0670000000036994	0.14230441165340846
1.0680000000036927	0.14229985724316951
1.0690000000036857	0.14229529803601493
1.0700000000036787	0.14229073493605293
1.071000000003672	0.14228616787939885
1.072000000003665	0.14228159669259577
1.073000000003658	0.14227702163970912
1.0740000000036511	0.14227244289252416
1.075000000003644	0.14226785977213818
1.0760000000036372	0.1422632726015135
1.0770000000036304	0.1422586819504854
1.0780000000036232	0.1422540868003035
1.0790000000036164	0.142249487543177
1.0800000000036092	0.14224488472236085
1.0810000000036024	0.14224027781481263
1.0820000000035954	0.14223566700637869
1.0830000000035884	0.14223105233639666
1.0840000000035817	0.142226433240087
1.0850000000035747	0.14222181068956896
1.0860000000035677	0.14221718323627575
1.087000000003561	0.14221255277783384
1.088000000003554	0.14220791828728996
1.089000000003547	0.14220327943946742
1.0900000000035401	0.14219863610223227
1.091000000003533	0.1421939899833079
1.0920000000035262	0.14218933928532895
1.0930000000035192	0.14218468410919927
1.0940000000035122	0.14218002599198332
1.0950000000035054	0.14217536339021453
1.0960000000034982	0.14217069638113866
1.0970000000034914	0.14216602612245366
1.0980000000034844	0.14216135153661758
1.0990000000034774	0.14215667287549405
1.1000000000034706	0.14215199070607332
1.1010000000034637	0.14214730411017562
1.1020000000034567	0.14214261371954406
1.1030000000034499	0.14213791934013154
1.104000000003443	0.1421332209848255
1.105000000003436	0.14212851867584408
1.106000000003429	0.1421238123872317
1.107000000003422	0.14211910218720814
1.1080000000034151	0.1421143879946979
1.1090000000034081	0.1421096698478126
1.1100000000034012	0.14210494774013427
1.1110000000033944	0.14210022169169934
1.1120000000033872	0.1420954916694993
1.1130000000033804	0.14209075770839308
1.1140000000033736	0.14208601974351664
1.1150000000033664	0.14208127784988656
1.1160000000033596	0.14207653205496895
1.1170000000033526	0.14207178223685968
1.1180000000033457	0.14206702836839114
1.1190000000033387	0.14206227080572154
1.1200000000033317	0.1420575092477503
1.121000000003325	0.14205274360690268
1.122000000003318	0.1420479738053948
1.123000000003311	0.14204320033767548
1.1240000000033041	0.14203842280984524
1.1250000000032971	0.14203364135412455
1.1260000000032901	0.14202885596197834
1.1270000000032834	0.14202406662900813
1.1280000000032764	0.14201927333749842
1.1290000000032694	0.14201447610953766
1.1300000000032626	0.14200967496154693
1.1310000000032554	0.14200486986316585
1.1320000000032486	0.14200006080526417
1.1330000000032414	0.14199524781725248
1.1340000000032346	0.141990430920246
1.1350000000032279	0.14198561001580945
1.1360000000032207	0.14198078522789603
1.1370000000032139	0.14197595649901584
1.138000000003207	0.14197112370910103
1.1390000000032	0.14196628714184456
1.1400000000031931	0.14196144673842948
1.1410000000031861	0.14195660215013617
1.1420000000031791	0.1419517535064987
1.1430000000031724	0.14194690144223865
1.1440000000031654	0.1419420451767628
1.1450000000031584	0.14193718450591453
1.1460000000031516	0.14193232019403745
1.1470000000031444	0.14192745219988845
1.1480000000031376	0.14192258023687132
1.1490000000031304	0.14191770426084327
1.1500000000031236	0.14191282439851483
1.1510000000031169	0.14190794054861133
1.1520000000031096	0.14190305281020266
1.1530000000031029	0.1418981611635246
1.1540000000030959	0.14189326560581605
1.155000000003089	0.14188836598365506
1.1560000000030821	0.1418834626793618
1.1570000000030751	0.14187855521895998
1.1580000000030681	0.14187364389903823
1.1590000000030614	0.14186872866707956
1.1600000000030544	0.14186380950473798
1.1610000000030474	0.1418588865874435
1.1620000000030404	0.14185395943725543
1.1630000000030334	0.14184902849808112
1.1640000000030266	0.1418440936547738
1.1650000000030196	0.14183915486551502
1.1660000000030126	0.1418342122342965
1.1670000000030059	0.14182926566778664
1.1680000000029986	0.14182431512604343
1.1690000000029919	0.1418193607524738
1.1700000000029849	0.14181440244378984
1.1710000000029779	0.1418094402141009
1.172000000002971	0.14180447408968355
1.1730000000029641	0.14179950398571406
1.1740000000029571	0.14179453001579012
1.1750000000029501	0.1417895519161776
1.1760000000029431	0.14178457048855642
1.1770000000029364	0.14177958464467622
1.1780000000029294	0.1417745950404916
1.1790000000029224	0.14176960152440798
1.1800000000029156	0.1417646041171361
1.1810000000029086	0.14175960281711042
1.1820000000029016	0.14175459767927168
1.1830000000028948	0.14174958856413544
1.1840000000028876	0.1417445755449639
1.1850000000028809	0.14173955860094023
1.186000000002874	0.1417345376353698
1.1870000000028669	0.14172951299394487
1.18800000000286	0.14172448432543927
1.1890000000028529	0.1417194518031799
1.1900000000028461	0.14171441537114005
1.1910000000028391	0.1417093750664573
1.1920000000028321	0.1417043308900161
1.1930000000028254	0.14169928278643062
1.1940000000028184	0.1416942307622313
1.1950000000028114	0.1416891748918142
1.1960000000028046	0.14168411514597223
1.1970000000027976	0.14167905143241177
1.1980000000027906	0.14167398388305041
1.1990000000027838	0.14166891248456626
1.2000000000027768	0.14166383709369657
1.2010000000027699	0.14165875786500493
1.2020000000027629	0.1416536749468612
1.2030000000027559	0.1416485878209628
1.204000000002749	0.14164349681626265
1.2050000000027419	0.14163840238641623
1.206000000002735	0.14163330344355085
1.2070000000027283	0.1416282007588885
1.2080000000027211	0.1416230943928295
1.2090000000027143	0.1416179840987528
1.2100000000027074	0.1416128699983713
1.2110000000027004	0.14160775189645547
1.2120000000026936	0.14160262999705475
1.2130000000026866	0.14159750421049144
1.2140000000026796	0.14159237459004315
1.2150000000026726	0.141587241094706
1.2160000000026656	0.14158210336550148
1.2170000000026588	0.14157696217666116
1.2180000000026519	0.1415718170809538
1.2190000000026449	0.14156666802023998
1.220000000002638	0.14156151509066983
1.2210000000026309	0.14155635827971957
1.222000000002624	0.14155119758077794
1.2230000000026173	0.14154603294623203
1.2240000000026101	0.14154086448765124
1.2250000000026033	0.14153569228947627
1.2260000000025963	0.14153051611955103
1.2270000000025894	0.14152533610171292
1.2280000000025826	0.14152015225003511
1.2290000000025754	0.14151496453011303
1.2300000000025686	0.14150977292051048
1.2310000000025616	0.1415045774219954
1.2320000000025546	0.14149937809821123
1.2330000000025478	0.1414941749403532
1.2340000000025408	0.1414889678316904
1.2350000000025338	0.14148375696564264
1.236000000002527	0.1414785422302246
1.23700000000252	0.1414733234748119
1.238000000002513	0.14146810100326146
1.2390000000025063	0.1414628749255008
1.240000000002499	0.14145764480174716
1.2410000000024923	0.14145241038632927
1.2420000000024853	0.14144717226577186
1.2430000000024783	0.1414419306891036
1.2440000000024716	0.14143668513223417
1.2450000000024644	0.14143143568194194
1.2460000000024576	0.14142618242831073
1.2470000000024506	0.1414209253727272
1.2480000000024436	0.1414156643792911
1.2490000000024368	0.14141039946163103
1.2500000000024298	0.1414051307364962
1.2510000000024228	0.14139985813774258
1.252000000002416	0.14139458176866493
1.253000000002409	0.1413893015673856
1.254000000002402	0.14138401751586582
1.2550000000023953	0.1413787296278003
1.256000000002388	0.14137343783137246
1.2570000000023813	0.14136814227773653
1.2580000000023743	0.1413628428801953
1.2590000000023673	0.14135753951466257
1.2600000000023606	0.1413522324702292
1.2610000000023533	0.1413469215455817
1.2620000000023466	0.14134160667108764
1.2630000000023396	0.14133628810964516
1.2640000000023326	0.14133096566448855
1.2650000000023258	0.14132563952886656
1.2660000000023188	0.14132030930453854
1.2670000000023118	0.14131497533881932
1.268000000002305	0.141309637623949
1.269000000002298	0.14130429582967197
1.270000000002291	0.14129895056004993
1.271000000002284	0.14129360136890123
1.272000000002277	0.141288248076483
1.2730000000022703	0.14128289123555282
1.2740000000022633	0.1412775305041415
1.2750000000022563	0.14127216590358171
1.2760000000022496	0.14126679754437443
1.2770000000022423	0.14126142533423947
1.2780000000022356	0.14125604924032165
1.2790000000022288	0.14125066954674614
1.2800000000022216	0.14124528553438365
1.2810000000022148	0.14123989824281313
1.2820000000022078	0.14123450700874396
1.2830000000022008	0.1412291118719602
1.2840000000021938	0.1412237125670709
1.2850000000021868	0.1412183099858706
1.28600000000218	0.14121290343064463
1.287000000002173	0.141207493035441
1.288000000002166	0.14120207883494174
1.2890000000021593	0.1411966608415014
1.2900000000021523	0.14119123900765618
1.2910000000021453	0.14118581337567715
1.2920000000021385	0.14118038389954957
1.2930000000021313	0.14117495069153274
1.2940000000021246	0.14116951360768637
1.2950000000021178	0.14116407288235622
1.2960000000021106	0.14115862812469604
1.2970000000021038	0.14115317959289087
1.2980000000020966	0.1411477273891827
1.2990000000020898	0.14114227109995092
1.3000000000020828	0.14113681133860378
1.3010000000020758	0.14113134775258307
1.302000000002069	0.14112588012130722
1.303000000002062	0.14112040840650475
1.304000000002055	0.14111493370041517
1.3050000000020483	0.1411094549324725
1.3060000000020413	0.14110397212106907
1.3070000000020343	0.14109848573266637
1.3080000000020275	0.14109299545556242
1.3090000000020205	0.14108750139813087
1.3100000000020136	0.14108200344590538
1.3110000000020068	0.1410765017716138
1.3120000000019996	0.141070996284532
1.3130000000019928	0.14106548702059174
1.3140000000019856	0.14105997400367432
1.3150000000019788	0.1410544572127871
1.316000000001972	0.14104893658969542
1.3170000000019648	0.1410434121654489
1.318000000001958	0.14103788402702377
1.319000000001951	0.14103235209502007
1.320000000001944	0.14102681637185654
1.3210000000019373	0.14102127679664056
1.3220000000019303	0.1410157332770905
1.3230000000019233	0.14101018604042226
1.3240000000019165	0.14100463525907259
1.3250000000019095	0.14099908065928923
1.3260000000019025	0.1409935222519776
1.3270000000018956	0.14098796004026992
1.3280000000018886	0.1409823940302296
1.3290000000018818	0.14097682431923164
1.3300000000018748	0.14097125079799389
1.3310000000018678	0.14096567361084056
1.332000000001861	0.14096009241880714
1.3330000000018538	0.1409545075101435
1.334000000001847	0.1409489190153912
1.33500000000184	0.14094332643896146
1.336000000001833	0.14093773023256584
1.3370000000018263	0.14093213027555984
1.3380000000018193	0.14092652654087368
1.3390000000018123	0.14092091922729444
1.3400000000018053	0.14091530741888492
1.3410000000017983	0.14090969289952293
1.3420000000017915	0.14090407415271777
1.3430000000017845	0.1408984513235516
1.3440000000017776	0.14089282520556123
1.3450000000017708	0.14088719499394076
1.3460000000017638	0.14088156105791683
1.3470000000017568	0.14087592348033717
1.34800000000175	0.1408702821692014
1.3490000000017428	0.1408646370887865
1.350000000001736	0.14085898825873244
1.3510000000017293	0.14085333567175784
1.352000000001722	0.14084767923640173
1.3530000000017153	0.14084201917167993
1.354000000001708	0.14083635529369043
1.3550000000017013	0.1408306878224691
1.3560000000016943	0.14082501634311462
1.3570000000016873	0.14081934118905837
1.3580000000016805	0.14081366218392777
1.3590000000016735	0.1408079793076995
1.3600000000016665	0.14080229303116032
1.3610000000016598	0.14079660298485797
1.3620000000016528	0.14079090913984837
1.3630000000016458	0.14078521150421386
1.364000000001639	0.14077951012141354
1.3650000000016318	0.14077380507722737
1.366000000001625	0.14076809624543507
1.367000000001618	0.14076238357011883
1.368000000001611	0.14075666725585967
1.3690000000016043	0.14075094719415326
1.370000000001597	0.14074522330151684
1.3710000000015903	0.1407394958012237
1.3720000000015833	0.14073376450551245
1.3730000000015763	0.14072802963496056
1.3740000000015695	0.14072229076474108
1.3750000000015625	0.14071654824550106
1.3760000000015555	0.1407108021772091
1.3770000000015488	0.14070505184234972
1.3780000000015418	0.14069929810038806
1.3790000000015348	0.14069354075947116
1.3800000000015278	0.1406877796439968
1.3810000000015208	0.14068201475765163
1.382000000001514	0.14067624623564523
1.383000000001507	0.1406704740470518
1.3840000000015	0.14066469789176583
1.3850000000014933	0.1406589180847364
1.386000000001486	0.14065313462355045
1.3870000000014793	0.14064734721131855
1.3880000000014725	0.14064155641972076
1.3890000000014653	0.14063576178436965
1.3900000000014585	0.14062996305556108
1.3910000000014515	0.1406241609273392
1.3920000000014445	0.14061835517785348
1.3930000000014378	0.14061254571065862
1.3940000000014305	0.14060673245170519
1.3950000000014238	0.1406009156238721
1.3960000000014168	0.14059509483657973
1.3970000000014098	0.1405892704108449
1.398000000001403	0.14058344243574705
1.399000000001396	0.14057761046587536
1.400000000001389	0.1405717750735419
1.4010000000013823	0.14056593520097982
1.4020000000013753	0.14056009273405135
1.4030000000013683	0.14055424588770093
1.4040000000013615	0.14054839570298994
1.4050000000013543	0.1405425415521847
1.4060000000013475	0.1405366836113795
1.4070000000013405	0.14053082213140144
1.4080000000013335	0.14052495703570045
1.4090000000013267	0.1405190881482371
1.4100000000013195	0.14051321571096698
1.4110000000013128	0.14050733933341575
1.4120000000013058	0.14050145931421176
1.4130000000012988	0.14049557551935532
1.414000000001292	0.14048968797804928
1.415000000001285	0.14048379699400837
1.416000000001278	0.14047790222531142
1.4170000000012712	0.14047200368880164
1.4180000000012642	0.14046610159882056
1.4190000000012573	0.14046019574547042
1.4200000000012505	0.14045428635844004
1.4210000000012433	0.14044837309111013
1.4220000000012365	0.14044245581431836
1.4230000000012293	0.1404365353496837
1.4240000000012225	0.1404306111920166
1.4250000000012157	0.14042468284559662
1.4260000000012085	0.14041875114613045
1.4270000000012018	0.14041281595415456
1.4280000000011948	0.14040687688895148
1.4290000000011878	0.1404009341642768
1.430000000001181	0.14039498773515824
1.431000000001174	0.14038903763554078
1.432000000001167	0.14038308388248377
1.4330000000011602	0.14037712637708122
1.4340000000011532	0.14037116521314275
1.4350000000011462	0.14036520051272738
1.4360000000011393	0.14035923206430412
1.4370000000011323	0.14035325975544244
1.4380000000011255	0.14034728382397454
1.4390000000011185	0.14034130428905622
1.4400000000011115	0.14033532111610403
1.4410000000011047	0.14032933431659367
1.4420000000010975	0.14032334377978972
1.4430000000010907	0.14031734961562337
1.4440000000010837	0.14031135181658738
1.4450000000010768	0.1403053503459224
1.44600000000107	0.1402993450295309
1.447000000001063	0.14029333608457617
1.448000000001056	0.1402873235402069
1.449000000001049	0.1402813074259992
1.450000000001042	0.14027528755127827
1.4510000000010352	0.14026926399867112
1.4520000000010282	0.1402632367030585
1.4530000000010213	0.1402572060422005
1.4540000000010145	0.14025117137836396
1.4550000000010075	0.1402451331209289
1.4560000000010005	0.1402390914552123
1.4570000000009937	0.14023304607860576
1.4580000000009865	0.14022699703671138
1.4590000000009797	0.1402209442271195
1.460000000000973	0.1402148874507363
1.4610000000009657	0.14020882742222285
1.462000000000959	0.14020276397317566
1.4630000000009518	0.14019669658841005
1.464000000000945	0.14019062546941286
1.465000000000938	0.1401845505301096
1.466000000000931	0.1401784723127214
1.4670000000009242	0.14017239038096618
1.4680000000009172	0.14016630478134828
1.4690000000009102	0.14016021561139957
1.4700000000009035	0.14015412274394778
1.4710000000008965	0.14014802604101317
1.4720000000008895	0.1401419258235692
1.4730000000008827	0.14013582197002705
1.4740000000008757	0.14012971443064282
1.4750000000008687	0.14012360337367025
1.476000000000862	0.14011748885509212
1.4770000000008547	0.14011137035713095
1.478000000000848	0.1401052483883375
1.4790000000008408	0.14009912260162194
1.480000000000834	0.14009299312255186
1.4810000000008272	0.14008686032340023
1.48200000000082	0.14008072398153992
1.4830000000008132	0.14007458371575487
1.4840000000008062	0.14006843992004958
1.4850000000007992	0.14006229257603753
1.4860000000007925	0.1400561412329795
1.4870000000007855	0.14004998649324996
1.4880000000007785	0.14004382848116026
1.4890000000007717	0.1400376665454922
1.4900000000007645	0.1400315007511166
1.4910000000007577	0.1400253315779164
1.4920000000007507	0.14001915865945436
1.4930000000007437	0.14001298235046833
1.494000000000737	0.14000680245730612
1.49500000000073	0.14000061870175928
1.496000000000723	0.13999443118808763
1.497000000000716	0.13998824044084135
1.498000000000709	0.1399820460178146
1.4990000000007022	0.1399758479279697
1.5000000000006952	0.13996964615310514
1.5010000000006882	0.1399634407124517
1.5020000000006815	0.13995723166178642
1.5030000000006745	0.1399510191021326
1.5040000000006675	0.1399448029270829
1.5050000000006605	0.1399385831966431
1.5060000000006535	0.13993235979664542
1.5070000000006467	0.13992613285722544
1.5080000000006397	0.139919902283566
1.5090000000006327	0.1399136678996291
1.5100000000006257	0.13990743000744643
1.5110000000006187	0.1399011885672431
1.512000000000612	0.1398949435815907
1.513000000000605	0.13988869508788326
1.514000000000598	0.13988244289643337
1.5150000000005912	0.1398761869318731
1.5160000000005842	0.13986992750367588
1.5170000000005772	0.13986366448612542
1.5180000000005702	0.13985739784148543
1.5190000000005632	0.1398511278099699
1.5200000000005565	0.13984485382161205
1.5210000000005495	0.13983857618707574
1.5220000000005425	0.1398322953955602
1.5230000000005357	0.13982601089950242
1.5240000000005285	0.1398197227444099
1.5250000000005217	0.139813431086646
1.5260000000005147	0.13980713567933956
1.5270000000005077	0.13980083652856212
1.528000000000501	0.1397945341392961
1.529000000000494	0.1397882281312054
1.530000000000487	0.13978191825084907
1.53100000000048	0.1397756048496248
1.532000000000473	0.13976928801961086
1.5330000000004662	0.13976296769380792
1.5340000000004592	0.1397566439189024
1.5350000000004522	0.1397503163741447
1.5360000000004455	0.13974398483903927
1.5370000000004385	0.13973765004906702
1.5380000000004315	0.13973131188811927
1.5390000000004245	0.13972497006497764
1.5400000000004175	0.13971862472327423
1.5410000000004107	0.13971227570714873
1.5420000000004037	0.13970592305359386
1.5430000000003967	0.13969956686575113
1.5440000000003897	0.13969320704134192
1.5450000000003827	0.13968684373671847
1.546000000000376	0.13968047684098361
1.547000000000369	0.13967410645240685
1.548000000000362	0.1396677322576777
1.549000000000355	0.13966135476044594
1.5500000000003482	0.13965497377357894
1.5510000000003412	0.13964858879261643
1.5520000000003342	0.13964220057753174
1.5530000000003272	0.13963580888063554
1.5540000000003205	0.13962941354988156
1.5550000000003135	0.13962301479993244
1.5560000000003065	0.1396166118138964
1.5570000000002997	0.13961020610159058
1.5580000000002925	0.13960379642005272
1.5590000000002857	0.13959738321468973
1.5600000000002787	0.13959096654738246
1.5610000000002717	0.1395845462438906
1.5620000000002647	0.13957812250835056
1.5630000000002577	0.1395716952515984
1.564000000000251	0.13956526404033576
1.565000000000244	0.13955882952290766
1.566000000000237	0.13955239184501056
1.5670000000002302	0.13954595034365658
1.5680000000002232	0.1395395049398337
1.5690000000002162	0.13953305622945855
1.5700000000002092	0.13952660426276653
1.5710000000002025	0.13952014855230144
1.5720000000001955	0.13951368913507878
1.5730000000001885	0.13950722633200052
1.5740000000001815	0.13950076002584122
1.5750000000001747	0.13949429036147243
1.5760000000001675	0.13948781665846677
1.5770000000001607	0.1394813399512358
1.5780000000001537	0.13947485928401993
1.5790000000001467	0.13946837525899825
1.58000000000014	0.1394618877815783
1.581000000000133	0.13945539672116103
1.582000000000126	0.1394489020868498
1.583000000000119	0.13944240386977647
1.584000000000112	0.13943590219667357
1.5850000000001052	0.13942939690988343
1.5860000000000982	0.13942288836493122
1.5870000000000912	0.13941637621221759
1.5880000000000845	0.13940986018026347
1.5890000000000775	0.13940334087416795
1.5900000000000705	0.1393968183337263
1.5910000000000635	0.13939029181623397
1.5920000000000565	0.1393837618578575
1.5930000000000497	0.13937722867996116
1.5940000000000427	0.13937069180300254
1.5950000000000357	0.1393641512929087
1.5960000000000287	0.13935760725157853
1.5970000000000217	0.13935105999267816
1.598000000000015	0.13934450891263572
1.599000000000008	0.13933795431611062
1.600000000000001	0.13933139655938354
1.6009999999999942	0.1393248350806292
1.6019999999999872	0.1393182700033273
1.6029999999999802	0.13931170152378047
1.6039999999999732	0.1393051295514406
1.6049999999999662	0.13929855397069857
1.6059999999999595	0.13929197497883417
1.6069999999999525	0.13928539249693994
1.6079999999999455	0.13927880638865497
1.6089999999999387	0.1392722168794317
1.6099999999999315	0.1392656238634138
1.6109999999999247	0.1392590273623866
1.6119999999999177	0.1392524272309883
1.6129999999999107	0.13924582364951688
1.6139999999999037	0.13923921688773921
1.614999999999897	0.13923260626978995
1.61599999999989	0.1392259921366925
1.616999999999883	0.13921937478248547
1.617999999999876	0.1392127537468918
1.6189999999998692	0.13920612922209263
1.6199999999998622	0.139199501216678
1.6209999999998552	0.1391928698810757
1.6219999999998485	0.139186234333326
1.6229999999998415	0.13917959647445177
1.6239999999998345	0.13917295457749823
1.6249999999998275	0.1391663086728272
1.6259999999998205	0.13915966014804337
1.6269999999998137	0.13915300763060412
1.6279999999998067	0.13914635179936308
1.6289999999997997	0.1391396924911832
1.6299999999997927	0.13913302956442564
1.6309999999997857	0.13912636339091533
1.631999999999779	0.1391196936297715
1.632999999999772	0.1391130202810934
1.633999999999765	0.1391063434058616
1.634999999999758	0.1390996631366781
1.6359999999997512	0.13909297960261158
1.6369999999997442	0.13908629241009063
1.6379999999997372	0.1390796017747511
1.6389999999997302	0.13907290775358827
1.6399999999997235	0.13906621011428877
1.6409999999997165	0.13905950909090714
1.6419999999997095	0.13905280465942116
1.6429999999997025	0.13904609669816936
1.6439999999996955	0.13903938521699688
1.6449999999996887	0.1390326703454453
1.6459999999996817	0.13902595186995126
1.6469999999996747	0.13901923011328376
1.6479999999996677	0.13901250498576267
1.6489999999996607	0.13900577607672426
1.649999999999654	0.13899904374706373
1.650999999999647	0.13899230817176111
1.65199999999964	0.13898556916456584
1.6529999999996332	0.138978826674781
1.6539999999996262	0.13897208050958432
1.6549999999996192	0.13896533106403275
1.6559999999996122	0.13895857830591396
1.6569999999996052	0.1389518219100634
1.6579999999995985	0.13894506201583046
1.6589999999995915	0.13893829854044326
1.6599999999995845	0.13893153182487716
1.6609999999995777	0.13892476175630253
1.6619999999995705	0.13891798818130252
1.6629999999995637	0.13891121108147875
1.6639999999995567	0.13890443055601043
1.6649999999995497	0.1388976466109877
1.665999999999543	0.13889085915778965
1.666999999999536	0.13888406828077104
1.667999999999529	0.13887727400506888
1.668999999999522	0.13887047634222205
1.669999999999515	0.1388636751964607
1.6709999999995082	0.1388568706573189
1.6719999999995012	0.13885006256339694
1.6729999999994942	0.13884325128638242
1.6739999999994875	0.13883643639544396
1.6749999999994805	0.1388296179436388
1.6759999999994735	0.13882279631116812
1.6769999999994665	0.13881597114025435
1.6779999999994595	0.13880914262908417
1.6789999999994527	0.13880231041470825
1.6799999999994457	0.13879547488040755
1.6809999999994387	0.13878863613379044
1.6819999999994317	0.13878179384374645
1.6829999999994247	0.13877494813085334
1.683999999999418	0.1387680990074739
1.684999999999411	0.1387612463869562
1.685999999999404	0.13875439031836123
1.6869999999993972	0.138747530964616
1.6879999999993902	0.1387406682309944
1.6889999999993832	0.13873380152654646
1.6899999999993762	0.1387269322668554
1.6909999999993692	0.13872005924300024
1.6919999999993625	0.13871318270347743
1.6929999999993555	0.13870630273901197
1.6939999999993485	0.13869941965931953
1.6949999999993415	0.1386925327918469
1.6959999999993345	0.1386856425322578
1.6969999999993277	0.13867874925555868
1.6979999999993207	0.13867185193719267
1.6989999999993137	0.13866495205498686
1.6999999999993067	0.13865804816203375
1.7009999999993	0.13865114084122898
1.701999999999293	0.13864423050513153
1.702999999999286	0.1386373166132322
1.703999999999279	0.13863039906152674
1.7049999999992722	0.13862347838539568
1.7059999999992652	0.1386165540716945
1.7069999999992582	0.13860962654832742
1.7079999999992515	0.1386026958255493
1.7089999999992442	0.13859576144952646
1.7099999999992375	0.13858882357905844
1.7109999999992305	0.13858188247995218
1.7119999999992235	0.1385749378865525
1.7129999999992167	0.1385679900423742
1.7139999999992095	0.13856103883467263
1.7149999999992027	0.13855408413026193
1.7159999999991957	0.13854712602510655
1.7169999999991887	0.13854016463116992
1.717999999999182	0.13853319981862866
1.718999999999175	0.13852623151974408
1.719999999999168	0.13851925992680703
1.720999999999161	0.1385122849855761
1.721999999999154	0.13850530660824978
1.7229999999991472	0.13849832483352387
1.7239999999991402	0.13849133959173576
1.7249999999991332	0.13848435125254233
1.7259999999991265	0.13847735950184703
1.7269999999991195	0.13847036403409108
1.7279999999991125	0.13846336534522585
1.7289999999991055	0.13845636350762036
1.7299999999990985	0.1384493581884053
1.7309999999990917	0.1384423494027469
1.7319999999990847	0.13843533717969958
1.7329999999990777	0.13842832181972087
1.7339999999990707	0.13842130296013333
1.7349999999990655	0.1384142807360912
1.7359999999990614	0.13840725527518016
1.7369999999990573	0.13840022628292692
1.7379999999990532	0.13839319412914153
1.7389999999990489	0.13838615843934732
1.7399999999990448	0.138379119420874
1.7409999999990406	0.13837207702585574
1.7419999999990363	0.13836503115658316
1.7429999999990322	0.1383579818600339
1.743999999999028	0.13835092960920958
1.744999999999024	0.13834387395619085
1.74599999999902	0.1383368146053212
1.7469999999990156	0.13832975194759922
1.7479999999990115	0.13832268627025956
1.7489999999990071	0.13831561722266217
1.749999999999003	0.13830854443195717
1.7509999999990045	0.13830146866034787
1.751999999999006	0.13829438950582817
1.7529999999990071	0.13828730683596813
1.7539999999990086	0.13828022084108127
1.75499999999901	0.13827313152529863
1.7559999999990115	0.1382660390006517
1.756999999999013	0.13825894273058958
1.7579999999990141	0.1382518437887481
1.7589999999990156	0.1382447411414357
1.759999999999017	0.13823763515159082
1.7609999999990182	0.13823052557079274
1.7619999999990197	0.1382234127985993
1.7629999999990211	0.13821629693420334
1.7639999999990226	0.13820917779010733
1.7649999999990238	0.138202055131058
1.7659999999990263	0.138194929041782
1.7669999999990305	0.13818779960472982
1.7679999999990346	0.13818066696768916
1.7689999999990387	0.13817353114946174
1.769999999999043	0.13816639187756652
1.7709999999990471	0.13815924921384204
1.7719999999990512	0.13815210317817883
1.7729999999990556	0.13814495390176806
1.7739999999990597	0.13813780112617047
1.7749999999990638	0.13813064534871677
1.7759999999990679	0.13812348631537297
1.776999999999072	0.13811632358174375
1.7779999999990763	0.13810915755060493
1.7789999999990804	0.1381019882741894
1.7799999999990845	0.13809481579820482
1.7809999999990886	0.138087640209675
1.781999999999093	0.1380804612118507
1.782999999999097	0.13807327873775832
1.7839999999991012	0.13806609280891502
1.7849999999991053	0.1380589035779054
1.7859999999991096	0.13805171116641535
1.7869999999991137	0.13804451548534957
1.7879999999991179	0.13803731671265695
1.788999999999122	0.1380301144476047
1.789999999999126	0.13802290883144486
1.7909999999991304	0.13801569986846907
1.7919999999991345	0.1380084877776322
1.7929999999991386	0.13800127210731072
1.7939999999991427	0.13799405330550496
1.794999999999147	0.13798683116005717
1.7959999999991512	0.13797960567233747
1.7969999999991553	0.13797237711469057
1.7979999999991594	0.1379651452605436
1.7989999999991637	0.13795791001113322
1.7999999999991678	0.13795067118804705
1.800999999999172	0.13794342924519953
1.801999999999176	0.13793618411222508
1.8029999999991801	0.13792893574900256
1.8039999999991845	0.13792168407122474
1.8049999999991886	0.13791442915821106
1.8059999999991927	0.13790717018057486
1.8069999999991968	0.1378999092188622
1.8079999999992011	0.13789264420130365
1.8089999999992052	0.13788537601833872
1.8099999999992094	0.13787810460591865
1.8109999999992135	0.13787082990260002
1.8119999999992178	0.1378635521060041
1.812999999999222	0.13785627044234694
1.813999999999226	0.1378489861653872
1.8149999999992301	0.13784169815761427
1.8159999999992344	0.13783440717068163
1.8169999999992386	0.1378271129432439
1.8179999999992427	0.1378198153010186
1.8189999999992468	0.13781251421091734
1.819999999999251	0.13780520988611022
1.8209999999992552	0.13779790251076163
1.8219999999992593	0.13779059166566754
1.8229999999992634	0.13778327789826117
1.8239999999992675	0.13777596085356214
1.8249999999992719	0.13776864011805945
1.825999999999276	0.1377613162940894
1.82699999999928	0.1377539891843016
1.8279999999992842	0.13774665890176419
1.8289999999992885	0.13773932534059719
1.8299999999992926	0.13773198850510826
1.8309999999992967	0.1377246484623098
1.8319999999993009	0.13771730511820524
1.8329999999993052	0.13770995865697766
1.8339999999993093	0.13770260853417404
1.8349999999993134	0.13769525579086317
1.8359999999993175	0.1376878992262086
1.8369999999993218	0.13768053964357008
1.837999999999326	0.13767317680791624
1.83899999999933	0.1376658108179647
1.8399999999993342	0.13765844161666285
1.8409999999993385	0.1376510690248125
1.8419999999993426	0.13764369302776236
1.8429999999993467	0.1376363139165221
1.8439999999993508	0.13762893152137368
1.844999999999355	0.13762154595799314
1.8459999999993593	0.13761415706866664
1.8469999999993634	0.13760676508483816
1.8479999999993675	0.1375993700986502
1.8489999999993716	0.13759197147878444
1.849999999999376	0.13758456973629596
1.85099999999938	0.13757716483684723
1.8519999999993841	0.13756975648344072
1.8529999999993882	0.13756234504338605
1.8539999999993926	0.13755493034308564
1.8549999999993967	0.1375475124192299
1.8559999999994008	0.13754009121729582
1.856999999999405	0.13753266675899778
1.857999999999409	0.1375252394874532
1.8589999999994133	0.13751780870329
1.8599999999994175	0.1375103745881442
1.8609999999994216	0.13750293742002562
1.861999999999426	0.13749549699592667
1.86299999999943	0.1374880533002314
1.863999999999434	0.13748060628354608
1.8649999999994382	0.13747315614916722
1.8659999999994423	0.1374657028434968
1.8669999999994467	0.1374582462302849
1.8679999999994508	0.13745078642994868
1.8689999999994549	0.13744332346083277
1.869999999999459	0.13743585715523066
1.870999999999463	0.13742838788743472
1.8719999999994674	0.13742091532285228
1.8729999999994715	0.13741343926583094
1.8739999999994756	0.1374059603634008
1.87499999999948	0.1373984782787503
1.875999999999484	0.13739099248107167
1.8769999999994882	0.13738350380256925
1.8779999999994923	0.13737601226238594
1.8789999999994964	0.13736851707492237
1.8799999999995007	0.13736101867323125
1.8809999999995048	0.13735351729472733
1.881999999999509	0.13734601276254899
1.882999999999513	0.13733850483729393
1.8839999999995174	0.1373309937553655
1.8849999999995215	0.13732347962411184
1.8859999999995256	0.1373159621085377
1.8869999999995297	0.1373084413384733
1.887999999999534	0.13730091757273855
1.8889999999995382	0.13729339060708234
1.8899999999995423	0.1372858604435201
1.8909999999995464	0.13727832706326704
1.8919999999995505	0.13727079047708846
1.8929999999995548	0.1372632506427267
1.893999999999559	0.1372557077435811
1.894999999999563	0.1372481617124124
1.8959999999995671	0.13724061244130226
1.8969999999995715	0.1372330600124575
1.8979999999995756	0.13722550426021196
1.8989999999995797	0.13721794525462983
1.8999999999995838	0.13721038295850296
1.9009999999995881	0.13720281827098058
1.9019999999995922	0.13719524987690201
1.9029999999995963	0.13718767821618383
1.9039999999996005	0.13718010339127873
1.9049999999996048	0.13717252561919036
1.905999999999609	0.13716494471082186
1.906999999999613	0.13715736044090332
1.9079999999996171	0.13714977285879515
1.9089999999996214	0.1371421821603036
1.9099999999996256	0.1371345884540619
1.9109999999996297	0.13712699161166042
1.9119999999996338	0.1371193916717477
1.9129999999996379	0.13711178847044025
1.9139999999996422	0.13710418204713604
1.9149999999996463	0.1370965725008172
1.9159999999996504	0.13708895982311597
1.9169999999996545	0.13708134399687955
1.9179999999996589	0.13707372501659498
1.918999999999663	0.13706610302931266
1.919999999999667	0.13705847771337365
1.9209999999996712	0.13705084907782905
1.9219999999996755	0.13704321736469827
1.9229999999996796	0.137035582558791
1.9239999999996837	0.13702794468129897
1.9249999999996878	0.1370203038074439
1.9259999999996922	0.13701265959687903
1.9269999999996963	0.13700501214864114
1.9279999999997004	0.13699736161049814
1.9289999999997045	0.13698970808910593
1.9299999999997088	0.13698205122027396
1.930999999999713	0.1369743912205773
1.931999999999717	0.1369667282339435
1.9329999999997212	0.1369590622968967
1.9339999999997253	0.1369513928199333
1.9349999999997296	0.1369437202072985
1.9359999999997337	0.13693604469952914
1.9369999999997378	0.13692836593214763
1.937999999999742	0.1369206840113112
1.9389999999997463	0.13691299912791377
1.9399999999997504	0.13690531095446956
1.9409999999997545	0.1368976196814874
1.9419999999997586	0.13688992526961186
1.942999999999763	0.13688222772305825
1.943999999999767	0.13687452701916447
1.9449999999997711	0.13686682334619427
1.9459999999997752	0.1368591165612848
1.9469999999997794	0.13685140660165285
1.9479999999997837	0.13684369345235847
1.9489999999997878	0.13683597717170903
1.949999999999792	0.1368282578247053
1.950999999999796	0.13682053553223583
1.9519999999998003	0.13681280994373812
1.9529999999998044	0.136805081091954
1.9539999999998086	0.13679734919722109
1.9549999999998127	0.13678961428715852
1.955999999999817	0.13678187623690363
1.956999999999821	0.13677413512006575
1.9579999999998252	0.13676639078443564
1.9589999999998293	0.13675864360040435
1.9599999999998337	0.13675089323891376
1.9609999999998378	0.13674313961896634
1.9619999999998419	0.1367353827634058
1.962999999999846	0.1367276230163721
1.9639999999998503	0.13671986038838213
1.9649999999998544	0.1367120943727025
1.9659999999998585	0.13670432513236475
1.9669999999998626	0.13669655298643357
1.9679999999998667	0.1366887777372845
1.968999999999871	0.1366809994079441
1.9699999999998752	0.13667321791838738
1.9709999999998793	0.13666543323768188
1.9719999999998834	0.1366576453700189
1.9729999999998877	0.1366498549328894
1.9739999999998918	0.1366420613589785
1.974999999999896	0.13663426430248404
1.9759999999999	0.13662646426972413
1.9769999999999044	0.13661866096907216
1.9779999999999085	0.1366108549748406
1.9789999999999126	0.13660304587515193
1.9799999999999167	0.13659523333734747
1.980999999999921	0.13658741784349604
1.9819999999999252	0.13657959949888987
1.9829999999999293	0.13657177774741447
1.9839999999999334	0.13656395299021706
1.9849999999999375	0.1365561254849441
1.9859999999999418	0.13654829488479858
1.986999999999946	0.1365404609196833
1.98799999999995	0.1365326236749742
1.9889999999999541	0.13652478359554931
1.9899999999999585	0.13651694055301355
1.9909999999999626	0.13650909448847726
1.9919999999999667	0.13650124529543717
1.9929999999999708	0.13649339294386276
1.9939999999999751	0.13648553729068935
1.9949999999999792	0.13647767912942355
1.9959999999999833	0.13646981770837752
1.9969999999999875	0.13646195312979081
1.9979999999999918	0.13645408539596837
1.998999999999996	0.13644621473169039
2.0	0.1364383413994925
2.0010279404845495	0.13643024454640584
2.0021217900815715	0.1364216248939819
2.0032857751923165	0.13641244821599763
2.004524391841744	0.13640267900059544
2.005842426366887	0.13639227855848612
2.007244970197923	0.13638120533203113
2.0087374418720856	0.13636941555695214
2.0103256076664273	0.13635686185465223
2.0120156028936726	0.13634349459953432
2.013813957200875	0.13632926108414067
2.0157276178435577	0.13631410501611008
2.0177639781367303	0.13629796465406452
2.019930905358886	0.13628077490611867
2.0222367711443985	0.1362624676316373
2.024690484011897	0.13624296823616988
2.027301523572695	0.13622219989822892
2.0300799770731848	0.13620007693227043
2.033036578410754	0.1361765087114093
2.036182751117039	0.13615140119956115
2.039530649180409	0.13612465228965243
2.043093206833892	0.13609615066212943
2.046884188175661	0.1360657785657896
2.050918238233338	0.13603341171938643
2.0552109433735133	0.135998916892075
2.059778886913171	0.13596215005534673
2.0646397170403086	0.13592295857812042
2.0698122132469665	0.13588117576672687
2.0753163565584574	0.13583662389525786
2.081173414838828	0.13578912441394653
2.0874060143976347	0.13573846549937274
2.094038234979271	0.13568441717936863
2.1010956980169606	0.13562677431779901
2.1086056699538682	0.13556528562427328
2.116597165034399	0.13549966377485245
2.125101056786564	0.1354296252386623
2.1341501990307465	0.1353548736517538
2.143779554474847	0.13527506881971318
2.1540263207146424	0.13518982559504344
2.1649300857539027	0.13509879474018605
2.1765329774064615	0.13500158859706035
2.1888798204423576	0.13489775334099285
2.2020183144046843	0.1347867603168239
2.2159992202680474	0.1346680577077829
2.2308765524295735	0.1345411774108769
2.246707783705272	0.13440556030805295
2.263554079768369	0.13426045252672347
2.2814805235907363	0.13410515669847267
2.3005563724108544	0.13393898128949366
2.320855322320133	0.13376108639707618
2.3424557929209753	0.13357053676918773
2.3654412374910825	0.13336644822205002
2.389900455657507	0.13314781676762744
2.41592795027163	0.13291346754869715
2.44362426638729	0.13266221528105948
2.473096411506492	0.132392723649143
2.5044582437089975	0.13210353023253063
2.537830924630887	0.13179332415491607
2.5733433911797423	0.13146061148543509
2.611132843166974	0.1311031799191894
2.6513452603475027	0.13071921878668047
2.6941360153529494	0.13030587509335256
2.739670418177515	0.1298630592149782
2.788124380079947	0.12938679146581866
2.839685109337027	0.12887461891576868
2.894551789617174	0.1283238353790208
2.9529364084026577	0.12773172247919717
3.0150645170164534	0.1270949981569054
3.0811761422888653	0.12641023140534757
3.1515266965252042	0.12567390974954418
3.226387989377641	0.124882520414349
3.30604919671757	0.12403130322946898
3.39081811677136	0.12311755515063716
3.4810222154328754	0.12213540836326309
3.577010018652917	0.12108058640832364
3.6791523315125145	0.11994983474827814
3.7878438030764574	0.11873788325746348
3.9035043177534527	0.11744023401993464
4.02658072998157	0.1160529750231517
4.157548527011607	0.11457203698118745
4.296913682346355	0.11299436154513198
4.445214635465608	0.11131682287574973
4.603024347307951	0.10953774593307997
4.770952424745148	0.10765667459684647
4.9496476786701376	0.10567439412033597
5.139800459354712	0.10359426496383795
5.342145448462832	0.1014221713109209
5.557464321076707	0.0991658516002697
5.786588991858403	0.09683681011821055
6.03040459644804	0.09445040241625846
6.289853138906711	0.09202820736014838
6.565936951835777	0.08959717181559512
6.859722633511745	0.08718548907286827
7.172345245053396	0.08483573216559681
7.505012494394354	0.0825891865001086
7.859009576011049	0.08049879825626349
8.23570422033976	0.07862484112696844
8.636551628113326	0.07703214424080196
9.063100564489073	0.07581243402533744
9.516998831091398	0.07500899094056823
10.0	0.07472895981530914
