0.0	0.19976583860802333
0.0010000000000041087	0.19976583722019248
0.0020000000000082174	0.1997658334742214
0.003000000000012548	0.19976582759701023
0.004000000000016657	0.1997658196157014
0.005000000000020766	0.19976580911537112
0.006000000000024874	0.19976579649023074
0.007000000000029205	0.19976578148445967
0.008000000000033314	0.1997657641551076
0.009000000000037423	0.19976574466668273
0.010000000000041753	0.19976572278400517
0.011000000000045862	0.19976569857044957
0.01200000000004997	0.19976567208129015
0.01300000000005408	0.1997656432578051
0.01400000000005841	0.19976561230258794
0.015000000000062519	0.19976557897782865
0.016000000000066406	0.19976554320837325
0.017000000000070736	0.19976550530466486
0.018000000000074845	0.19976546508636106
0.019000000000078954	0.19976542244345774
0.020000000000083062	0.19976537762278979
0.021000000000087393	0.19976533046848777
0.022000000000091502	0.19976528099370316
0.02300000000009561	0.1997652293462472
0.02400000000009972	0.19976517517142833
0.02500000000010405	0.19976511889084858
0.02600000000010816	0.19976506026876506
0.027000000000112268	0.19976499921607205
0.0280000000001166	0.19976493594621647
0.029000000000120707	0.19976487050526193
0.030000000000124816	0.19976480264262908
0.031000000000128924	0.1997647324897044
0.032000000000133255	0.1997646600649856
0.033000000000137364	0.19976458522505125
0.03400000000014147	0.19976450820669844
0.0350000000001458	0.19976442896159863
0.03600000000014991	0.1997643472791304
0.03700000000015402	0.19976426333128705
0.03800000000015813	0.19976417709991057
0.03900000000016246	0.1997640885966393
0.04000000000016657	0.19976399767586495
0.04100000000017068	0.19976390451278658
0.04200000000017501	0.19976380912732705
0.04300000000017912	0.1997637114129407
0.044000000000183226	0.19976361138680288
0.045000000000187335	0.19976350897158301
0.046000000000191665	0.1997634044288762
0.04700000000019555	0.19976329755212763
0.04800000000019966	0.19976318820205086
0.04900000000020399	0.1997630766772801
0.0500000000002081	0.1997629628212957
0.05100000000021221	0.19976284665340904
0.05200000000021632	0.19976272832596154
0.05300000000022065	0.1997626076237904
0.05400000000022476	0.1997624845024335
0.055000000000228866	0.19976235924959496
0.0560000000002332	0.19976223161869655
0.057000000000237305	0.19976210159196617
0.058000000000241414	0.19976196946476998
0.05900000000024552	0.19976183494238642
0.060000000000249853	0.1997616980456377
0.06100000000025396	0.19976155902312787
0.06200000000025807	0.19976141756728372
0.0630000000002624	0.19976127384722242
0.06400000000026651	0.19976112787073086
0.06500000000027062	0.19976097956446714
0.06600000000027473	0.19976082889268376
0.06700000000027906	0.19976067591886093
0.06800000000028317	0.19976052077285167
0.06900000000028728	0.1997603633443894
0.0700000000002916	0.19976020341224598
0.07100000000029572	0.19976004136930647
0.07200000000029982	0.19975987699283804
0.07300000000030393	0.19975971020080152
0.07400000000030826	0.19975954125075213
0.07500000000031237	0.19975936998111832
0.07600000000031648	0.19975919627471983
0.07700000000032081	0.19975902042834803
0.0780000000003247	0.19975884223144968
0.07900000000032881	0.19975866172602041
0.08000000000033292	0.19975847895688414
0.08100000000033725	0.1997582938463649
0.08200000000034136	0.19975810645587577
0.08300000000034546	0.1997579167707798
0.0840000000003498	0.19975772481452592
0.0850000000003539	0.19975753052840506
0.08600000000035801	0.19975733395187012
0.08700000000036212	0.19975713504012005
0.08800000000036645	0.1997569338426065
0.08900000000037056	0.19975673031387053
0.09000000000037467	0.19975652463330118
0.091000000000379	0.19975631665477456
0.09200000000038311	0.19975610617676387
0.09300000000038722	0.19975589354074985
0.09400000000039133	0.19975567861151522
0.09500000000039566	0.19975546120586885
0.09600000000039977	0.19975524173885129
0.09700000000040387	0.19975501995707834
0.0980000000004082	0.19975479572349353
0.09900000000041231	0.19975456914349832
0.10000000000041642	0.1997543402402301
0.10100000000042053	0.1997541092011309
0.10200000000042486	0.19975387597360061
0.10300000000042897	0.1997536405308058
0.10400000000043308	0.1997534025578267
0.10500000000043741	0.1997531621274946
0.10600000000044152	0.19975291965775088
0.10700000000044563	0.19975267481817804
0.10800000000044951	0.19975242769665558
0.10900000000045384	0.199752178305739
0.11000000000045795	0.199751926412441
0.11100000000046206	0.19975167242348968
0.1120000000004664	0.1997514161785493
0.1130000000004705	0.1997511575351587
0.11400000000047461	0.19975089658255896
0.11500000000047872	0.1997506333612229
0.11600000000048305	0.19975036784152367
0.11700000000048716	0.19975010002929672
0.11800000000049127	0.19974982991542634
0.1190000000004956	0.199749557497515
0.12000000000049971	0.19974928278119575
0.12100000000050382	0.19974900578219712
0.12200000000050792	0.19974872647712272
0.12300000000051226	0.1997484448782605
0.12400000000051636	0.1997481609787528
0.12500000000052047	0.19974787477995992
0.1260000000005248	0.19974758629536615
0.1270000000005289	0.19974729550192127
0.12800000000053302	0.19974700241785504
0.12900000000053713	0.19974670703269903
0.13000000000054146	0.1997464093513105
0.13100000000054557	0.19974610935411763
0.13200000000054968	0.19974580698073252
0.133000000000554	0.19974550253607526
0.13400000000055812	0.19974519587283812
0.13500000000056223	0.1997448865997291
0.13600000000056633	0.1997445751356297
0.13700000000057067	0.19974426138008639
0.13800000000057477	0.19974394533326933
0.13900000000057866	0.1997436269580799
0.140000000000583	0.19974330638996296
0.1410000000005871	0.19974298338945973
0.1420000000005912	0.1997426581986581
0.14300000000059532	0.19974233061929225
0.14400000000059965	0.19974200084751215
0.14500000000060376	0.19974166877230304
0.14600000000060787	0.19974133429270957
0.1470000000006122	0.19974099755074326
0.1480000000006163	0.19974065856720014
0.14900000000062041	0.1997403172372627
0.15000000000062452	0.1997399736520773
0.15100000000062885	0.19973962772589748
0.15200000000063296	0.19973927953606174
0.15300000000063707	0.19973892904122903
0.1540000000006414	0.19973857628423364
0.1550000000006455	0.19973822119242934
0.15600000000064962	0.19973786382545844
0.15700000000065373	0.19973750416168456
0.15800000000065806	0.19973714222577676
0.15900000000066217	0.19973677797910638
0.16000000000066628	0.19973641143527499
0.16100000000067038	0.19973604259385425
0.16200000000067472	0.19973567140823623
0.16300000000067882	0.19973529790052025
0.16400000000068293	0.19973492220666567
0.16500000000068726	0.1997345442074857
0.16600000000069137	0.1997341639321103
0.16700000000069548	0.19973378130632236
0.1680000000006996	0.19973339640678867
0.16900000000070392	0.19973300910835123
0.1700000000007078	0.19973261958165622
0.17100000000071192	0.19973222782584632
0.17200000000071625	0.19973183373730585
0.17300000000072036	0.19973143726795595
0.17400000000072446	0.1997310387718939
0.17500000000072857	0.19973063792552315
0.1760000000007329	0.1997302345532841
0.177000000000737	0.19972982898541525
0.17800000000074112	0.1997294210969609
0.17900000000074545	0.19972901097606943
0.18000000000074956	0.19972859849421332
0.18100000000075367	0.1997281837387852
0.18200000000075778	0.19972776668648962
0.1830000000007621	0.19972734740405929
0.18400000000076622	0.19972692579643203
0.18500000000077033	0.19972650188785834
0.18600000000077466	0.1997260756438083
0.18700000000077877	0.19972564723401987
0.18800000000078287	0.19972521644626096
0.18900000000078698	0.19972478328960785
0.1900000000007913	0.1997243479400821
0.19100000000079542	0.19972391023673963
0.19200000000079953	0.19972347029803061
0.19300000000080386	0.1997230280129081
0.19400000000080797	0.19972258341585214
0.19500000000081208	0.19972213660746563
0.1960000000008162	0.1997216875290414
0.19700000000082052	0.19972123608488812
0.19800000000082463	0.1997207823329321
0.19900000000082874	0.19972032634041648
0.20000000000083307	0.19971986800869068
0.20100000000083695	0.19971940742453087
0.20200000000084106	0.19971894449913508
0.20300000000084517	0.19971847938419707
0.2040000000008495	0.19971801189649874
0.2050000000008536	0.1997175421026014
0.20600000000085772	0.19971707006089046
0.20700000000086205	0.19971659568824562
0.20800000000086616	0.19971611905665898
0.20900000000087027	0.19971564010479503
0.21000000000087438	0.1997151589095183
0.2110000000008787	0.19971467538551324
0.21200000000088282	0.1997141895600496
0.21300000000088692	0.19971370146504308
0.21400000000089126	0.19971321105608875
0.21500000000089536	0.19971271837181281
0.21600000000089947	0.19971222337552452
0.21700000000090358	0.19971172611982035
0.2180000000009079	0.1997112265465376
0.21900000000091202	0.1997107246825096
0.22000000000091613	0.19971022053835963
0.22100000000092046	0.19970971410127392
0.22200000000092457	0.19970920536506376
0.22300000000092868	0.19970869435649874
0.2240000000009328	0.19970818103527954
0.22500000000093712	0.19970766545894914
0.22600000000094123	0.19970714755998364
0.22700000000094533	0.19970662734927158
0.22800000000094967	0.19970610488358076
0.22900000000095377	0.19970558012696804
0.23000000000095788	0.19970505307858977
0.23100000000096177	0.19970452373392977
0.2320000000009661	0.19970399209480316
0.2330000000009702	0.19970345814198542
0.23400000000097432	0.19970292192407646
0.23500000000097865	0.19970238354950254
0.23600000000098276	0.19970184276477942
0.23700000000098687	0.19970129949381366
0.23800000000099097	0.1997007541643725
0.2390000000009953	0.19970020649008813
0.24000000000099941	0.1996996566364011
0.24100000000100352	0.19969910455631046
0.24200000000100785	0.19969854984484237
0.24300000000101196	0.19969799310056147
0.24400000000101607	0.19969743405292484
0.24500000000102018	0.19969687254245605
0.2460000000010245	0.19969630882172162
0.24700000000102862	0.19969574291772474
0.24800000000103273	0.19969517465200648
0.24900000000103706	0.1996946040972425
0.25000000000104117	0.1996940312531308
0.2510000000010453	0.19969345612898093
0.2520000000010494	0.19969287866151642
0.2530000000010537	0.1996922989387383
0.2540000000010578	0.1996917169529655
0.25500000000106193	0.19969113269418137
0.25600000000106626	0.19969054613363246
0.25700000000107037	0.19968995728606775
0.2580000000010745	0.1996893660954765
0.2590000000010786	0.19968877271878605
0.2600000000010829	0.19968817695471497
0.26100000000108703	0.19968757894973077
0.2620000000010909	0.19968697863092044
0.26300000000109525	0.19968637604362116
0.26400000000109936	0.19968577116908892
0.26500000000110346	0.19968516399035496
0.2660000000011076	0.19968455456757872
0.2670000000011119	0.1996839429220837
0.268000000001116	0.19968332884666606
0.2690000000011201	0.19968271239949575
0.27000000000112445	0.19968209379169166
0.27100000000112856	0.1996814730576808
0.27200000000113267	0.19968085009933711
0.2730000000011368	0.1996802245795467
0.2740000000011411	0.1996795966483076
0.2750000000011452	0.1996789667514336
0.2760000000011493	0.19967833444932404
0.27700000000115366	0.19967769968838378
0.27800000000115777	0.1996770629393667
0.2790000000011619	0.19967642381234763
0.280000000001166	0.19967578222272808
0.2810000000011703	0.1996751384719071
0.2820000000011744	0.19967449254707004
0.28300000000117853	0.19967384409421995
0.28400000000118286	0.19967319348507617
0.28500000000118697	0.19967254068693063
0.2860000000011911	0.1996718855244073
0.2870000000011952	0.19967122808568216
0.2880000000011995	0.1996705683006923
0.2890000000012036	0.1996699062782774
0.29000000000120774	0.19966924200293845
0.29100000000121207	0.19966857538543947
0.2920000000012162	0.1996679064956336
0.29300000000122006	0.19966723535410413
0.29400000000122417	0.19966656190301602
0.2950000000012285	0.19966588614824665
0.2960000000012326	0.19966520814920774
0.2970000000012367	0.19966452784135424
0.29800000000124083	0.19966384524201308
0.29900000000124516	0.19966316038201293
0.30000000000124927	0.19966247323315345
0.3010000000012534	0.19966178379884292
0.3020000000012577	0.19966109207889726
0.3030000000012618	0.1996603980604591
0.3040000000012659	0.1996597017875522
0.30500000000127003	0.1996590032225528
0.30600000000127436	0.19965830235583604
0.3070000000012785	0.19965759923058768
0.3080000000012826	0.19965689381342944
0.3090000000012869	0.19965618609549152
0.310000000001291	0.19965547612723056
0.31100000000129513	0.19965476386741465
0.31200000000129924	0.1996540493168968
0.31300000000130357	0.1996533324641706
0.3140000000013077	0.19965261334458062
0.3150000000013118	0.1996518919623218
0.3160000000013161	0.19965116828534357
0.3170000000013202	0.19965044234055995
0.31800000000132433	0.19964971409588927
0.31900000000132844	0.19964898353553395
0.3200000000013328	0.19964825077568737
0.3210000000013369	0.1996475156894547
0.322000000001341	0.1996467782648912
0.3230000000013453	0.19964603866188324
0.3240000000013492	0.19964529675378406
0.3250000000013533	0.1996445524621333
0.3260000000013574	0.19964380603174703
0.32700000000136176	0.19964305730798293
0.32800000000136587	0.19964230616503642
0.32900000000137	0.19964155276437823
0.3300000000013743	0.19964079728620443
0.3310000000013784	0.19964003930950092
0.3320000000013825	0.1996392790673529
0.33300000000138663	0.199638516759984
0.33400000000139096	0.19963775195630684
0.33500000000139507	0.19963698494816295
0.3360000000013992	0.1996362156894388
0.3370000000014035	0.1996354439722331
0.3380000000014076	0.19963467018396086
0.3390000000014117	0.19963389411026367
0.34000000000141584	0.19963311565390585
0.34100000000142017	0.19963233493806665
0.3420000000014243	0.1996315519190892
0.3430000000014284	0.19963076673341418
0.3440000000014327	0.19962997917366154
0.3450000000014368	0.1996291893189086
0.34600000000144093	0.19962839728524318
0.34700000000144504	0.19962760284966807
0.34800000000144937	0.199626806267853
0.3490000000014535	0.19962600732534974
0.3500000000014576	0.1996252060949647
0.3510000000014619	0.19962440266524017
0.35200000000146603	0.19962359688606313
0.35300000000147014	0.19962278884176776
0.35400000000147425	0.19962197853942087
0.35500000000147836	0.19962116594947266
0.35600000000148246	0.19962035108500942
0.3570000000014866	0.19961953394173537
0.3580000000014909	0.199618714519898
0.359000000001495	0.19961789281055542
0.3600000000014991	0.1996170688269372
0.36100000000150323	0.19961624256642407
0.36200000000150756	0.19961541405247674
0.36300000000151167	0.1996145832537236
0.3640000000015158	0.1996137501467593
0.3650000000015201	0.19961291478728227
0.3660000000015242	0.1996120771745422
0.3670000000015283	0.19961123726475427
0.36800000000153243	0.19961039508664924
0.36900000000153677	0.19960955063925911
0.3700000000015409	0.1996087038964165
0.371000000001545	0.19960785489745536
0.3720000000015493	0.19960700356618544
0.3730000000015534	0.1996061500938935
0.37400000000155753	0.19960529419439044
0.37500000000156164	0.1996044360847803
0.37600000000156597	0.1996035755649438
0.3770000000015701	0.19960271303395638
0.3780000000015742	0.19960184804986192
0.3790000000015785	0.19960098084725453
0.3800000000015826	0.19960011137959843
0.38100000000158674	0.19959923963112747
0.38200000000159084	0.19959836567218725
0.3830000000015952	0.19959748919084497
0.3840000000015993	0.19959661079918956
0.3850000000016034	0.19959572984276008
0.3860000000016075	0.19959484670703198
0.3870000000016116	0.1995939612712061
0.3880000000016157	0.19959307355610778
0.38900000000161983	0.1995921836214627
0.39000000000162416	0.19959129140202025
0.39100000000162827	0.1995903969756453
0.3920000000016324	0.19958950017279775
0.3930000000016367	0.1995886010945247
0.3940000000016408	0.19958769973784585
0.3950000000016449	0.19958679623092168
0.39600000000164903	0.19958589050231657
0.39700000000165336	0.19958498231960708
0.3980000000016575	0.19958407185498284
0.3990000000016616	0.19958315916461888
0.4000000000016659	0.19958224416875603
0.40100000000167	0.19958132696656006
0.40200000000167413	0.19958040748860784
0.40300000000167824	0.19957948572616369
0.40400000000168257	0.19957856168572774
0.4050000000016867	0.19957763539219253
0.4060000000016908	0.19957670687245888
0.4070000000016951	0.19957577606918409
0.4080000000016992	0.19957484300298445
0.40900000000170333	0.19957390756152926
0.41000000000170744	0.1995729698966695
0.4110000000017118	0.199572030088915
0.4120000000017159	0.19957108752253228
0.41300000000172	0.19957014341843549
0.4140000000017243	0.19956919668277162
0.41500000000172843	0.19956824732727607
0.41600000000173254	0.1995672963997568
0.4170000000017364	0.19956634278481844
0.41800000000174076	0.1995653869598386
0.41900000000174487	0.19956442888014359
0.420000000001749	0.1995634685348302
0.4210000000017533	0.199562505921552
0.4220000000017574	0.199561541040289
0.4230000000017615	0.19956057389245774
0.42400000000176563	0.19955960448969456
0.42500000000176996	0.19955863287963893
0.42600000000177407	0.19955765858252184
0.4270000000017782	0.19955668270990023
0.4280000000017825	0.19955570414408363
0.4290000000017866	0.19955472336242042
0.4300000000017907	0.19955374033618223
0.43100000000179484	0.19955275504799164
0.43200000000179917	0.19955176757242488
0.4330000000018033	0.19955077741856164
0.4340000000018074	0.199549785675454
0.4350000000018115	0.19954879124365554
0.4360000000018158	0.19954779459457295
0.43700000000181993	0.1995467957148328
0.43800000000182404	0.19954579451977628
0.43900000000182837	0.19954479117939272
0.4400000000018325	0.19954378519331284
0.4410000000018366	0.19954277758839445
0.4420000000018407	0.1995417672944555
0.44300000000184503	0.19954075476297717
0.44400000000184914	0.19953974001749508
0.44500000000185325	0.19953872302216158
0.4460000000018576	0.1995377037068421
0.4470000000018617	0.19953668217221898
0.4480000000018656	0.19953565837828924
0.4490000000018697	0.19953463228610158
0.450000000001874	0.19953360396893183
0.4510000000018781	0.1995325733787613
0.45200000000188223	0.19953154048759336
0.45300000000188656	0.1995305053941654
0.45400000000189067	0.19952946801008808
0.4550000000018948	0.19952842840680174
0.4560000000018989	0.19952738656617985
0.4570000000019032	0.19952634217120746
0.4580000000019073	0.1995252958879037
0.45900000000191143	0.1995242470930041
0.46000000000191577	0.1995231961490529
0.4610000000019199	0.1995221429088988
0.462000000001924	0.199521087417731
0.4630000000019281	0.19952002966324722
0.4640000000019324	0.19951896965174298
0.46500000000193653	0.1995179073580733
0.46600000000194064	0.19951684279947213
0.46700000000194497	0.19951577599829862
0.4680000000019491	0.19951470693168183
0.4690000000019532	0.1995136356066829
0.4700000000019573	0.19951256202077028
0.4710000000019616	0.19951148617433112
0.47200000000196574	0.1995104080668677
0.47300000000196984	0.19950932769815954
0.4740000000019742	0.19950824506960185
0.4750000000019783	0.19950716018204684
0.4760000000019824	0.1995060730342738
0.4770000000019865	0.19950498361831026
0.47800000000199083	0.1995038919519988
0.4790000000019947	0.19950279806279547
0.48000000000199883	0.19950170190202177
0.48100000000200316	0.1995006034771778
0.48200000000200727	0.19949950276345785
0.4830000000020114	0.1994983998145713
0.4840000000020155	0.1994972946123057
0.4850000000020198	0.19949618721161455
0.4860000000020239	0.19949507707894254
0.48700000000202803	0.1994939654500104
0.48800000000203236	0.19949285111776982
0.4890000000020365	0.19949173458827096
0.4900000000020406	0.19949061581552507
0.4910000000020447	0.19948949479854572
0.492000000002049	0.19948837158417998
0.49300000000205313	0.19948724567341314
0.49400000000205724	0.1994861182359251
0.49500000000206157	0.19948498810230586
0.4960000000020657	0.19948385577517913
0.4970000000020698	0.19948272120810617
0.4980000000020739	0.19948158439192853
0.4990000000020782	0.19948044530817488
0.5000000000020823	0.19947930400400593
0.5010000000020864	0.1994781604071415
0.5020000000020908	0.19947701454037292
0.5030000000020949	0.19947586644589765
0.504000000002099	0.19947471609207257
0.5050000000021031	0.19947356348252632
0.5060000000021074	0.19947240861810878
0.5070000000021115	0.1994712514989816
0.5080000000021156	0.1994700921254744
0.50900000000212	0.19946893049769143
0.5100000000021239	0.19946776661526533
0.511000000002128	0.19946660047698772
0.5120000000021321	0.19946543208023448
0.5130000000021364	0.19946426141449258
0.5140000000021405	0.19946308852443284
0.5150000000021446	0.1994619134219494
0.516000000002149	0.1994607360374756
0.5170000000021531	0.1994595563556264
0.5180000000021572	0.19945837443512526
0.5190000000021613	0.19945719029579945
0.5200000000021656	0.19945600387771611
0.5210000000021697	0.19945481526420294
0.5220000000021738	0.19945362432858638
0.5230000000021782	0.1994524311196697
0.5240000000021823	0.1994512357259477
0.5250000000021864	0.19945003803864458
0.5260000000021905	0.19944883811568492
0.5270000000021948	0.19944763594147907
0.5280000000021989	0.1994464315151916
0.529000000002203	0.19944522483935834
0.5300000000022074	0.1994440159120131
0.5310000000022115	0.19944280473138443
0.5320000000022156	0.1994415912963171
0.5330000000022197	0.19944037563797523
0.534000000002224	0.1994391577504706
0.5350000000022281	0.19943793741841576
0.5360000000022322	0.19943671511042416
0.5370000000022366	0.19943549039506392
0.5380000000022407	0.1994342635280405
0.5390000000022448	0.19943303439919136
0.5400000000022487	0.19943180292583262
0.541000000002253	0.19943056921898583
0.5420000000022571	0.1994293333244086
0.5430000000022612	0.1994280951306805
0.5440000000022656	0.19942685474168764
0.5450000000022697	0.19942561205641884
0.5460000000022738	0.19942436717116663
0.5470000000022779	0.19942311999211426
0.5480000000022822	0.19942187059015737
0.5490000000022863	0.19942061895360663
0.5500000000022904	0.19941936504827962
0.5510000000022948	0.19941810891100042
0.5520000000022989	0.19941685053610936
0.553000000002303	0.1994155899114325
0.5540000000023071	0.19941432703595197
0.5550000000023114	0.19941306191278452
0.5560000000023155	0.19941179454415692
0.5570000000023196	0.1994105249309882
0.558000000002324	0.19940925307222201
0.5590000000023281	0.19940797896717832
0.5600000000023322	0.19940670261554594
0.5610000000023363	0.19940542401707528
0.5620000000023406	0.1994041431726289
0.5630000000023447	0.19940286008436425
0.5640000000023488	0.19940157475447284
0.5650000000023532	0.199400287180444
0.5660000000023573	0.19939899736162736
0.5670000000023614	0.19939770530059386
0.5680000000023655	0.19939641099682004
0.5690000000023698	0.19939511444906644
0.5700000000023739	0.1993938156576115
0.5710000000023778	0.19939251462262153
0.5720000000023819	0.19939121134609827
0.5730000000023863	0.19938990583009275
0.5740000000023904	0.19938859807315534
0.5750000000023945	0.19938728807446904
0.5760000000023988	0.19938597583173223
0.5770000000024029	0.19938466133929356
0.578000000002407	0.1993833445979939
0.5790000000024111	0.19938202564552499
0.5800000000024155	0.19938070444953704
0.5810000000024196	0.19937938100451735
0.5820000000024237	0.19937805534649355
0.583000000002428	0.19937672749165214
0.5840000000024321	0.19937539727973408
0.5850000000024362	0.1993740648430289
0.5860000000024403	0.19937273020909763
0.5870000000024447	0.19937139331055787
0.5880000000024488	0.19937005419519038
0.5890000000024529	0.19936871284059998
0.5900000000024572	0.19936736924006215
0.5910000000024613	0.19936602340450804
0.5920000000024654	0.1993646753284023
0.5930000000024696	0.19936332501218312
0.5940000000024739	0.19936197245932674
0.595000000002478	0.19936061766236846
0.5960000000024821	0.19935926063057086
0.5970000000024864	0.1993579013561111
0.5980000000024905	0.19935653985373514
0.5990000000024946	0.19935517611703435
0.6000000000024988	0.19935381019129883
0.6010000000025031	0.19935244191121249
0.602000000002507	0.19935107142828623
0.6030000000025111	0.1993496987631489
0.6040000000025154	0.19934832381729284
0.6050000000025195	0.19934694667637676
0.6060000000025236	0.1993455672634461
0.6070000000025277	0.19934418565106848
0.6080000000025321	0.19934280177016528
0.6090000000025362	0.19934141567713182
0.6100000000025403	0.19934002732797207
0.6110000000025446	0.1993386367671678
0.6120000000025487	0.19933724397882158
0.6130000000025528	0.1993358489493129
0.614000000002557	0.19933445168013453
0.6150000000025613	0.19933305217618313
0.6160000000025654	0.19933165043865264
0.6170000000025695	0.199330246468173
0.6180000000025738	0.19932884026510167
0.6190000000025779	0.1993274318299938
0.620000000002582	0.1993260211632467
0.6210000000025861	0.19932460826503828
0.6220000000025905	0.1993231931344821
0.6230000000025946	0.1993217757717215
0.6240000000025987	0.19932035617655253
0.625000000002603	0.19931893434485348
0.6260000000026071	0.19931751027697564
0.6270000000026112	0.19931608399952916
0.6280000000026154	0.1993146554759978
0.6290000000026197	0.1993132247342282
0.6300000000026238	0.19931179173947555
0.6310000000026279	0.1993103565382216
0.6320000000026322	0.19930891908854476
0.6330000000026361	0.19930747941583393
0.6340000000026402	0.19930603751188647
0.6350000000026443	0.1993045933835722
0.6360000000026487	0.19930314702270935
0.6370000000026528	0.19930169843894519
0.6380000000026569	0.1993002476216853
0.6390000000026612	0.19929879458353406
0.6400000000026653	0.1992973393253049
0.6410000000026694	0.19929588187339942
0.6420000000026735	0.19929442218744553
0.6430000000026779	0.1992929600902389
0.644000000002682	0.19929149597497375
0.6450000000026861	0.1992900296321638
0.6460000000026904	0.19928856094598557
0.6470000000026945	0.199287090073337
0.6480000000026986	0.1992856169935573
0.6490000000027027	0.1992841416914679
0.6500000000027071	0.19928266422116225
0.6510000000027112	0.1992811843993083
0.6520000000027153	0.1992797023758066
0.6530000000027196	0.1992782181869519
0.6540000000027237	0.19927673172744087
0.6550000000027278	0.19927524308619482
0.656000000002732	0.19927375217939614
0.6570000000027363	0.1992722590851892
0.6580000000027404	0.19927076373015373
0.6590000000027445	0.19926926618340435
0.6600000000027488	0.19926776638151578
0.6610000000027529	0.199266264383268
0.662000000002757	0.19926476013538374
0.6630000000027612	0.19926325368369402
0.6640000000027653	0.19926174498368332
0.6650000000027694	0.19926023410543414
0.6660000000027735	0.19925872097076947
0.6670000000027778	0.19925720561939286
0.6680000000027819	0.1992556880563725
0.669000000002786	0.199254168262468
0.6700000000027901	0.19925264625375372
0.6710000000027945	0.19925112202171158
0.6720000000027986	0.1992495955726854
0.6730000000028027	0.19924806689487684
0.674000000002807	0.19924653600134434
0.6750000000028111	0.1992450028920678
0.6760000000028152	0.19924346755901357
0.6770000000028193	0.19924193001010349
0.6780000000028237	0.19924039023675477
0.6790000000028278	0.19923884825632354
0.6800000000028319	0.19923730406731566
0.6810000000028362	0.19923575760511225
0.6820000000028403	0.19923420899947053
0.6830000000028444	0.19923265810787538
0.6840000000028486	0.19923110505584485
0.6850000000028529	0.1992295497333516
0.686000000002857	0.19922799225066312
0.6870000000028611	0.1992264324810702
0.6880000000028654	0.19922487057478788
0.6890000000028695	0.19922330638592922
0.6900000000028736	0.19922174003628257
0.6910000000028778	0.19922017141311654
0.6920000000028821	0.19921860064130348
0.6930000000028862	0.1992170276008619
0.6940000000028901	0.19921545232371962
0.6950000000028944	0.19921387485512154
0.6960000000028985	0.19921229519798134
0.6970000000029026	0.1992107133056663
0.6980000000029067	0.19920912916002265
0.6990000000029111	0.1992075428078114
0.7000000000029152	0.19920595429035148
0.7010000000029193	0.19920436350355253
0.7020000000029236	0.19920277056067948
0.7030000000029277	0.19920117535572457
0.7040000000029318	0.19919957797108734
0.705000000002936	0.1991979783626744
0.7060000000029403	0.19919637653977817
0.7070000000029444	0.19919477250397244
0.7080000000029485	0.19919316625862493
0.7090000000029526	0.19919155780167996
0.7100000000029569	0.19918994713922533
0.711000000002961	0.19918833426261184
0.7120000000029651	0.19918671917657216
0.7130000000029695	0.1991851018838291
0.7140000000029736	0.1991834823704831
0.7150000000029777	0.1991818606514184
0.7160000000029818	0.19918023672069352
0.7170000000029861	0.19917861059421227
0.7180000000029902	0.19917698223737013
0.7190000000029944	0.1991753517096302
0.7200000000029987	0.1991737188925159
0.7210000000030028	0.19917208394559516
0.7220000000030069	0.19917044678074758
0.723000000003011	0.1991688073330351
0.7240000000030153	0.1991671657548565
0.7250000000030195	0.19916552193970705
0.7260000000030233	0.19916387593159823
0.7270000000030277	0.19916222776418158
0.7280000000030318	0.19916057726791503
0.7290000000030359	0.19915892462222895
0.73000000000304	0.19915726976573545
0.7310000000030443	0.19915561270383764
0.7320000000030484	0.19915395349903808
0.7330000000030525	0.1991522919981028
0.7340000000030569	0.19915062828754238
0.735000000003061	0.1991489623965108
0.7360000000030651	0.19914729431053058
0.7370000000030692	0.19914562401391467
0.7380000000030735	0.19914395150750108
0.7390000000030776	0.19914227680464103
0.7400000000030817	0.19914059990146749
0.7410000000030861	0.1991389208141432
0.7420000000030902	0.19913723951252726
0.7430000000030943	0.19913555599693744
0.7440000000030984	0.1991338702776887
0.7450000000031027	0.19913218236274888
0.7460000000031068	0.1991304922431315
0.747000000003111	0.19912879992021337
0.7480000000031153	0.19912710539361833
0.7490000000031194	0.19912540866027306
0.7500000000031235	0.19912370971797166
0.7510000000031276	0.19912200861131402
0.7520000000031319	0.19912030526447333
0.753000000003136	0.19911859972444335
0.7540000000031402	0.1991168919787163
0.7550000000031445	0.1991151820232393
0.7560000000031484	0.19911346989585443
0.7570000000031525	0.19911175555129212
0.7580000000031566	0.19911003903895796
0.7590000000031609	0.19910832037684945
0.760000000003165	0.19910659939619446
0.7610000000031691	0.1991048762319978
0.7620000000031735	0.19910315090553654
0.7630000000031776	0.19910142336532632
0.7640000000031817	0.19909969370985614
0.7650000000031858	0.1990979616207963
0.7660000000031901	0.19909622760051815
0.7670000000031942	0.19909449125979695
0.7680000000031983	0.19909275279186311
0.7690000000032027	0.19909101212160651
0.7700000000032068	0.1990892691485292
0.7710000000032109	0.19908752399579255
0.772000000003215	0.199085776687979
0.7730000000032193	0.199084027194123
0.7740000000032234	0.1990822755668744
0.7750000000032276	0.19908052157529843
0.7760000000032319	0.19907876556521453
0.777000000003236	0.19907700725239863
0.7780000000032401	0.19907524678380628
0.7790000000032442	0.19907348412204673
0.7800000000032485	0.19907171926374856
0.7810000000032526	0.19906995221126533
0.7820000000032568	0.19906818297176843
0.7830000000032611	0.19906641153035443
0.7840000000032652	0.19906463787979245
0.7850000000032693	0.19906286210641888
0.7860000000032734	0.19906108407351197
0.7870000000032777	0.19905930385478587
0.7880000000032816	0.19905752153467915
0.7890000000032857	0.19905573658292108
0.7900000000032901	0.19905395014032856
0.7910000000032942	0.19905216108476342
0.7920000000032983	0.19905037000349923
0.7930000000033024	0.1990485765793203
0.7940000000033067	0.19904678091064942
0.7950000000033108	0.1990449832899871
0.796000000003315	0.19904318344263716
0.7970000000033193	0.19904138125655235
0.7980000000033234	0.19903957694344465
0.7990000000033275	0.19903777044654292
0.8000000000033316	0.19903596177902771
0.8010000000033359	0.19903415098816657
0.80200000000334	0.19903233785285712
0.8030000000033441	0.19903052251046227
0.8040000000033485	0.19902870503330905
0.8050000000033526	0.19902688545987846
0.8060000000033567	0.19902506382821494
0.8070000000033608	0.1990232397335273
0.8080000000033651	0.1990214135505205
0.8090000000033692	0.1990195852171055
0.8100000000033734	0.19901775464189564
0.8110000000033777	0.19901592196545792
0.8120000000033818	0.19901408703969414
0.8130000000033859	0.1990122499898107
0.81400000000339	0.19901041038885559
0.8150000000033943	0.19900856922417298
0.8160000000033985	0.19900672550350818
0.8170000000034026	0.19900487966681113
0.8180000000034067	0.19900303171350098
0.8190000000034108	0.19900118123794652
0.8200000000034149	0.19899932915316565
0.821000000003419	0.19899747445219496
0.8220000000034233	0.19899561767442964
0.8230000000034274	0.19899375869519997
0.8240000000034315	0.19899189753221136
0.8250000000034359	0.19899003440011453
0.82600000000344	0.19898816883878467
0.8270000000034441	0.19898630114620353
0.8280000000034482	0.19898443131894528
0.8290000000034525	0.19898255930675623
0.8300000000034566	0.19898068509447586
0.8310000000034607	0.1989788087135287
0.8320000000034651	0.19897693015436846
0.8330000000034692	0.19897504941495436
0.8340000000034733	0.1989731664859018
0.8350000000034774	0.19897128139743958
0.8360000000034817	0.19896939412322745
0.8370000000034858	0.19896750466187962
0.83800000000349	0.19896561303445237
0.8390000000034943	0.19896371922639333
0.8400000000034984	0.19896182323594935
0.8410000000035025	0.1989599250605958
0.8420000000035066	0.19895802472095603
0.8430000000035109	0.19895612220518322
0.844000000003515	0.19895421751213294
0.8450000000035192	0.19895231064680519
0.8460000000035233	0.19895040161800037
0.8470000000035276	0.19894849038012485
0.8480000000035317	0.19894657699974072
0.8490000000035356	0.1989446614626983
0.8500000000035399	0.19894274363686038
0.851000000003544	0.19894082378681033
0.8520000000035481	0.19893890170884487
0.8530000000035523	0.19893697748897576
0.8540000000035566	0.19893505105154663
0.8550000000035607	0.19893312241383654
0.8560000000035648	0.19893119158288564
0.8570000000035691	0.19892925860198163
0.8580000000035732	0.198927323511641
0.8590000000035773	0.19892538620069877
0.8600000000035815	0.19892344672748652
0.8610000000035858	0.19892150508919526
0.8620000000035899	0.19891956127089305
0.863000000003594	0.19891761524795126
0.8640000000035983	0.19891566712642483
0.8650000000036024	0.19891371690549287
0.8660000000036066	0.1989117643739795
0.8670000000036107	0.19890980963053162
0.868000000003615	0.19890785290726198
0.8690000000036191	0.19890589387140745
0.8700000000036232	0.19890393271929108
0.8710000000036275	0.1989019694277363
0.8720000000036316	0.1989000038598563
0.8730000000036358	0.1988980361206819
0.8740000000036399	0.19889606636834767
0.8750000000036442	0.19889409436729544
0.8760000000036483	0.1988921202142957
0.8770000000036524	0.19889014375745562
0.8780000000036567	0.1988881652604383
0.8790000000036609	0.19888618462012753
0.8800000000036647	0.19888420181410538
0.8810000000036688	0.1988822167549985
0.8820000000036732	0.19888022963132146
0.8830000000036773	0.19887824028412038
0.8840000000036814	0.19887624879565968
0.8850000000036857	0.19887425513028256
0.8860000000036898	0.19887225932127028
0.887000000003694	0.19887026136478247
0.888000000003698	0.19886826120467282
0.8890000000037024	0.19886625888832854
0.8900000000037065	0.19886425441789413
0.8910000000037106	0.19886224779818407
0.8920000000037149	0.1988602389910341
0.893000000003719	0.1988582280340001
0.8940000000037231	0.19885621494265082
0.8950000000037273	0.19885419964699458
0.8960000000037316	0.19885218227972157
0.8970000000037357	0.19885016270028355
0.8980000000037398	0.1988481408050382
0.8990000000037441	0.19884611694337473
0.9000000000037482	0.19884409091683408
0.9010000000037524	0.19884206263101922
0.9020000000037565	0.19884003222267932
0.9030000000037608	0.1988379997019749
0.9040000000037649	0.19883596489181954
0.905000000003769	0.19883392802187028
0.9060000000037733	0.19883188902417803
0.9070000000037775	0.1988298478640127
0.9080000000037816	0.19882780451494642
0.9090000000037857	0.1988257589839043
0.91000000000379	0.19882371132699583
0.9110000000037939	0.1988216615352082
0.912000000003798	0.19881960959553235
0.9130000000038023	0.19881755543396507
0.9140000000038064	0.1988154991924026
0.9150000000038105	0.198813440749256
0.9160000000038147	0.19881138017105848
0.917000000003819	0.19880931745504493
0.9180000000038231	0.19880725254301534
0.9190000000038272	0.1988051854838775
0.9200000000038315	0.19880311631151093
0.9210000000038356	0.19880104487841088
0.9220000000038397	0.19879897146687375
0.9230000000038439	0.1987968957260059
0.9240000000038482	0.19879481791766807
0.9250000000038523	0.19879273796636587
0.9260000000038564	0.19879065589452893
0.9270000000038607	0.19878857161325802
0.9280000000038648	0.19878648526784115
0.929000000003869	0.19878439663571557
0.9300000000038731	0.19878230594341983
0.9310000000038774	0.19878021308568072
0.9320000000038815	0.19877811806869128
0.9330000000038856	0.19877602089091262
0.9340000000038899	0.19877392156935625
0.935000000003894	0.19877182004155292
0.9360000000038982	0.19876971652171105
0.9370000000039023	0.19876761078420757
0.9380000000039066	0.1987655028711759
0.9390000000039107	0.19876339280227817
0.9400000000039148	0.19876128060991738
0.9410000000039191	0.19875916621194145
0.942000000003923	0.19875704979292252
0.9430000000039271	0.1987549311128869
0.9440000000039312	0.19875281034623438
0.9450000000039356	0.19875068738957546
0.9460000000039397	0.19874856232543958
0.9470000000039438	0.19874643511512513
0.9480000000039481	0.19874430582438307
0.9490000000039522	0.19874217395666138
0.9500000000039563	0.1987400406844675
0.9510000000039605	0.1987379048112966
0.9520000000039648	0.1987357668360934
0.9530000000039689	0.19873362674238082
0.954000000003973	0.19873148463399282
0.9550000000039773	0.19872934023980038
0.9560000000039814	0.19872719361990576
0.9570000000039856	0.19872504513225597
0.9580000000039897	0.19872289409422028
0.959000000003994	0.19872074145894159
0.9600000000039981	0.19871858608090065
0.9610000000040022	0.19871642912250154
0.9620000000040065	0.1987142697498394
0.9630000000040106	0.19871210827350938
0.9640000000040148	0.19870994448506485
0.9650000000040189	0.19870777890622993
0.9660000000040232	0.1987056109001678
0.9670000000040273	0.19870344094458314
0.9680000000040314	0.19870126882623484
0.9690000000040357	0.1986990941294231
0.9700000000040399	0.198696918007926
0.9710000000040437	0.19869473933958426
0.9720000000040478	0.1986925586287963
0.9730000000040522	0.19869037583849236
0.9740000000040563	0.19868819048822028
0.9750000000040604	0.19868600369414413
0.9760000000040647	0.19868381436043792
0.9770000000040688	0.19868162295598535
0.978000000004073	0.19867942949009776
0.979000000004077	0.19867723346187172
0.9800000000040812	0.19867503601987646
0.9810000000040855	0.19867283600115904
0.9820000000040896	0.1986706339156905
0.9830000000040937	0.19866842971176968
0.984000000004098	0.1986662234637836
0.9850000000041004	0.198664014962173
0.9860000000041018	0.19866180429342428
0.987000000004103	0.1986595916834315
0.9880000000041045	0.19865737674909045
0.9890000000041059	0.19865515943332068
0.9900000000041072	0.19865294073204565
0.9910000000041086	0.19865071916922217
0.99200000000411	0.19864849602898405
0.9930000000041115	0.19864627034600757
0.9940000000041127	0.19864404277504333
0.9950000000041141	0.1986418130689005
0.9960000000041156	0.19863958101656898
0.997000000004117	0.19863734700298552
0.9980000000041185	0.19863511093507824
0.9990000000041197	0.19863287260975881
1.0000000000041211	0.19863063222013688
1.001000000004117	0.19862838968774343
1.002000000004113	0.19862614495499575
1.0030000000041086	0.1986238982069305
1.0040000000041045	0.19862164925132364
1.0050000000041002	0.19861939816164786
1.006000000004096	0.19861714505407657
1.007000000004092	0.19861488974463937
1.0080000000040878	0.19861263231875803
1.0090000000040837	0.19861037275861004
1.0100000000040794	0.19860811110832421
1.0110000000040753	0.19860584732698505
1.012000000004071	0.1986035814160252
1.0130000000040669	0.19860131337593157
1.0140000000040628	0.19859904323071365
1.0150000000040587	0.19859677094874162
1.0160000000040534	0.19859449654198402
1.0170000000040464	0.1985922200026483
1.0180000000040397	0.19858994136366437
1.0190000000040325	0.19858766058285315
1.0200000000040257	0.19858537772572005
1.021000000004019	0.1985830927931821
1.0220000000040117	0.19858080561401448
1.023000000004005	0.19857851626351342
1.0240000000039977	0.19857622504855277
1.025000000003991	0.19857393152597091
1.026000000003984	0.19857163591587323
1.027000000003977	0.19856933818945743
1.0280000000039702	0.19856703835666778
1.0290000000039632	0.19856473647888406
1.0300000000039562	0.19856243232143544
1.0310000000039494	0.1985601260642632
1.0320000000039424	0.19855781782395987
1.0330000000039354	0.19855550738810623
1.0340000000039287	0.19855319486616752
1.0350000000039217	0.19855088022268053
1.0360000000039147	0.19854856347374084
1.0370000000039077	0.19854624455853775
1.0380000000039007	0.1985439235872275
1.039000000003894	0.1985416004793772
1.0400000000038867	0.19853927523478287
1.04100000000388	0.19853694793758736
1.0420000000038732	0.1985346184736142
1.043000000003866	0.1985322868965933
1.0440000000038592	0.198529953223057
1.0450000000038522	0.19852761745253655
1.0460000000038452	0.19852527955877108
1.0470000000038384	0.1985229395415048
1.0480000000038314	0.19852059747164408
1.0490000000038244	0.19851825323251449
1.0500000000038174	0.19851590697319144
1.0510000000038104	0.19851355846920093
1.0520000000038037	0.1985112079131357
1.0530000000037967	0.1985088552503962
1.0540000000037897	0.19850650048780194
1.055000000003783	0.1985041436589765
1.056000000003776	0.19850178449106215
1.057000000003769	0.19849942352381766
1.0580000000037622	0.1984970603515388
1.059000000003755	0.19849469493782101
1.0600000000037482	0.19849232756793267
1.0610000000037412	0.19848995805675185
1.0620000000037342	0.19848758644110887
1.0630000000037274	0.1984852127805674
1.0640000000037202	0.19848283658827492
1.0650000000037134	0.19848045901857558
1.0660000000037064	0.19847807897348324
1.0670000000036994	0.19847569646617857
1.0680000000036927	0.19847331256527878
1.0690000000036857	0.19847092613893436
1.0700000000036787	0.19846853766172623
1.071000000003672	0.19846614710004729
1.072000000003665	0.19846375436277208
1.073000000003658	0.1984613595884579
1.0740000000036511	0.1984589628673994
1.075000000003644	0.1984565638430067
1.0760000000036372	0.1984541626848153
1.0770000000036304	0.19845175969209738
1.0780000000036232	0.1984493543297149
1.0790000000036164	0.1984469468037734
1.0800000000036092	0.19844453739931467
1.0810000000036024	0.19844212584170218
1.0820000000035954	0.19843971222850665
1.0830000000035884	0.198437296580391
1.0840000000035817	0.19843487860086595
1.0850000000035747	0.19843245879990334
1.0860000000035677	0.19843003641759227
1.087000000003561	0.19842761244905072
1.088000000003554	0.19842518635636863
1.089000000003547	0.1984227579681096
1.0900000000035401	0.19842032721508784
1.091000000003533	0.1984178949935662
1.0920000000035262	0.1984154603600985
1.0930000000035192	0.19841302336766242
1.0940000000035122	0.1984105848228871
1.0950000000035054	0.19840814391569184
1.0960000000034982	0.19840570068665597
1.0970000000034914	0.1984032557431905
1.0980000000034844	0.19840080851988673
1.0990000000034774	0.1983983591488968
1.1000000000034706	0.19839590792741135
1.1010000000034637	0.19839345437385847
1.1020000000034567	0.19839099881976807
1.1030000000034499	0.19838854116311777
1.104000000003443	0.19838608141066938
1.105000000003436	0.19838361957405692
1.106000000003429	0.1983811556396089
1.107000000003422	0.19837868964313354
1.1080000000034151	0.19837622154199375
1.1090000000034081	0.19837375135617197
1.1100000000034012	0.19837127908226349
1.1110000000033944	0.19836880473075524
1.1120000000033872	0.1983663282842667
1.1130000000033804	0.19836384976107502
1.1140000000033736	0.1983613691270465
1.1150000000033664	0.1983588864215704
1.1160000000033596	0.1983564016590541
1.1170000000033526	0.1983539147753668
1.1180000000033457	0.19835142575618625
1.1190000000033387	0.19834893478870408
1.1200000000033317	0.198346441714516
1.121000000003325	0.198343946487749
1.122000000003318	0.1983414490674954
1.123000000003311	0.19833894971341937
1.1240000000033041	0.1983364482184684
1.1250000000032971	0.19833394465212606
1.1260000000032901	0.19833143900988548
1.1270000000032834	0.19832893128939277
1.1280000000032764	0.19832642148129243
1.1290000000032694	0.19832390959716828
1.1300000000032626	0.1983213956456149
1.1310000000032554	0.1983188796106259
1.1320000000032486	0.1983163614873582
1.1330000000032414	0.19831384129124263
1.1340000000032346	0.19831131903334553
1.1350000000032279	0.19830879466184692
1.1360000000032207	0.198306268241923
1.1370000000032139	0.19830373974329585
1.138000000003207	0.19830120910268756
1.1390000000032	0.19829867646934418
1.1400000000031931	0.19829614181232047
1.1410000000031861	0.1982936049482158
1.1420000000031791	0.19829106594498858
1.1430000000031724	0.19828852513643536
1.1440000000031654	0.19828598211203197
1.1450000000031584	0.1982834367644929
1.1460000000031516	0.19828088949565548
1.1470000000031444	0.1982783402835565
1.1480000000031376	0.19827578897765352
1.1490000000031304	0.19827323555470855
1.1500000000031236	0.19827068008128812
1.1510000000031169	0.1982681225040882
1.1520000000031096	0.19826556287516262
1.1530000000031029	0.19826300118408136
1.1540000000030959	0.1982604374293494
1.155000000003089	0.19825787153021024
1.1560000000030821	0.19825530368770228
1.1570000000030751	0.19825273365269003
1.1580000000030681	0.19825016158093334
1.1590000000030614	0.19824758744475557
1.1600000000030544	0.19824501123448168
1.1610000000030474	0.19824243304240174
1.1620000000030404	0.1982398526171516
1.1630000000030334	0.1982372701920292
1.1640000000030266	0.19823468570648894
1.1650000000030196	0.1982320991384774
1.1660000000030126	0.198229510542701
1.1670000000030059	0.19822691986999263
1.1680000000029986	0.19822432709927862
1.1690000000029919	0.19822173230602136
1.1700000000029849	0.19821913543579406
1.1710000000029779	0.19821653649598858
1.172000000002971	0.19821393550038824
1.1730000000029641	0.19821133240436217
1.1740000000029571	0.1982087272676687
1.1750000000029501	0.1982061199517392
1.1760000000029431	0.19820351087722454
1.1770000000029364	0.19820089947286124
1.1780000000029294	0.19819828608315504
1.1790000000029224	0.198195670628317
1.1800000000029156	0.19819305311922353
1.1810000000029086	0.19819043355502197
1.1820000000029016	0.19818781196458501
1.1830000000028948	0.19818518827447096
1.1840000000028876	0.19818256252317656
1.1850000000028809	0.19817993469971817
1.186000000002874	0.1981773047531603
1.1870000000028669	0.19817467286541168
1.18800000000286	0.19817203885155732
1.1890000000028529	0.1981694028027986
1.1900000000028461	0.19816676468960415
1.1910000000028391	0.19816412453148502
1.1920000000028321	0.1981614823288641
1.1930000000028254	0.1981588380525383
1.1940000000028184	0.1981561917058996
1.1950000000028114	0.1981535433280882
1.1960000000028046	0.19815089290367438
1.1970000000027976	0.19814824038401424
1.1980000000027906	0.19814558583855357
1.1990000000027838	0.19814292926021804
1.2000000000027768	0.19814027057351802
1.2010000000027699	0.1981376098597628
1.2020000000027629	0.19813494719705482
1.2030000000027559	0.19813228231262658
1.204000000002749	0.19812961537950347
1.2050000000027419	0.1981269466362502
1.206000000002735	0.1981242755105701
1.2070000000027283	0.19812160240827414
1.2080000000027211	0.19811892736079129
1.2090000000027143	0.1981162502385233
1.2100000000027074	0.19811357110541072
1.2110000000027004	0.19811088985878156
1.2120000000026936	0.19810820660587203
1.2130000000026866	0.19810552129949333
1.2140000000026796	0.19810283396760608
1.2150000000026726	0.1981001445886036
1.2160000000026656	0.19809745297398396
1.2170000000026588	0.1980947595300614
1.2180000000026519	0.198092064022224
1.2190000000026449	0.19808936641957375
1.220000000002638	0.19808666677301634
1.2210000000026309	0.19808396507592563
1.222000000002624	0.19808126132436832
1.2230000000026173	0.19807855549335585
1.2240000000026101	0.1980758476416069
1.2250000000026033	0.19807313781358027
1.2260000000025963	0.19807042588698298
1.2270000000025894	0.1980677119269827
1.2280000000025826	0.19806499594096094
1.2290000000025754	0.19806227791075282
1.2300000000025686	0.19805955782502238
1.2310000000025616	0.19805683568412968
1.2320000000025546	0.19805411152156516
1.2330000000025478	0.19805138533263822
1.2340000000025408	0.19804865705579844
1.2350000000025338	0.19804592679293775
1.236000000002527	0.19804319448500718
1.23700000000252	0.1980404600526603
1.238000000002513	0.19803772365570183
1.2390000000025063	0.1980349853520782
1.240000000002499	0.19803224491029958
1.2410000000024923	0.19802950220100812
1.2420000000024853	0.1980267575329412
1.2430000000024783	0.19802401103686484
1.2440000000024716	0.198021262437021
1.2450000000024644	0.1980185117790746
1.2460000000024576	0.19801575911039715
1.2470000000024506	0.19801300443166436
1.2480000000024436	0.19801024767134212
1.2490000000024368	0.19800748883654906
1.2500000000024298	0.19800472798866053
1.2510000000024228	0.1980019650927991
1.252000000002416	0.19799920020331085
1.253000000002409	0.19799643328760264
1.254000000002402	0.1979936643361312
1.2550000000023953	0.19799089335605602
1.256000000002388	0.1979881203095224
1.2570000000023813	0.19798534527609435
1.2580000000023743	0.19798256821007598
1.2590000000023673	0.19797978904605018
1.2600000000023606	0.19797700793626571
1.2610000000023533	0.19797422477462312
1.2620000000023466	0.19797143952438656
1.2630000000023396	0.1979686523240033
1.2640000000023326	0.19796586306977582
1.2650000000023258	0.19796307186340212
1.2660000000023188	0.1979602784952793
1.2670000000023118	0.19795748314811035
1.268000000002305	0.1979546858178407
1.269000000002298	0.19795188633056426
1.270000000002291	0.19794908500409014
1.271000000002284	0.19794628160356198
1.272000000002277	0.19794347603437468
1.2730000000022703	0.19794066858759485
1.2740000000022633	0.19793785908292394
1.2750000000022563	0.19793504753158564
1.2760000000022496	0.19793223399182058
1.2770000000022423	0.1979294184149214
1.2780000000022356	0.19792660078361135
1.2790000000022288	0.19792378124739074
1.2800000000022216	0.19792095942781074
1.2810000000022148	0.197918135871461
1.2820000000022078	0.19791531022976727
1.2830000000022008	0.19791248252348992
1.2840000000021938	0.1979096526128603
1.2850000000021868	0.19790682096735812
1.28600000000218	0.19790398721945146
1.287000000002173	0.1979011514397584
1.288000000002166	0.197898313646513
1.2890000000021593	0.1978954738461849
1.2900000000021523	0.19789263201370833
1.2910000000021453	0.19788978817132719
1.2920000000021385	0.1978869422947369
1.2930000000021313	0.197884094443055
1.2940000000021246	0.19788124454035627
1.2950000000021178	0.19787839271009333
1.2960000000021106	0.19787553874639618
1.2970000000021038	0.1978726827850985
1.2980000000020966	0.19786982488015048
1.2990000000020898	0.19786696481352983
1.3000000000020828	0.1978641029082544
1.3010000000020758	0.19786123897864438
1.302000000002069	0.19785837290863895
1.303000000002062	0.197855504678477
1.304000000002055	0.19785263486125204
1.3050000000020483	0.1978497628955782
1.3060000000020413	0.19784688878998835
1.3070000000020343	0.1978440127900124
1.3080000000020275	0.19784113473189202
1.3090000000020205	0.197838254672704
1.3100000000020136	0.19783537255164807
1.3110000000020068	0.1978324884598317
1.3120000000019996	0.19782960234942415
1.3130000000019928	0.19782671423936693
1.3140000000019856	0.19782382414220046
1.3150000000019788	0.19782093204681106
1.316000000001972	0.19781803792242114
1.3170000000019648	0.19781514178536175
1.318000000001958	0.1978122436814933
1.319000000001951	0.19780934356885826
1.320000000001944	0.1978064414487115
1.3210000000019373	0.19780353728896494
1.3220000000019303	0.19780063104097667
1.3230000000019233	0.19779772282434527
1.3240000000019165	0.1977948127297412
1.3250000000019095	0.19779190061304908
1.3260000000019025	0.19778898647999776
1.3270000000018956	0.19778607033216145
1.3280000000018886	0.19778315217264464
1.3290000000018818	0.1977802320527532
1.3300000000018748	0.19777730991479325
1.3310000000018678	0.19777438583481
1.332000000001861	0.1977714596342781
1.3330000000018538	0.19776853146489137
1.334000000001847	0.19776560139549537
1.33500000000184	0.19776266916481755
1.336000000001833	0.19775973501081812
1.3370000000018263	0.19775679886990805
1.3380000000018193	0.19775386072773504
1.3390000000018123	0.19775092068920253
1.3400000000018053	0.19774797827166957
1.3410000000017983	0.19774503441431834
1.3420000000017915	0.19774208831886952
1.3430000000017845	0.19773914006169413
1.3440000000017776	0.1977361900601119
1.3450000000017708	0.19773323789084607
1.3460000000017638	0.19773028374807655
1.3470000000017568	0.1977273276753978
1.34800000000175	0.1977243696243013
1.3490000000017428	0.19772140957591378
1.350000000001736	0.19771844754057044
1.3510000000017293	0.19771548351438617
1.352000000001722	0.19771251744904106
1.3530000000017153	0.1977095494600276
1.354000000001708	0.19770657945027914
1.3550000000017013	0.19770360753580973
1.3560000000016943	0.1977006334978566
1.3570000000016873	0.1976976575121574
1.3580000000016805	0.19769467948568942
1.3590000000016735	0.1976916994078829
1.3600000000016665	0.19768871752668915
1.3610000000016598	0.19768573364735553
1.3620000000016528	0.19768274775470085
1.3630000000016458	0.19767975985288333
1.364000000001639	0.1976767699647508
1.3650000000016318	0.19767377813554932
1.366000000001625	0.1976707842985952
1.367000000001618	0.1976677884243614
1.368000000001611	0.19766479062074738
1.3690000000016043	0.19766179083046975
1.370000000001597	0.19765878900940137
1.3710000000015903	0.19765578527532424
1.3720000000015833	0.19765277952910365
1.3730000000015763	0.1976497718870711
1.3740000000015695	0.19764676212513366
1.3750000000015625	0.19764375042815097
1.3760000000015555	0.19764073684889727
1.3770000000015488	0.1976377210087934
1.3780000000015418	0.19763470336121303
1.3790000000015348	0.19763168380460172
1.3800000000015278	0.19762866224648168
1.3810000000015208	0.1976256386887798
1.382000000001514	0.19762261320281282
1.383000000001507	0.19761958577211036
1.3840000000015	0.19761655623854768
1.3850000000014933	0.19761352476800764
1.386000000001486	0.19761049135924647
1.3870000000014793	0.19760745585568018
1.3880000000014725	0.19760441855857658
1.3890000000014653	0.19760137922303733
1.3900000000014585	0.1975983377175592
1.3910000000014515	0.19759529440798518
1.3920000000014445	0.1975922491770289
1.3930000000014378	0.19758920197399032
1.3940000000014305	0.19758615275968539
1.3950000000014238	0.19758310165169424
1.3960000000014168	0.19758004844409915
1.3970000000014098	0.19757699330601008
1.398000000001403	0.1975739362844351
1.399000000001396	0.19757087714427646
1.400000000001389	0.19756781618756092
1.4010000000013823	0.19756475285654962
1.4020000000013753	0.19756168814479436
1.4030000000013683	0.1975586211116933
1.4040000000013615	0.19755555230609168
1.4050000000013543	0.19755248139693726
1.4060000000013475	0.19754940847700742
1.4070000000013405	0.19754633367829189
1.4080000000013335	0.1975432569606811
1.4090000000013267	0.19754017823111503
1.4100000000013195	0.197537097617282
1.4110000000013128	0.19753401491314948
1.4120000000013058	0.19753093027619195
1.4130000000012988	0.197527843635677
1.414000000001292	0.19752475500701827
1.415000000001285	0.1975216645501211
1.416000000001278	0.1975185720847391
1.4170000000012712	0.1975154776196808
1.4180000000012642	0.19751238126810944
1.4190000000012573	0.19750928291908898
1.4200000000012505	0.19750618269384967
1.4210000000012433	0.19750308040942843
1.4220000000012365	0.19749997599760816
1.4230000000012293	0.19749686989194193
1.4240000000012225	0.19749376182576528
1.4250000000012157	0.19749065153749146
1.4260000000012085	0.1974875394680642
1.4270000000012018	0.19748442554363743
1.4280000000011948	0.1974813095633745
1.4290000000011878	0.19747819164009328
1.430000000001181	0.19747507174999634
1.431000000001174	0.19747194991096384
1.432000000001167	0.19746882613196104
1.4330000000011602	0.19746570036063926
1.4340000000011532	0.19746257264654354
1.4350000000011462	0.19745944305419738
1.4360000000011393	0.19745631147174159
1.4370000000011323	0.1974531778396721
1.4380000000011255	0.19745004228369223
1.4390000000011185	0.19744690481370364
1.4400000000011115	0.19744376541144015
1.4410000000011047	0.19744062408298135
1.4420000000010975	0.197437480769731
1.4430000000010907	0.19743433552975886
1.4440000000010837	0.1974311883590566
1.4450000000010768	0.19742803923821384
1.44600000000107	0.1974248880751528
1.447000000001063	0.19742173498453963
1.448000000001056	0.19741857998166668
1.449000000001049	0.19741542308217508
1.450000000001042	0.19741226418527835
1.4510000000010352	0.19740910333456774
1.4520000000010282	0.19740594049556492
1.4530000000010213	0.19740277586777777
1.4540000000010145	0.19739960911436027
1.4550000000010075	0.19739644045163707
1.4560000000010005	0.1973932699769838
1.4570000000009937	0.1973900975308589
1.4580000000009865	0.19738692313732042
1.4590000000009797	0.1973837467421693
1.460000000000973	0.19738056824012384
1.4610000000009657	0.19737738800868077
1.462000000000959	0.19737420595886324
1.4630000000009518	0.19737102181834165
1.464000000000945	0.19736783569394456
1.465000000000938	0.19736464753986027
1.466000000000931	0.1973614576422369
1.4670000000009242	0.19735826577072002
1.4680000000009172	0.19735507194986313
1.4690000000009102	0.19735187623121742
1.4700000000009035	0.1973486785475318
1.4710000000008965	0.19734547882582076
1.4720000000008895	0.1973422772356408
1.4730000000008827	0.1973390737126297
1.4740000000008757	0.19733586823053273
1.4750000000008687	0.1973326608780075
1.476000000000862	0.1973294516846491
1.4770000000008547	0.1973262403770728
1.478000000000848	0.1973230272239067
1.4790000000008408	0.1973198120415477
1.480000000000834	0.19731659489639708
1.4810000000008272	0.19731337598480303
1.48200000000082	0.19731015518930817
1.4830000000008132	0.19730693230863183
1.4840000000008062	0.1973037075506967
1.4850000000007992	0.19730048090579033
1.4860000000007925	0.1972972521358568
1.4870000000007855	0.19729402155881248
1.4880000000007785	0.19729078924024512
1.4890000000007717	0.19728755483633886
1.4900000000007645	0.19728431838134985
1.4910000000007577	0.19728108012864043
1.4920000000007507	0.19727783988428138
1.4930000000007437	0.1972745978360776
1.494000000000737	0.19727135388143235
1.49500000000073	0.19726810787351523
1.496000000000723	0.19726485986726638
1.497000000000716	0.19726161013957877
1.498000000000709	0.1972583584568839
1.4990000000007022	0.19725510482389386
1.5000000000006952	0.19725184923098582
1.5010000000006882	0.19724859168830755
1.5020000000006815	0.19724533222521845
1.5030000000006745	0.19724207089497858
1.5040000000006675	0.1972388076413536
1.5050000000006605	0.1972355424960116
1.5060000000006535	0.19723227539856147
1.5070000000006467	0.1972290064178246
1.5080000000006397	0.19722573550363875
1.5090000000006327	0.19722246256281162
1.5100000000006257	0.1972191877549605
1.5110000000006187	0.19721591105893022
1.512000000000612	0.19721263247611742
1.513000000000605	0.1972093520263325
1.514000000000598	0.1972060696091703
1.5150000000005912	0.19720278518470746
1.5160000000005842	0.19719949891655109
1.5170000000005772	0.19719621073811056
1.5180000000005702	0.1971929206294588
1.5190000000005632	0.1971896287174998
1.5200000000005565	0.19718633470084812
1.5210000000005495	0.19718303874382737
1.5220000000005425	0.19717974110476022
1.5230000000005357	0.19717644149425384
1.5240000000005285	0.19717313993624508
1.5250000000005217	0.19716983651347564
1.5260000000005147	0.19716653109558657
1.5270000000005077	0.1971632236855354
1.528000000000501	0.19715991454996673
1.529000000000494	0.197156603488008
1.530000000000487	0.1971532903657589
1.53100000000048	0.1971499753687067
1.532000000000473	0.19714665854533175
1.5330000000004662	0.19714333986041999
1.5340000000004592	0.19714001933863912
1.5350000000004522	0.1971366968104824
1.5360000000004455	0.19713337215925975
1.5370000000004385	0.19713004577362514
1.5380000000004315	0.19712671759193046
1.5390000000004245	0.19712338746040692
1.5400000000004175	0.19712005545505296
1.5410000000004107	0.19711672149319548
1.5420000000004037	0.19711338559441793
1.5430000000003967	0.1971100478133755
1.5440000000003897	0.19710670809574315
1.5450000000003827	0.19710336652410132
1.546000000000376	0.19710002303982843
1.547000000000369	0.1970966776950227
1.548000000000362	0.19709333032381826
1.549000000000355	0.19708998119227084
1.5500000000003482	0.19708663020164618
1.5510000000003412	0.19708327708521312
1.5520000000003342	0.19707992224467052
1.5530000000003272	0.19707656554872455
1.5540000000003205	0.19707320691714802
1.5550000000003135	0.19706984646361114
1.5560000000003065	0.1970664837562789
1.5570000000002997	0.19706311959229428
1.5580000000002925	0.19705975331559278
1.5590000000002857	0.19705638516112978
1.5600000000002787	0.1970530151617067
1.5610000000002717	0.19704964322514784
1.5620000000002647	0.19704626945911885
1.5630000000002577	0.19704289381669682
1.564000000000251	0.19703951606867665
1.565000000000244	0.19703613655768049
1.566000000000237	0.1970327553607264
1.5670000000002302	0.19702937212735805
1.5680000000002232	0.19702598681571004
1.5690000000002162	0.1970225997408086
1.5700000000002092	0.19701921092898467
1.5710000000002025	0.1970158201225286
1.5720000000001955	0.19701242734099433
1.5730000000001885	0.19700903275410586
1.5740000000001815	0.19700563629965384
1.5750000000001747	0.1970022380545332
1.5760000000001675	0.19699883765897896
1.5770000000001607	0.19699543565874833
1.5780000000001537	0.19699203154960765
1.5790000000001467	0.1969886256496014
1.58000000000014	0.19698521790863754
1.581000000000133	0.19698180825762135
1.582000000000126	0.19697839670136597
1.583000000000119	0.19697498323496976
1.584000000000112	0.1969715679254308
1.5850000000001052	0.19696815068942541
1.5860000000000982	0.1969647317148936
1.5870000000000912	0.19696131081692658
1.5880000000000845	0.19695788785186874
1.5890000000000775	0.19695446313961018
1.5900000000000705	0.1969510367011551
1.5910000000000635	0.19694760814372236
1.5920000000000565	0.19694417775100737
1.5930000000000497	0.19694074563970465
1.5940000000000427	0.19693731155624872
1.5950000000000357	0.196933875535519
1.5960000000000287	0.196930437631344
1.5970000000000217	0.1969269980095425
1.598000000000015	0.1969235563507724
1.599000000000008	0.1969201128162733
1.600000000000001	0.19691666759432713
1.6009999999999942	0.19691322038768488
1.6019999999999872	0.19690977126167275
1.6029999999999802	0.19690632032013333
1.6039999999999732	0.19690286751507902
1.6049999999999662	0.19689941278523748
1.6059999999999595	0.19689595623499168
1.6069999999999525	0.19689249782252327
1.6079999999999455	0.19688903747561737
1.6089999999999387	0.196885575313551
1.6099999999999315	0.19688211128019173
1.6109999999999247	0.19687864538722966
1.6119999999999177	0.1968751775574703
1.6129999999999107	0.1968717078860196
1.6139999999999037	0.19686823651610774
1.614999999999897	0.19686476308977086
1.61599999999989	0.1968612877875313
1.616999999999883	0.196857810764812
1.617999999999876	0.19685433177794032
1.6189999999998692	0.19685085092869326
1.6199999999998622	0.19684736822154225
1.6209999999998552	0.1968438837361005
1.6219999999998485	0.1968403970059075
1.6229999999998415	0.1968369090356803
1.6239999999998345	0.19683341891279438
1.6249999999998275	0.19682992665322752
1.6259999999998205	0.19682643299002456
1.6269999999998137	0.19682293719791988
1.6279999999998067	0.1968194396358538
1.6289999999997997	0.19681594021734317
1.6299999999997927	0.19681243886729005
1.6309999999997857	0.19680893578259295
1.631999999999779	0.19680543078275137
1.632999999999772	0.19680192386788897
1.633999999999765	0.19679841506984164
1.634999999999758	0.196794904459068
1.6359999999997512	0.19679139210369267
1.6369999999997442	0.19678787779536866
1.6379999999997372	0.19678436164820057
1.6389999999997302	0.19678084369243698
1.6399999999997235	0.19677732380483015
1.6409999999997165	0.19677380210937
1.6419999999997095	0.19677027859330043
1.6429999999997025	0.19676675319213677
1.6439999999996955	0.19676322591098305
1.6449999999996887	0.19675969681853778
1.6459999999996817	0.19675616580145006
1.6469999999996747	0.19675263303062107
1.6479999999996677	0.19674909845854005
1.6489999999996607	0.19674556186767767
1.649999999999654	0.19674202344912128
1.650999999999647	0.19673848329545407
1.65199999999964	0.1967349413080548
1.6529999999996332	0.19673139746003532
1.6539999999996262	0.1967278516491493
1.6549999999996192	0.1967243040846236
1.6559999999996122	0.1967207547493024
1.6569999999996052	0.19671720347091504
1.6579999999995985	0.19671365032326016
1.6589999999995915	0.19671009526248595
1.6599999999995845	0.19670653846902497
1.6609999999995777	0.1967029798829012
1.6619999999995705	0.19669941942313163
1.6629999999995637	0.19669585707974624
1.6639999999995567	0.19669229290532353
1.6649999999995497	0.19668872690304662
1.665999999999543	0.19668515902588957
1.666999999999536	0.19668158931848123
1.667999999999529	0.19667801779405258
1.668999999999522	0.19667444445872095
1.669999999999515	0.19667086926159527
1.6709999999995082	0.196667292250165
1.6719999999995012	0.1966637133387632
1.6729999999994942	0.19666013272422656
1.6739999999994875	0.1966565501783758
1.6749999999994805	0.19665296572927393
1.6759999999994735	0.1966493795781814
1.6769999999994665	0.19664579153544814
1.6779999999994595	0.19664220170624158
1.6789999999994527	0.19663860989816984
1.6799999999994457	0.19663501631449842
1.6809999999994387	0.19663142101156406
1.6819999999994317	0.19662782381411115
1.6829999999994247	0.1966242247860983
1.683999999999418	0.19662062393403656
1.684999999999411	0.19661702121192703
1.685999999999404	0.1966134166457072
1.6869999999993972	0.19660981032164415
1.6879999999993902	0.19660620218947344
1.6889999999993832	0.19660259193647622
1.6899999999993762	0.1965989803113346
1.6909999999993692	0.19659536667457966
1.6919999999993625	0.19659175115763738
1.6929999999993555	0.19658813380856088
1.6939999999993485	0.19658451479128058
1.6949999999993415	0.19658089374937016
1.6959999999993345	0.1965772708925715
1.6969999999993277	0.19657364641942532
1.6979999999993207	0.19657001978733168
1.6989999999993137	0.19656639177814939
1.6999999999993067	0.19656276162636377
1.7009999999993	0.19655912964032507
1.701999999999293	0.1965554960386069
1.702999999999286	0.1965518605348997
1.703999999999279	0.19654822307394704
1.7049999999992722	0.19654458393938334
1.7059999999992652	0.1965409428590983
1.7069999999992582	0.1965373000598497
1.7079999999992515	0.19653365554717617
1.7089999999992442	0.19653000908037477
1.7099999999992375	0.19652636074362784
1.7109999999992305	0.1965227106778067
1.7119999999992235	0.19651905874177522
1.7129999999992167	0.1965154050649276
1.7139999999992095	0.19651174958728734
1.7149999999992027	0.1965080922381709
1.7159999999991957	0.19650443306844378
1.7169999999991887	0.1965007721373795
1.717999999999182	0.1964971093760507
1.718999999999175	0.1964934447484814
1.719999999999168	0.1964897783566535
1.720999999999161	0.19648611017171225
1.721999999999154	0.19648244014712501
1.7229999999991472	0.19647876830334532
1.7239999999991402	0.19647509460325807
1.7249999999991332	0.19647141924274647
1.7259999999991265	0.19646774205554796
1.7269999999991195	0.19646406287954954
1.7279999999991125	0.1964603819773849
1.7289999999991055	0.1964566993874588
1.7299999999990985	0.19645301493316414
1.7309999999990917	0.19644932862244135
1.7319999999990847	0.1964456404708408
1.7329999999990777	0.19644195063787162
1.7339999999990707	0.19643825893086553
1.7349999999990655	0.19643456542141102
1.7359999999990614	0.19643087017725336
1.7369999999990573	0.1964271730417102
1.7379999999990532	0.19642347421145467
1.7389999999990489	0.19641977348745887
1.7399999999990448	0.19641607097982594
1.7409999999990406	0.19641236666307393
1.7419999999990363	0.1964086604852554
1.7429999999990322	0.19640495247125667
1.743999999999028	0.1964012428717954
1.744999999999024	0.19639753144945393
1.74599999999902	0.19639381804733191
1.7469999999990156	0.1963901028725703
1.7479999999990115	0.19638638607767134
1.7489999999990071	0.19638266747662725
1.749999999999003	0.19637894687128
1.7509999999990045	0.1963752246662851
1.751999999999006	0.1963715006480431
1.7529999999990071	0.19636777474631528
1.7539999999990086	0.196364047062215
1.75499999999901	0.19636031759769024
1.7559999999990115	0.19635658641214537
1.756999999999013	0.19635285322137364
1.7579999999990141	0.1963491185934665
1.7589999999990156	0.1963453819811648
1.759999999999017	0.19634164357681705
1.7609999999990182	0.19633790324873635
1.7619999999990197	0.1963341612087699
1.7629999999990211	0.1963304175091254
1.7639999999990226	0.1963266720503266
1.7649999999990238	0.1963229247076338
1.7659999999990263	0.19631917552586864
1.7669999999990305	0.19631542454878903
1.7679999999990346	0.1963116718548087
1.7689999999990387	0.1963079174539326
1.769999999999043	0.1963041612013814
1.7709999999990471	0.19630040312994546
1.7719999999990512	0.196296643250084
1.7729999999990556	0.19629288163149772
1.7739999999990597	0.19628911813669325
1.7749999999990638	0.19628535302953387
1.7759999999990679	0.19628158617556302
1.776999999999072	0.19627781733859595
1.7779999999990763	0.19627404673254978
1.7789999999990804	0.19627027438503863
1.7799999999990845	0.19626650031985649
1.7809999999990886	0.1962627245835079
1.781999999999093	0.19625894701830515
1.782999999999097	0.19625516758884487
1.7839999999991012	0.19625138630654004
1.7849999999991053	0.19624760325210722
1.7859999999991096	0.1962438184902765
1.7869999999991137	0.19624003197318962
1.7879999999991179	0.196236243795731
1.788999999999122	0.19623245374505782
1.789999999999126	0.19622866189596855
1.7909999999991304	0.1962248682507104
1.7919999999991345	0.19622107292561486
1.7929999999991386	0.1962172756806635
1.7939999999991427	0.19621347675396983
1.794999999999147	0.19620967603251316
1.7959999999991512	0.19620587351713015
1.7969999999991553	0.19620206935216256
1.7979999999991594	0.19619826341747615
1.7989999999991637	0.19619445566071936
1.7999999999991678	0.1961906459868834
1.800999999999172	0.19618683463691444
1.801999999999176	0.19618302157315792
1.8029999999991801	0.1961792067745416
1.8039999999991845	0.1961753901961537
1.8049999999991886	0.19617157188036927
1.8059999999991927	0.19616775138697828
1.8069999999991968	0.1961639298192065
1.8079999999992011	0.19616010607823242
1.8089999999992052	0.19615628063662838
1.8099999999992094	0.1961524534601664
1.8109999999992135	0.1961486245159051
1.8119999999992178	0.19614479390921769
1.812999999999222	0.1961409612295859
1.813999999999226	0.19613712714110032
1.8149999999992301	0.19613329105136335
1.8159999999992344	0.19612945335950094
1.8169999999992386	0.19612561392654004
1.8179999999992427	0.19612177265997777
1.8189999999992468	0.1961179295421842
1.819999999999251	0.1961140846860976
1.8209999999992552	0.1961102381898312
1.8219999999992593	0.1961063898301234
1.8229999999992634	0.19610253989781534
1.8239999999992675	0.1960986882046556
1.8249999999992719	0.19609483453078225
1.825999999999276	0.19609097919623641
1.82699999999928	0.19608712209579737
1.8279999999992842	0.19608326328974512
1.8289999999992885	0.1960794027216778
1.8299999999992926	0.1960755403937926
1.8309999999992967	0.1960716763417173
1.8319999999993009	0.1960678105152871
1.8329999999993052	0.196063943012451
1.8339999999993093	0.1960600735443334
1.8349999999993134	0.19605620266243762
1.8359999999993175	0.19605232973012365
1.8369999999993218	0.19604845517437597
1.837999999999326	0.19604457886954452
1.83899999999933	0.19604070086818748
1.8399999999993342	0.1960368211397634
1.8409999999993385	0.19603293958933898
1.8419999999993426	0.1960290562090352
1.8429999999993467	0.19602517115329365
1.8439999999993508	0.19602128433183164
1.844999999999355	0.19601739580622113
1.8459999999993593	0.19601350549246987
1.8469999999993634	0.19600961351322643
1.8479999999993675	0.1960057199178299
1.8489999999993716	0.19600182437062308
1.849999999999376	0.19599792714320607
1.85099999999938	0.19599402821717093
1.8519999999993841	0.19599012743476396
1.8529999999993882	0.19598622499109908
1.8539999999993926	0.19598232079371547
1.8549999999993967	0.19597841486211387
1.8559999999994008	0.19597450716722387
1.856999999999405	0.19597059772046221
1.857999999999409	0.19596668675728313
1.8589999999994133	0.19596277390621075
1.8599999999994175	0.1959588592637861
1.8609999999994216	0.1959549429772991
1.861999999999426	0.19595102493899264
1.86299999999943	0.1959471051404329
1.863999999999434	0.19594318355531803
1.8649999999994382	0.19593926029191056
1.8659999999994423	0.19593533532143137
1.8669999999994467	0.19593140857137614
1.8679999999994508	0.19592748010579975
1.8689999999994549	0.1959235499343427
1.869999999999459	0.19591961796772195
1.870999999999463	0.1959156844049189
1.8719999999994674	0.19591174906795994
1.8729999999994715	0.19590781185296824
1.8739999999994756	0.19590387310375768
1.87499999999948	0.19589993264124628
1.875999999999484	0.19589599018287895
1.8769999999994882	0.19589204617147504
1.8779999999994923	0.19588810061705442
1.8789999999994964	0.19588415310164375
1.8799999999995007	0.19588020385569038
1.8809999999995048	0.19587625300523104
1.881999999999509	0.19587230045616555
1.882999999999513	0.19586834608086323
1.8839999999995174	0.19586439000546474
1.8849999999995215	0.1958604322870039
1.8859999999995256	0.19585647274718188
1.8869999999995297	0.1958525114548635
1.887999999999534	0.19584854854753575
1.8889999999995382	0.19584458391676396
1.8899999999995423	0.19584061756322357
1.8909999999995464	0.19583664947703117
1.8919999999995505	0.19583267966416873
1.8929999999995548	0.19582870810180897
1.893999999999559	0.19582473488742125
1.894999999999563	0.19582075998525705
1.8959999999995671	0.19581678333786023
1.8969999999995715	0.19581280498882636
1.8979999999995756	0.19580882485018614
1.8989999999995797	0.19580484295933498
1.8999999999995838	0.19580085929632451
1.9009999999995881	0.1957968743376921
1.9019999999995922	0.19579288738587564
1.9029999999995963	0.19578889867457805
1.9039999999996005	0.19578490825784356
1.9049999999996048	0.19578091625092475
1.905999999999609	0.1957769225533854
1.906999999999613	0.19577292704528193
1.9079999999996171	0.19576892975293914
1.9089999999996214	0.19576493078031154
1.9099999999996256	0.19576093018526075
1.9109999999996297	0.19575692789913257
1.9119999999996338	0.19575292394258792
1.9129999999996379	0.195748918228436
1.9139999999996422	0.19574491077763645
1.9149999999996463	0.19574090164272462
1.9159999999996504	0.1957368908189281
1.9169999999996545	0.195732878297183
1.9179999999996589	0.19572886407482926
1.918999999999663	0.19572484823007752
1.919999999999667	0.19572083059147305
1.9209999999996712	0.19571681116389517
1.9219999999996755	0.1957127900759248
1.9229999999996796	0.19570876731939268
1.9239999999996837	0.19570474290545892
1.9249999999996878	0.19570071687439294
1.9259999999996922	0.19569668904472004
1.9269999999996963	0.19569265946912517
1.9279999999997004	0.19568862822632638
1.9289999999997045	0.1956845953730244
1.9299999999997088	0.19568056071536444
1.930999999999713	0.19567652436878658
1.931999999999717	0.19567248640893753
1.9329999999997212	0.1956684468562102
1.9339999999997253	0.1956644053962745
1.9349999999997296	0.19566036224456196
1.9359999999997337	0.1956563175286723
1.9369999999997378	0.1956522710545705
1.937999999999742	0.19564822287868922
1.9389999999997463	0.19564417310275384
1.9399999999997504	0.19564012155255817
1.9409999999997545	0.1956360683295083
1.9419999999997586	0.1956320134120948
1.942999999999763	0.1956279568029038
1.943999999999767	0.19562389848941197
1.9449999999997711	0.19561983857205034
1.9459999999997752	0.19561577697463706
1.9469999999997794	0.19561171366381014
1.9479999999997837	0.19560764863149294
1.9489999999997878	0.19560358190859528
1.949999999999792	0.19559951352977567
1.950999999999796	0.19559544355946312
1.9519999999998003	0.19559137181064157
1.9529999999998044	0.19558729830101695
1.9539999999998086	0.19558322314761445
1.9549999999998127	0.19557914636515505
1.955999999999817	0.19557506788696732
1.956999999999821	0.19557098775232373
1.9579999999998252	0.19556690587979486
1.9589999999998293	0.1955628224672048
1.9599999999998337	0.19555873733887374
1.9609999999998378	0.19555465045165188
1.9619999999998419	0.19555056181759123
1.962999999999846	0.19554647161973748
1.9639999999998503	0.19554237986399536
1.9649999999998544	0.19553828628041203
1.9659999999998585	0.19553419095572
1.9669999999998626	0.19553009405963662
1.9679999999998667	0.19552599548686356
1.968999999999871	0.19552189524967423
1.9699999999998752	0.1955177933054224
1.9709999999998793	0.19551368963761773
1.9719999999998834	0.19550958424817222
1.9729999999998877	0.19550547746559677
1.9739999999998918	0.19550136898874237
1.974999999999896	0.1954972586327769
1.9759999999999	0.19549314666763018
1.9769999999999044	0.1954890329372787
1.9779999999999085	0.19548491774765953
1.9789999999999126	0.195480800879696
1.9799999999999167	0.1954766821559898
1.980999999999921	0.19547256183333184
1.9819999999999252	0.19546843996793484
1.9829999999999293	0.19546431626345484
1.9839999999999334	0.19546019093330502
1.9849999999999375	0.19545606411438876
1.9859999999999418	0.19545193562227947
1.986999999999946	0.19544780531296357
1.98799999999995	0.19544367323199374
1.9889999999999541	0.1954395396165054
1.9899999999999585	0.19543540439749485
1.9909999999999626	0.19543126754357965
1.9919999999999667	0.19542712899782677
1.9929999999999708	0.1954229887447526
1.9939999999999751	0.1954188467079715
1.9949999999999792	0.19541470331016597
1.9959999999999833	0.19541055815081276
1.9969999999999875	0.19540641128421166
1.9979999999999918	0.19540226271170624
1.998999999999996	0.19539811255209916
2.0	0.19539396094654393
2.0010279404845495	0.19538969143288143
2.0021217900815715	0.19538514619461156
2.0032857751923165	0.19538030717371202
2.004524391841744	0.19537515563750585
2.005842426366887	0.19536967117113102
2.007244970197923	0.19536383184475614
2.0087374418720856	0.19535761456370215
2.0103256076664273	0.1953509943223869
2.0120156028936726	0.1953439449331107
2.013813957200875	0.19533643857930771
2.0157276178435577	0.19532844555044615
2.0177639781367303	0.1953199332515526
2.019930905358886	0.19531086731781866
2.0222367711443985	0.19530121177839144
2.024690484011897	0.19529092724150898
2.027301523572695	0.19527997315352152
2.0300799770731848	0.19526830425400232
2.033036578410754	0.19525587267316513
2.036182751117039	0.19524262875061926
2.039530649180409	0.1952285185464706
2.043093206833892	0.19521348323529875
2.046884188175661	0.19519746059360488
2.050918238233338	0.19518038494429502
2.0552109433735133	0.19516218586649858
2.059778886913171	0.19514278721158096
2.0646397170403086	0.195122108282341
2.0698122132469665	0.19510006090689924
2.0753163565584574	0.19507655106056754
2.081173414838828	0.19505148434217512
2.0874060143976347	0.19502474860709618
2.094038234979271	0.19499622204244837
2.1010956980169606	0.1949657962005773
2.1086056699538682	0.19493333797246404
2.116597165034399	0.1948986950460786
2.125101056786564	0.19486171719117795
2.1341501990307465	0.19482224739700182
2.143779554474847	0.19478010521764078
2.1540263207146424	0.19473508617359603
2.1649300857539027	0.19468700514400006
2.1765329774064615	0.19463565643608494
2.1888798204423576	0.1945807990160373
2.2020183144046843	0.1945221516643424
2.2159992202680474	0.19445942075977873
2.2308765524295735	0.1943923578094432
2.246707783705272	0.19432066542552873
2.263554079768369	0.1942439415144639
2.2814805235907363	0.19416181438658753
2.3005563724108544	0.19407391560763676
2.320855322320133	0.19397979668647714
2.3424557929209753	0.1938789577595239
2.3654412374910825	0.19377092646936633
2.389900455657507	0.19365516569210883
2.41592795027163	0.1935310457439403
2.44362426638729	0.19339793094633706
2.473096411506492	0.19325510336356244
2.5044582437089975	0.1931017764886105
2.537830924630887	0.19293724595396433
2.5733433911797423	0.19276070696503145
2.611132843166974	0.1925709626593316
2.6513452603475027	0.19236703285908496
2.6941360153529494	0.1921473691429314
2.739670418177515	0.1919119278871616
2.788124380079947	0.19165854247817737
2.839685109337027	0.19138587110462935
2.894551789617174	0.19109243213568072
2.9529364084026577	0.19077673382416394
3.0150645170164534	0.1904369678727862
3.0811761422888653	0.19007123621260602
3.1515266965252042	0.1896775885702393
3.226387989377641	0.1892540674731773
3.30604919671757	0.18879799673400433
3.39081811677136	0.18830785228415037
3.4810222154328754	0.18778029797476292
3.577010018652917	0.18721288257554713
3.6791523315125145	0.18660370010954275
3.7878438030764574	0.1859496847914045
3.9035043177534527	0.18524815447079246
4.02658072998157	0.184496726243368
4.157548527011607	0.18369286389881256
4.296913682346355	0.18283457415186888
4.445214635465608	0.18191971481077784
4.603024347307951	0.18094692145865765
4.770952424745148	0.17991546073309783
4.9496476786701376	0.178825161894118
5.139800459354712	0.17767735442950539
5.342145448462832	0.17647474690190557
5.557464321076707	0.17522092261725197
5.786588991858403	0.17392167210399923
6.03040459644804	0.17258503299286176
6.289853138906711	0.17122257515843098
6.565936951835777	0.16984915769851516
6.859722633511745	0.1684806134493554
7.172345245053396	0.16714114226633758
7.505012494394354	0.1658547432343066
7.859009576011049	0.16465261635034412
8.23570422033976	0.16357046665829622
8.636551628113326	0.16264749420692692
9.063100564489073	0.16193938415752662
9.516998831091398	0.161468157358452
10.0	0.16130630237851884
