0.0	0.29442615315896226
0.0010000000000041087	0.2944260419427118
0.0020000000000082174	0.29442574193366045
0.003000000000012548	0.2944252708934092
0.004000000000016657	0.29442463106094685
0.005000000000020766	0.2944237894982432
0.006000000000024874	0.2944227775155426
0.007000000000029205	0.2944215747426647
0.008000000000033314	0.29442018576295625
0.009000000000037423	0.2944186236052262
0.010000000000041753	0.29441686959990765
0.011000000000045862	0.2944149288511745
0.01200000000004997	0.29441280569713957
0.01300000000005408	0.29441049538687314
0.01400000000005841	0.2944080140619254
0.015000000000062519	0.29440534289983
0.016000000000066406	0.29440247591158697
0.017000000000070736	0.2943994377707525
0.018000000000074845	0.2943962141679928
0.019000000000078954	0.29439279636849713
0.020000000000083062	0.29438920391173085
0.021000000000087393	0.2943854244569144
0.022000000000091502	0.29438145906043367
0.02300000000009561	0.2943773195575222
0.02400000000009972	0.2943729776556532
0.02500000000010405	0.29436846693692265
0.02600000000010816	0.29436376867264136
0.027000000000112268	0.2943588758102843
0.0280000000001166	0.2943538052203779
0.029000000000120707	0.29434856055805314
0.030000000000124816	0.29434312197374457
0.031000000000128924	0.29433749996831526
0.032000000000133255	0.29433169603590115
0.033000000000137364	0.29432569876904435
0.03400000000014147	0.2943195268819274
0.0350000000001458	0.2943131765471082
0.03600000000014991	0.2943066312062843
0.03700000000015402	0.2942999045000321
0.03800000000015813	0.2942929949233515
0.03900000000016246	0.29428590347362693
0.04000000000016657	0.29427861857949444
0.04100000000017068	0.2942711541063904
0.04200000000017501	0.2942635116262601
0.04300000000017912	0.294255682770018
0.044000000000183226	0.29424766893278786
0.045000000000187335	0.29423946393914047
0.046000000000191665	0.29423108857745006
0.04700000000019555	0.2942225265296021
0.04800000000019966	0.29421376673198407
0.04900000000020399	0.29420483293612365
0.0500000000002081	0.2941957126548118
0.05100000000021221	0.2941864073899446
0.05200000000021632	0.29417692926060035
0.05300000000022065	0.2941672612846634
0.05400000000022476	0.2941573999515824
0.055000000000228866	0.29414736809129804
0.0560000000002332	0.29413714615657827
0.057000000000237305	0.294126732771411
0.058000000000241414	0.2941161513453977
0.05900000000024552	0.2941053784940083
0.060000000000249853	0.29409441594360963
0.06100000000025396	0.2940832833927627
0.06200000000025807	0.29407195645710893
0.0630000000002624	0.2940604486331079
0.06400000000026651	0.29404876056149
0.06500000000027062	0.2940368864667471
0.06600000000027473	0.2940248234689746
0.06700000000027906	0.2940125765895222
0.06800000000028317	0.2940001561035579
0.06900000000028728	0.2939875534277029
0.0700000000002916	0.2939747509843418
0.07100000000029572	0.2939617799699281
0.07200000000029982	0.2939486227487301
0.07300000000030393	0.29393527284964016
0.07400000000030826	0.2939217506421077
0.07500000000031237	0.29390804337771814
0.07600000000031648	0.2938941418047163
0.07700000000032081	0.29388006944523626
0.0780000000003247	0.2938658096227075
0.07900000000032881	0.29385136572171444
0.08000000000033292	0.2938367413619418
0.08100000000033725	0.2938219303638896
0.08200000000034136	0.29380693763537635
0.08300000000034546	0.293791762029196
0.0840000000003498	0.29377640544769923
0.0850000000003539	0.29376086324780737
0.08600000000035801	0.29374513859894
0.08700000000036212	0.29372922795470835
0.08800000000036645	0.2937131352626492
0.08900000000037056	0.29369685691140124
0.09000000000037467	0.29368040707804866
0.091000000000379	0.2936637743124857
0.09200000000038311	0.29364694284509973
0.09300000000038722	0.29362993959733896
0.09400000000039133	0.29361275391919706
0.09500000000039566	0.2935953713515612
0.09600000000039977	0.2935778247219988
0.09700000000040387	0.2935600940337644
0.0980000000004082	0.2935421685677211
0.09900000000041231	0.29352405671666537
0.10000000000041642	0.2935057601131258
0.10100000000042053	0.2934872935649857
0.10200000000042486	0.2934686529136652
0.10300000000042897	0.2934498361882866
0.10400000000043308	0.2934308187498027
0.10500000000043741	0.29341160631248986
0.10600000000044152	0.2933922318736166
0.10700000000044563	0.2933726692936973
0.10800000000044951	0.29335292559768966
0.10900000000045384	0.2933330018361958
0.11000000000045795	0.2933128796447215
0.11100000000046206	0.29329259112566164
0.1120000000004664	0.2932721236308612
0.1130000000004705	0.2932514660470025
0.11400000000047461	0.29323062541964706
0.11500000000047872	0.29320960494655934
0.11600000000048305	0.2931884023304905
0.11700000000048716	0.2931670180754322
0.11800000000049127	0.293145451499505
0.1190000000004956	0.29312370245172126
0.12000000000049971	0.29310177141274385
0.12100000000050382	0.2930796596645536
0.12200000000050792	0.2930573653947415
0.12300000000051226	0.29303488961517177
0.12400000000051636	0.29301223182184044
0.12500000000052047	0.2929893921609006
0.1260000000005248	0.2929663717376294
0.1270000000005289	0.29294316877016047
0.12800000000053302	0.2929197847409407
0.12900000000053713	0.2928962188589681
0.13000000000054146	0.29287247155116936
0.13100000000054557	0.2928485413120224
0.13200000000054968	0.29282442336222436
0.133000000000554	0.29280014170847035
0.13400000000055812	0.2927756848493912
0.13500000000056223	0.29275102222255245
0.13600000000056633	0.29272618677303197
0.13700000000057067	0.2927011705961431
0.13800000000057477	0.29267597374028065
0.13900000000057866	0.2926505932688561
0.140000000000583	0.2926250399257555
0.1410000000005871	0.29259929491639414
0.1420000000005912	0.29257337735534206
0.14300000000059532	0.2925472716470996
0.14400000000059965	0.29252099329452774
0.14500000000060376	0.29249453359375444
0.14600000000060787	0.2924678847204283
0.1470000000006122	0.29244105782757046
0.1480000000006163	0.29241405457764447
0.14900000000062041	0.2923868667834031
0.15000000000062452	0.2923595016642798
0.15100000000062885	0.29233195252461575
0.15200000000063296	0.2923042254930732
0.15300000000063707	0.2922763173598404
0.1540000000006414	0.29224823154580115
0.1550000000006455	0.29221996238737535
0.15600000000064962	0.29219151462017434
0.15700000000065373	0.2921628865824447
0.15800000000065806	0.2921340802553213
0.15900000000066217	0.29210509266455964
0.16000000000066628	0.2920759249886098
0.16100000000067038	0.2920465772650308
0.16200000000067472	0.292017045824812
0.16300000000067882	0.291987332415376
0.16400000000068293	0.291957447754823
0.16500000000068726	0.2919273825321116
0.16600000000069137	0.2918971391056675
0.16700000000069548	0.29186671171879985
0.1680000000006996	0.29183610656396686
0.16900000000070392	0.29180531381320973
0.1700000000007078	0.2917743467913898
0.17100000000071192	0.2917432054799538
0.17200000000071625	0.2917118818488156
0.17300000000072036	0.29168037215426956
0.17400000000072446	0.2916487041074016
0.17500000000072857	0.2916168525292471
0.1760000000007329	0.2915848039533413
0.177000000000737	0.2915525841468476
0.17800000000074112	0.2915201833327459
0.17900000000074545	0.2914876084713086
0.18000000000074956	0.29145484956209555
0.18100000000075367	0.2914219135029099
0.18200000000075778	0.2913887985118122
0.1830000000007621	0.2913555098548579
0.18400000000076622	0.29132204016365904
0.18500000000077033	0.2912883913975778
0.18600000000077466	0.29125456091034563
0.18700000000077877	0.2912205619969249
0.18800000000078287	0.2911863781797426
0.18900000000078698	0.2911520102743822
0.1900000000007913	0.29111747201959326
0.19100000000079542	0.29108275091502334
0.19200000000079953	0.29104785626186214
0.19300000000080386	0.2910127794581555
0.19400000000080797	0.29097752326594695
0.19500000000081208	0.29094209553504735
0.1960000000008162	0.29090649176945116
0.19700000000082052	0.2908707046169462
0.19800000000082463	0.29083473864986376
0.19900000000082874	0.29079859915058137
0.20000000000083307	0.29076227849575775
0.20100000000083695	0.29072578350725453
0.20200000000084106	0.2906891073323241
0.20300000000084517	0.29065226182420145
0.2040000000008495	0.29061523282027746
0.2050000000008536	0.2905780255629068
0.20600000000085772	0.29054064464126295
0.20700000000086205	0.2905030836569885
0.20800000000086616	0.29046534827045367
0.20900000000087027	0.29042743378071
0.21000000000087438	0.2903893462247782
0.2110000000008787	0.2903510790594751
0.21200000000088282	0.2903126344730511
0.21300000000088692	0.29027401500325456
0.21400000000089126	0.290235217273378
0.21500000000089536	0.2901962443430812
0.21600000000089947	0.2901570934294688
0.21700000000090358	0.2901177686700839
0.2180000000009079	0.2900782656259431
0.21900000000091202	0.2900385864437054
0.22000000000091613	0.28999873200968285
0.22100000000092046	0.2899587014005782
0.22200000000092457	0.28991849420693216
0.22300000000092868	0.28987811256740337
0.2240000000009328	0.2898375534347992
0.22500000000093712	0.28979682132991025
0.22600000000094123	0.28975591110231214
0.22700000000094533	0.2897148236698559
0.22800000000094967	0.28967356347999673
0.22900000000095377	0.28963212782392267
0.23000000000095788	0.2895905167121565
0.23100000000096177	0.2895487298692334
0.2320000000009661	0.2895067675068771
0.2330000000009702	0.2894646282077977
0.23400000000097432	0.289422315769028
0.23500000000097865	0.28937983859344274
0.23600000000098276	0.28933717735473574
0.23700000000098687	0.2892943262661464
0.23800000000099097	0.28925131820935357
0.2390000000009953	0.2892081311801129
0.24000000000099941	0.2891647779847907
0.24100000000100352	0.28912125511233966
0.24200000000100785	0.28907753171809314
0.24300000000101196	0.2890336537504524
0.24400000000101607	0.2889896004664603
0.24500000000102018	0.28894535980203706
0.2460000000010245	0.2889009510427305
0.24700000000102862	0.28885637638787387
0.24800000000103273	0.2888116222767132
0.24900000000103706	0.2887666943566578
0.25000000000104117	0.28872159267183894
0.2510000000010453	0.28867631799163807
0.2520000000010494	0.2886308655263008
0.2530000000010537	0.28858524211269043
0.2540000000010578	0.28853944723460023
0.25500000000106193	0.2884934802071729
0.25600000000106626	0.2884473389188539
0.25700000000107037	0.28840102458007544
0.2580000000010745	0.2883545329770578
0.2590000000010786	0.28830787620566245
0.2600000000010829	0.28826103891846677
0.26100000000108703	0.2882140324406952
0.2620000000010909	0.28816685126141206
0.26300000000109525	0.2881194989200577
0.26400000000109936	0.28807197405672613
0.26500000000110346	0.2880242754459541
0.2660000000011076	0.28797640776330435
0.2670000000011119	0.28792837272471394
0.268000000001116	0.2878801546821058
0.2690000000011201	0.2878317580338552
0.27000000000112445	0.2877831989684554
0.27100000000112856	0.28773448014690606
0.27200000000113267	0.2876855941694102
0.2730000000011368	0.2876365157354175
0.2740000000011411	0.2875872562558415
0.2750000000011452	0.28753784959417994
0.2760000000011493	0.287488262463661
0.27700000000115366	0.2874384909137697
0.27800000000115777	0.2873885706909656
0.2790000000011619	0.2873384723371216
0.280000000001166	0.2872881895834599
0.2810000000011703	0.2872377452118269
0.2820000000011744	0.28718713842242294
0.28300000000117853	0.2871363425361261
0.28400000000118286	0.28708538564977437
0.28500000000118697	0.28703426540604393
0.2860000000011911	0.2869829686642603
0.2870000000011952	0.28693150219646124
0.2880000000011995	0.2868798607997105
0.2890000000012036	0.2868280527727596
0.29000000000120774	0.28677607703096664
0.29100000000121207	0.28672392694596893
0.2920000000012162	0.28667160786885515
0.29300000000122006	0.2866191214219658
0.29400000000122417	0.2865664633429943
0.2950000000012285	0.28651363416887243
0.2960000000012326	0.2864606384566899
0.2970000000012367	0.28640747144683765
0.29800000000124083	0.2863541345348959
0.29900000000124516	0.2863006301220381
0.30000000000124927	0.28624695617526674
0.3010000000012534	0.28619311304489004
0.3020000000012577	0.2861391008086195
0.3030000000012618	0.2860849185952491
0.3040000000012659	0.28603056980032837
0.30500000000127003	0.2859760516972333
0.30600000000127436	0.28592136365930254
0.3070000000012785	0.28586650901417965
0.3080000000012826	0.28581148535547074
0.3090000000012869	0.28575629211227194
0.310000000001291	0.285700933152765
0.31100000000129513	0.28564540548861284
0.31200000000129924	0.2855897092833599
0.31300000000130357	0.28553384377031066
0.3140000000013077	0.2854778116824268
0.3150000000013118	0.2854216134247428
0.3160000000013161	0.2853652467046395
0.3170000000013202	0.2853087136282312
0.31800000000132433	0.2852520119036033
0.31900000000132844	0.28519514044515404
0.3200000000013328	0.2851381080039611
0.3210000000013369	0.2850809052311162
0.322000000001341	0.28502353133895597
0.3230000000013453	0.2849659983105445
0.3240000000013492	0.28490829683781616
0.3250000000013533	0.2848504211760954
0.3260000000013574	0.284792389621633
0.32700000000136176	0.28473419080560947
0.32800000000136587	0.284675815445143
0.32900000000137	0.28461727561397354
0.3300000000013743	0.2845585848831116
0.3310000000013784	0.28449971198598345
0.3320000000013825	0.28444067434063913
0.33300000000138663	0.2843814869871292
0.33400000000139096	0.28432211795153983
0.33500000000139507	0.2842625890382766
0.3360000000013992	0.2842028969445244
0.3370000000014035	0.2841430262808835
0.3380000000014076	0.2840830059637064
0.3390000000014117	0.284022820124054
0.34000000000141584	0.28396246165927486
0.34100000000142017	0.2839019398645892
0.3420000000014243	0.283841251572059
0.3430000000014284	0.28378040696386053
0.3440000000014327	0.28371939081834485
0.3450000000014368	0.2836582090935238
0.34600000000144093	0.28359687045358006
0.34700000000144504	0.28353535853773904
0.34800000000144937	0.2834736923114969
0.3490000000014535	0.28341185607604424
0.3500000000014576	0.2833498553105701
0.3510000000014619	0.28328769661739317
0.35200000000146603	0.2832253690710549
0.35300000000147014	0.28316287898383985
0.35400000000147425	0.28310022697121107
0.35500000000147836	0.2830374109705208
0.35600000000148246	0.2829744320515698
0.3570000000014866	0.2829112900064189
0.3580000000014909	0.2828479849624399
0.359000000001495	0.2827845163687931
0.3600000000014991	0.2827208853054418
0.36100000000150323	0.28265709168228104
0.36200000000150756	0.2825931373221455
0.36300000000151167	0.2825290200393037
0.3640000000015158	0.2824647382369313
0.3650000000015201	0.28240029608652173
0.3660000000015242	0.28233569364896494
0.3670000000015283	0.2822709278211414
0.36800000000153243	0.2822060008252447
0.36900000000153677	0.2821409126920259
0.3700000000015409	0.2820756616234421
0.371000000001545	0.28201025059789186
0.3720000000015493	0.2819446741822882
0.3730000000015534	0.28187894646978684
0.37400000000155753	0.28181304670469776
0.37500000000156164	0.28174699076581844
0.37600000000156597	0.2816807639759641
0.3770000000015701	0.28161439615824246
0.3780000000015742	0.281547854557298
0.3790000000015785	0.2814811566208535
0.3800000000015826	0.28141429909983806
0.38100000000158674	0.28134728094780503
0.38200000000159084	0.2812801074028072
0.3830000000015952	0.2812127557425279
0.3840000000015993	0.2811452710274285
0.3850000000016034	0.28107760543357774
0.3860000000016075	0.28100978711120916
0.3870000000016116	0.28094180739630636
0.3880000000016157	0.28087366796231983
0.38900000000161983	0.28080537322590926
0.39000000000162416	0.28073691856814764
0.39100000000162827	0.28066830979558655
0.3920000000016324	0.2805995347221344
0.3930000000016367	0.2805306007609525
0.3940000000016408	0.28046150779479706
0.3950000000016449	0.2803922652237003
0.39600000000164903	0.2803228680093257
0.39700000000165336	0.28025329958571144
0.3980000000016575	0.2801835724174886
0.3990000000016616	0.2801136906494106
0.4000000000016659	0.28004364867392106
0.40100000000167	0.27997345371607374
0.40200000000167413	0.2799031008955811
0.40300000000167824	0.2798325897101146
0.40400000000168257	0.2797619207461658
0.4050000000016867	0.2796910959045681
0.4060000000016908	0.2796201172443925
0.4070000000016951	0.2795489807329612
0.4080000000016992	0.27947768802449136
0.40900000000170333	0.2794062312373442
0.41000000000170744	0.27933462130704445
0.4110000000017118	0.27926286421014623
0.4120000000017159	0.27919091566883947
0.41300000000172	0.2791188637518698
0.4140000000017243	0.2790466297932874
0.41500000000172843	0.27897421478766504
0.41600000000173254	0.2789016942204916
0.4170000000017364	0.2788289880293836
0.41800000000174076	0.27875613062580695
0.41900000000174487	0.27868311893458864
0.420000000001749	0.278609952295219
0.4210000000017533	0.2785366306600625
0.4220000000017574	0.2784631541510556
0.4230000000017615	0.27838952299642417
0.42400000000176563	0.27831573815028143
0.42500000000176996	0.27824180312102487
0.42600000000177407	0.2781676837406105
0.4270000000017782	0.2780934596388399
0.4280000000017825	0.27801905100900737
0.4290000000017866	0.27794449209344374
0.4300000000017907	0.2778697809675834
0.43100000000179484	0.2777949165276129
0.43200000000179917	0.27771990414693515
0.4330000000018033	0.27764470901436866
0.4340000000018074	0.2775694088902223
0.4350000000018115	0.2774939255371067
0.4360000000018158	0.2774182926622166
0.43700000000181993	0.277342509419195
0.43800000000182404	0.27726656995544574
0.43900000000182837	0.2771904864268956
0.4400000000018325	0.27711422341055103
0.4410000000018366	0.27703785405719195
0.4420000000018407	0.27696130237774397
0.44300000000184503	0.2768846006682021
0.44400000000184914	0.2768077506353601
0.44500000000185325	0.2767307498890137
0.4460000000018576	0.2766535936567771
0.4470000000018617	0.27657628909109944
0.4480000000018656	0.2764988335253329
0.4490000000018697	0.2764212243689764
0.450000000001874	0.27634346686340705
0.4510000000018781	0.27626555779415973
0.45200000000188223	0.2761874953497122
0.45300000000188656	0.2761092865399546
0.45400000000189067	0.27603092535023555
0.4550000000018948	0.27595241684617655
0.4560000000018989	0.27587375989588125
0.4570000000019032	0.2757949322545381
0.4580000000019073	0.2757159813730846
0.45900000000191143	0.27563686311876134
0.46000000000191577	0.2755576031366205
0.4610000000019199	0.2754781912711113
0.462000000001924	0.27539863081426996
0.4630000000019281	0.2753189210440613
0.4640000000019324	0.2752390625448766
0.46500000000193653	0.2751590537071732
0.46600000000194064	0.27507889583832434
0.46700000000194497	0.27499859060366894
0.4680000000019491	0.27491813657486164
0.4690000000019532	0.274837534369172
0.4700000000019573	0.274756783943203
0.4710000000019616	0.2746758854581358
0.47200000000196574	0.27459483901483606
0.47300000000196984	0.27451364473268136
0.4740000000019742	0.27443230284079556
0.4750000000019783	0.27435081353166346
0.4760000000019824	0.274269176861606
0.4770000000019865	0.27418739242077406
0.47800000000199083	0.27410546155209736
0.4790000000019947	0.27402338624775335
0.48000000000199883	0.27394116336020313
0.48100000000200316	0.2738587935374154
0.48200000000200727	0.27377627523957737
0.4830000000020114	0.2736936122550946
0.4840000000020155	0.2736108034933684
0.4850000000020198	0.2735278528819396
0.4860000000020239	0.27344472355201743
0.48700000000202803	0.2733615013613794
0.48800000000203236	0.27327810276183295
0.4890000000020365	0.27319456289118627
0.4900000000020406	0.27311087875636275
0.4910000000020447	0.2730270504297547
0.492000000002049	0.2729430812325728
0.49300000000205313	0.2728589368910064
0.49400000000205724	0.2727746983290269
0.49500000000206157	0.27269028492977543
0.4960000000020657	0.27260573146170675
0.4970000000020698	0.2725210349074061
0.4980000000020739	0.2724361947743008
0.4990000000020782	0.27235120996027606
0.5000000000020823	0.2722660837538141
0.5010000000020864	0.272180811480919
0.5020000000020908	0.27209539479443956
0.5030000000020949	0.2720098366482817
0.504000000002099	0.27192413507537494
0.5050000000021031	0.2718382904605583
0.5060000000021074	0.27175230299922315
0.5070000000021115	0.27166617284441363
0.5080000000021156	0.2715799001608479
0.50900000000212	0.27149348509854077
0.5100000000021239	0.2714069277761558
0.511000000002128	0.2713202282565369
0.5120000000021321	0.27123338651355433
0.5130000000021364	0.27114640198820383
0.5140000000021405	0.271059277775309
0.5150000000021446	0.27097201478676847
0.516000000002149	0.270884608600908
0.5170000000021531	0.2707970583391839
0.5180000000021572	0.2707093680260718
0.5190000000021613	0.270621539101462
0.5200000000021656	0.2705335677048385
0.5210000000021697	0.2704454596845137
0.5220000000021738	0.2703572065559613
0.5230000000021782	0.27026881185123
0.5240000000021823	0.2701802814779719
0.5250000000021864	0.2700916084453333
0.5260000000021905	0.2700027967206817
0.5270000000021948	0.2699138454069361
0.5280000000021989	0.2698247546080573
0.529000000002203	0.26973552462395345
0.5300000000022074	0.2696461554918851
0.5310000000022115	0.2695566472385096
0.5320000000022156	0.2694669999269088
0.5330000000022197	0.26937721575182827
0.534000000002224	0.26928729449376965
0.5350000000022281	0.2691972219845745
0.5360000000022322	0.2691070294303912
0.5370000000022366	0.2690166885469145
0.5380000000022407	0.26892621615730217
0.5390000000022448	0.2688356053361116
0.5400000000022487	0.2687448505674557
0.541000000002253	0.26865395950798787
0.5420000000022571	0.26856293524978225
0.5430000000022612	0.2684717706545269
0.5440000000022656	0.26838047262937625
0.5450000000022697	0.2682890347443153
0.5460000000022738	0.2681974634084098
0.5470000000022779	0.2681057526760168
0.5480000000022822	0.26801390730101216
0.5490000000022863	0.26792192668524517
0.5500000000022904	0.26782980875261186
0.5510000000022948	0.2677375560290476
0.5520000000022989	0.2676451683062828
0.553000000002303	0.26755264495442754
0.5540000000023071	0.2674599860658472
0.5550000000023114	0.2673671919897206
0.5560000000023155	0.2672742630202698
0.5570000000023196	0.2671811993679425
0.558000000002324	0.2670880011156409
0.5590000000023281	0.26699466836914754
0.5600000000023322	0.2669012012581886
0.5610000000023363	0.2668075999192794
0.5620000000023406	0.26671386456271207
0.5630000000023447	0.26661999548117754
0.5640000000023488	0.26652599296807944
0.5650000000023532	0.2664318570182864
0.5660000000023573	0.26633758774377714
0.5670000000023614	0.26624318545992254
0.5680000000023655	0.26614865028646373
0.5690000000023698	0.26605398229836796
0.5700000000023739	0.26595918166613686
0.5710000000023778	0.265864248554441
0.5720000000023819	0.2657691832435529
0.5730000000023863	0.265673986015627
0.5740000000023904	0.2655786569331635
0.5750000000023945	0.26548319609986337
0.5760000000023988	0.26538760352688806
0.5770000000024029	0.26529187901548024
0.578000000002407	0.26519602277018683
0.5790000000024111	0.2651000372960831
0.5800000000024155	0.26500392074538404
0.5810000000024196	0.26490767289244443
0.5820000000024237	0.264811296274557
0.583000000002428	0.2647147920685784
0.5840000000024321	0.2646181500038719
0.5850000000024362	0.2645213788566543
0.5860000000024403	0.26442448054708056
0.5870000000024447	0.26432745089998433
0.5880000000024488	0.2642302931285565
0.5890000000024529	0.26413300593152034
0.5900000000024572	0.26403558909230695
0.5910000000024613	0.26393804342226046
0.5920000000024654	0.26384036874795624
0.5930000000024696	0.26374256524681494
0.5940000000024739	0.2636446332921417
0.595000000002478	0.2635465725724452
0.5960000000024821	0.26344838382160907
0.5970000000024864	0.2633500667346591
0.5980000000024905	0.26325162237280253
0.5990000000024946	0.26315305054050353
0.6000000000024988	0.26305435423143964
0.6010000000025031	0.26295552297387825
0.602000000002507	0.2628565667330648
0.6030000000025111	0.2627574869483934
0.6040000000025154	0.26265827751214244
0.6050000000025195	0.2625589439981585
0.6060000000025236	0.26245948169932
0.6070000000025277	0.26235989535635984
0.6080000000025321	0.26226018077894975
0.6090000000025362	0.2621603416832451
0.6100000000025403	0.26206037545799477
0.6110000000025446	0.26196028503606317
0.6120000000025487	0.2618600695780484
0.6130000000025528	0.26175972842565987
0.614000000002557	0.2616592618316276
0.6150000000025613	0.26155867025671475
0.6160000000025654	0.2614579539352444
0.6170000000025695	0.26135711306708787
0.6180000000025738	0.2612561478353017
0.6190000000025779	0.261155058436216
0.620000000002582	0.26105384505659524
0.6210000000025861	0.26095250787037716
0.6220000000025905	0.2608510469872457
0.6230000000025946	0.26074946257878895
0.6240000000025987	0.2606477547952193
0.625000000002603	0.26054592354568995
0.6260000000026071	0.26044396901228084
0.6270000000026112	0.26034189297172383
0.6280000000026154	0.26023969336028785
0.6290000000026197	0.26013737205985055
0.6300000000026238	0.2600349270960842
0.6310000000026279	0.2599323614917418
0.6320000000026322	0.2598296728305778
0.6330000000026361	0.25972686285106084
0.6340000000026402	0.25962393118533234
0.6350000000026443	0.259520878445757
0.6360000000026487	0.2594177042638528
0.6370000000026528	0.25931440942777884
0.6380000000026569	0.25921099341856135
0.6390000000026612	0.2591074572115284
0.6400000000026653	0.2590038009786535
0.6410000000026694	0.25890002656536126
0.6420000000026735	0.2587961316900631
0.6430000000026779	0.2586921048556452
0.644000000002682	0.2585879721858534
0.6450000000026861	0.2584837197002109
0.6460000000026904	0.258379340283327
0.6470000000026945	0.2582748441351337
0.6480000000026986	0.2581702301336094
0.6490000000027027	0.2580654975495189
0.6500000000027071	0.2579606498210054
0.6510000000027112	0.2578556756594381
0.6520000000027153	0.25775058473337875
0.6530000000027196	0.2576453793410035
0.6540000000027237	0.2575400532097407
0.6550000000027278	0.2574346119038773
0.656000000002732	0.2573290505022805
0.6570000000027363	0.257223373902161
0.6580000000027404	0.25711757783064637
0.6590000000027445	0.2570116666237704
0.6600000000027488	0.25690563663168475
0.6610000000027529	0.2567994915563574
0.662000000002757	0.2566932283746771
0.6630000000027612	0.2565868500005273
0.6640000000027653	0.2564803539516005
0.6650000000027694	0.25637374453245787
0.6660000000027735	0.2562670173110415
0.6670000000027778	0.25616017479046627
0.6680000000027819	0.25605321743757603
0.669000000002786	0.25594614428960183
0.6700000000027901	0.25583895645948096
0.6710000000027945	0.25573165361593475
0.6720000000027986	0.2556242363000797
0.6730000000028027	0.2555167039929013
0.674000000002807	0.25540905762520705
0.6750000000028111	0.25530129736494267
0.6760000000028152	0.25519342291431135
0.6770000000028193	0.25508543490526037
0.6780000000028237	0.2549773330099333
0.6790000000028278	0.2548691184037225
0.6800000000028319	0.25476079117764494
0.6810000000028362	0.2546523477531
0.6820000000028403	0.2545437958150032
0.6830000000028444	0.25443512728908735
0.6840000000028486	0.25432634960521905
0.6850000000028529	0.2542174565850439
0.686000000002857	0.25410845474537036
0.6870000000028611	0.2539993369630732
0.6880000000028654	0.25389011206015555
0.6890000000028695	0.25378077184853587
0.6900000000028736	0.25367132346906496
0.6910000000028778	0.2535617606628231
0.6920000000028821	0.25345209078802333
0.6930000000028862	0.2533423073095381
0.6940000000028901	0.25323241148225895
0.6950000000028944	0.2531224067612251
0.6960000000028985	0.2530122934835787
0.6970000000029026	0.2529020684578108
0.6980000000029067	0.25279173158225765
0.6990000000029111	0.25268128555352676
0.7000000000029152	0.2525707327963017
0.7010000000029193	0.25246006759766726
0.7020000000029236	0.25234929655892746
0.7030000000029277	0.2522384138227952
0.7040000000029318	0.2521274242027671
0.705000000002936	0.2520163253942209
0.7060000000029403	0.25190511810885496
0.7070000000029444	0.25179380259785855
0.7080000000029485	0.25168237923145464
0.7090000000029526	0.2515708480664509
0.7100000000029569	0.25145920961968915
0.711000000002961	0.2513474635797932
0.7120000000029651	0.2512356103788467
0.7130000000029695	0.2511236503481147
0.7140000000029736	0.25101158288842296
0.7150000000029777	0.25089940900700314
0.7160000000029818	0.2507871285446287
0.7170000000029861	0.25067474256732036
0.7180000000029902	0.25056224931592763
0.7190000000029944	0.25044965229317095
0.7200000000029987	0.25033694506451853
0.7210000000030028	0.2502241366662147
0.7220000000030069	0.2501112223882349
0.723000000003011	0.24999819881768026
0.7240000000030153	0.24988507458111764
0.7250000000030195	0.24977184394716223
0.7260000000030233	0.24965850962495406
0.7270000000030277	0.2495450737577909
0.7280000000030318	0.24943152645081357
0.7290000000030359	0.24931787839537023
0.73000000000304	0.2492041263987731
0.7310000000030443	0.24909027090539793
0.7320000000030484	0.24897631545005305
0.7330000000030525	0.24886225136993767
0.7340000000030569	0.24874808422550365
0.735000000003061	0.24863381559882392
0.7360000000030651	0.24851944489163325
0.7370000000030692	0.24840497133349715
0.7380000000030735	0.24829039522240248
0.7390000000030776	0.2481757173973017
0.7400000000030817	0.24806093785606076
0.7410000000030861	0.2479460576216419
0.7420000000030902	0.24783107527044446
0.7430000000030943	0.24771599100402908
0.7440000000030984	0.2476008055465576
0.7450000000031027	0.24748551950570363
0.7460000000031068	0.2473701325756995
0.747000000003111	0.24725464501014238
0.7480000000031153	0.24713905696431127
0.7490000000031194	0.2470233684473262
0.7500000000031235	0.2469075795304143
0.7510000000031276	0.24679169274552049
0.7520000000031319	0.24667570426821261
0.753000000003136	0.24655961677089733
0.7540000000031402	0.24644342977911982
0.7550000000031445	0.24632714327178207
0.7560000000031484	0.24621075935589154
0.7570000000031525	0.246094275860137
0.7580000000031566	0.24597769567238026
0.7590000000031609	0.24586101998925713
0.760000000003165	0.2457442394915088
0.7610000000031691	0.24562736201216595
0.7620000000031735	0.2455103888199135
0.7630000000031776	0.2453933173497117
0.7640000000031817	0.24527615292074845
0.7650000000031858	0.24515887868454267
0.7660000000031901	0.24504152191841222
0.7670000000031942	0.2449240619779699
0.7680000000031983	0.24480650906160406
0.7690000000032027	0.24468885964564946
0.7700000000032068	0.24457110811050065
0.7710000000032109	0.24445326165013692
0.772000000003215	0.24433532162503124
0.7730000000032193	0.24421728658146058
0.7740000000032234	0.2440991593232219
0.7750000000032276	0.24398092831181506
0.7760000000032319	0.2438626112388571
0.777000000003236	0.24374419388222146
0.7780000000032401	0.2436256839098221
0.7790000000032442	0.24350707959725137
0.7800000000032485	0.24338838096600224
0.7810000000032526	0.24326958830734946
0.7820000000032568	0.2431507021592143
0.7830000000032611	0.24303172194454647
0.7840000000032652	0.24291264749605634
0.7850000000032693	0.2427934833021167
0.7860000000032734	0.24267422275313344
0.7870000000032777	0.24255486971861295
0.7880000000032816	0.2424354286246908
0.7890000000032857	0.24231587104697672
0.7900000000032901	0.24219626006841688
0.7910000000032942	0.24207653399729456
0.7920000000032983	0.24195672446076766
0.7930000000033024	0.24183681519225353
0.7940000000033067	0.2417168117069961
0.7950000000033108	0.2415967294185255
0.796000000003315	0.24147655428264414
0.7970000000033193	0.24135628041523705
0.7980000000033234	0.24123591895969
0.7990000000033275	0.24111546741606638
0.8000000000033316	0.2409949266177447
0.8010000000033359	0.24087429896796575
0.80200000000334	0.24075357328492974
0.8030000000033441	0.24063275702978204
0.8040000000033485	0.24051185346572423
0.8050000000033526	0.2403908662483054
0.8060000000033567	0.24026979624376432
0.8070000000033608	0.24014862265843862
0.8080000000033651	0.2400273655011964
0.8090000000033692	0.23990602180984955
0.8100000000033734	0.23978458696883653
0.8110000000033777	0.23966306850936137
0.8120000000033818	0.2395414587989484
0.8130000000033859	0.2394197643404974
0.81400000000339	0.23929796257821978
0.8150000000033943	0.2391761073135349
0.8160000000033985	0.2390541450039977
0.8170000000034026	0.23893209913648172
0.8180000000034067	0.23880996987053182
0.8190000000034108	0.23868773588124925
0.8200000000034149	0.23856544671754443
0.821000000003419	0.23844304830847274
0.8220000000034233	0.2383205691404765
0.8230000000034274	0.2381980033009945
0.8240000000034315	0.2380753513253855
0.8250000000034359	0.23795262667531902
0.82600000000344	0.23782980300581558
0.8270000000034441	0.23770689692232227
0.8280000000034482	0.23758390848934674
0.8290000000034525	0.23746083530637419
0.8300000000034566	0.23733767676969753
0.8310000000034607	0.2372144346498002
0.8320000000034651	0.23709110864275096
0.8330000000034692	0.23696769883428692
0.8340000000034733	0.23684420493642866
0.8350000000034774	0.23672062864438004
0.8360000000034817	0.2365969688261933
0.8370000000034858	0.2364732256096984
0.83800000000349	0.2363494002051132
0.8390000000034943	0.23622549208709953
0.8400000000034984	0.23610150134644203
0.8410000000035025	0.2359774280605046
0.8420000000035066	0.2358532734250336
0.8430000000035109	0.23572903703925463
0.844000000003515	0.235604719035852
0.8450000000035192	0.23548031983411544
0.8460000000035233	0.23535584007252774
0.8470000000035276	0.23523127775547858
0.8480000000035317	0.23510663619428984
0.8490000000035356	0.234981914945241
0.8500000000035399	0.2348571079112114
0.851000000003544	0.23473222771427027
0.8520000000035481	0.23460726497341233
0.8530000000035523	0.23448222405599428
0.8540000000035566	0.2343571013775575
0.8550000000035607	0.23423189802818245
0.8560000000035648	0.23410661460115167
0.8570000000035691	0.2339812532959965
0.8580000000035732	0.23385581606907713
0.8590000000035773	0.23373029805622958
0.8600000000035815	0.23360470210402928
0.8610000000035858	0.23347902827193545
0.8620000000035899	0.2333532760741548
0.863000000003594	0.23322744460108635
0.8640000000035983	0.23310153890088436
0.8650000000036024	0.23297555924329272
0.8660000000036066	0.23284949535297228
0.8670000000036107	0.2327233525502711
0.868000000003615	0.23259714245225305
0.8690000000036191	0.23247084871503054
0.8700000000036232	0.23234448093373683
0.8710000000036275	0.23221803851259992
0.8720000000036316	0.2320915144230209
0.8730000000036358	0.23196491391712093
0.8740000000036399	0.23183824702324363
0.8750000000036442	0.2317115002574669
0.8760000000036483	0.23158467895031987
0.8770000000036524	0.23145777597298745
0.8780000000036567	0.2313308040192259
0.8790000000036609	0.2312037586035096
0.8800000000036647	0.23107663884638185
0.8810000000036688	0.2309494411138906
0.8820000000036732	0.23082217380271697
0.8830000000036773	0.2306948301427375
0.8840000000036814	0.2305674139477134
0.8850000000036857	0.23043992383339296
0.8860000000036898	0.23031236146059197
0.887000000003694	0.23018472681040691
0.888000000003698	0.23005701765955022
0.8890000000037024	0.22992923625397377
0.8900000000037065	0.22980138286102647
0.8910000000037106	0.22967345783687287
0.8920000000037149	0.22954545971513285
0.893000000003719	0.2294173903881066
0.8940000000037231	0.22928925068026396
0.8950000000037273	0.22916103775189278
0.8960000000037316	0.22903275772081977
0.8970000000037357	0.22890440445652827
0.8980000000037398	0.22877597202653965
0.8990000000037441	0.2286474799983753
0.9000000000037482	0.2285189169171633
0.9010000000037524	0.22839027855130623
0.9020000000037565	0.22826157205885433
0.9030000000037608	0.2281327979741996
0.9040000000037649	0.22800394828707693
0.905000000003769	0.2278750336111961
0.9060000000037733	0.22774605111806867
0.9070000000037775	0.22761699953405845
0.9080000000037816	0.2274878779156858
0.9090000000037857	0.22735868673014936
0.91000000000379	0.22722942845886118
0.9110000000037939	0.22710010295229777
0.912000000003798	0.226970709854471
0.9130000000038023	0.22684124630884972
0.9140000000038064	0.22671171832833326
0.9150000000038105	0.22658212109774878
0.9160000000038147	0.22645245753986698
0.917000000003819	0.22632272771246453
0.9180000000038231	0.2261929294124515
0.9190000000038272	0.2260630648511901
0.9200000000038315	0.22593313562681183
0.9210000000038356	0.22580313588309053
0.9220000000038397	0.22567307725353225
0.9230000000038439	0.22554294574893197
0.9240000000038482	0.22541275217737455
0.9250000000038523	0.22528249376223042
0.9260000000038564	0.2251521715606849
0.9270000000038607	0.22502178205977963
0.9280000000038648	0.22489133155307717
0.929000000003869	0.22476081053208152
0.9300000000038731	0.22463022893825957
0.9310000000038774	0.22449958208788445
0.9320000000038815	0.2243688722839442
0.9330000000038856	0.22423809777502712
0.9340000000038899	0.22410725963310296
0.935000000003894	0.22397635554588136
0.9360000000038982	0.22384539553946037
0.9370000000039023	0.22371436954384338
0.9380000000039066	0.22358327970627379
0.9390000000039107	0.22345212706733575
0.9400000000039148	0.22332091301917067
0.9410000000039191	0.22318963462936403
0.942000000003923	0.2230582992061806
0.9430000000039271	0.22292689754170214
0.9440000000039312	0.22279543675368463
0.9450000000039356	0.22266391291131626
0.9460000000039397	0.22253232952564628
0.9470000000039438	0.2224006852916086
0.9480000000039481	0.2222689829395431
0.9490000000039522	0.22213720030495476
0.9500000000039563	0.22200539175672218
0.9510000000039605	0.22187350235607806
0.9520000000039648	0.22174155480878777
0.9530000000039689	0.2216095487335874
0.954000000003973	0.2214774883399342
0.9550000000039773	0.2213453624122228
0.9560000000039814	0.22121317410084118
0.9570000000039856	0.22108093835725395
0.9580000000039897	0.22094862581563368
0.959000000003994	0.2208162830843664
0.9600000000039981	0.220683847800069
0.9610000000040022	0.22055138437699684
0.9620000000040065	0.22041884989501193
0.9630000000040106	0.22028625878841246
0.9640000000040148	0.2201536023591727
0.9650000000040189	0.22002090553395126
0.9660000000040232	0.21988813816946085
0.9670000000040273	0.2197553220865478
0.9680000000040314	0.21962244814348442
0.9690000000040357	0.21948949817552132
0.9700000000040399	0.21935652429701036
0.9710000000040437	0.21922347614124027
0.9720000000040478	0.2190903757881918
0.9730000000040522	0.21895722203796109
0.9740000000040563	0.21882399415402187
0.9750000000040604	0.21869074234031105
0.9760000000040647	0.218557417546422
0.9770000000040688	0.21842404044406272
0.978000000004073	0.21829061150961104
0.979000000004077	0.21815710934326682
0.9800000000040812	0.21802358533658572
0.9810000000040855	0.2178899878074978
0.9820000000040896	0.21775633900708147
0.9830000000040937	0.2176226374217055
0.984000000004098	0.21748888580229297
0.9850000000041004	0.217355075828087
0.9860000000041018	0.21722121145591167
0.987000000004103	0.21708730181714375
0.9880000000041045	0.216953331762755
0.9890000000041059	0.21681929815358902
0.9900000000041072	0.21668524821720403
0.9910000000041086	0.21655110795438004
0.99200000000411	0.21641694353879737
0.9930000000041115	0.21628270997697496
0.9940000000041127	0.2161484346231506
0.9950000000041141	0.21601410763122675
0.9960000000041156	0.2158797206584644
0.997000000004117	0.21574528942761106
0.9980000000041185	0.21561081096884882
0.9990000000041197	0.21547627710837547
1.0000000000041211	0.21534169508477297
1.001000000004117	0.21520706250988864
1.002000000004113	0.21507237729747242
1.0030000000041086	0.21493764656873193
1.0040000000041045	0.2148028634478799
1.0050000000041002	0.21466803089334507
1.006000000004096	0.2145331532213972
1.007000000004092	0.21439822394403196
1.0080000000040878	0.21426324637236216
1.0090000000040837	0.21412821997069953
1.0100000000040794	0.21399314656410107
1.0110000000040753	0.21385802486781857
1.012000000004071	0.21372285513150746
1.0130000000040669	0.21358763756484112
1.0140000000040628	0.21345237320937782
1.0150000000040587	0.2133170611137165
1.0160000000040534	0.2131817018999923
1.0170000000040464	0.21304629548599574
1.0180000000040397	0.21291084318742837
1.0190000000040325	0.212775343748002
1.0200000000040257	0.21263979977204028
1.021000000004019	0.21250421164059818
1.0220000000040117	0.21236857237593942
1.023000000004005	0.21223288566173948
1.0240000000039977	0.21209716347820873
1.025000000003991	0.2119613886442192
1.026000000003984	0.2118255700071856
1.027000000003977	0.2116897067029644
1.0280000000039702	0.21155379933362994
1.0290000000039632	0.21141785004545277
1.0300000000039562	0.21128185033097824
1.0310000000039494	0.2111458075260123
1.0320000000039424	0.21100972532031737
1.0330000000039354	0.2108735970392418
1.0340000000039287	0.21073742628574454
1.0350000000039217	0.21060121208027605
1.0360000000039147	0.21046495517770503
1.0370000000039077	0.2103286537380652
1.0380000000039007	0.21019231155947038
1.039000000003894	0.21005592619524782
1.0400000000038867	0.2099194978429788
1.04100000000388	0.20978302942613603
1.0420000000038732	0.2096465174234844
1.043000000003866	0.20950996376410458
1.0440000000038592	0.20937336917399785
1.0450000000038522	0.20923673376483443
1.0460000000038452	0.20910005692421763
1.0470000000038384	0.2089633388668931
1.0480000000038314	0.20882658220990014
1.0490000000038244	0.20868978316334474
1.0500000000038174	0.20855294702420624
1.0510000000038104	0.20841606586036188
1.0520000000038037	0.20827914684133353
1.0530000000037967	0.208142188352606
1.0540000000037897	0.208005190823071
1.055000000003783	0.20786815541813675
1.056000000003776	0.20773107273941993
1.057000000003769	0.2075939620267222
1.0580000000037622	0.20745680959252855
1.059000000003755	0.20731961362807627
1.0600000000037482	0.20718238433313352
1.0610000000037412	0.20704511610484932
1.0620000000037342	0.20690781017738447
1.0630000000037274	0.20677046848765734
1.0640000000037202	0.20663307276237353
1.0650000000037134	0.206495668751137
1.0660000000037064	0.20635821282906386
1.0670000000036994	0.20622070571508877
1.0680000000036927	0.2060831901155128
1.0690000000036857	0.20594562170929276
1.0700000000036787	0.20580801865969323
1.071000000003672	0.20567038011787364
1.072000000003665	0.20553270299987636
1.073000000003658	0.2053949930006952
1.0740000000036511	0.20525725284205965
1.075000000003644	0.2051194699666128
1.0760000000036372	0.20498165088112263
1.0770000000036304	0.20484380607608998
1.0780000000036232	0.2047059171516339
1.0790000000036164	0.20456799078154553
1.0800000000036092	0.20443003861227305
1.0810000000036024	0.20429205057955024
1.0820000000035954	0.2041540302461915
1.0830000000035884	0.20401597824838258
1.0840000000035817	0.20387788321371025
1.0850000000035747	0.20373976653527537
1.0860000000035677	0.2036015962582568
1.087000000003561	0.20346341654709255
1.088000000003554	0.20332519985764563
1.089000000003547	0.20318694365817858
1.0900000000035401	0.20304864431342995
1.091000000003533	0.202910337406091
1.0920000000035262	0.2027719862307995
1.0930000000035192	0.20263359271621795
1.0940000000035122	0.2024951892525485
1.0950000000035054	0.20235674377202473
1.0960000000034982	0.2022182575780046
1.0970000000034914	0.20207975582917403
1.0980000000034844	0.20194121547265986
1.0990000000034774	0.2018026419035044
1.1000000000034706	0.2016640489640129
1.1010000000034637	0.20152541578533156
1.1020000000034567	0.2013867555361809
1.1030000000034499	0.20124806526030659
1.104000000003443	0.2011093451936261
1.105000000003436	0.2009705959063005
1.106000000003429	0.20083181712561426
1.107000000003422	0.20069301018572294
1.1080000000034151	0.20055417386942698
1.1090000000034081	0.20041530903348004
1.1100000000034012	0.20027641572138544
1.1110000000033944	0.20013749446621976
1.1120000000033872	0.19999854487106195
1.1130000000033804	0.19985956771968183
1.1140000000033736	0.19972056215820821
1.1150000000033664	0.19958152959027908
1.1160000000033596	0.1994424705762068
1.1170000000033526	0.19930338342359777
1.1180000000033457	0.19916426790991715
1.1190000000033387	0.19902512980855647
1.1200000000033317	0.19888596501370037
1.121000000003325	0.1987467710781552
1.122000000003318	0.19860754686831783
1.123000000003311	0.19846830169284446
1.1240000000033041	0.1983290292350427
1.1250000000032971	0.19818973165334852
1.1260000000032901	0.1980504088847661
1.1270000000032834	0.19791106105896206
1.1280000000032764	0.19777168810356738
1.1290000000032694	0.1976322904707556
1.1300000000032626	0.19749286860487403
1.1310000000032554	0.19735342224986674
1.1320000000032486	0.19721395146184684
1.1330000000032414	0.19707445683290548
1.1340000000032346	0.19693493883966173
1.1350000000032279	0.19679539630860043
1.1360000000032207	0.19665583105659679
1.1370000000032139	0.196516242436935
1.138000000003207	0.19637662943214218
1.1390000000032	0.19623699586960397
1.1400000000031931	0.1960973408775335
1.1410000000031861	0.19595765931316456
1.1420000000031791	0.19581795402590252
1.1430000000031724	0.19567823430130282
1.1440000000031654	0.19553848860921463
1.1450000000031584	0.19539871339121528
1.1460000000031516	0.19525892077628448
1.1470000000031444	0.19511911173804997
1.1480000000031376	0.19497928093096473
1.1490000000031304	0.19483942775373353
1.1500000000031236	0.1946995544097988
1.1510000000031169	0.1945596596249276
1.1520000000031096	0.19441974505738757
1.1530000000031029	0.1942798105757244
1.1540000000030959	0.19413985632579067
1.155000000003089	0.19399988042377814
1.1560000000030821	0.193859888570739
1.1570000000030751	0.19371987298693116
1.1580000000030681	0.1935798392369028
1.1590000000030614	0.19343978683501317
1.1600000000030544	0.19329971560728776
1.1610000000030474	0.19315962791950214
1.1620000000030404	0.19301951670509054
1.1630000000030334	0.1928793893729599
1.1640000000030266	0.192739244139692
1.1650000000030196	0.19259908068088383
1.1660000000030126	0.19245890038795666
1.1670000000030059	0.19231870231443704
1.1680000000029986	0.19217848619929445
1.1690000000029919	0.19203825387247475
1.1700000000029849	0.19189800435679094
1.1710000000029779	0.191757737967453
1.172000000002971	0.19161745522289908
1.1730000000029641	0.19147715491856365
1.1740000000029571	0.1913368386054195
1.1750000000029501	0.19119650173402858
1.1760000000029431	0.1910561613420011
1.1770000000029364	0.19091579545510395
1.1780000000029294	0.19077541624313454
1.1790000000029224	0.1906350218095333
1.1800000000029156	0.19049461249762667
1.1810000000029086	0.19035418840003393
1.1820000000029016	0.19021375038706523
1.1830000000028948	0.19007329681870677
1.1840000000028876	0.18993282889956586
1.1850000000028809	0.1897923464769231
1.186000000002874	0.1896518485453974
1.1870000000028669	0.1895113395949325
1.18800000000286	0.189370815496417
1.1890000000028529	0.18923027847937068
1.1900000000028461	0.1890897280456061
1.1910000000028391	0.18894916480271906
1.1920000000028321	0.18880858894981778
1.1930000000028254	0.18866800002323714
1.1940000000028184	0.1885273983075051
1.1950000000028114	0.18838678477499105
1.1960000000028046	0.18824615932185385
1.1970000000027976	0.18810552110831835
1.1980000000027906	0.1879648716652721
1.1990000000027838	0.18782421111479808
1.2000000000027768	0.187683538084211
1.2010000000027699	0.18754285470280108
1.2020000000027629	0.18740216270680077
1.2030000000027559	0.1872614552996914
1.204000000002749	0.18712073725783518
1.2050000000027419	0.18698001535528663
1.206000000002735	0.1868392741573519
1.2070000000027283	0.186698524082751
1.2080000000027211	0.18655776789126888
1.2090000000027143	0.1864170012297217
1.2100000000027074	0.18627622621107043
1.2110000000027004	0.18613543986379
1.2120000000026936	0.1859946455807917
1.2130000000026866	0.18585384212986367
1.2140000000026796	0.18571303055862076
1.2150000000026726	0.18557221041981697
1.2160000000026656	0.18543137473281035
1.2170000000026588	0.18529053967762632
1.2180000000026519	0.1851496954132581
1.2190000000026449	0.18500884268577045
1.220000000002638	0.18486798098271984
1.2210000000026309	0.18472711028503352
1.222000000002624	0.18458623296140242
1.2230000000026173	0.1844453479756918
1.2240000000026101	0.18430445670475848
1.2250000000026033	0.1841635600981394
1.2260000000025963	0.1840226556924266
1.2270000000025894	0.1838817450584288
1.2280000000025826	0.18374082845847728
1.2290000000025754	0.1835999056972355
1.2300000000025686	0.18345897672133105
1.2310000000025616	0.18331804173394683
1.2320000000025546	0.18317710153916622
1.2330000000025478	0.1830361562730607
1.2340000000025408	0.1828952049937953
1.2350000000025338	0.18275424963639453
1.236000000002527	0.18261328927298703
1.23700000000252	0.18247232227541998
1.238000000002513	0.1823313532147759
1.2390000000025063	0.18219038301844626
1.240000000002499	0.18204940588545337
1.2410000000024923	0.18190841886660114
1.2420000000024853	0.1817674294878333
1.2430000000024783	0.1816264425333044
1.2440000000024716	0.18148545073248912
1.2450000000024644	0.1813444551455532
1.2460000000024576	0.18120345708426622
1.2470000000024506	0.18106245678119703
1.2480000000024436	0.18092145242923352
1.2490000000024368	0.18078044444394248
1.2500000000024298	0.18063943471131783
1.2510000000024228	0.18049842266449445
1.252000000002416	0.180357409692528
1.253000000002409	0.18021639506763498
1.254000000002402	0.18007537875236934
1.2550000000023953	0.17993436111161176
1.256000000002388	0.1797933414620586
1.2570000000023813	0.17965232164627054
1.2580000000023743	0.1795113008214939
1.2590000000023673	0.17937027789542337
1.2600000000023606	0.17922925606642193
1.2610000000023533	0.17908823342572
1.2620000000023466	0.17894720948724996
1.2630000000023396	0.17880618719571784
1.2640000000023326	0.17866516466568338
1.2650000000023258	0.17852414438986697
1.2660000000023188	0.17838312110273158
1.2670000000023118	0.17824209978733374
1.268000000002305	0.1781010801417633
1.269000000002298	0.17796005822822214
1.270000000002291	0.17781904254770897
1.271000000002284	0.17767802730769178
1.272000000002277	0.1775370100665512
1.2730000000022703	0.17739599729409383
1.2740000000022633	0.17725498611382362
1.2750000000022563	0.17711397674811502
1.2760000000022496	0.17697297016198543
1.2770000000022423	0.17683196580256655
1.2780000000022356	0.17669096308280896
1.2790000000022288	0.17654996590922967
1.2800000000022216	0.17640896456253963
1.2810000000022148	0.17626797554209261
1.2820000000022078	0.17612698741101063
1.2830000000022008	0.1759860013839678
1.2840000000021938	0.17584501447756185
1.2850000000021868	0.17570403778784605
1.28600000000218	0.1755630637242218
1.287000000002173	0.1754220936021358
1.288000000002166	0.17528112792063588
1.2890000000021593	0.17514016694670786
1.2900000000021523	0.17499921042929145
1.2910000000021453	0.17485825887808315
1.2920000000021385	0.17471731207511298
1.2930000000021313	0.1745763712609394
1.2940000000021246	0.17443543535150952
1.2950000000021178	0.17429450678119074
1.2960000000021106	0.17415358113835255
1.2970000000021038	0.17401266205166355
1.2980000000020966	0.17387175011349387
1.2990000000020898	0.17373084144963613
1.3000000000020828	0.1735899432740673
1.3010000000020758	0.1734490514567667
1.302000000002069	0.17330816276257055
1.303000000002062	0.17316727483436445
1.304000000002055	0.1730264110536861
1.3050000000020483	0.17288554674391277
1.3060000000020413	0.17274468769861528
1.3070000000020343	0.17260384003901474
1.3080000000020275	0.17246299800679776
1.3090000000020205	0.17232216275577072
1.3100000000020136	0.17218133557738768
1.3110000000020068	0.1720405176802995
1.3120000000019996	0.1718997082179824
1.3130000000019928	0.17175890744787348
1.3140000000019856	0.1716181157779758
1.3150000000019788	0.17147733320152903
1.316000000001972	0.17133655951593663
1.3170000000019648	0.17119579512848326
1.318000000001958	0.1710550407168966
1.319000000001951	0.1709142959969483
1.320000000001944	0.17077356099606433
1.3210000000019373	0.1706328349840247
1.3220000000019303	0.17049211704901746
1.3230000000019233	0.17035141030444334
1.3240000000019165	0.17021071738050209
1.3250000000019095	0.1700700346796209
1.3260000000019025	0.169929362305685
1.3270000000018956	0.16978870061333262
1.3280000000018886	0.16964805005697658
1.3290000000018818	0.16950741158903027
1.3300000000018748	0.1693667845707394
1.3310000000018678	0.16922617041236332
1.332000000001861	0.16908556510569706
1.3330000000018538	0.16894497254513174
1.334000000001847	0.16880439373171285
1.33500000000184	0.1686638240950009
1.336000000001833	0.16852326857080857
1.3370000000018263	0.16838272596117
1.3380000000018193	0.1682421963549411
1.3390000000018123	0.16810168092380062
1.3400000000018053	0.16796117014674872
1.3410000000017983	0.16782068658163707
1.3420000000017915	0.1676802102660313
1.3430000000017845	0.16753974299401952
1.3440000000017776	0.1673992970183502
1.3450000000017708	0.16725885999544632
1.3460000000017638	0.1671184375517636
1.3470000000017568	0.16697803081990203
1.34800000000175	0.1668376389264986
1.3490000000017428	0.16669726165307952
1.350000000001736	0.1665568991960007
1.3510000000017293	0.16641655163927882
1.352000000001722	0.16627621859305342
1.3530000000017153	0.16613590184207805
1.354000000001708	0.1659956002108104
1.3550000000017013	0.165855315557781
1.3560000000016943	0.16571504411457116
1.3570000000016873	0.165574789096125
1.3580000000016805	0.1654345489711262
1.3590000000016735	0.1652943236791532
1.3600000000016665	0.16515411874259878
1.3610000000016598	0.16501393054991964
1.3620000000016528	0.16487375834781182
1.3630000000016458	0.16473360263314418
1.364000000001639	0.16459346405171216
1.3650000000016318	0.16445334321001104
1.366000000001625	0.1643132395537179
1.367000000001618	0.16417315272862287
1.368000000001611	0.16403308432846397
1.3690000000016043	0.16389303367101782
1.370000000001597	0.16375300048025254
1.3710000000015903	0.1636129864017133
1.3720000000015833	0.16347299035482643
1.3730000000015763	0.16333301408124634
1.3740000000015695	0.1631930541416301
1.3750000000015625	0.16305311375005693
1.3760000000015555	0.1629131934109892
1.3770000000015488	0.1627732877795771
1.3780000000015418	0.1626334036849686
1.3790000000015348	0.16249354127823368
1.3800000000015278	0.16235369832558488
1.3810000000015208	0.16221387484205785
1.382000000001514	0.1620740718426591
1.383000000001507	0.16193428975458346
1.3840000000015	0.16179452522979088
1.3850000000014933	0.16165478190560245
1.386000000001486	0.16151505957637136
1.3870000000014793	0.16137535566431482
1.3880000000014725	0.16123567608787448
1.3890000000014653	0.16109601672655127
1.3900000000014585	0.16095637443683186
1.3910000000014515	0.16081675610276425
1.3920000000014445	0.16067716116685282
1.3930000000014378	0.16053758788956685
1.3940000000014305	0.16039803617196746
1.3950000000014238	0.1602585076355013
1.3960000000014168	0.16011899851459266
1.3970000000014098	0.1599795124085992
1.398000000001403	0.1598400498950544
1.399000000001396	0.15970060794567265
1.400000000001389	0.15956119045788164
1.4010000000013823	0.15942178774409876
1.4020000000013753	0.15928242099168888
1.4030000000013683	0.15914307076694356
1.4040000000013615	0.1590037469358394
1.4050000000013543	0.15886444393187615
1.4060000000013475	0.15872516368486067
1.4070000000013405	0.15858590967068187
1.4080000000013335	0.15844667992390826
1.4090000000013267	0.15830747387528976
1.4100000000013195	0.15816829311707958
1.4110000000013128	0.1580291346414603
1.4120000000013058	0.157890001047724
1.4130000000012988	0.15775089135857856
1.414000000001292	0.15761180581203726
1.415000000001285	0.15747274827106827
1.416000000001278	0.15733371527221351
1.4170000000012712	0.15719470722138207
1.4180000000012642	0.15705572533882428
1.4190000000012573	0.15691676884623385
1.4200000000012505	0.15677783920074873
1.4210000000012433	0.156638934014949
1.4220000000012365	0.15650005255018362
1.4230000000012293	0.15636120084326532
1.4240000000012225	0.15622237547944473
1.4250000000012157	0.15608357262872397
1.4260000000012085	0.15594479876431722
1.4270000000012018	0.15580605399577496
1.4280000000011948	0.15566733507736918
1.4290000000011878	0.15552864336472394
1.430000000001181	0.1553899787573404
1.431000000001174	0.15525134157963805
1.432000000001167	0.1551127320488257
1.4330000000011602	0.15497415009090076
1.4340000000011532	0.15483559613636788
1.4350000000011462	0.1546970704857784
1.4360000000011393	0.15455857252672733
1.4370000000011323	0.15442010215230906
1.4380000000011255	0.15428166023434864
1.4390000000011185	0.15414324778083122
1.4400000000011115	0.15400486452683126
1.4410000000011047	0.15386651035364252
1.4420000000010975	0.15372818509366692
1.4430000000010907	0.15358988921270011
1.4440000000010837	0.15345162277899072
1.4450000000010768	0.1533133854529105
1.44600000000107	0.15317517680123927
1.447000000001063	0.1530369981080706
1.448000000001056	0.152898849948105
1.449000000001049	0.1527607322985859
1.450000000001042	0.15262264439828233
1.4510000000010352	0.15248458683940913
1.4520000000010282	0.15234655958732324
1.4530000000010213	0.15220856466073096
1.4540000000010145	0.152070598528101
1.4550000000010075	0.15193266296005237
1.4560000000010005	0.15179476123319446
1.4570000000009937	0.15165689024647488
1.4580000000009865	0.15151905024009404
1.4590000000009797	0.15138124104912154
1.460000000000973	0.1512434620721944
1.4610000000009657	0.151105717122761
1.462000000000959	0.15096800537246025
1.4630000000009518	0.1508303247387377
1.464000000000945	0.15069267436611944
1.465000000000938	0.15055505544925518
1.466000000000931	0.1504174719598489
1.4670000000009242	0.15027992106126353
1.4680000000009172	0.15014240293774517
1.4690000000009102	0.15000491785660652
1.4700000000009035	0.1498674653536971
1.4710000000008965	0.14973004508333476
1.4720000000008895	0.14959265868811977
1.4730000000008827	0.1494553060680277
1.4740000000008757	0.14931798675492802
1.4750000000008687	0.14918070257218685
1.476000000000862	0.1490434536281493
1.4770000000008547	0.148906236461398
1.478000000000848	0.14876905372866267
1.4790000000008408	0.14863190460555975
1.480000000000834	0.14849478949099326
1.4810000000008272	0.14835771167853984
1.48200000000082	0.148220669197772
1.4830000000008132	0.14808365945546298
1.4840000000008062	0.1479466853907555
1.4850000000007992	0.14780974681810166
1.4860000000007925	0.14767284098815558
1.4870000000007855	0.14753597247455774
1.4880000000007785	0.14739914223083606
1.4890000000007717	0.1472623457245834
1.4900000000007645	0.14712558323253833
1.4910000000007577	0.14698885792232064
1.4920000000007507	0.14685216936904
1.4930000000007437	0.14671551760054669
1.494000000000737	0.1465789027584753
1.49500000000073	0.14644232254203127
1.496000000000723	0.14630577817354962
1.497000000000716	0.14616927331406526
1.498000000000709	0.1460328053313168
1.4990000000007022	0.14589637423423918
1.5000000000006952	0.14575997982828792
1.5010000000006882	0.1456236222125492
1.5020000000006815	0.14548730214498573
1.5030000000006745	0.14535102057134974
1.5040000000006675	0.145214776941875
1.5050000000006605	0.14507857157269133
1.5060000000006535	0.14494240410267045
1.5070000000006467	0.1448062748172888
1.5080000000006397	0.1446701833910058
1.5090000000006327	0.14453412964573698
1.5100000000006257	0.1443981149545701
1.5110000000006187	0.1442621396655912
1.512000000000612	0.14412620352061112
1.513000000000605	0.1439903063720258
1.514000000000598	0.14385444789346258
1.5150000000005912	0.14371862805558566
1.5160000000005842	0.14358284803689936
1.5170000000005772	0.143447107823358
1.5180000000005702	0.14331140705091971
1.5190000000005632	0.1431757469405236
1.5200000000005565	0.1430401254094349
1.5210000000005495	0.14290454333258007
1.5220000000005425	0.14276900385784785
1.5230000000005357	0.14263350434866717
1.5240000000005285	0.14249804537023114
1.5250000000005217	0.14236262709822978
1.5260000000005147	0.14222724774463957
1.5270000000005077	0.14209190845231623
1.528000000000501	0.14195661251541525
1.529000000000494	0.14182135745113877
1.530000000000487	0.1416861417164219
1.53100000000048	0.14155096798455058
1.532000000000473	0.14141583748132147
1.5330000000004662	0.14128074888310171
1.5340000000004592	0.14114570229800838
1.5350000000004522	0.14101069599998972
1.5360000000004455	0.1408757294888694
1.5370000000004385	0.14074080656613752
1.5380000000004315	0.14060592784369996
1.5390000000004245	0.14047109117864953
1.5400000000004175	0.14033629675671655
1.5410000000004107	0.14020154498065696
1.5420000000004037	0.14006683578171675
1.5430000000003967	0.13993216897427774
1.5440000000003897	0.1397975451767084
1.5450000000003827	0.13966296526304656
1.546000000000376	0.13952842864943404
1.547000000000369	0.13939393500502195
1.548000000000362	0.13925948392671506
1.549000000000355	0.1391250783527912
1.5500000000003482	0.1389907165580887
1.5510000000003412	0.13885639640797143
1.5520000000003342	0.1387221214489649
1.5530000000003272	0.13858789203887667
1.5540000000003205	0.13845370671893276
1.5550000000003135	0.13831956549031688
1.5560000000003065	0.13818546464012516
1.5570000000002997	0.13805141502126284
1.5580000000002925	0.13791740685264375
1.5590000000002857	0.13778344405819332
1.5600000000002787	0.13764952645138795
1.5610000000002717	0.1375156534170643
1.5620000000002647	0.13738182682814948
1.5630000000002577	0.13724804531125123
1.564000000000251	0.13711430738566532
1.565000000000244	0.13698061647879534
1.566000000000237	0.13684697318998873
1.5670000000002302	0.13671337423850816
1.5680000000002232	0.13657981950831632
1.5690000000002162	0.13644631175389044
1.5700000000002092	0.13631285204324628
1.5710000000002025	0.13617943807613775
1.5720000000001955	0.13604606998157664
1.5730000000001885	0.1359127488598898
1.5740000000001815	0.13577947508475385
1.5750000000001747	0.13564624789454527
1.5760000000001675	0.1355130642942749
1.5770000000001607	0.13537993337545695
1.5780000000001537	0.13524684653129004
1.5790000000001467	0.1351138076193249
1.58000000000014	0.1349808164766304
1.581000000000133	0.134847872582871
1.582000000000126	0.1347149758877505
1.583000000000119	0.13458212718535567
1.584000000000112	0.13444932695134781
1.5850000000001052	0.1343165742510659
1.5860000000000982	0.13418387069386872
1.5870000000000912	0.13405121495633665
1.5880000000000845	0.13391860614690343
1.5890000000000775	0.13378604709103703
1.5900000000000705	0.1336535380335555
1.5910000000000635	0.13352107588228612
1.5920000000000565	0.1333886621478979
1.5930000000000497	0.13325629915160775
1.5940000000000427	0.1331239846683716
1.5950000000000357	0.13299171878503846
1.5960000000000287	0.13285950212437803
1.5970000000000217	0.1327273360914174
1.598000000000015	0.13259521875657898
1.599000000000008	0.13246315078873483
1.600000000000001	0.13233113408764097
1.6009999999999942	0.13219916675476562
1.6019999999999872	0.13206724907617406
1.6029999999999802	0.13193538169053765
1.6039999999999732	0.1318035645165374
1.6049999999999662	0.13167179751548308
1.6059999999999595	0.13154008122200378
1.6069999999999525	0.1314084155462958
1.6079999999999455	0.13127680023391652
1.6089999999999387	0.13114523596855787
1.6099999999999315	0.13101372278986334
1.6109999999999247	0.13088226000604997
1.6119999999999177	0.1307508482368106
1.6129999999999107	0.1306194891018746
1.6139999999999037	0.13048818138882035
1.614999999999897	0.13035692425025436
1.61599999999989	0.13022571838691288
1.616999999999883	0.13009456522444107
1.617999999999876	0.1299634637341276
1.6189999999998692	0.1298324140549616
1.6199999999998622	0.129701416429174
1.6209999999998552	0.12957047115016274
1.6219999999998485	0.12943957453836608
1.6229999999998415	0.1293087371978645
1.6239999999998345	0.12917794890494205
1.6249999999998275	0.12904720999577413
1.6259999999998205	0.12891652943628684
1.6269999999998137	0.12878589891831926
1.6279999999998067	0.1286553215045445
1.6289999999997997	0.12852479723828347
1.6299999999997927	0.12839432612562396
1.6309999999997857	0.12826390866753912
1.631999999999779	0.12813354416093647
1.632999999999772	0.12800323225627286
1.633999999999765	0.12787297468359815
1.634999999999758	0.12774277074494267
1.6359999999997512	0.1276126214007426
1.6369999999997442	0.1274825256083738
1.6379999999997372	0.12735248397982402
1.6389999999997302	0.1272224962331614
1.6399999999997235	0.12709256275223835
1.6409999999997165	0.12696268369091634
1.6419999999997095	0.12683285901674812
1.6429999999997025	0.12670308863016544
1.6439999999996955	0.1265733728817353
1.6449999999996887	0.12644371151339417
1.6459999999996817	0.12631410507126772
1.6469999999996747	0.1261845541316704
1.6479999999996677	0.126055058495266
1.6489999999996607	0.12592561751226972
1.649999999999654	0.12579623188869604
1.650999999999647	0.12566690217208254
1.65199999999964	0.12553762790001233
1.6529999999996332	0.12540840899877792
1.6539999999996262	0.12527924550121272
1.6549999999996192	0.12515013800877117
1.6559999999996122	0.1250210867203646
1.6569999999996052	0.12489209117991118
1.6579999999995985	0.12476315151606854
1.6589999999995915	0.12463426756390761
1.6599999999995845	0.12450544048150047
1.6609999999995777	0.12437667082123727
1.6619999999995705	0.12424795711830217
1.6629999999995637	0.12411930009794103
1.6639999999995567	0.1239906996466128
1.6649999999995497	0.12386215583553817
1.665999999999543	0.12373366874356984
1.666999999999536	0.1236052386307871
1.667999999999529	0.12347686577888062
1.668999999999522	0.12334855007689982
1.669999999999515	0.12322029189359485
1.6709999999995082	0.12309209099916463
1.6719999999995012	0.12296394771394692
1.6729999999994942	0.12283586266037472
1.6739999999994875	0.12270783496084581
1.6749999999994805	0.12257986473726024
1.6759999999994735	0.12245195299038869
1.6769999999994665	0.12232409957500034
1.6779999999994595	0.12219630396203374
1.6789999999994527	0.12206856596955296
1.6799999999994457	0.12194088530358238
1.6809999999994387	0.12181326449294583
1.6819999999994317	0.12168570240073207
1.6829999999994247	0.12155819877300744
1.683999999999418	0.12143075365194822
1.684999999999411	0.12130336714668499
1.685999999999404	0.1211760394617355
1.6869999999993972	0.12104877091917787
1.6879999999993902	0.1209215615579976
1.6889999999993832	0.12079440916882311
1.6899999999993762	0.12066732037311279
1.6909999999993692	0.12054028960635943
1.6919999999993625	0.12041331794795496
1.6929999999993555	0.12028640545604974
1.6939999999993485	0.12015955304666015
1.6949999999993415	0.12003276003384489
1.6959999999993345	0.11990602651477489
1.6969999999993277	0.11977935337409917
1.6979999999993207	0.11965273830560275
1.6989999999993137	0.11952618734577358
1.6999999999993067	0.11939969441322607
1.7009999999993	0.1192732619525626
1.701999999999293	0.1191468905066061
1.702999999999286	0.11902057897889518
1.703999999999279	0.11889432762286778
1.7049999999992722	0.118768137195286
1.7059999999992652	0.11864200771945821
1.7069999999992582	0.11851593959669926
1.7079999999992515	0.11838993237398898
1.7089999999992442	0.11826398609971078
1.7099999999992375	0.11813810077483844
1.7109999999992305	0.11801227656430235
1.7119999999992235	0.11788651437209996
1.7129999999992167	0.11776081310082187
1.7139999999992095	0.1176351733618426
1.7149999999992027	0.11750959523202886
1.7159999999991957	0.11738407870134804
1.7169999999991887	0.11725862403599063
1.717999999999182	0.11713323141623755
1.718999999999175	0.11700790093259694
1.719999999999168	0.11688263245315866
1.720999999999161	0.1167574262172194
1.721999999999154	0.11663228198321651
1.7229999999991472	0.11650719988707803
1.7239999999991402	0.1163821804722992
1.7249999999991332	0.11625722414858408
1.7259999999991265	0.11613232976863508
1.7269999999991195	0.1160074974014631
1.7279999999991125	0.11588272834615565
1.7289999999991055	0.11575802239415267
1.7299999999990985	0.11563337971329757
1.7309999999990917	0.11550880057429869
1.7319999999990847	0.11538428434678827
1.7329999999990777	0.11525983031115428
1.7339999999990707	0.115135439578402
1.7349999999990655	0.1150111123537203
1.7359999999990614	0.11488684824999229
1.7369999999990573	0.11476264895788169
1.7379999999990532	0.11463851243201639
1.7389999999990489	0.11451444005188849
1.7399999999990448	0.11439043117108816
1.7409999999990406	0.11426648602425626
1.7419999999990363	0.11414260497488515
1.7429999999990322	0.11401878806766808
1.743999999999028	0.11389503573176096
1.744999999999024	0.11377134734533367
1.74599999999902	0.11364772306486925
1.7469999999990156	0.11352416360789275
1.7479999999990115	0.11340066837503326
1.7489999999990071	0.11327723740195195
1.749999999999003	0.11315387192744197
1.7509999999990045	0.11303057046828624
1.751999999999006	0.11290733427722999
1.7529999999990071	0.1127841631927643
1.7539999999990086	0.11266105650170766
1.75499999999901	0.11253801498680316
1.7559999999990115	0.11241503860759838
1.756999999999013	0.11229212599861382
1.7579999999990141	0.112169281744804
1.7589999999990156	0.11204650217625756
1.759999999999017	0.11192378768364453
1.7609999999990182	0.11180113792387325
1.7619999999990197	0.11167855312432284
1.7629999999990211	0.11155603466763886
1.7639999999990226	0.1114335824905549
1.7649999999990238	0.11131119621843166
1.7659999999990263	0.11118887617822981
1.7669999999990305	0.11106662222366381
1.7679999999990346	0.11094443420765687
1.7689999999990387	0.11082231191146952
1.769999999999043	0.11070025600828037
1.7709999999990471	0.11057826639327972
1.7719999999990512	0.11045634330501963
1.7729999999990556	0.11033448627384512
1.7739999999990597	0.11021269661111943
1.7749999999990638	0.11009097406335411
1.7759999999990679	0.10996931748827832
1.776999999999072	0.10984772816781418
1.7779999999990763	0.1097262051850375
1.7789999999990804	0.10960474880551097
1.7799999999990845	0.10948336052564656
1.7809999999990886	0.1093620390573351
1.781999999999093	0.10924078509062574
1.782999999999097	0.1091195980803441
1.7839999999991012	0.1089984779304799
1.7849999999991053	0.10887742533589106
1.7859999999991096	0.10875643963811843
1.7869999999991137	0.1086355227842769
1.7879999999991179	0.10851467301570117
1.788999999999122	0.10839389098517149
1.789999999999126	0.10827317704935358
1.7909999999991304	0.1081525312236542
1.7919999999991345	0.10803195281905809
1.7929999999991386	0.10791144310847989
1.7939999999991427	0.10779100056294966
1.794999999999147	0.10767062661853077
1.7959999999991512	0.10755032084883975
1.7969999999991553	0.1074300836343155
1.7979999999991594	0.10730991456549055
1.7989999999991637	0.10718981335342148
1.7999999999991678	0.1070697810615262
1.800999999999172	0.10694981722983998
1.801999999999176	0.10682992285054305
1.8029999999991801	0.10671009709373913
1.8039999999991845	0.10659034044194537
1.8049999999991886	0.10647065174079873
1.8059999999991927	0.10635103140017121
1.8069999999991968	0.10623148173324526
1.8079999999992011	0.10611200108271934
1.8089999999992052	0.10599258891445773
1.8099999999992094	0.1058732459665701
1.8109999999992135	0.10575397327148972
1.8119999999992178	0.10563476898232926
1.812999999999222	0.10551563277561171
1.813999999999226	0.10539656840273626
1.8149999999992301	0.10527757393332415
1.8159999999992344	0.1051586483186231
1.8169999999992386	0.10503979236871741
1.8179999999992427	0.10492100603465149
1.8189999999992468	0.10480228944330794
1.819999999999251	0.104683643083474
1.8209999999992552	0.1045650655966952
1.8219999999992593	0.1044465595689077
1.8229999999992634	0.10432812374003664
1.8239999999992675	0.10420975759843087
1.8249999999992719	0.10409146233541966
1.825999999999276	0.10397323654223423
1.82699999999928	0.10385508177533787
1.8279999999992842	0.10373699701648764
1.8289999999992885	0.10361898285863347
1.8299999999992926	0.10350103947169986
1.8309999999992967	0.10338316652769353
1.8319999999993009	0.10326536483598259
1.8329999999993052	0.10314763359714973
1.8339999999993093	0.10302997256047586
1.8349999999993134	0.10291238473029019
1.8359999999993175	0.1027948679144991
1.8369999999993218	0.10267741995521784
1.837999999999326	0.10256004371992833
1.83899999999933	0.10244273855264274
1.8399999999993342	0.10232550516174199
1.8409999999993385	0.10220834286565528
1.8419999999993426	0.10209125187606216
1.8429999999993467	0.1019742320971464
1.8439999999993508	0.10185728411703943
1.844999999999355	0.10174040724599531
1.8459999999993593	0.10162360231872603
1.8469999999993634	0.1015068698713486
1.8479999999993675	0.10139020839054369
1.8489999999993716	0.10127361952713021
1.849999999999376	0.10115710205336781
1.85099999999938	0.10104065644350302
1.8519999999993841	0.10092428296931966
1.8529999999993882	0.1008079810026219
1.8539999999993926	0.10069175147167209
1.8549999999993967	0.10057559416968065
1.8559999999994008	0.10045950941265969
1.856999999999405	0.10034349747030036
1.857999999999409	0.10022755739508193
1.8589999999994133	0.10011168991703934
1.8599999999994175	0.09999589440656986
1.8609999999994216	0.09988017165953289
1.861999999999426	0.09976452156522853
1.86299999999943	0.09964894443377814
1.863999999999434	0.0995334404110001
1.8649999999994382	0.09941800831273262
1.8659999999994423	0.09930264907402886
1.8669999999994467	0.09918736312199994
1.8679999999994508	0.09907214993347502
1.8689999999994549	0.09895700972324317
1.869999999999459	0.09884194316435713
1.870999999999463	0.09872694923025849
1.8719999999994674	0.09861202892963572
1.8729999999994715	0.09849718214164782
1.8739999999994756	0.0983824077584019
1.87499999999948	0.09826770653474559
1.875999999999484	0.09815308068466011
1.8769999999994882	0.09803852697353466
1.8779999999994923	0.09792404571836888
1.8789999999994964	0.09780963959640909
1.8799999999995007	0.09769530683612826
1.8809999999995048	0.09758104731597594
1.881999999999509	0.09746686155782625
1.882999999999513	0.0973527511152753
1.8839999999995174	0.09723871387752503
1.8849999999995215	0.09712474959298079
1.8859999999995256	0.09701085953833766
1.8869999999995297	0.09689704383402642
1.887999999999534	0.09678330208322783
1.8889999999995382	0.09666963416153196
1.8899999999995423	0.09655604117761896
1.8909999999995464	0.09644252273529463
1.8919999999995505	0.09632907787705303
1.8929999999995548	0.09621570768770793
1.893999999999559	0.0961024117815722
1.894999999999563	0.09598919021039198
1.8959999999995671	0.0958760432922573
1.8969999999995715	0.09576297102844034
1.8979999999995756	0.09564997333813663
1.8989999999995797	0.09553704954873643
1.8999999999995838	0.09542420016970299
1.9009999999995881	0.09531142773501933
1.9019999999995922	0.09519872985545297
1.9029999999995963	0.09508610599325773
1.9039999999996005	0.09497355716568356
1.9049999999996048	0.09486108316145714
1.905999999999609	0.09474868391939562
1.906999999999613	0.0946363603065854
1.9079999999996171	0.09452411186639831
1.9089999999996214	0.09441193855800911
1.9099999999996256	0.09429983976158474
1.9109999999996297	0.09418781679676103
1.9119999999996338	0.09407586911204979
1.9129999999996379	0.09396399701963842
1.9139999999996422	0.09385220026366037
1.9149999999996463	0.09374047882822989
1.9159999999996504	0.09362883362178431
1.9169999999996545	0.09351726438957109
1.9179999999996589	0.09340577018902707
1.918999999999663	0.0932943505095647
1.919999999999667	0.09318300714671057
1.9209999999996712	0.09307173976945804
1.9219999999996755	0.09296054809471477
1.9229999999996796	0.09284943234133824
1.9239999999996837	0.09273839269414696
1.9249999999996878	0.09262742806134128
1.9259999999996922	0.09251654043403423
1.9269999999996963	0.09240572939838598
1.9279999999997004	0.09229499416112685
1.9289999999997045	0.09218433444160479
1.9299999999997088	0.09207375141891971
1.930999999999713	0.09196324375881137
1.931999999999717	0.09185281364831632
1.9329999999997212	0.09174245805021586
1.9339999999997253	0.09163218039830046
1.9349999999997296	0.09152197854200472
1.9359999999997337	0.09141185273782404
1.9369999999997378	0.09130180422565604
1.937999999999742	0.09119183274335607
1.9389999999997463	0.0910819371870899
1.9399999999997504	0.09097211823058737
1.9409999999997545	0.09086237509934258
1.9419999999997586	0.0907527094141567
1.942999999999763	0.09064312007220654
1.943999999999767	0.09053360839694413
1.9449999999997711	0.09042417300779326
1.9459999999997752	0.09031481466040137
1.9469999999997794	0.09020553321910607
1.9479999999997837	0.09009632895426312
1.9489999999997878	0.08998720194158905
1.949999999999792	0.08987815170356939
1.950999999999796	0.08976917748633984
1.9519999999998003	0.08966028146831873
1.9529999999998044	0.08955146263810376
1.9539999999998086	0.08944272090820604
1.9549999999998127	0.08933405604236533
1.955999999999817	0.08922546892377914
1.956999999999821	0.08911695893097593
1.9579999999998252	0.0890085276086201
1.9589999999998293	0.08890017176124743
1.9599999999998337	0.08879189376900831
1.9609999999998378	0.08868369382995012
1.9619999999998419	0.08857557206208178
1.962999999999846	0.08846752772781086
1.9639999999998503	0.08835955981961863
1.9649999999998544	0.08825167030366254
1.9659999999998585	0.08814385873690689
1.9669999999998626	0.08803612436090213
1.9679999999998667	0.08792846797642562
1.968999999999871	0.08782088932776455
1.9699999999998752	0.08771338863802669
1.9709999999998793	0.08760596596511827
1.9719999999998834	0.0874986221525289
1.9729999999998877	0.08739135573731083
1.9739999999998918	0.08728416598245381
1.974999999999896	0.08717705569937317
1.9759999999999	0.08707002219622728
1.9769999999999044	0.08696306848103097
1.9779999999999085	0.08685619212621465
1.9789999999999126	0.0867493937526802
1.9799999999999167	0.08664267497880873
1.980999999999921	0.08653603383943731
1.9819999999999252	0.08642946946456298
1.9829999999999293	0.08632298417002793
1.9839999999999334	0.08621657714591358
1.9849999999999375	0.08611024827446989
1.9859999999999418	0.08600399779478285
1.986999999999946	0.08589782689509906
1.98799999999995	0.08579173498262382
1.9889999999999541	0.08568571988776585
1.9899999999999585	0.08557978368119323
1.9909999999999626	0.08547392645725216
1.9919999999999667	0.0853681490174889
1.9929999999999708	0.08526244991069665
1.9939999999999751	0.08515683010476949
1.9949999999999792	0.08505128649463789
1.9959999999999833	0.08494582208724011
1.9969999999999875	0.0848404367656268
1.9979999999999918	0.08473513008573164
1.998999999999996	0.084629903753203
2.0	0.084524753256489
2.0010279404845495	0.08441674817254152
2.0021217900815715	0.08430191106548401
2.0032857751923165	0.08417981515065487
2.004524391841744	0.08405000597018009
2.005842426366887	0.08391200634701868
2.007244970197923	0.08376530837245688
2.0087374418720856	0.08360937700737958
2.0103256076664273	0.0834436443803841
2.0120156028936726	0.08326750408425099
2.013813957200875	0.0830803185883402
2.0157276178435577	0.08288141219317202
2.0177639781367303	0.08267006963678214
2.019930905358886	0.08244553809274191
2.0222367711443985	0.08220701741184844
2.024690484011897	0.0819536738072425
2.027301523572695	0.08168460548225542
2.0300799770731848	0.08139888448640964
2.033036578410754	0.08109552640542683
2.036182751117039	0.08077347919352862
2.039530649180409	0.08043164695512861
2.043093206833892	0.08006888581778138
2.046884188175661	0.0796839820126446
2.050918238233338	0.07927566154830135
2.0552109433735133	0.07884259408216165
2.059778886913171	0.07838339414517848
2.0646397170403086	0.07789658734365912
2.0698122132469665	0.07738066610410899
2.0753163565584574	0.07683406823338468
2.081173414838828	0.07625505631807472
2.0874060143976347	0.0756419565423907
2.094038234979271	0.07499309258791309
2.1010956980169606	0.07430644952550769
2.1086056699538682	0.07358019931882986
2.116597165034399	0.07281249927478961
2.125101056786564	0.07200133512386475
2.1341501990307465	0.07114451830669277
2.143779554474847	0.0702400281245289
2.1540263207146424	0.06928601562902825
2.1649300857539027	0.06828027851035512
2.1765329774064615	0.06722066737843613
2.1888798204423576	0.06610500363757565
2.2020183144046843	0.0649316096891771
2.2159992202680474	0.06369880531584804
2.2308765524295735	0.0624042950825785
2.246707783705272	0.06104615637290556
2.263554079768369	0.05962371108355857
2.2814805235907363	0.05813565770213369
2.3005563724108544	0.056580486667600405
2.320855322320133	0.05495778324994416
2.3424557929209753	0.053267844386204244
2.3654412374910825	0.051510309458944414
2.389900455657507	0.04968569871227524
2.41592795027163	0.04779622886115942
2.44362426638729	0.04584392213922961
2.473096411506492	0.04383206362418968
2.5044582437089975	0.04176399425503108
2.537830924630887	0.03964405500801815
2.5733433911797423	0.0374775331551892
2.611132843166974	0.03527291816928857
2.6513452603475027	0.03303654561633751
2.6941360153529494	0.030781856033639254
2.739670418177515	0.028514450548927206
2.788124380079947	0.026249535221363307
2.839685109337027	0.023999499053745876
2.894551789617174	0.02177894448516926
2.9529364084026577	0.019600841940335623
3.0150645170164534	0.017482811130460685
3.0811761422888653	0.015441633282895828
3.1515266965252042	0.013492951341997905
3.226387989377641	0.011647982104155297
3.30604919671757	0.00992795958515802
3.39081811677136	0.00833562521005038
3.4810222154328754	0.006889648678820359
3.577010018652917	0.005597402117497374
3.6791523315125145	0.0044604728118241566
3.7878438030764574	0.0034791251379333588
3.9035043177534527	0.002650909188855244
4.02658072998157	0.0019673402088016267
4.157548527011607	0.0014189830368719347
4.296913682346355	0.0009901026720094963
4.445214635465608	0.0006670127047894159
4.603024347307951	0.00043194860916195843
4.770952424745148	0.00026739733864944437
4.9496476786701376	0.0001580353380270516
5.139800459354712	8.855950786823552e-05
5.342145448462832	4.6409954399972975e-05
5.557464321076707	2.275313947674995e-05
5.786588991858403	1.0321714854155672e-05
6.03040459644804	4.2777667147442244e-06
6.289853138906711	1.6114633228925257e-06
6.565936951835777	5.415061828939471e-07
6.859722633511745	1.584073366922567e-07
7.172345245053396	4.044859136520529e-08
7.505012494394354	8.244848248573078e-09
7.859009576011049	1.3907240914434738e-09
8.23570422033976	1.665858562205358e-10
8.636551628113326	1.2771228519170563e-11
9.063100564489073	8.527623052145827e-13
9.516998831091398	-1.6431300764452317e-14
10.0	-3.197442310920451e-14
