0.0	0.9998987832652148
0.0010000000000041087	0.9998987552154468
0.0020000000000082174	0.9998986817894778
0.003000000000012548	0.9998985629495425
0.004000000000016657	0.9998983998217974
0.005000000000020766	0.9998981872085668
0.006000000000024874	0.9998979298941091
0.007000000000029205	0.9998976242108911
0.008000000000033314	0.9998972711634032
0.009000000000037423	0.9998968721151535
0.010000000000041753	0.999896423993635
0.011000000000045862	0.999895928029083
0.01200000000004997	0.9998953843137844
0.01300000000005408	0.9998947909635336
0.01400000000005841	0.9998941506219156
0.015000000000062519	0.9998934605124103
0.016000000000066406	0.9998927188889504
0.017000000000070736	0.9998919294671668
0.018000000000074845	0.9998910896499705
0.019000000000078954	0.9998901975220859
0.020000000000083062	0.9998892551406193
0.021000000000087393	0.9998882604127867
0.022000000000091502	0.9998872128213783
0.02300000000009561	0.9998861148944811
0.02400000000009972	0.9998849595286049
0.02500000000010405	0.999883753042955
0.02600000000010816	0.9998824913201511
0.027000000000112268	0.9998811726757729
0.0280000000001166	0.9998797985912584
0.029000000000120707	0.9998783690415523
0.030000000000124816	0.9998768798597427
0.031000000000128924	0.9998753327477412
0.032000000000133255	0.9998737273127598
0.033000000000137364	0.9998720602205193
0.03400000000014147	0.9998703333060882
0.0350000000001458	0.9998685447545227
0.03600000000014991	0.9998666919583303
0.03700000000015402	0.9998647763820413
0.03800000000015813	0.9998627958138281
0.03900000000016246	0.9998607503541025
0.04000000000016657	0.9998586360830761
0.04100000000017068	0.9998564542649966
0.04200000000017501	0.9998542038882556
0.04300000000017912	0.9998518829866495
0.044000000000183226	0.9998494907798713
0.045000000000187335	0.9998470236843221
0.046000000000191665	0.9998444852841166
0.04700000000019555	0.9998418714625474
0.04800000000019966	0.9998391775590969
0.04900000000020399	0.9998364084862521
0.0500000000002081	0.9998335591306343
0.05100000000021221	0.9998306278395058
0.05200000000021632	0.9998276161570954
0.05300000000022065	0.9998245194058668
0.05400000000022476	0.9998213346950099
0.055000000000228866	0.9998180662785454
0.0560000000002332	0.9998147072253512
0.057000000000237305	0.999811255629717
0.058000000000241414	0.9998077159555515
0.05900000000024552	0.9998040794400201
0.060000000000249853	0.9998003456088222
0.06100000000025396	0.9997965177047435
0.06200000000025807	0.9997925859585682
0.0630000000002624	0.9997885538104102
0.06400000000026651	0.9997844194105339
0.06500000000027062	0.9997801791250768
0.06600000000027473	0.9997758290146912
0.06700000000027906	0.9997713682742168
0.06800000000028317	0.9997667967482254
0.06900000000028728	0.9997621128626933
0.0700000000002916	0.9997573057871686
0.07100000000029572	0.9997523850462312
0.07200000000029982	0.9997473420308991
0.07300000000030393	0.9997421718522882
0.07400000000030826	0.9997368783091656
0.07500000000031237	0.9997314552698944
0.07600000000031648	0.9997258963206008
0.07700000000032081	0.9997202076766648
0.0780000000003247	0.9997143795093129
0.07900000000032881	0.999708410626741
0.08000000000033292	0.9997023012179201
0.08100000000033725	0.9996960438495116
0.08200000000034136	0.9996896386206056
0.08300000000034546	0.9996830814415036
0.0840000000003498	0.9996763709172664
0.0850000000003539	0.9996695009009626
0.08600000000035801	0.9996624704661643
0.08700000000036212	0.9996552735720109
0.08800000000036645	0.9996479095416878
0.08900000000037056	0.9996403719377042
0.09000000000037467	0.9996326626184916
0.091000000000379	0.9996247749488564
0.09200000000038311	0.9996167006244719
0.09300000000038722	0.9996084445856959
0.09400000000039133	0.999599999755777
0.09500000000039566	0.9995913540490129
0.09600000000039977	0.9995825205445439
0.09700000000040387	0.9995734841171195
0.0980000000004082	0.9995642375608451
0.09900000000041231	0.9995547827061881
0.10000000000041642	0.9995451102606792
0.10100000000042053	0.9995352244326137
0.10200000000042486	0.9995251165351068
0.10300000000042897	0.9995147846302754
0.10400000000043308	0.9995042145293657
0.10500000000043741	0.9994934008566614
0.10600000000044152	0.9994823606264461
0.10700000000044563	0.9994710672832903
0.10800000000044951	0.9994595239324977
0.10900000000045384	0.9994477266432757
0.11000000000045795	0.9994356570916351
0.11100000000046206	0.9994233326877706
0.1120000000004664	0.9994107366304658
0.1130000000004705	0.9993978598226919
0.11400000000047461	0.9993846997629194
0.11500000000047872	0.9993712524329756
0.11600000000048305	0.9993575105498412
0.11700000000048716	0.9993434693270852
0.11800000000049127	0.9993291218499307
0.1190000000004956	0.9993144619322938
0.12000000000049971	0.9992994838527787
0.12100000000050382	0.9992841828714577
0.12200000000050792	0.9992685502383271
0.12300000000051226	0.9992525809342809
0.12400000000051636	0.9992362676142126
0.12500000000052047	0.9992196036251049
0.1260000000005248	0.9992025836458807
0.1270000000005289	0.9991851982501636
0.12800000000053302	0.9991674425935246
0.12900000000053713	0.9991493082999104
0.13000000000054146	0.9991307891717182
0.13100000000054557	0.9991118768113152
0.13200000000054968	0.99909255278856
0.133000000000554	0.9990728359729419
0.13400000000055812	0.9990527080738534
0.13500000000056223	0.9990321318547839
0.13600000000056633	0.9990111370892873
0.13700000000057067	0.9989897024840589
0.13800000000057477	0.9989678231332242
0.13900000000057866	0.998945475318229
0.140000000000583	0.9989226733618207
0.1410000000005871	0.998899380661101
0.1420000000005912	0.9988756212493104
0.14300000000059532	0.9988513526048831
0.14400000000059965	0.9988265976960389
0.14500000000060376	0.9988013266529552
0.14600000000060787	0.9987755284330601
0.1470000000006122	0.9987492021559359
0.1480000000006163	0.9987223406118666
0.14900000000062041	0.998694920710711
0.15000000000062452	0.9986669464413841
0.15100000000062885	0.9986383938450855
0.15200000000063296	0.9986092650084285
0.15300000000063707	0.9985795422328074
0.1540000000006414	0.9985492222393139
0.1550000000006455	0.9985182806752246
0.15600000000064962	0.9984867173474009
0.15700000000065373	0.9984545158523346
0.15800000000065806	0.9984216685066548
0.15900000000066217	0.9983881563805284
0.16000000000066628	0.9983539758053618
0.16100000000067038	0.9983191194004337
0.16200000000067472	0.9982835563753565
0.16300000000067882	0.9982472749894147
0.16400000000068293	0.9982102942288636
0.16500000000068726	0.9981725733167495
0.16600000000069137	0.9981341097935246
0.16700000000069548	0.998094867891362
0.1680000000006996	0.9980548732758062
0.16900000000070392	0.9980140722443733
0.1700000000007078	0.9979724799591027
0.17100000000071192	0.9979300831342138
0.17200000000071625	0.9978868498010004
0.17300000000072036	0.9978427490047709
0.17400000000072446	0.9977978311590463
0.17500000000072857	0.9977520286482281
0.1760000000007329	0.9977053104393502
0.177000000000737	0.9976577162372838
0.17800000000074112	0.997609189102105
0.17900000000074545	0.9975597459422021
0.18000000000074956	0.9975093307636309
0.18100000000075367	0.9974579567334988
0.18200000000075778	0.9974055959799961
0.1830000000007621	0.9973522556687401
0.18400000000076622	0.9972978867930928
0.18500000000077033	0.9972424840438543
0.18600000000077466	0.9971860171189101
0.18700000000077877	0.9971285100224301
0.18800000000078287	0.9970698913319416
0.18900000000078698	0.9970101636407815
0.1900000000007913	0.9969493427170444
0.19100000000079542	0.9968873560007382
0.19200000000079953	0.9968242311400766
0.19300000000080386	0.9967599058615405
0.19400000000080797	0.9966943792260352
0.19500000000081208	0.9966276581401956
0.1960000000008162	0.9965597040406244
0.19700000000082052	0.9964904678105676
0.19800000000082463	0.9964199533399837
0.19900000000082874	0.996348161762514
0.20000000000083307	0.9962750297489659
0.20100000000083695	0.99620057532553
0.20200000000084106	0.9961247352814963
0.20300000000084517	0.9960475552869408
0.2040000000008495	0.9959689356306034
0.2050000000008536	0.995888886634821
0.20600000000085772	0.9958074073583251
0.20700000000086205	0.9957244358441174
0.20800000000086616	0.9956399837779801
0.20900000000087027	0.9955539967308707
0.21000000000087438	0.9954664890959708
0.2110000000008787	0.995377397823387
0.21200000000088282	0.9952867144407127
0.21300000000088692	0.9951944269989871
0.21400000000089126	0.9951004901827669
0.21500000000089536	0.9950048977619097
0.21600000000089947	0.994907604746349
0.21700000000090358	0.9948086123440034
0.2180000000009079	0.9947078640981117
0.21900000000091202	0.994605348365173
0.22000000000091613	0.9945010433515913
0.22100000000092046	0.9943949156149072
0.22200000000092457	0.9942869341864373
0.22300000000092868	0.9941770868334558
0.2240000000009328	0.9940653222767167
0.22500000000093712	0.9939516465485589
0.22600000000094123	0.9938359932046987
0.22700000000094533	0.9937183399546744
0.22800000000094967	0.9935986880546183
0.22900000000095377	0.9934769870963402
0.23000000000095788	0.9933532083075428
0.23100000000096177	0.9932273198956932
0.2320000000009661	0.993099294163521
0.2330000000009702	0.9929690863485531
0.23400000000097432	0.9928366898351453
0.23500000000097865	0.9927021008763093
0.23600000000098276	0.9925652225421676
0.23700000000098687	0.9924259755739913
0.23800000000099097	0.9922845182205655
0.2390000000009953	0.9921406428056312
0.24000000000099941	0.991994385263953
0.24100000000100352	0.9918457553899668
0.24200000000100785	0.9916945175170034
0.24300000000101196	0.9915409342425697
0.24400000000101607	0.9913848066488448
0.24500000000102018	0.9912260690339264
0.2460000000010245	0.9910647343145605
0.24700000000102862	0.9909008131719109
0.24800000000103273	0.9907342008330383
0.24900000000103706	0.990564893945583
0.25000000000104117	0.9903928498643393
0.2510000000010453	0.990218036114781
0.2520000000010494	0.9900403596760222
0.2530000000010537	0.9898598577478047
0.2540000000010578	0.9896764840059962
0.25500000000106193	0.9894901978487275
0.25600000000106626	0.9893009407586383
0.25700000000107037	0.9891086841461261
0.2580000000010745	0.9889133409898189
0.2590000000010786	0.9887150032822026
0.2600000000010829	0.9885134630107759
0.26100000000108703	0.9883088056938166
0.2620000000010909	0.9881009263269642
0.26300000000109525	0.9878898283387398
0.26400000000109936	0.9876754451119579
0.26500000000110346	0.987457712595693
0.2660000000011076	0.9872366441916924
0.2670000000011119	0.9870122122079724
0.268000000001116	0.9867842832557225
0.2690000000011201	0.9865527972286318
0.27000000000112445	0.9863178210895135
0.27100000000112856	0.9860793330217636
0.27200000000113267	0.9858372691067699
0.2730000000011368	0.9855913980764645
0.2740000000011411	0.9853417281176496
0.2750000000011452	0.9850886034561022
0.2760000000011493	0.9848315162720908
0.27700000000115366	0.9845704453306051
0.27800000000115777	0.9843057702154882
0.2790000000011619	0.9840370399784424
0.280000000001166	0.983764251762495
0.2810000000011703	0.9834875001243932
0.2820000000011744	0.983206759210904
0.28300000000117853	0.9829217030985702
0.28400000000118286	0.9826325855516487
0.28500000000118697	0.9823392937376283
0.2860000000011911	0.9820416834296926
0.2870000000011952	0.9817397887690704
0.2880000000011995	0.9814334449394617
0.2890000000012036	0.9811227604676459
0.29000000000120774	0.9808076649827552
0.29100000000121207	0.9804879794825272
0.2920000000012162	0.980163757948235
0.29300000000122006	0.9798349712220998
0.29400000000122417	0.979501482269988
0.2950000000012285	0.979163252935195
0.2960000000012326	0.9788203247248297
0.2970000000012367	0.9784725455125827
0.29800000000124083	0.9781198952487807
0.29900000000124516	0.9777623668085771
0.30000000000124927	0.9773998595196937
0.3010000000012534	0.9770323222427856
0.3020000000012577	0.9766597119907887
0.3030000000012618	0.9762819519084934
0.3040000000012659	0.9758990619125847
0.30500000000127003	0.975510926209982
0.30600000000127436	0.9751174755679595
0.3070000000012785	0.9747187284410311
0.3080000000012826	0.9743145731447058
0.3090000000012869	0.9739049384991582
0.310000000001291	0.9734898586350723
0.31100000000129513	0.973069204695989
0.31200000000129924	0.9726429302635453
0.31300000000130357	0.972210956569879
0.3140000000013077	0.9717732849003192
0.3150000000013118	0.9713298721758137
0.3160000000013161	0.9708805993067369
0.3170000000013202	0.9704254728349706
0.31800000000132433	0.969964377161483
0.31900000000132844	0.9694972074890625
0.3200000000013328	0.9690241361144682
0.3210000000013369	0.9685448797914873
0.322000000001341	0.9680593370175907
0.3230000000013453	0.9675677664310323
0.3240000000013492	0.9670698806226683
0.3250000000013533	0.9665654446030005
0.3260000000013574	0.9660548680008185
0.32700000000136176	0.9655377647063161
0.32800000000136587	0.9650140470433537
0.32900000000137	0.9644837914330057
0.3300000000013743	0.9639471193855531
0.3310000000013784	0.9634035046944573
0.3320000000013825	0.9628531732003344
0.33300000000138663	0.9622962746829454
0.33400000000139096	0.961732238495264
0.33500000000139507	0.9611614243538409
0.3360000000013992	0.9605836783515236
0.3370000000014035	0.9599986979413716
0.3380000000014076	0.9594068286966194
0.3390000000014117	0.9588077877681053
0.34000000000141584	0.9582015065240728
0.34100000000142017	0.9575879481081286
0.3420000000014243	0.9569669848689841
0.3430000000014284	0.956338877451197
0.3440000000014327	0.9557031166322095
0.3450000000014368	0.9550598343251998
0.34600000000144093	0.954409221391878
0.34700000000144504	0.9537506976800995
0.34800000000144937	0.9530848164614052
0.3490000000014535	0.9524109987880239
0.3500000000014576	0.9517293717079409
0.3510000000014619	0.9510400918949798
0.35200000000146603	0.950342725395741
0.35300000000147014	0.9496374362871813
0.35400000000147425	0.9489241716328871
0.35500000000147836	0.9482027994934552
0.35600000000148246	0.9474733005385132
0.3570000000014866	0.9467356067927363
0.3580000000014909	0.9459896650977293
0.359000000001495	0.9452353951217809
0.3600000000014991	0.9444727689160483
0.36100000000150323	0.943701710760176
0.36200000000150756	0.9429222353110718
0.36300000000151167	0.9421342123806636
0.3640000000015158	0.9413375153996713
0.3650000000015201	0.9405322314699294
0.3660000000015242	0.9397182917232938
0.3670000000015283	0.9388955423830059
0.36800000000153243	0.9380639935156989
0.36900000000153677	0.9372235974616442
0.3700000000015409	0.9363742040163305
0.371000000001545	0.9355158700805404
0.3720000000015493	0.9346483904230398
0.3730000000015534	0.9337721518464054
0.37400000000155753	0.932886457383308
0.37500000000156164	0.9319918023230087
0.37600000000156597	0.9310876772119496
0.3770000000015701	0.9301744768733813
0.3780000000015742	0.9292516554352639
0.3790000000015785	0.9283195743355613
0.3800000000015826	0.9273779975862706
0.38100000000158674	0.9264269392246693
0.38200000000159084	0.9254665067436985
0.3830000000015952	0.924496181590631
0.3840000000015993	0.9235165604720095
0.3850000000016034	0.922526711858119
0.3860000000016075	0.9215274144417024
0.3870000000016116	0.9205183007518056
0.3880000000016157	0.9194992743339658
0.38900000000161983	0.9184705053498671
0.39000000000162416	0.9174315704820585
0.39100000000162827	0.9163827987324983
0.3920000000016324	0.9153238440001366
0.3930000000016367	0.9142548406973183
0.3940000000016408	0.9131756723817
0.3950000000016449	0.9120864368154525
0.39600000000164903	0.9109870209463842
0.39700000000165336	0.9098770780743164
0.3980000000016575	0.9087569680305035
0.3990000000016616	0.9076266048528004
0.4000000000016659	0.9064856187104278
0.40100000000167	0.9053343866483221
0.40200000000167413	0.9041726418414243
0.40300000000167824	0.9030003417772953
0.40400000000168257	0.9018174551323203
0.4050000000016867	0.9006239876941393
0.4060000000016908	0.8994199475451737
0.4070000000016951	0.8982051099223862
0.4080000000016992	0.8969797202771006
0.40900000000170333	0.8957434587737582
0.41000000000170744	0.8944964126825569
0.4110000000017118	0.8932388615112898
0.4120000000017159	0.8919695904565368
0.41300000000172	0.8906905417848595
0.4140000000017243	0.8894000763639573
0.41500000000172843	0.8880981723125303
0.41600000000173254	0.8867862870136459
0.4170000000017364	0.88546261287911
0.41800000000174076	0.8841281628271934
0.41900000000174487	0.8827826551473119
0.420000000001749	0.881426039283813
0.4210000000017533	0.8800582924643426
0.4220000000017574	0.8786793878805899
0.4230000000017615	0.8772892901579727
0.42400000000176563	0.8758880029589345
0.42500000000176996	0.8744757787028584
0.42600000000177407	0.8730515054154637
0.4270000000017782	0.8716170480169879
0.4280000000017825	0.8701704747212026
0.4290000000017866	0.8687128399260851
0.4300000000017907	0.8672439086015328
0.43100000000179484	0.8657635816261868
0.43200000000179917	0.8642722462984764
0.4330000000018033	0.8627687157116987
0.4340000000018074	0.8612548644925121
0.4350000000018115	0.8597287514818053
0.4360000000018158	0.8581914397092812
0.43700000000181993	0.8566427964788
0.43800000000182404	0.8550826183626478
0.43900000000182837	0.8535113436066945
0.4400000000018325	0.8519277469325479
0.4410000000018366	0.8503338451322525
0.4420000000018407	0.8487276218498805
0.44300000000184503	0.8471100025144915
0.44400000000184914	0.8454810326553456
0.44500000000185325	0.8438406432151067
0.4460000000018576	0.8421885548054263
0.4470000000018617	0.8405251478491281
0.4480000000018656	0.8388502396345536
0.4490000000018697	0.837163676886921
0.450000000001874	0.8354657544426092
0.4510000000018781	0.8337563074016735
0.45200000000188223	0.8320352146009897
0.45300000000188656	0.8303028513893334
0.45400000000189067	0.8285588120172722
0.4550000000018948	0.8268033988268607
0.4560000000018989	0.8250367325813103
0.4570000000019032	0.8232581471171769
0.4580000000019073	0.8214686488304329
0.45900000000191143	0.8196671276662404
0.46000000000191577	0.8178545152741575
0.4610000000019199	0.8160304614064584
0.462000000001924	0.8141950607926276
0.4630000000019281	0.8123482695972358
0.4640000000019324	0.8104901156790495
0.46500000000193653	0.8086205417796745
0.46600000000194064	0.8067396447897881
0.46700000000194497	0.8048475248247552
0.4680000000019491	0.802944095894525
0.4690000000019532	0.8010294118465803
0.4700000000019573	0.7991034962946864
0.4710000000019616	0.7971663788513441
0.47200000000196574	0.7952180828034597
0.47300000000196984	0.79325863366556
0.4740000000019742	0.7912880682236009
0.4750000000019783	0.7893064227892554
0.4760000000019824	0.78731371472312
0.4770000000019865	0.785309936632725
0.47800000000199083	0.7832951882953211
0.4790000000019947	0.7812696199580481
0.48000000000199883	0.7792330767204207
0.48100000000200316	0.7771856656387112
0.48200000000200727	0.7751273079077223
0.4830000000020114	0.7730582318844954
0.4840000000020155	0.770978394611309
0.4850000000020198	0.7688881572185142
0.4860000000020239	0.766786193990193
0.48700000000202803	0.7646750041157414
0.48800000000203236	0.7625523139247716
0.4890000000020365	0.760419402183489
0.4900000000020406	0.758276021701402
0.4910000000020447	0.7561222130706082
0.492000000002049	0.7539583158837877
0.49300000000205313	0.7517831389503533
0.49400000000205724	0.7495989978482152
0.49500000000206157	0.7474037059443326
0.4960000000020657	0.7451985718659457
0.4970000000020698	0.7429833680063677
0.4980000000020739	0.7407581367682499
0.4990000000020782	0.7385228754689402
0.5000000000020823	0.736277843944995
0.5010000000020864	0.7340228324210228
0.5020000000020908	0.7317579990580105
0.5030000000020949	0.7294835507756661
0.504000000002099	0.7271994234146875
0.5050000000021031	0.7249057068999418
0.5060000000021074	0.7226024765098713
0.5070000000021115	0.7202898022608304
0.5080000000021156	0.7179677572444655
0.50900000000212	0.7156364164482056
0.5100000000021239	0.7132958557220056
0.511000000002128	0.7109461491058748
0.5120000000021321	0.7085873566567384
0.5130000000021364	0.7062195043319408
0.5140000000021405	0.7038428147862212
0.5150000000021446	0.7014574203765247
0.516000000002149	0.6990631848171112
0.5170000000021531	0.6966601533944714
0.5180000000021572	0.6942485634246015
0.5190000000021613	0.691828549217837
0.5200000000021656	0.6894000548326246
0.5210000000021697	0.6869633560895327
0.5220000000021738	0.6845182495656863
0.5230000000021782	0.682064912946321
0.5240000000021823	0.6796037451100877
0.5250000000021864	0.6771344704445358
0.5260000000021905	0.6746573770067262
0.5270000000021948	0.6721724797790788
0.5280000000021989	0.6696798753641405
0.529000000002203	0.6671796716783479
0.5300000000022074	0.6646719534920658
0.5310000000022115	0.6621568087218934
0.5320000000022156	0.6596343271290964
0.5330000000022197	0.6571047161521484
0.534000000002224	0.6545680619971685
0.5350000000022281	0.6520239661095619
0.5360000000022322	0.6494735905577721
0.5370000000022366	0.6469159212741564
0.5380000000022407	0.6443518537110933
0.5390000000022448	0.641781121359629
0.5400000000022487	0.6392037822585981
0.541000000002253	0.6366200711045674
0.5420000000022571	0.6340302245403595
0.5430000000022612	0.6314340473861616
0.5440000000022656	0.6288319599613963
0.5450000000022697	0.6262237807462994
0.5460000000022738	0.6236098967148807
0.5470000000022779	0.6209901574836215
0.5480000000022822	0.6183648689246712
0.5490000000022863	0.6157340953464931
0.5500000000022904	0.6130978780078244
0.5510000000022948	0.6104564243289707
0.5520000000022989	0.6078098302379746
0.553000000002303	0.6051581839949018
0.5540000000023071	0.6025016032037536
0.5550000000023114	0.5998402127648313
0.5560000000023155	0.5971741321661688
0.5570000000023196	0.5945034799296023
0.558000000002324	0.5918283746962105
0.5590000000023281	0.5891489404741832
0.5600000000023322	0.5864653021975896
0.5610000000023363	0.5837775796411181
0.5620000000023406	0.5810858900588064
0.5630000000023447	0.5783903542640522
0.5640000000023488	0.5756910978308679
0.5650000000023532	0.5729882406571416
0.5660000000023573	0.5702819064237168
0.5670000000023614	0.5675722246726589
0.5680000000023655	0.5648593194432503
0.5690000000023698	0.5621433140579501
0.5700000000023739	0.5594243349521735
0.5710000000023778	0.5567025085432056
0.5720000000023819	0.5539779635781233
0.5730000000023863	0.5512508292741726
0.5740000000023904	0.5485212305519627
0.5750000000023945	0.5457892945815465
0.5760000000023988	0.5430551476783896
0.5770000000024029	0.5403189101636442
0.578000000002407	0.5375807050469812
0.5790000000024111	0.5348407123206247
0.5800000000024155	0.5320990169168092
0.5810000000024196	0.529355737505373
0.5820000000024237	0.526611049349903
0.583000000002428	0.5238651133785477
0.5840000000024321	0.5211178785563535
0.5850000000024362	0.5183696228537162
0.5860000000024403	0.5156205136914531
0.5870000000024447	0.5128705744964177
0.5880000000024488	0.5101200112420059
0.5890000000024529	0.5073689190603963
0.5900000000024572	0.5046174300305902
0.5910000000024613	0.5018656846950986
0.5920000000024654	0.499113808319377
0.5930000000024696	0.4963619350163876
0.5940000000024739	0.4936101956395178
0.595000000002478	0.4908587187039758
0.5960000000024821	0.48810763509065536
0.5970000000024864	0.48535707678160667
0.5980000000024905	0.48260717310677925
0.5990000000024946	0.4798580635902572
0.6000000000024988	0.4771099238664459
0.6010000000025031	0.4743627225745307
0.602000000002507	0.47161673695576267
0.6030000000025111	0.4688721037209579
0.6040000000025154	0.4661288686045777
0.6050000000025195	0.46338723412745375
0.6060000000025236	0.46064726705595893
0.6070000000025277	0.45790915358646667
0.6080000000025321	0.4551729736719098
0.6090000000025362	0.45243889727313347
0.6100000000025403	0.44970702042552413
0.6110000000025446	0.4469774937873857
0.6120000000025487	0.44425043423303023
0.6130000000025528	0.44152597171867414
0.614000000002557	0.4388042346533688
0.6150000000025613	0.4360853489219222
0.6160000000025654	0.4333694403027365
0.6170000000025695	0.4306566341575163
0.6180000000025738	0.4279470556420748
0.6190000000025779	0.42524083011354374
0.620000000002582	0.4225380824662174
0.6210000000025861	0.41983893737942435
0.6220000000025905	0.41714352013781086
0.6230000000025946	0.4144519547061313
0.6240000000025987	0.41176436399787764
0.625000000002603	0.4090808681992515
0.6260000000026071	0.40640158716451247
0.6270000000026112	0.4037266328493476
0.6280000000026154	0.40105613245436755
0.6290000000026197	0.3983902055767924
0.6300000000026238	0.39572897438977217
0.6310000000026279	0.39307255363133564
0.6320000000026322	0.3904210647073386
0.6330000000026361	0.38777462804385077
0.6340000000026402	0.3851333498785411
0.6350000000026443	0.3824973530690099
0.6360000000026487	0.3798667443131015
0.6370000000026528	0.3772416466653472
0.6380000000026569	0.37462216576522656
0.6390000000026612	0.3720084248105159
0.6400000000026653	0.3694005215408833
0.6410000000026694	0.36679858295557444
0.6420000000026735	0.36420275697168203
0.6430000000026779	0.3616128505597189
0.644000000002682	0.3590295647069426
0.6450000000026861	0.35645260440450766
0.6460000000026904	0.35388202809719294
0.6470000000026945	0.3513180889824169
0.6480000000026986	0.34876085579715344
0.6490000000027027	0.3462104587896908
0.6500000000027071	0.34366698203925583
0.6510000000027112	0.3411304661961594
0.6520000000027153	0.33860111373672774
0.6530000000027196	0.3360789628794587
0.6540000000027237	0.3335641605358277
0.6550000000027278	0.3310567449545988
0.656000000002732	0.32855687160180236
0.6570000000027363	0.32606457764291963
0.6580000000027404	0.3235800130162476
0.6590000000027445	0.32110321295538846
0.6600000000027488	0.31863432819575144
0.6610000000027529	0.3161733981996522
0.662000000002757	0.31372057204707815
0.6630000000027612	0.31127589429359315
0.6640000000027653	0.30883951006644406
0.6650000000027694	0.3064114085182479
0.6660000000027735	0.30399178428693197
0.6670000000027778	0.30158066206119527
0.6680000000027819	0.29917812415084355
0.669000000002786	0.29678428284730074
0.6700000000027901	0.2943991955918761
0.6710000000027945	0.2920229584862467
0.6720000000027986	0.2896556401382978
0.6730000000028027	0.2872973385976769
0.674000000002807	0.28494810914386415
0.6750000000028111	0.28260803277746716
0.6760000000028152	0.2802771982707347
0.6770000000028193	0.2779556686775344
0.6780000000028237	0.2756435348226528
0.6790000000028278	0.2733408304582119
0.6800000000028319	0.27104762858356757
0.6810000000028362	0.2687641230435196
0.6820000000028403	0.26649013730646465
0.6830000000028444	0.2642260128244096
0.6840000000028486	0.2619715734569654
0.6850000000028529	0.2597271039539275
0.686000000002857	0.25749243717185166
0.6870000000028611	0.25526789924699833
0.6880000000028654	0.2530532434396222
0.6890000000028695	0.25084882506390305
0.6900000000028736	0.24865443659123332
0.6910000000028778	0.2464703893390895
0.6920000000028821	0.24429648791501835
0.6930000000028862	0.24213315786622458
0.6940000000028901	0.23997996556022116
0.6950000000028944	0.23783729844999524
0.6960000000028985	0.23570519649002353
0.6970000000029026	0.233583383759965
0.6980000000029067	0.23147236914356284
0.6990000000029111	0.22937200401682367
0.7000000000029152	0.2272821999080593
0.7010000000029193	0.2252032508357722
0.7020000000029236	0.22313494446665227
0.7030000000029277	0.2210775648097889
0.7040000000029318	0.21903095134239203
0.705000000002936	0.21699525572585543
0.7060000000029403	0.21497049696993065
0.7070000000029444	0.21295670178062165
0.7080000000029485	0.21095390392562097
0.7090000000029526	0.20896214855923478
0.7100000000029569	0.20698145473795138
0.711000000002961	0.20501187649673913
0.7120000000029651	0.2030534341433119
0.7130000000029695	0.20110615162702672
0.7140000000029736	0.19917009139275188
0.7150000000029777	0.19724524448004943
0.7160000000029818	0.19533165322142654
0.7170000000029861	0.19342930440640105
0.7180000000029902	0.19153831142031918
0.7190000000029944	0.18965853532365207
0.7200000000029987	0.1877902924026571
0.7210000000030028	0.1859332074816098
0.7220000000030069	0.18408750546167696
0.723000000003011	0.18225337925234242
0.7240000000030153	0.18043048492206037
0.7250000000030195	0.178619096802208
0.7260000000030233	0.1768191731267862
0.7270000000030277	0.17503070648882413
0.7280000000030318	0.1732537194920345
0.7290000000030359	0.17148814229489273
0.73000000000304	0.1697341167381704
0.7310000000030443	0.16799163832014918
0.7320000000030484	0.16626056284789636
0.7330000000030525	0.1645409662371805
0.7340000000030569	0.16283301473252076
0.735000000003061	0.1611365374158824
0.7360000000030651	0.15945158581220242
0.7370000000030692	0.15777815642997606
0.7380000000030735	0.15611628474803974
0.7390000000030776	0.15446591055111225
0.7400000000030817	0.15282706942247548
0.7410000000030861	0.15119970004947736
0.7420000000030902	0.14958388374671738
0.7430000000030943	0.14797961226230139
0.7440000000030984	0.14638684987860218
0.7450000000031027	0.14480557360928503
0.7460000000031068	0.1432358004643639
0.747000000003111	0.14167751475389878
0.7480000000031153	0.14013069954182855
0.7490000000031194	0.13859534669880313
0.7500000000031235	0.1370714670329385
0.7510000000031276	0.1355589157817899
0.7520000000031319	0.13405790137984397
0.753000000003136	0.13256826801474242
0.7540000000031402	0.13109004960633186
0.7550000000031445	0.12962325395192165
0.7560000000031484	0.1281677214108249
0.7570000000031525	0.12672358687909735
0.7580000000031566	0.12529075285650526
0.7590000000031609	0.1238691674081589
0.760000000003165	0.12245892102253708
0.7610000000031691	0.12105996219783555
0.7620000000031735	0.11967216258269464
0.7630000000031776	0.11829564473017218
0.7640000000031817	0.11693012305023787
0.7650000000031858	0.11557616354313194
0.7660000000031901	0.11423287032729657
0.7670000000031942	0.11290104461115369
0.7680000000031983	0.11158004651930364
0.7690000000032027	0.11027017463118849
0.7700000000032068	0.10897134909021144
0.7710000000032109	0.10768354650502365
0.772000000003215	0.10640664260220334
0.7730000000032193	0.1051406725990538
0.7740000000032234	0.10388538706045425
0.7750000000032276	0.10264146789316886
0.7760000000032319	0.1014078222265451
0.777000000003236	0.10018529388687836
0.7780000000032401	0.09897338545007783
0.7790000000032442	0.0977722043679331
0.7800000000032485	0.0965817235518085
0.7810000000032526	0.09540188750431167
0.7820000000032568	0.09423262825517753
0.7830000000032611	0.09307394131569935
0.7840000000032652	0.0919258272916802
0.7850000000032693	0.09078798502079033
0.7860000000032734	0.08966078686765322
0.7870000000032777	0.08854398450501999
0.7880000000032816	0.08743726545889974
0.7890000000032857	0.08634118742220742
0.7900000000032901	0.08525512552499348
0.7910000000032942	0.08417962997929118
0.7920000000032983	0.0831139084518897
0.7930000000033024	0.08205848023814455
0.7940000000033067	0.08101331562618164
0.7950000000033108	0.07997782471529713
0.796000000003315	0.07895246704255743
0.7970000000033193	0.07793721591116576
0.7980000000033234	0.07693171622626704
0.7990000000033275	0.0759360951011695
0.8000000000033316	0.07495028651960212
0.8010000000033359	0.07397409336314054
0.80200000000334	0.07300778023837662
0.8030000000033441	0.07205117092318492
0.8040000000033485	0.07110385795635821
0.8050000000033526	0.07016634886352069
0.8060000000033567	0.06923814777136894
0.8070000000033608	0.06831954738212143
0.8080000000033651	0.06741025397985212
0.8090000000033692	0.06651026198767429
0.8100000000033734	0.06561969120327249
0.8110000000033777	0.06473826893121726
0.8120000000033818	0.06386608992235243
0.8130000000033859	0.06300287168384366
0.81400000000339	0.0621489229927612
0.8150000000033943	0.06130379728796298
0.8160000000033985	0.06046786742852661
0.8170000000034026	0.05964070695293289
0.8180000000034067	0.058822277497299846
0.8190000000034108	0.05801282459193913
0.8200000000034149	0.057211903047946766
0.821000000003419	0.056419944525245014
0.8220000000034233	0.05563639966381417
0.8230000000034274	0.05486150602383966
0.8240000000034315	0.054095033735927944
0.8250000000034359	0.05333712191221063
0.82600000000344	0.05258767343962523
0.8270000000034441	0.05184648447085105
0.8280000000034482	0.05111354071195173
0.8290000000034525	0.050388846285703615
0.8300000000034566	0.04967234970342005
0.8310000000034607	0.04896394252950209
0.8320000000034651	0.048263589636423854
0.8330000000034692	0.04757123303763244
0.8340000000034733	0.046886831227857084
0.8350000000034774	0.046210278326729304
0.8360000000034817	0.04554155803462068
0.8370000000034858	0.04488061543113231
0.83800000000349	0.04422735567888947
0.8390000000034943	0.04358174625451949
0.8400000000034984	0.04294372669797386
0.8410000000035025	0.042313251155653875
0.8420000000035066	0.04169022820452506
0.8430000000035109	0.0410746199220271
0.844000000003515	0.04046637098461958
0.8450000000035192	0.039865411225743164
0.8460000000035233	0.039271669828040645
0.8470000000035276	0.038685170019067794
0.8480000000035317	0.038105728170765185
0.8490000000035356	0.037533313064704754
0.8500000000035399	0.036968112285181154
0.851000000003544	0.03640958426192731
0.8520000000035481	0.035858040723835694
0.8530000000035523	0.035313270254979545
0.8540000000035566	0.03477531388921762
0.8550000000035607	0.03424410126808253
0.8560000000035648	0.03371957549973459
0.8570000000035691	0.03320161555013024
0.8580000000035732	0.03269008465272982
0.8590000000035773	0.03218512699722331
0.8600000000035815	0.03168657023750454
0.8610000000035858	0.031194363496140243
0.8620000000035899	0.030708475531662782
0.863000000003594	0.030228909713422403
0.8640000000035983	0.029755450278403872
0.8650000000036024	0.02928806052833155
0.8660000000036066	0.028826820739843995
0.8670000000036107	0.028371676894268116
0.868000000003615	0.027922383621588498
0.8690000000036191	0.027479078863452133
0.8700000000036232	0.027041554305523352
0.8710000000036275	0.026609832817328538
0.8720000000036316	0.026183862338893027
0.8730000000036358	0.025763541235457987
0.8740000000036399	0.025348908652626623
0.8750000000036442	0.024939854437570297
0.8760000000036483	0.024536291992434456
0.8770000000036524	0.024138283267395866
0.8780000000036567	0.023745544246602357
0.8790000000036609	0.02335816510857358
0.8800000000036647	0.02297608482375524
0.8810000000036688	0.022599386227078022
0.8820000000036732	0.022227724731276988
0.8830000000036773	0.021861291873622735
0.8840000000036814	0.021499906761027532
0.8850000000036857	0.02114357771800468
0.8860000000036898	0.02079220848986263
0.887000000003694	0.020445741107474102
0.888000000003698	0.0201042047206883
0.8890000000037024	0.019767481263601505
0.8900000000037065	0.01943551955196343
0.8910000000037106	0.019108258701828307
0.8920000000037149	0.018785694479131143
0.893000000003719	0.01846773765402232
0.8940000000037231	0.018154310773207394
0.8950000000037273	0.017845463018068553
0.8960000000037316	0.017540992761475915
0.8970000000037357	0.017241001541989598
0.8980000000037398	0.016945369929352028
0.8990000000037441	0.016654078180602716
0.9000000000037482	0.01636704291316593
0.9010000000037524	0.01608423348288912
0.9020000000037565	0.01580558894792561
0.9030000000037608	0.015531047535094045
0.9040000000037649	0.015260653690003956
0.905000000003769	0.014994212243881089
0.9060000000037733	0.01473174760201279
0.9070000000037775	0.014473229804959464
0.9080000000037816	0.01421863438247739
0.9090000000037857	0.01396790505645984
0.91000000000379	0.013720938729962273
0.9110000000037939	0.013477707756102575
0.912000000003798	0.013238175939841113
0.9130000000038023	0.013002382450789551
0.9140000000038064	0.01277012438111047
0.9150000000038105	0.012541493717901364
0.9160000000038147	0.012316372717626423
0.917000000003819	0.012094717521658693
0.9180000000038231	0.01187654259457549
0.9190000000038272	0.011661759624144286
0.9200000000038315	0.01145029007832965
0.9210000000038356	0.011242247456301202
0.9220000000038397	0.011037306207167363
0.9230000000038439	0.010835775193342778
0.9240000000038482	0.010637351354201408
0.9250000000038523	0.010442086254588645
0.9260000000038564	0.010249907459961682
0.9270000000038607	0.010060856216218883
0.9280000000038648	0.009874779037280956
0.929000000003869	0.009691756615804903
0.9300000000038731	0.00951162602975808
0.9310000000038774	0.009334406858661493
0.9320000000038815	0.009160117085041053
0.9330000000038856	0.008988657433483316
0.9340000000038899	0.008819956982736521
0.935000000003894	0.00865406435923688
0.9360000000038982	0.008490843613049859
0.9370000000039023	0.008330338759021894
0.9380000000039066	0.008172497943289558
0.9390000000039107	0.008017277651742316
0.9400000000039148	0.007864613113743424
0.9410000000039191	0.007714543828227671
0.942000000003923	0.007566888760625612
0.9430000000039271	0.007421793704681545
0.9440000000039312	0.0072790934099544735
0.9450000000039356	0.007138833179482051
0.9460000000039397	0.007000926683909836
0.9470000000039438	0.006865372648587442
0.9480000000039481	0.006732079110743139
0.9490000000039522	0.0066011469535507405
0.9500000000039563	0.006472349979371295
0.9510000000039605	0.00634586540065718
0.9520000000039648	0.006221531232850408
0.9530000000039689	0.00609934968265502
0.954000000003973	0.0059792266317484355
0.9550000000039773	0.005861225397002512
0.9560000000039814	0.005745333532618302
0.9570000000039856	0.005631345412537292
0.9580000000039897	0.005519445943496293
0.959000000003994	0.005409572752607672
0.9600000000039981	0.005301471375206979
0.9610000000040022	0.005195377899117504
0.9620000000040065	0.005091161864016036
0.9630000000040106	0.004988768094899787
0.9640000000040148	0.004888229236604036
0.9650000000040189	0.004789459407280483
0.9660000000040232	0.004692505160512894
0.9670000000040273	0.004597241309899136
0.9680000000040314	0.004503686572266852
0.9690000000040357	0.004411894955721141
0.9700000000040399	0.004321691121838334
0.9710000000040437	0.004233189549374461
0.9720000000040478	0.004146258739220032
0.9730000000040522	0.004060894431853979
0.9740000000040563	0.003977161137855956
0.9750000000040604	0.0038948993629729367
0.9760000000040647	0.003814209914362432
0.9770000000040688	0.003734987031235648
0.978000000004073	0.0036572017939778823
0.979000000004077	0.00358091904159763
0.9800000000040812	0.0035059932147634143
0.9810000000040855	0.0034325258579274154
0.9820000000040896	0.0033604072643648175
0.9830000000040937	0.0032896521984395743
0.984000000004098	0.0032202058449780635
0.9850000000041004	0.003152088750112192
0.9860000000041018	0.0030852759971151666
0.987000000004103	0.0030196794230545887
0.9880000000041045	0.0029553645715667543
0.9890000000041059	0.002892296769818836
0.9900000000041072	0.002830439459476475
0.9910000000041086	0.002769710509963774
0.99200000000411	0.0027101722900196856
0.9930000000041115	0.0026518349436488453
0.9940000000041127	0.0025945700229328406
0.9950000000041141	0.0025384190723347633
0.9960000000041156	0.0024833856949663113
0.997000000004117	0.0024293994054228607
0.9980000000041185	0.0023764702559083695
0.9990000000041197	0.0023246021559317764
1.0000000000041211	0.0022737270401614884
1.001000000004117	0.0022238585116588494
1.002000000004113	0.00217499224635076
1.0030000000041086	0.0021270652333628126
1.0040000000041045	0.002080111520148642
1.0050000000041002	0.0020340951573576405
1.006000000004096	0.00198897162861178
1.007000000004092	0.0019447707887753074
1.0080000000040878	0.0019014526229664819
1.0090000000040837	0.0018590069436540402
1.0100000000040794	0.0018174091819778138
1.0110000000040753	0.001776654254779575
1.012000000004071	0.0017367266625503142
1.0130000000040669	0.0016976121740079897
1.0140000000040628	0.0016592905957819593
1.0150000000040587	0.0016217542171220733
1.0160000000040534	0.0015849861354725325
1.0170000000040464	0.0015489746848470487
1.0180000000040397	0.001513699013238723
1.0190000000040325	0.0014791559303344304
1.0200000000040257	0.0014453219973146192
1.021000000004019	0.0014121863894946962
1.0220000000040117	0.0013797446976346883
1.023000000004005	0.001347992039998247
1.0240000000039977	0.001316875707681353
1.025000000003991	0.001286428873588208
1.026000000003984	0.001256617523572534
1.027000000003977	0.0012274343294035317
1.0280000000039702	0.0011988668410182202
1.0290000000039632	0.0011708939177379474
1.0300000000039562	0.0011435276628759539
1.0310000000039494	0.0011167451522684502
1.0320000000039424	0.0010905143961363883
1.0330000000039354	0.001064860416679192
1.0340000000039287	0.0010397496410701201
1.0350000000039217	0.0010151790419941076
1.0360000000039147	0.0009911354770049119
1.0370000000039077	0.0009676182844479131
1.0380000000039007	0.0009446003264771408
1.039000000003894	0.0009220845507402764
1.0400000000038867	0.0009000614375764826
1.04100000000388	0.0008785093058615301
1.0420000000038732	0.0008574356110649939
1.043000000003866	0.000836823123671171
1.0440000000038592	0.0008166611748590125
1.0450000000038522	0.0007969406424913617
1.0460000000038452	0.0007776564311758882
1.0470000000038384	0.0007588005177084911
1.0480000000038314	0.0007403562962777777
1.0490000000038244	0.0007223296588184658
1.0500000000038174	0.0007046967913146851
1.0510000000038104	0.0006874654028787841
1.0520000000038037	0.0006706151570635699
1.0530000000037967	0.0006541434733305929
1.0540000000037897	0.0006380418771514407
1.055000000003783	0.0006222987852768647
1.056000000003776	0.0006069268372252967
1.057000000003769	0.0005918808390569241
1.0580000000037622	0.0005771882021996522
1.059000000003755	0.0005628346203754298
1.0600000000037482	0.0005487964952245461
1.0610000000037412	0.0005350854071981548
1.0620000000037342	0.0005216894331804278
1.0630000000037274	0.0005085949414366242
1.0640000000037202	0.0004958149184136618
1.0650000000037134	0.00048331502889376043
1.0660000000037064	0.0004711111335985452
1.0670000000036994	0.0004591961957249868
1.0680000000036927	0.00044754439025318504
1.0690000000036857	0.00043617582942834243
1.0700000000036787	0.00042506818789433964
1.071000000003672	0.0004142194115648312
1.072000000003665	0.0004036270025413735
1.073000000003658	0.0003932846856843364
1.0740000000036511	0.0003831812026688919
1.075000000003644	0.000373321424476325
1.0760000000036372	0.0003636978994678852
1.0770000000036304	0.00035429078498039335
1.0780000000036232	0.00034511628724254173
1.0790000000036164	0.0003361623141852066
1.0800000000036092	0.00032741645096479033
1.0810000000036024	0.0003188844080914688
1.0820000000035954	0.00031055643218480533
1.0830000000035884	0.0003024266662331465
1.0840000000035817	0.00029449520570767884
1.0850000000035747	0.0002867524161062063
1.0860000000035677	0.00027920034348549727
1.087000000003561	0.0002718341703072946
1.088000000003554	0.0002646415195041163
1.089000000003547	0.0002576280018043997
1.0900000000035401	0.0002507875284014638
1.091000000003533	0.00024410929296625472
1.0920000000035262	0.00023759853195515213
1.0930000000035192	0.00023124971091426083
1.0940000000035122	0.000225054210825526
1.0950000000035054	0.00021901415744751684
1.0960000000034982	0.00021312400684880828
1.0970000000034914	0.00020737808169168925
1.0980000000034844	0.00020177675068322465
1.0990000000034774	0.00019631552860888135
1.1000000000034706	0.00019099078082107646
1.1010000000034637	0.00018580123069711352
1.1020000000034567	0.00018073935074691683
1.1030000000034499	0.00017580610422529563
1.104000000003443	0.00017099770230410982
1.105000000003436	0.00016631095232044757
1.106000000003429	0.00016174349202791038
1.107000000003422	0.00015729150750354304
1.1080000000034151	0.000152953473133155
1.1090000000034081	0.00014872618772654445
1.1100000000034012	0.00014460715058006723
1.1110000000033944	0.0001405935909275513
1.1120000000033872	0.00013668345789163983
1.1130000000033804	0.00013287388693761226
1.1140000000033736	0.0001291634083945281
1.1150000000033664	0.00012554873100556474
1.1160000000033596	0.0001220271652037086
1.1170000000033526	0.00011859795949298313
1.1180000000033457	0.00011525949017765491
1.1190000000033387	0.00011200546510292675
1.1200000000033317	0.00010883807998562922
1.121000000003325	0.00010575376046184637
1.122000000003318	0.00010275139984439186
1.123000000003311	9.982607419345424e-05
1.1240000000033041	9.697982520906478e-05
1.1250000000032971	9.420879010846317e-05
1.1260000000032901	9.151118527128688e-05
1.1270000000032834	8.888534002782222e-05
1.1280000000032764	8.632970725686029e-05
1.1290000000032694	8.38422958828744e-05
1.1300000000032626	8.142131908428496e-05
1.1310000000032554	7.906543270830291e-05
1.1320000000032486	7.677312060838659e-05
1.1330000000032414	7.454256285521765e-05
1.1340000000032346	7.237202189691594e-05
1.1350000000032279	7.026095124929022e-05
1.1360000000032207	6.820668678420017e-05
1.1370000000032139	6.620812644997365e-05
1.138000000003207	6.426534720349597e-05
1.1390000000032	6.237476780290852e-05
1.1400000000031931	6.0535236318215446e-05
1.1410000000031861	5.874705925257295e-05
1.1420000000031791	5.700937786268234e-05
1.1430000000031724	5.531691199112121e-05
1.1440000000031654	5.367237574283035e-05
1.1450000000031584	5.207472625001763e-05
1.1460000000031516	5.052005840755491e-05
1.1470000000031444	4.900867209600701e-05
1.1480000000031376	4.7539618763803304e-05
1.1490000000031304	4.611192323245028e-05
1.1500000000031236	4.472394116050715e-05
1.1510000000031169	4.3375270043499725e-05
1.1520000000031096	4.206436046383377e-05
1.1530000000031029	4.0790307255678115e-05
1.1540000000030959	3.9552124779018705e-05
1.155000000003089	3.8349852413133156e-05
1.1560000000030821	3.718081920389693e-05
1.1570000000030751	3.6045456132005604e-05
1.1580000000030681	3.494232251544105e-05
1.1590000000030614	3.387082203509806e-05
1.1600000000030544	3.2830145279771905e-05
1.1610000000030474	3.181874297120135e-05
1.1620000000030404	3.0837123682458945e-05
1.1630000000030334	2.9883498351646054e-05
1.1640000000030266	2.8957453268807498e-05
1.1650000000030196	2.8058404116126923e-05
1.1660000000030126	2.718513018151736e-05
1.1670000000030059	2.6337355670369433e-05
1.1680000000029986	2.5514578831709045e-05
1.1690000000029919	2.4715539415964827e-05
1.1700000000029849	2.3940021631196906e-05
1.1710000000029779	2.3187318816342284e-05
1.172000000002971	2.245672245726471e-05
1.1730000000029641	2.1747724157972215e-05
1.1740000000029571	2.1059389247235494e-05
1.1750000000029501	2.0391734058988753e-05
1.1760000000029431	1.974369847757007e-05
1.1770000000029364	1.9115346816866996e-05
1.1780000000029294	1.8505371703003703e-05
1.1790000000029224	1.7913711915840125e-05
1.1800000000029156	1.7339744844080407e-05
1.1810000000029086	1.6782972805495788e-05
1.1820000000029016	1.6242776890607047e-05
1.1830000000028948	1.57190361961268e-05
1.1840000000028876	1.5211125042879914e-05
1.1850000000028809	1.4718629499199665e-05
1.186000000002874	1.4241336296572094e-05
1.1870000000028669	1.377807946145726e-05
1.18800000000286	1.3329261017491767e-05
1.1890000000028529	1.2894034892574346e-05
1.1900000000028461	1.2472168524846339e-05
1.1910000000028391	1.2063205470869143e-05
1.1920000000028321	1.1666777541163853e-05
1.1930000000028254	1.1282628368247671e-05
1.1940000000028184	1.0910403425046233e-05
1.1950000000028114	1.0549622525779512e-05
1.1960000000028046	1.0200006693050767e-05
1.1970000000027976	9.86140157899218e-06
1.1980000000027906	9.533256052129957e-06
1.1990000000027838	9.215286997488192e-06
1.2000000000027768	8.907438200589368e-06
1.2010000000027699	8.609253624669577e-06
1.2020000000027629	8.320204337830539e-06
1.2030000000027559	8.040509566709098e-06
1.204000000002749	7.769688425307564e-06
1.2050000000027419	7.507060158951084e-06
1.206000000002735	7.253181399935471e-06
1.2070000000027283	7.007197109221153e-06
1.2080000000027211	6.769080847290887e-06
1.2090000000027143	6.538602036587626e-06
1.2100000000027074	6.315448661586842e-06
1.2110000000027004	6.099533728320949e-06
1.2120000000026936	5.8905100328576765e-06
1.2130000000026866	5.688237990519873e-06
1.2140000000026796	5.492486116698281e-06
1.2150000000026726	5.303085354735337e-06
1.2160000000026656	5.119846246071091e-06
1.2170000000026588	4.942571357746672e-06
1.2180000000026519	4.771061233976859e-06
1.2190000000026449	4.60529495205364e-06
1.220000000002638	4.444837766293119e-06
1.2210000000026309	4.289540281199322e-06
1.222000000002624	4.139460920260518e-06
1.2230000000026173	3.994393600104118e-06
1.2240000000026101	3.854099038136383e-06
1.2250000000026033	3.7183791512518383e-06
1.2260000000025963	3.5872469086317693e-06
1.2270000000025894	3.4604677435767783e-06
1.2280000000025826	3.337900114974701e-06
1.2290000000025754	3.219432827883395e-06
1.2300000000025686	3.1049477821065707e-06
1.2310000000025616	2.9943227186635113e-06
1.2320000000025546	2.8874034669890136e-06
1.2330000000025478	2.784080339268691e-06
1.2340000000025408	2.6843148633881597e-06
1.2350000000025338	2.587879499693635e-06
1.236000000002527	2.4947183341339496e-06
1.23700000000252	2.4047787432479595e-06
1.238000000002513	2.3179080386181994e-06
1.2390000000025063	2.2339684969674423e-06
1.240000000002499	2.152913925468347e-06
1.2410000000024923	2.0747168237855718e-06
1.2420000000024853	1.999186058920799e-06
1.2430000000024783	1.926203890723066e-06
1.2440000000024716	1.8558039455163211e-06
1.2450000000024644	1.7878577128760398e-06
1.2460000000024576	1.7222627277657665e-06
1.2470000000024506	1.6589437730196721e-06
1.2480000000024436	1.597846997603014e-06
1.2490000000024368	1.5388989713649437e-06
1.2500000000024298	1.48202183658519e-06
1.2510000000024228	1.4271629007467368e-06
1.252000000002416	1.374227650008386e-06
1.253000000002409	1.3231640849653559e-06
1.254000000002402	1.2739145366369442e-06
1.2550000000023953	1.226415777599854e-06
1.256000000002388	1.1806273690906366e-06
1.2570000000023813	1.1364569945104819e-06
1.2580000000023743	1.0938667883708675e-06
1.2590000000023673	1.0528336503723423e-06
1.2600000000023606	1.0132443502008925e-06
1.2610000000023533	9.750927270069099e-07
1.2620000000023466	9.383457593159505e-07
1.2630000000023396	9.029064770293971e-07
1.2640000000023326	8.687709744936711e-07
1.2650000000023258	8.358648130313284e-07
1.2660000000023188	8.041819212767365e-07
1.2670000000023118	7.736526465018656e-07
1.268000000002305	7.442355235420806e-07
1.269000000002298	7.159181734106568e-07
1.270000000002291	6.886244201531611e-07
1.271000000002284	6.623561217278251e-07
1.272000000002277	6.370795460064471e-07
1.2730000000022703	6.127073899353519e-07
1.2740000000022633	5.892597711998349e-07
1.2750000000022563	5.666958002858991e-07
1.2760000000022496	5.449694197023902e-07
1.2770000000022423	5.240637769299283e-07
1.2780000000022356	5.039461068445661e-07
1.2790000000022288	4.845751101489881e-07
1.2800000000022216	4.659591118505446e-07
1.2810000000022148	4.480401990525351e-07
1.2820000000022078	4.3080650291571487e-07
1.2830000000022008	4.1422561114501377e-07
1.2840000000021938	3.983015322006622e-07
1.2850000000021868	3.8295401227905757e-07
1.28600000000218	3.682151148431956e-07
1.287000000002173	3.54045720962759e-07
1.288000000002166	3.40423504940901e-07
1.2890000000021593	3.27328076643596e-07
1.2900000000021523	3.147440725825845e-07
1.2910000000021453	3.0264925177103663e-07
1.2920000000021385	2.910295708868915e-07
1.2930000000021313	2.798601925757538e-07
1.2940000000021246	2.6913608630607655e-07
1.2950000000021178	2.5882696208512357e-07
1.2960000000021106	2.489314328002479e-07
1.2970000000021038	2.3942860039039005e-07
1.2980000000020966	2.3029652662653888e-07
1.2990000000020898	2.215374942382553e-07
1.3000000000020828	2.1311986231342672e-07
1.3010000000020758	2.0504148423583501e-07
1.302000000002069	1.972875997013901e-07
1.303000000002062	1.898440048497818e-07
1.304000000002055	1.8270777724094245e-07
1.3050000000020483	1.7585153422317035e-07
1.3060000000020413	1.6927960566626155e-07
1.3070000000020343	1.6297555804900554e-07
1.3080000000020275	1.5692664134814294e-07
1.3090000000020205	1.5111891671359956e-07
1.3100000000020136	1.4555606131505527e-07
1.3110000000020068	1.4021982419620826e-07
1.3120000000019996	1.351044237596355e-07
1.3130000000019928	1.301995685709656e-07
1.3140000000019856	1.2549685379781295e-07
1.3150000000019788	1.209887845465829e-07
1.316000000001972	1.1666946408972478e-07
1.3170000000019648	1.1253066189986782e-07
1.318000000001958	1.0856288112925938e-07
1.319000000001951	1.0476173306628311e-07
1.320000000001944	1.0111975878857038e-07
1.3210000000019373	9.763015729191693e-08
1.3220000000019303	9.42877229626049e-08
1.3230000000019233	9.108777709876392e-08
1.3240000000019165	8.802166240329257e-08
1.3250000000019095	8.508555127129114e-08
1.3260000000019025	8.227369163726905e-08
1.3270000000018956	7.95814120158056e-08
1.3280000000018886	7.700413495737024e-08
1.3290000000018818	7.453551165159666e-08
1.3300000000018748	7.217306219331476e-08
1.3310000000018678	6.991031342717946e-08
1.332000000001861	6.774533900522073e-08
1.3330000000018538	6.567264043688681e-08
1.334000000001847	6.368671945367055e-08
1.33500000000184	6.178783296117984e-08
1.336000000001833	5.996900309668263e-08
1.3370000000018263	5.8228096011525565e-08
1.3380000000018193	5.6562172390250964e-08
1.3390000000018123	5.4965057949551976e-08
1.3400000000018053	5.343932429902054e-08
1.3410000000017983	5.197594243888659e-08
1.3420000000017915	5.0575884813497396e-08
1.3430000000017845	4.923562735292819e-08
1.3440000000017776	4.795157515502524e-08
1.3450000000017708	4.672218634205194e-08
1.3460000000017638	4.5544511828587986e-08
1.3470000000017568	4.441595247151042e-08
1.34800000000175	4.3334729360466895e-08
1.3490000000017428	4.229870398386737e-08
1.350000000001736	4.1305522779921944e-08
1.3510000000017293	4.0353187014119385e-08
1.352000000001722	3.94404301440332e-08
1.3530000000017153	3.856420704995145e-08
1.354000000001708	3.772388479372779e-08
1.3550000000017013	3.69166714975222e-08
1.3560000000016943	3.6142205672717864e-08
1.3570000000016873	3.5397906161804826e-08
1.3580000000016805	3.46826554142865e-08
1.3590000000016735	3.399537096271388e-08
1.3600000000016665	3.333377707193108e-08
1.3610000000016598	3.269735626698633e-08
1.3620000000016528	3.2084613188487765e-08
1.3630000000016458	3.1494396202091934e-08
1.364000000001639	3.0925453420316273e-08
1.3650000000016318	3.037640194936131e-08
1.366000000001625	2.9846616178552665e-08
1.367000000001618	2.9335183837631007e-08
1.368000000001611	2.8840608901070652e-08
1.3690000000016043	2.8362207693533037e-08
1.370000000001597	2.7899309640311287e-08
1.3710000000015903	2.7450594686229124e-08
1.3720000000015833	2.7015691794751717e-08
1.3730000000015763	2.6593415247688768e-08
1.3740000000015695	2.618353212024971e-08
1.3750000000015625	2.578495950089632e-08
1.3760000000015555	2.5396840852565106e-08
1.3770000000015488	2.5019253446778578e-08
1.3780000000015418	2.465079484981203e-08
1.3790000000015348	2.4291303191148472e-08
1.3800000000015278	2.3940183835335915e-08
1.3810000000015208	2.3596868903297263e-08
1.382000000001514	2.326073689218333e-08
1.383000000001507	2.293140188847076e-08
1.3840000000015	2.2608465544138312e-08
1.3850000000014933	2.2291381296390966e-08
1.386000000001486	2.1979741582356382e-08
1.3870000000014793	2.1673223882245907e-08
1.3880000000014725	2.1371311831330786e-08
1.3890000000014653	2.107381691374144e-08
1.3900000000014585	2.0780345555415636e-08
1.3910000000014515	2.049047775898316e-08
1.3920000000014445	2.020404687996802e-08
1.3930000000014378	1.992069731393542e-08
1.3940000000014305	1.9640197246317825e-08
1.3950000000014238	1.936222693288414e-08
1.3960000000014168	1.9086590641315127e-08
1.3970000000014098	1.8813040680853987e-08
1.398000000001403	1.8541357560408755e-08
1.399000000001396	1.82713776331056e-08
1.400000000001389	1.800284821218412e-08
1.4010000000013823	1.7735616753000727e-08
1.4020000000013753	1.7469563906580277e-08
1.4030000000013683	1.720447517783441e-08
1.4040000000013615	1.6940222447026088e-08
1.4050000000013543	1.6676657277336915e-08
1.4060000000013475	1.6413657100144974e-08
1.4070000000013405	1.615111888675358e-08
1.4080000000013335	1.5888922844098374e-08
1.4090000000013267	1.5626960614412155e-08
1.4100000000013195	1.5365158367863785e-08
1.4110000000013128	1.5103398642857258e-08
1.4120000000013058	1.4841630480155743e-08
1.4130000000012988	1.457977449881298e-08
1.414000000001292	1.4317754981618691e-08
1.415000000001285	1.4055547725710937e-08
1.416000000001278	1.3793064468359262e-08
1.4170000000012712	1.3530262799044124e-08
1.4180000000012642	1.3267131060423765e-08
1.4190000000012573	1.3003600196626053e-08
1.4200000000012505	1.2739681309881234e-08
1.4210000000012433	1.2475305788406388e-08
1.4220000000012365	1.2210426558745269e-08
1.4230000000012293	1.1945141209501742e-08
1.4240000000012225	1.1679367140082775e-08
1.4250000000012157	1.1413043288222013e-08
1.4260000000012085	1.1146266021277995e-08
1.4270000000012018	1.0879004808117543e-08
1.4280000000011948	1.0611221790135517e-08
1.4290000000011878	1.0342964817944278e-08
1.430000000001181	1.0074233225410012e-08
1.431000000001174	9.805045331212625e-09
1.432000000001167	9.53542156345577e-09
1.4330000000011602	9.26536514178622e-09
1.4340000000011532	8.994910816184642e-09
1.4350000000011462	8.724099886947556e-09
1.4360000000011393	8.452939348480015e-09
1.4370000000011323	8.181446964350414e-09
1.4380000000011255	7.909671473349533e-09
1.4390000000011185	7.637652177372445e-09
1.4400000000011115	7.3654226051544924e-09
1.4410000000011047	7.093020726323118e-09
1.4420000000010975	6.82047618383308e-09
1.4430000000010907	6.547843267590281e-09
1.4440000000010837	6.275162833802028e-09
1.4450000000010768	6.002481622857658e-09
1.44600000000107	5.729830721001861e-09
1.447000000001063	5.4572716345901995e-09
1.448000000001056	5.184851992190431e-09
1.449000000001049	4.912625861663855e-09
1.450000000001042	4.64063421024008e-09
1.4510000000010352	4.368934991560991e-09
1.4520000000010282	4.097578276684999e-09
1.4530000000010213	3.826632788417328e-09
1.4540000000010145	3.5561300570918775e-09
1.4550000000010075	3.2861301457742798e-09
1.4560000000010005	3.0167107700762585e-09
1.4570000000009937	2.747908678379929e-09
1.4580000000009865	2.4797836006840157e-09
1.4590000000009797	2.212397043344083e-09
1.460000000000973	1.945814953607794e-09
1.4610000000009657	1.6800799640392938e-09
1.462000000000959	1.4152515825927026e-09
1.4630000000009518	1.1514154074632188e-09
1.464000000000945	8.885852054163479e-10
1.465000000000938	6.268587871005593e-10
1.466000000000931	3.662781189461839e-10
1.4670000000009242	1.0691614260593951e-10
1.4680000000009172	-1.5117418428189922e-10
1.4690000000009102	-4.0794878586325467e-10
1.4700000000009035	-6.633384952436927e-10
1.4710000000008965	-9.172620440978108e-10
1.4720000000008895	-1.169698338188141e-09
1.4730000000008827	-1.4205676635015152e-09
1.4740000000008757	-1.669815175020517e-09
1.4750000000008687	-1.9173751475420886e-09
1.476000000000862	-2.163208723260368e-09
1.4770000000008547	-2.4072233095751017e-09
1.478000000000848	-2.649432229162585e-09
1.4790000000008408	-2.889713579534714e-09
1.480000000000834	-3.128022285636689e-09
1.4810000000008272	-3.3643250407777714e-09
1.48200000000082	-3.5985696644758036e-09
1.4830000000008132	-3.830663120041322e-09
1.4840000000008062	-4.060599634314599e-09
1.4850000000007992	-4.2883359085976736e-09
1.4860000000007925	-4.513760032409664e-09
1.4870000000007855	-4.736858461029669e-09
1.4880000000007785	-4.957617427692185e-09
1.4890000000007717	-5.175912809463057e-09
1.4900000000007645	-5.391725288461657e-09
1.4910000000007577	-5.605084396620441e-09
1.4920000000007507	-5.815784520635248e-09
1.4930000000007437	-6.023954668421538e-09
1.494000000000737	-6.229465165930037e-09
1.49500000000073	-6.432279597845536e-09
1.496000000000723	-6.6323142533519786e-09
1.497000000000716	-6.829648846462533e-09
1.498000000000709	-7.024142378853071e-09
1.4990000000007022	-7.2157770869552e-09
1.5000000000006952	-7.4045289899515865e-09
1.5010000000006882	-7.590367223642147e-09
1.5020000000006815	-7.773242716169193e-09
1.5030000000006745	-7.953146363703922e-09
1.5040000000006675	-8.130015105578536e-09
1.5050000000006605	-8.303856491309602e-09
1.5060000000006535	-8.474589918705533e-09
1.5070000000006467	-8.642256021929029e-09
1.5080000000006397	-8.806812168415945e-09
1.5090000000006327	-8.968147113819214e-09
1.5100000000006257	-9.12633413285846e-09
1.5110000000006187	-9.28131127508891e-09
1.512000000000612	-9.433080316867404e-09
1.513000000000605	-9.581658133583915e-09
1.514000000000598	-9.726956795574893e-09
1.5150000000005912	-9.868921013733711e-09
1.5160000000005842	-1.0007648265641933e-08
1.5170000000005772	-1.014305794910797e-08
1.5180000000005702	-1.0275143180749069e-08
1.5190000000005632	-1.0403984784801423e-08
1.5200000000005565	-1.0529379146362317e-08
1.5210000000005495	-1.0651411308515435e-08
1.5220000000005425	-1.0770218494826622e-08
1.5230000000005357	-1.0885612189426297e-08
1.5240000000005285	-1.099760504885694e-08
1.5250000000005217	-1.110627190215041e-08
1.5260000000005147	-1.1211607642280796e-08
1.5270000000005077	-1.13134996926334e-08
1.528000000000501	-1.1412115030751124e-08
1.529000000000494	-1.150736395061358e-08
1.530000000000487	-1.1599224247760276e-08
1.53100000000048	-1.1687734113863257e-08
1.532000000000473	-1.1772857355651922e-08
1.5330000000004662	-1.18546674698905e-08
1.5340000000004592	-1.1933208643455373e-08
1.5350000000004522	-1.200841870385716e-08
1.5360000000004455	-1.2080224820465446e-08
1.5370000000004385	-1.2148821504354146e-08
1.5380000000004315	-1.2214128597420881e-08
1.5390000000004245	-1.2276129668364888e-08
1.5400000000004175	-1.233493041041811e-08
1.5410000000004107	-1.239045110956738e-08
1.5420000000004037	-1.244274017153657e-08
1.5430000000003967	-1.2491881529186344e-08
1.5440000000003897	-1.2537792803968273e-08
1.5450000000003827	-1.2580556374430785e-08
1.546000000000376	-1.2620160472209818e-08
1.547000000000369	-1.265672033845533e-08
1.548000000000362	-1.2690101192092129e-08
1.549000000000355	-1.2720458020254455e-08
1.5500000000003482	-1.2747801036994133e-08
1.5510000000003412	-1.2772032764729602e-08
1.5520000000003342	-1.2793374581931971e-08
1.5530000000003272	-1.2811708582916026e-08
1.5540000000003205	-1.2827078510468937e-08
1.5550000000003135	-1.2839633578565213e-08
1.5560000000003065	-1.2849173947060422e-08
1.5570000000002997	-1.2855992270743855e-08
1.5580000000002925	-1.2859915132779065e-08
1.5590000000002857	-1.2861046894130368e-08
1.5600000000002787	-1.285945860907134e-08
1.5610000000002717	-1.2855137176970288e-08
1.5620000000002647	-1.2848133001952533e-08
1.5630000000002577	-1.2838496488143392e-08
1.564000000000251	-1.2826159245804547e-08
1.565000000000244	-1.28112656039292e-08
1.566000000000237	-1.2793892611995261e-08
1.5670000000002302	-1.2773943902644191e-08
1.5680000000002232	-1.2751458111637248e-08
1.5690000000002162	-1.2726571574361856e-08
1.5700000000002092	-1.2699316043196518e-08
1.5710000000002025	-1.2669635784945399e-08
1.5720000000001955	-1.2637579871466187e-08
1.5730000000001885	-1.2603261101418184e-08
1.5740000000001815	-1.2566650831047355e-08
1.5750000000001747	-1.2527884285518098e-08
1.5760000000001675	-1.248685577159847e-08
1.5770000000001607	-1.2443712282816932e-08
1.5780000000001537	-1.2398378324007808e-08
1.5790000000001467	-1.2351005995725473e-08
1.58000000000014	-1.2301599294772814e-08
1.581000000000133	-1.2250182201967164e-08
1.582000000000126	-1.2196800902586347e-08
1.583000000000119	-1.2141456728897992e-08
1.584000000000112	-1.2084226952424615e-08
1.5850000000001052	-1.2025128004466978e-08
1.5860000000000982	-1.1964264023944793e-08
1.5870000000000912	-1.1901589047624839e-08
1.5880000000000845	-1.183711995089709e-08
1.5890000000000775	-1.1770971974911504e-08
1.5900000000000705	-1.1703187308143015e-08
1.5910000000000635	-1.1633699781299356e-08
1.5920000000000565	-1.156263396140389e-08
1.5930000000000497	-1.1490033369199182e-08
1.5940000000000427	-1.1415874690001715e-08
1.5950000000000357	-1.13402169876764e-08
1.5960000000000287	-1.1263095567315418e-08
1.5970000000000217	-1.1184599468805345e-08
1.598000000000015	-1.110465919218484e-08
1.599000000000008	-1.1023367108009552e-08
1.600000000000001	-1.0940803818471068e-08
1.6009999999999942	-1.0856921139890119e-08
1.6019999999999872	-1.077178146680069e-08
1.6029999999999802	-1.0685439866264801e-08
1.6039999999999732	-1.0597919875010575e-08
1.6049999999999662	-1.0509231707089839e-08
1.6059999999999595	-1.0419437090902761e-08
1.6069999999999525	-1.0328561117489699e-08
1.6079999999999455	-1.0236615111125502e-08
1.6089999999999387	-1.0143658579764292e-08
1.6099999999999315	-1.0049710841286696e-08
1.6109999999999247	-9.954817858925935e-09
1.6119999999999177	-9.858973637477675e-09
1.6129999999999107	-9.76222302995211e-09
1.6139999999999037	-9.664650857388324e-09
1.614999999999897	-9.566203829081132e-09
1.61599999999989	-9.466945893876755e-09
1.616999999999883	-9.366939446309175e-09
1.617999999999876	-9.266159839427246e-09
1.6189999999998692	-9.164664138694434e-09
1.6199999999998622	-9.062476546972675e-09
1.6209999999998552	-8.959648134521103e-09
1.6219999999998485	-8.856117617028758e-09
1.6229999999998415	-8.752066182893259e-09
1.6239999999998345	-8.64739257977476e-09
1.6249999999998275	-8.542126783694926e-09
1.6259999999998205	-8.436399356881452e-09
1.6269999999998137	-8.330124146027629e-09
1.6279999999998067	-8.223390857153845e-09
1.6289999999997997	-8.116205929553644e-09
1.6299999999997927	-8.008583796126345e-09
1.6309999999997857	-7.90058263255844e-09
1.631999999999779	-7.792199108180853e-09
1.632999999999772	-7.683458314033942e-09
1.633999999999765	-7.574390004094766e-09
1.634999999999758	-7.465020601671313e-09
1.6359999999997512	-7.355385855944974e-09
1.6369999999997442	-7.24548399055891e-09
1.6379999999997372	-7.1353518649175385e-09
1.6389999999997302	-7.02501923299792e-09
1.6399999999997235	-6.914491867959782e-09
1.6409999999997165	-6.803803520583074e-09
1.6419999999997095	-6.6929786157743365e-09
1.6429999999997025	-6.582034695057359e-09
1.6439999999996955	-6.470990854268166e-09
1.6449999999996887	-6.359877069428421e-09
1.6459999999996817	-6.248702444366927e-09
1.6469999999996747	-6.137504060532706e-09
1.6479999999996677	-6.0262972390034975e-09
1.6489999999996607	-5.9150919717865236e-09
1.649999999999654	-5.803920677394103e-09
1.650999999999647	-5.692807336643568e-09
1.65199999999964	-5.58176371789898e-09
1.6529999999996332	-5.4708113594870156e-09
1.6539999999996262	-5.359967358842255e-09
1.6549999999996192	-5.249259915629523e-09
1.6559999999996122	-5.138708347729448e-09
1.6569999999996052	-5.028324645550697e-09
1.6579999999995985	-4.918133011955206e-09
1.6589999999995915	-4.8081494341545294e-09
1.6599999999995845	-4.698398115010605e-09
1.6609999999995777	-4.5888994826270846e-09
1.6619999999995705	-4.479665527412635e-09
1.6629999999995637	-4.370718897916959e-09
1.6639999999995567	-4.2620764695300295e-09
1.6649999999995497	-4.153757338087871e-09
1.665999999999543	-4.045780155337297e-09
1.666999999999536	-3.938162018712887e-09
1.667999999999529	-3.83092224609527e-09
1.668999999999522	-3.7240772687852086e-09
1.669999999999515	-3.617648403064777e-09
1.6709999999995082	-3.5116489716102706e-09
1.6719999999995012	-3.406100068659157e-09
1.6729999999994942	-3.301016793244571e-09
1.6739999999994875	-3.1964162428010923e-09
1.6749999999994805	-3.0923164029417194e-09
1.6759999999994735	-2.9887328167887972e-09
1.6769999999994665	-2.885688132892028e-09
1.6779999999994595	-2.783191677124819e-09
1.6789999999994527	-2.681262323278588e-09
1.6799999999994457	-2.5799067326914837e-09
1.6809999999994387	-2.4791582120542444e-09
1.6819999999994317	-2.379028307686326e-09
1.6829999999994247	-2.2795303422640245e-09
1.683999999999418	-2.1806769723298203e-09
1.684999999999411	-2.0824884039427616e-09
1.685999999999404	-1.984977959779144e-09
1.6869999999993972	-1.8881565200246087e-09
1.6879999999993902	-1.7920447348274138e-09
1.6889999999993832	-1.6966561489084597e-09
1.6899999999993762	-1.6020154092188932e-09
1.6909999999993692	-1.5081222937141092e-09
1.6919999999993625	-1.4149992288992053e-09
1.6929999999993555	-1.322655984736798e-09
1.6939999999993485	-1.2310981123420106e-09
1.6949999999993415	-1.1403620270300507e-09
1.6959999999993345	-1.0504499492469677e-09
1.6969999999993277	-9.613527751639594e-10
1.6979999999993207	-8.731171341480604e-10
1.6989999999993137	-7.857399175748014e-10
1.6999999999993067	-6.992464385291441e-10
1.7009999999993	-6.136486874197544e-10
1.701999999999293	-5.289304549904728e-10
1.702999999999286	-4.4512904473492654e-10
1.703999999999279	-3.622624422661147e-10
1.7049999999992722	-2.803108856141989e-10
1.7059999999992652	-1.993250009491021e-10
1.7069999999992582	-1.1928724674703517e-10
1.7079999999992515	-4.0205394569170494e-11
1.7089999999992442	3.7883141068562054e-11
1.7099999999992375	1.1497880425537232e-10
1.7109999999992305	1.9109180904308687e-10
1.7119999999992235	2.661759701538813e-10
1.7129999999992167	3.402631509885623e-10
1.7139999999992095	4.1332426370388475e-10
1.7149999999992027	4.853405455307325e-10
1.7159999999991957	5.563172145173212e-10
1.7169999999991887	6.262481644370155e-10
1.717999999999182	6.951140774091868e-10
1.718999999999175	7.62902407913657e-10
1.719999999999168	8.296276998720487e-10
1.720999999999161	8.952730778943874e-10
1.721999999999154	9.598295491741737e-10
1.7229999999991472	1.0232970026891053e-09
1.7239999999991402	1.0856520127333624e-09
1.7249999999991332	1.1469201144365115e-09
1.7259999999991265	1.2070775490258256e-09
1.7269999999991195	1.266108995423565e-09
1.7279999999991125	1.3240211149678771e-09
1.7289999999991055	1.380830672026434e-09
1.7299999999990985	1.4365033607077748e-09
1.7309999999990917	1.4910267465140237e-09
1.7319999999990847	1.5444102663408898e-09
1.7329999999990777	1.5967022148899446e-09
1.7339999999990707	1.6478420850063458e-09
1.7349999999990655	1.6978363159836363e-09
1.7359999999990614	1.7467032265017224e-09
1.7369999999990573	1.7943950769705452e-09
1.7379999999990532	1.8409787028161873e-09
1.7389999999990489	1.886393485861504e-09
1.7399999999990448	1.9306762855109127e-09
1.7409999999990406	1.9738198853147537e-09
1.7419999999990363	2.0158124058866633e-09
1.7429999999990322	2.056652959048222e-09
1.743999999999028	2.0963871749657415e-09
1.744999999999024	2.134974974588033e-09
1.74599999999902	2.1724004817258447e-09
1.7469999999990156	2.2086950046684706e-09
1.7479999999990115	2.2438941815750013e-09
1.7489999999990071	2.2779625963309513e-09
1.749999999999003	2.3108556179707307e-09
1.7509999999990045	2.3426798279047034e-09
1.751999999999006	2.37337394182191e-09
1.7529999999990071	2.402939403012283e-09
1.7539999999990086	2.4314124047464247e-09
1.75499999999901	2.4587825109279038e-09
1.7559999999990115	2.4850707047718856e-09
1.756999999999013	2.5102439016322364e-09
1.7579999999990141	2.534356502437163e-09
1.7589999999990156	2.5573722028937595e-09
1.759999999999017	2.579328084451049e-09
1.7609999999990182	2.600208159897477e-09
1.7619999999990197	2.6200562830425156e-09
1.7629999999990211	2.638861795745129e-09
1.7639999999990226	2.6566205901801254e-09
1.7649999999990238	2.6733411040424926e-09
1.7659999999990263	2.6890295545811682e-09
1.7669999999990305	2.7037034833199414e-09
1.7679999999990346	2.7173850947193046e-09
1.7689999999990387	2.7300893767900902e-09
1.769999999999043	2.741795790406343e-09
1.7709999999990471	2.7525282053630917e-09
1.7719999999990512	2.7622931719761823e-09
1.7729999999990556	2.7711202221780695e-09
1.7739999999990597	2.778976160300317e-09
1.7749999999990638	2.7859213824754647e-09
1.7759999999990679	2.7919547784804877e-09
1.776999999999072	2.797055032033313e-09
1.7779999999990763	2.801268439434068e-09
1.7789999999990804	2.8046065470022086e-09
1.7799999999990845	2.8070621382880745e-09
1.7809999999990886	2.8086732939414105e-09
1.781999999999093	2.8094315762672295e-09
1.782999999999097	2.809350529986432e-09
1.7839999999991012	2.808444365953733e-09
1.7849999999991053	2.806729848536804e-09
1.7859999999991096	2.804237508868823e-09
1.7869999999991137	2.800944587377785e-09
1.7879999999991179	2.7969041527242666e-09
1.788999999999122	2.7921012168974357e-09
1.789999999999126	2.7865538765325937e-09
1.7909999999991304	2.780273788971499e-09
1.7919999999991345	2.7732985907746865e-09
1.7929999999991386	2.765605855437059e-09
1.7939999999991427	2.7572473193515634e-09
1.794999999999147	2.7482156550462378e-09
1.7959999999991512	2.7385239631527725e-09
1.7969999999991553	2.728199999246783e-09
1.7979999999991594	2.7172537553354914e-09
1.7989999999991637	2.7056992202290076e-09
1.7999999999991678	2.6935327301913503e-09
1.800999999999172	2.680795141429826e-09
1.801999999999176	2.6674891184796934e-09
1.8029999999991801	2.6536364217122355e-09
1.8039999999991845	2.6392423801979703e-09
1.8049999999991886	2.624341299828359e-09
1.8059999999991927	2.6089027604925263e-09
1.8069999999991968	2.593019687857634e-09
1.8079999999992011	2.5766224709400376e-09
1.8089999999992052	2.5597778341435173e-09
1.8099999999992094	2.5424897742709618e-09
1.8109999999992135	2.524762843236772e-09
1.8119999999992178	2.5066348996460874e-09
1.812999999999222	2.4880891791312365e-09
1.813999999999226	2.4691759747952347e-09
1.8149999999992301	2.4498689743523983e-09
1.8159999999992344	2.4302201362402798e-09
1.8169999999992386	2.4102316809049285e-09
1.8179999999992427	2.3899128231974487e-09
1.8189999999992468	2.3692765527272286e-09
1.819999999999251	2.348343519642526e-09
1.8209999999992552	2.3271393700952103e-09
1.8219999999992593	2.30565233572122e-09
1.8229999999992634	2.2839206081926022e-09
1.8239999999992675	2.261947962267641e-09
1.8249999999992719	2.2397369514592924e-09
1.825999999999276	2.217322658815135e-09
1.82699999999928	2.194707526825823e-09
1.8279999999992842	2.1719099851935653e-09
1.8289999999992885	2.1489399149032806e-09
1.8299999999992926	2.1258103055643573e-09
1.8309999999992967	2.102539031767492e-09
1.8319999999993009	2.079134420185369e-09
1.8329999999993052	2.055615344609407e-09
1.8339999999993093	2.0319818050396066e-09
1.8349999999993134	2.008266664077496e-09
1.8359999999993175	1.984462372206508e-09
1.8369999999993218	1.9605972401137706e-09
1.837999999999326	1.9366752646021723e-09
1.83899999999933	1.9127113226602432e-09
1.8399999999993342	1.888715850384415e-09
1.8409999999993385	1.864700172049538e-09
1.8419999999993426	1.840675722952767e-09
1.8429999999993467	1.8166577131495387e-09
1.8439999999993508	1.7926551354463527e-09
1.844999999999355	1.7686794251403626e-09
1.8459999999993593	1.7447397970826728e-09
1.8469999999993634	1.7208499070164862e-09
1.8479999999993675	1.6970200800159319e-09
1.8489999999993716	1.6732576435529722e-09
1.849999999999376	1.649575254170088e-09
1.85099999999938	1.625982903874501e-09
1.8519999999993841	1.6024892524058032e-09
1.8529999999993882	1.5791039587043088e-09
1.8539999999993926	1.555837902955659e-09
1.8549999999993967	1.5327007441001683e-09
1.8559999999994008	1.5096993655205893e-09
1.856999999999405	1.486846534781705e-09
1.857999999999409	1.464145471530287e-09
1.8589999999994133	1.4416094984426309e-09
1.8599999999994175	1.4192419461878103e-09
1.8609999999994216	1.3970546941521889e-09
1.861999999999426	1.375054070607007e-09
1.86299999999943	1.3532494014256713e-09
1.863999999999434	1.3316485691916569e-09
1.8649999999994382	1.3102540163956178e-09
1.8659999999994423	1.2890769562901028e-09
1.8669999999994467	1.268125826570099e-09
1.8679999999994508	1.2474037358600754e-09
1.8689999999994549	1.226917678565087e-09
1.869999999999459	1.2066788679376828e-09
1.870999999999463	1.1866846394426034e-09
1.8719999999994674	1.1669483157561444e-09
1.8729999999994715	1.147475670038034e-09
1.8739999999994756	1.1282639267307104e-09
1.87499999999948	1.1093228557967905e-09
1.875999999999484	1.0906697767154583e-09
1.8769999999994882	1.0722921439665356e-09
1.8779999999994923	1.0541935102637012e-09
1.8789999999994964	1.0363945257552132e-09
1.8799999999995007	1.0188914156827877e-09
1.8809999999995048	1.0016821816449806e-09
1.881999999999509	9.847751503144764e-10
1.882999999999513	9.681848656128977e-10
1.8839999999995174	9.519024457560477e-10
1.8849999999995215	9.359272246101114e-10
1.8859999999995256	9.202717476952671e-10
1.8869999999995297	9.049414551043355e-10
1.887999999999534	8.899310177667985e-10
1.8889999999995382	8.752415459056806e-10
1.8899999999995423	8.608836976620182e-10
1.8909999999995464	8.468580281473237e-10
1.8919999999995505	8.331609846479182e-10
1.8929999999995548	8.198013379256963e-10
1.893999999999559	8.067739809547447e-10
1.894999999999563	7.940823554264398e-10
1.8959999999995671	7.8173090223288e-10
1.8969999999995715	7.697186221733432e-10
1.8979999999995756	7.580471805823663e-10
1.8989999999995797	7.46716022348437e-10
1.8999999999995838	7.357254805384628e-10
1.9009999999995881	7.250765543531656e-10
1.9019999999995922	7.147753500191811e-10
1.9029999999995963	7.048120975738925e-10
1.9039999999996005	6.951943465338672e-10
1.9049999999996048	6.859171008954945e-10
1.905999999999609	6.769799165695645e-10
1.906999999999613	6.683885667158052e-10
1.9079999999996171	6.60141719066587e-10
1.9089999999996214	6.522351547744165e-10
1.9099999999996256	6.446625455680532e-10
1.9109999999996297	6.374328842539967e-10
1.9119999999996338	6.305379551818646e-10
1.9129999999996379	6.23980866976126e-10
1.9139999999996422	6.177570677223798e-10
1.9149999999996463	6.118633377738547e-10
1.9159999999996504	6.063033408665319e-10
1.9169999999996545	6.010743014428499e-10
1.9179999999996589	5.961692250977535e-10
1.918999999999663	5.91579785158558e-10
1.919999999999667	5.873181940785344e-10
1.9209999999996712	5.833791227871643e-10
1.9219999999996755	5.797549107455779e-10
1.9229999999996796	5.764438926192383e-10
1.9239999999996837	5.734440700067012e-10
1.9249999999996878	5.70746228056862e-10
1.9259999999996922	5.683596926431278e-10
1.9269999999996963	5.66276914248931e-10
1.9279999999997004	5.644902323354017e-10
1.9289999999997045	5.629937627205095e-10
1.9299999999997088	5.617919462963528e-10
1.930999999999713	5.608735698103828e-10
1.931999999999717	5.602434072216056e-10
1.9329999999997212	5.598834729170221e-10
1.9339999999997253	5.59805424238391e-10
1.9349999999997296	5.599972707770462e-10
1.9359999999997337	5.604497976818834e-10
1.9369999999997378	5.611684450457233e-10
1.937999999999742	5.621471066419303e-10
1.9389999999997463	5.633741251287461e-10
1.9399999999997504	5.648506107291951e-10
1.9409999999997545	5.665681257482902e-10
1.9419999999997586	5.685256709853093e-10
1.942999999999763	5.707146977229627e-10
1.943999999999767	5.731363161842751e-10
1.9449999999997711	5.757777588044632e-10
1.9459999999997752	5.786390255835272e-10
1.9469999999997794	5.81712455982597e-10
1.9479999999997837	5.849939421764816e-10
1.9489999999997878	5.884777110054529e-10
1.949999999999792	5.92157545220573e-10
1.950999999999796	5.960243409930399e-10
1.9519999999998003	6.000804297912055e-10
1.9529999999998044	6.0431726289778e-10
1.9539999999998086	6.087266246623813e-10
1.9549999999998127	6.133026309029788e-10
1.955999999999817	6.18043727307338e-10
1.956999999999821	6.229396998236325e-10
1.9579999999998252	6.27989771295745e-10
1.9589999999998293	6.331764001998863e-10
1.9599999999998337	6.385039164058526e-10
1.9609999999998378	6.439662136870083e-10
1.9619999999998419	6.49556186615996e-10
1.962999999999846	6.552642872748038e-10
1.9639999999998503	6.610840763698889e-10
1.9649999999998544	6.670124452767823e-10
1.9659999999998585	6.730437318580584e-10
1.9669999999998626	6.791678330841933e-10
1.9679999999998667	6.853813072638104e-10
1.968999999999871	6.916777151033671e-10
1.9699999999998752	6.98050284242413e-10
1.9709999999998793	7.044931304989177e-10
1.9719999999998834	7.110007027577581e-10
1.9729999999998877	7.175624539002001e-10
1.9739999999998918	7.241754973463799e-10
1.974999999999896	7.308339489142668e-10
1.9759999999999	7.375282606858491e-10
1.9769999999999044	7.442568783488923e-10
1.9779999999999085	7.510080335393354e-10
1.9789999999999126	7.577789506996169e-10
1.9799999999999167	7.645621913354717e-10
1.980999999999921	7.713513161533569e-10
1.9819999999999252	7.781385535921004e-10
1.9829999999999293	7.849211280941404e-10
1.9839999999999334	7.916898248083726e-10
1.9849999999999375	7.984385375081615e-10
1.9859999999999418	8.051614930337792e-10
1.986999999999946	8.118521410693802e-10
1.98799999999995	8.185045974329341e-10
1.9889999999999541	8.25112866920108e-10
1.9899999999999585	8.316709543265688e-10
1.9909999999999626	8.381723093364712e-10
1.9919999999999667	8.446104926562725e-10
1.9929999999999708	8.509808413492692e-10
1.9939999999999751	8.572751397650791e-10
1.9949999999999792	8.634922776806775e-10
1.9959999999999833	8.696228182003551e-10
1.9969999999999875	8.756610991866864e-10
1.9979999999999918	8.816020136137581e-10
1.998999999999996	8.874372348088855e-10
2.0	8.931670958389759e-10
2.0010279404845495	8.989372579648602e-10
2.0021217900815715	9.049352378553976e-10
2.0032857751923165	9.11152597815601e-10
2.004524391841744	9.17573683700823e-10
2.005842426366887	9.241722942476827e-10
2.007244970197923	9.3091823138991e-10
2.0087374418720856	9.377679743849399e-10
2.0103256076664273	9.446617932340473e-10
2.0120156028936726	9.515359611356189e-10
2.013813957200875	9.582956650433516e-10
2.0157276178435577	9.64843094308776e-10
2.0177639781367303	9.710455772804494e-10
2.019930905358886	9.767342490363262e-10
2.0222367711443985	9.81737136029892e-10
2.024690484011897	9.857725746797996e-10
2.027301523572695	9.886227392286173e-10
2.0300799770731848	9.89924142658083e-10
2.033036578410754	9.892441310555e-10
2.036182751117039	9.86176917905368e-10
2.039530649180409	9.802010314530207e-10
2.043093206833892	9.706612180693241e-10
2.046884188175661	9.568495995537774e-10
2.050918238233338	9.379469423365094e-10
2.0552109433735133	9.131005951346083e-10
2.059778886913171	8.812098828414605e-10
2.0646397170403086	8.412601726348612e-10
2.0698122132469665	7.921686639988934e-10
2.0753163565584574	7.323162076744438e-10
2.081173414838828	6.607584479567663e-10
2.0874060143976347	5.762453847424354e-10
2.094038234979271	4.77386463693108e-10
2.1010956980169606	3.6350977783428107e-10
2.1086056699538682	2.3370971824476783e-10
2.116597165034399	8.774392323829261e-11
2.125101056786564	-7.382472411165963e-11
2.1341501990307465	-2.495987860839932e-10
2.143779554474847	-4.3732817367470034e-10
2.1540263207146424	-6.334885949144109e-10
2.1649300857539027	-8.326588307738803e-10
2.1765329774064615	-1.0276686168708693e-09
2.1888798204423576	-1.2106735614025865e-09
2.2020183144046843	-1.3706622503661947e-09
2.2159992202680474	-1.497984847276257e-09
2.2308765524295735	-1.576570873851324e-09
2.246707783705272	-1.5962311472605961e-09
2.263554079768369	-1.5453232027340391e-09
2.2814805235907363	-1.4138881176961604e-09
2.3005563724108544	-1.196852172924423e-09
2.320855322320133	-8.948866092595154e-10
2.3424557929209753	-5.099070055081256e-10
2.3654412374910825	-6.374767380634694e-11
2.389900455657507	4.2318892834458666e-10
2.41592795027163	8.971186016282218e-10
2.44362426638729	1.2885644773419358e-09
2.473096411506492	1.4986518692694517e-09
2.5044582437089975	1.4387382396563453e-09
2.537830924630887	1.0725342836082064e-09
2.5733433911797423	4.433081679522388e-10
2.611132843166974	-2.824820377611559e-10
2.6513452603475027	-8.754321711990087e-10
2.6941360153529494	-1.1605185701313303e-09
2.739670418177515	-1.1040302005937974e-09
2.788124380079947	-8.081566527096129e-10
2.839685109337027	-4.2202885630615583e-10
2.894551789617174	-2.914690711008916e-11
2.9529364084026577	2.847809765782472e-10
3.0150645170164534	4.1864645083933283e-10
3.0811761422888653	2.792461817335834e-10
3.1515266965252042	-8.589196021091539e-11
3.226387989377641	-2.205293725410229e-10
3.30604919671757	-3.238764811896999e-11
3.39081811677136	4.209854687076131e-11
3.4810222154328754	-5.593459029284986e-11
3.577010018652917	2.4888646699139372e-11
3.6791523315125145	1.5635870376229377e-10
3.7878438030764574	4.88645790497344e-11
3.9035043177534527	2.80242495875882e-12
4.02658072998157	6.191425150348095e-11
4.157548527011607	-1.1657341758564144e-11
4.296913682346355	2.4892421457423097e-11
4.445214635465608	-7.380673849866071e-11
4.603024347307951	-1.4442846918427676e-10
4.770952424745148	-2.53648213544011e-11
4.9496476786701376	-7.582512395742924e-11
5.139800459354712	-1.443711816762061e-10
5.342145448462832	-1.1353495921184731e-10
5.557464321076707	3.211964028082548e-11
5.786588991858403	2.3486323996735337e-11
6.03040459644804	8.054579225813541e-11
6.289853138906711	1.4633838585353942e-10
6.565936951835777	-5.438316463823867e-12
6.859722633511745	3.049260843823731e-11
7.172345245053396	-9.35695965154082e-12
7.505012494394354	-5.6451510133115335e-11
7.859009576011049	8.132827744589122e-12
8.23570422033976	4.033573475226149e-11
8.636551628113326	-4.551536925134769e-11
9.063100564489073	-7.156408798891789e-11
9.516998831091398	2.166333779030083e-11
10.0	7.087774811509462e-11
