0.0	0.13904669764337807
0.0010000000000041087	0.13904669193199182
0.0020000000000082174	0.13904667651667846
0.003000000000012548	0.13904665232979163
0.004000000000016657	0.13904661948324482
0.005000000000020766	0.13904657627054096
0.006000000000024874	0.13904652431304532
0.007000000000029205	0.13904646255840292
0.008000000000033314	0.13904639124143248
0.009000000000037423	0.13904631103862153
0.010000000000041753	0.13904622098271646
0.011000000000045862	0.13904612133460958
0.01200000000004997	0.13904601232146052
0.01300000000005408	0.13904589370145237
0.01400000000005841	0.13904576630801224
0.015000000000062519	0.13904562916325736
0.016000000000066406	0.13904548195801059
0.017000000000070736	0.1390453259691612
0.018000000000074845	0.13904516045501303
0.019000000000078954	0.13904498496312645
0.020000000000083062	0.1390448005084982
0.021000000000087393	0.13904460645016792
0.022000000000091502	0.1390444028422647
0.02300000000009561	0.13904419029304638
0.02400000000009972	0.13904396734326452
0.02500000000010405	0.13904373572726914
0.02600000000010816	0.13904349447543707
0.027000000000112268	0.13904324322135386
0.0280000000001166	0.1390429828426376
0.029000000000120707	0.13904271352872555
0.030000000000124816	0.13904243424915996
0.031000000000128924	0.1390421455445432
0.032000000000133255	0.1390418474910341
0.033000000000137364	0.13904153949867826
0.03400000000014147	0.13904122254109408
0.0350000000001458	0.13904089641953354
0.03600000000014991	0.13904056026828104
0.03700000000015402	0.1390402147946681
0.03800000000015813	0.1390398599237873
0.03900000000016246	0.13903949570374297
0.04000000000016657	0.13903912153561548
0.04100000000017068	0.13903873813981982
0.04200000000017501	0.1390383455982498
0.04300000000017912	0.1390379434729928
0.044000000000183226	0.1390375318347793
0.045000000000187335	0.13903711036542377
0.046000000000191665	0.13903668014090043
0.04700000000019555	0.13903624031192807
0.04800000000019966	0.13903579030559954
0.04900000000020399	0.1390353313503041
0.0500000000002081	0.1390348628020699
0.05100000000021221	0.1390343847402019
0.05200000000021632	0.13903389779133768
0.05300000000022065	0.1390334010708557
0.05400000000022476	0.13903289439593358
0.055000000000228866	0.1390323789498331
0.0560000000002332	0.13903185371847104
0.057000000000237305	0.13903131862885376
0.058000000000241414	0.13903077489565896
0.05900000000024552	0.1390302213067388
0.060000000000249853	0.13902965794796707
0.06100000000025396	0.13902908584169849
0.06200000000025807	0.13902850372299214
0.0630000000002624	0.13902791228764388
0.06400000000026651	0.1390273115677404
0.06500000000027062	0.13902670126176953
0.06600000000027473	0.13902608122254145
0.06700000000027906	0.13902545171106828
0.06800000000028317	0.13902481326130267
0.06900000000028728	0.1390241654202825
0.0700000000002916	0.1390235072780207
0.07100000000029572	0.13902284045046365
0.07200000000029982	0.13902216402164513
0.07300000000030393	0.13902147765425854
0.07400000000030826	0.13902078240735005
0.07500000000031237	0.1390200776166186
0.07600000000031648	0.1390193628002454
0.07700000000032081	0.1390186391787961
0.0780000000003247	0.13901790588636387
0.07900000000032881	0.13901716309583023
0.08000000000033292	0.13901641099175166
0.08100000000033725	0.13901564925456733
0.08200000000034136	0.13901487813696467
0.08300000000034546	0.13901409757876926
0.0840000000003498	0.1390133076765444
0.0850000000003539	0.13901250818884836
0.08600000000035801	0.13901169927805834
0.08700000000036212	0.13901088075991375
0.08800000000036645	0.13901005283786672
0.08900000000037056	0.13900921532490562
0.09000000000037467	0.13900836895863566
0.091000000000379	0.1390075131385251
0.09200000000038311	0.13900664703641097
0.09300000000038722	0.13900577205619713
0.09400000000039133	0.1390048876419795
0.09500000000039566	0.13900399304051214
0.09600000000039977	0.13900308995849975
0.09700000000040387	0.13900217735410125
0.0980000000004082	0.13900125466409619
0.09900000000041231	0.13900032232207915
0.10000000000041642	0.1389993804224985
0.10100000000042053	0.13899842973606003
0.10200000000042486	0.13899747004644325
0.10300000000042897	0.13899650124380336
0.10400000000043308	0.138995522033994
0.10500000000043741	0.13899453271632012
0.10600000000044152	0.13899353500925704
0.10700000000044563	0.13899252755397573
0.10800000000044951	0.13899151071208948
0.10900000000045384	0.13899048453539642
0.11000000000045795	0.13898944806596503
0.11100000000046206	0.1389884029761319
0.1120000000004664	0.13898734860662842
0.1130000000004705	0.1389862843721018
0.11400000000047461	0.13898521063946434
0.11500000000047872	0.13898412757511436
0.11600000000048305	0.13898303505734022
0.11700000000048716	0.13898193311025142
0.11800000000049127	0.13898082169645853
0.1190000000004956	0.1389797008062037
0.12000000000049971	0.13897857046274442
0.12100000000050382	0.13897743073085667
0.12200000000050792	0.13897628151441654
0.12300000000051226	0.13897512286406477
0.12400000000051636	0.13897395475169327
0.12500000000052047	0.13897277718299716
0.1260000000005248	0.13897159021352212
0.1270000000005289	0.1389703937485849
0.12800000000053302	0.13896918786325851
0.12900000000053713	0.1389679725145816
0.13000000000054146	0.13896674772263962
0.13100000000054557	0.1389655134070522
0.13200000000054968	0.13896426931942352
0.133000000000554	0.13896301671333533
0.13400000000055812	0.13896175498346997
0.13500000000056223	0.13896048252187754
0.13600000000056633	0.1389592010505859
0.13700000000057067	0.13895791015656456
0.13800000000057477	0.1389566098406021
0.13900000000057866	0.13895529995005795
0.140000000000583	0.13895398104204804
0.1410000000005871	0.13895265213221786
0.1420000000005912	0.1389513142160539
0.14300000000059532	0.1389499664783881
0.14400000000059965	0.13894860972586898
0.14500000000060376	0.13894724350213095
0.14600000000060787	0.13894586739249515
0.1470000000006122	0.13894448198069553
0.1480000000006163	0.13894308735227923
0.14900000000062041	0.13894168307647525
0.15000000000062452	0.13894026952813376
0.15100000000062885	0.13893884635485787
0.15200000000063296	0.13893741387472347
0.15300000000063707	0.13893597191786888
0.1540000000006414	0.1389345206605307
0.1550000000006455	0.1389330598041666
0.15600000000064962	0.13893158959409746
0.15700000000065373	0.13893010994146404
0.15800000000065806	0.1389286209477838
0.15900000000066217	0.13892712245441696
0.16000000000066628	0.13892561451761765
0.16100000000067038	0.13892409713583254
0.16200000000067472	0.13892257011736675
0.16300000000067882	0.13892103355306107
0.16400000000068293	0.13891948800195797
0.16500000000068726	0.13891793297419364
0.16600000000069137	0.1389163685897219
0.16700000000069548	0.13891479454361577
0.1680000000006996	0.1389132111516349
0.16900000000070392	0.13891161789918305
0.1700000000007078	0.13891001548749338
0.17100000000071192	0.13890840391316162
0.17200000000071625	0.13890678275053137
0.17300000000072036	0.1389051518019977
0.17400000000072446	0.1389035125229251
0.17500000000072857	0.13890186358374712
0.1760000000007329	0.1389002042637444
0.177000000000737	0.13889853591997103
0.17800000000074112	0.13889685803876728
0.17900000000074545	0.13889517098263038
0.18000000000074956	0.1388934742234027
0.18100000000075367	0.1388917681204641
0.18200000000075778	0.13889005257814824
0.1830000000007621	0.1388883278708657
0.18400000000076622	0.13888659360805344
0.18500000000077033	0.1388848498895524
0.18600000000077466	0.13888309657356623
0.18700000000077877	0.13888133435778072
0.18800000000078287	0.13887956237023147
0.18900000000078698	0.13887778064854872
0.1900000000007913	0.13887598991608485
0.19100000000079542	0.13887418951153996
0.19200000000079953	0.13887237992187695
0.19300000000080386	0.13887056069086823
0.19400000000080797	0.1388687319604215
0.19500000000081208	0.1388668941439457
0.1960000000008162	0.1388650470003987
0.19700000000082052	0.13886319013683446
0.19800000000082463	0.1388613237914631
0.19900000000082874	0.13885944824071617
0.20000000000083307	0.1388575630793386
0.20100000000083695	0.13885566866410448
0.20200000000084106	0.13885376463024046
0.20300000000084517	0.13885185160122016
0.2040000000008495	0.13884992882440916
0.2050000000008536	0.13884799657349567
0.20600000000085772	0.13884605508850623
0.20700000000086205	0.1388441040280507
0.20800000000086616	0.13884214368811787
0.20900000000087027	0.13884017381685254
0.21000000000087438	0.1388381947302556
0.2110000000008787	0.13883620607800218
0.21200000000088282	0.13883420797232804
0.21300000000088692	0.13883220054451906
0.21400000000089126	0.13883018361230837
0.21500000000089536	0.13882815733455167
0.21600000000089947	0.13882612156066187
0.21700000000090358	0.13882407650688333
0.2180000000009079	0.13882202193442983
0.21900000000091202	0.13881995795371982
0.22000000000091613	0.13881788460855382
0.22100000000092046	0.13881580184646602
0.22200000000092457	0.13881370964221995
0.22300000000092868	0.13881160810595639
0.2240000000009328	0.13880949707230372
0.22500000000093712	0.13880737677783628
0.22600000000094123	0.13880524694534802
0.22700000000094533	0.13880310761977133
0.22800000000094967	0.13880095903444434
0.22900000000095377	0.13879880104189846
0.23000000000095788	0.1387966336388624
0.23100000000096177	0.13879445680697777
0.2320000000009661	0.1387922705538851
0.2330000000009702	0.13879007480078498
0.23400000000097432	0.13878786974739998
0.23500000000097865	0.13878565583913405
0.23600000000098276	0.13878343203558896
0.23700000000098687	0.13878119802443334
0.23800000000099097	0.13877895556220876
0.2390000000009953	0.13877670347289328
0.24000000000099941	0.1387744424360844
0.24100000000100352	0.13877217225916627
0.24200000000100785	0.13876989127993522
0.24300000000101196	0.13876760195620974
0.24400000000101607	0.13876530317708657
0.24500000000102018	0.13876299428824512
0.2460000000010245	0.13876067632636857
0.24700000000102862	0.13875834940271325
0.24800000000103273	0.13875601278490146
0.24900000000103706	0.13875366677152723
0.25000000000104117	0.13875131136151153
0.2510000000010453	0.13874894659320858
0.2520000000010494	0.13874657220693476
0.2530000000010537	0.1387441885642855
0.2540000000010578	0.13874179563390687
0.25500000000106193	0.13873939337489272
0.25600000000106626	0.13873698166942583
0.25700000000107037	0.13873456057827427
0.2580000000010745	0.1387321298716533
0.2590000000010786	0.13872969019410764
0.2600000000010829	0.13872724071934694
0.26100000000108703	0.13872478204905714
0.2620000000010909	0.13872231388404643
0.26300000000109525	0.13871983641064567
0.26400000000109936	0.13871734955207438
0.26500000000110346	0.13871485323883603
0.2660000000011076	0.13871234771812435
0.2670000000011119	0.13870983307771878
0.268000000001116	0.13870730846752344
0.2690000000011201	0.13870477412613758
0.27000000000112445	0.13870223092034895
0.27100000000112856	0.13869967899155877
0.27200000000113267	0.13869711793727524
0.2730000000011368	0.13869454637488599
0.2740000000011411	0.1386919649199776
0.2750000000011452	0.13868937540224335
0.2760000000011493	0.13868677601765755
0.27700000000115366	0.13868416654662286
0.27800000000115777	0.13868154892120088
0.2790000000011619	0.13867892154143102
0.280000000001166	0.13867628406060495
0.2810000000011703	0.1386736377152893
0.2820000000011744	0.1386709824533886
0.28300000000117853	0.13866831682262948
0.28400000000118286	0.13866564234817558
0.28500000000118697	0.1386629588961037
0.2860000000011911	0.13866026574718016
0.2870000000011952	0.13865756326350132
0.2880000000011995	0.1386548511577943
0.2890000000012036	0.13865212987687847
0.29000000000120774	0.13864939935738818
0.29100000000121207	0.1386466592334452
0.2920000000012162	0.1386439097918768
0.29300000000122006	0.13864115111731323
0.29400000000122417	0.13863838297271225
0.2950000000012285	0.13863560538243158
0.2960000000012326	0.13863281859045096
0.2970000000012367	0.13863002233221966
0.29800000000124083	0.13862721667906774
0.29900000000124516	0.13862440175769009
0.30000000000124927	0.13862157745260673
0.3010000000012534	0.13861874377805072
0.3020000000012577	0.13861590073351282
0.3030000000012618	0.1386130482664958
0.3040000000012659	0.1386101865578362
0.30500000000127003	0.13860731545345129
0.30600000000127436	0.13860443491411578
0.3070000000012785	0.13860154511720835
0.3080000000012826	0.13859864592606552
0.3090000000012869	0.13859573730455244
0.310000000001291	0.13859281945986512
0.31100000000129513	0.13858989222314289
0.31200000000129924	0.13858695559815382
0.31300000000130357	0.1385840095379528
0.3140000000013077	0.13858105418773092
0.3150000000013118	0.13857808956493978
0.3160000000013161	0.13857511553840207
0.3170000000013202	0.13857213221875986
0.31800000000132433	0.13856913947471128
0.31900000000132844	0.13856613724170974
0.3200000000013328	0.1385631259964799
0.3210000000013369	0.138560105218954
0.322000000001341	0.13855707486041158
0.3230000000013453	0.13855403557668478
0.3240000000013492	0.13855098684878064
0.3250000000013533	0.13854792835521212
0.3260000000013574	0.13854486110003283
0.32700000000136176	0.13854178444951193
0.32800000000136587	0.13853869788810924
0.32900000000137	0.13853560207797344
0.3300000000013743	0.138532497758329
0.3310000000013784	0.13852938320317787
0.3320000000013825	0.1385262593683757
0.33300000000138663	0.1385231270752033
0.33400000000139096	0.13851998455647396
0.33500000000139507	0.13851683300902584
0.3360000000013992	0.13851367224411493
0.3370000000014035	0.13851050140954224
0.3380000000014076	0.13850732209391692
0.3390000000014117	0.1385041334186038
0.34000000000141584	0.1385009349853501
0.34100000000142017	0.13849772729947918
0.3420000000014243	0.13849451018218883
0.3430000000014284	0.13849128419302525
0.3440000000014327	0.13848804848220386
0.3450000000014368	0.1384848033741859
0.34600000000144093	0.13848154934503976
0.34700000000144504	0.13847828548099217
0.34800000000144937	0.13847501283025299
0.3490000000014535	0.1384717305141714
0.3500000000014576	0.13846843883146276
0.3510000000014619	0.1384651381452262
0.35200000000146603	0.1384618278405776
0.35300000000147014	0.1384585082634331
0.35400000000147425	0.13845517944300167
0.35500000000147836	0.13845184125848098
0.35600000000148246	0.13844849376378865
0.3570000000014866	0.13844513694161142
0.3580000000014909	0.1384417707932556
0.359000000001495	0.1384383952823659
0.3600000000014991	0.1384350104634422
0.36100000000150323	0.1384316163260173
0.36200000000150756	0.13842821296649976
0.36300000000151167	0.13842480025665338
0.3640000000015158	0.13842137810089317
0.3650000000015201	0.13841794672767938
0.3660000000015242	0.1384145061342411
0.3670000000015283	0.1384110561414582
0.36800000000153243	0.13840759686736703
0.36900000000153677	0.13840412830827287
0.3700000000015409	0.13840065035727145
0.371000000001545	0.1383971631757912
0.3720000000015493	0.13839366645209117
0.3730000000015534	0.13839016097015056
0.37400000000155753	0.13838664555796099
0.37500000000156164	0.13838312110496565
0.37600000000156597	0.1383795867911315
0.3770000000015701	0.13837604425300665
0.3780000000015742	0.1383724916789303
0.3790000000015785	0.1383689300307922
0.3800000000015826	0.13836535911834913
0.38100000000158674	0.13836177887733847
0.38200000000159084	0.13835818959622737
0.3830000000015952	0.13835458999736705
0.3840000000015993	0.13835098258894185
0.3850000000016034	0.13834736469003062
0.3860000000016075	0.13834373787975462
0.3870000000016116	0.13834010166365096
0.3880000000016157	0.13833645612739298
0.38900000000161983	0.1383328015158074
0.39000000000162416	0.13832913756189802
0.39100000000162827	0.13832546458506823
0.3920000000016324	0.1383217818913668
0.3930000000016367	0.13831808989480088
0.3940000000016408	0.13831438858338596
0.3950000000016449	0.1383106784821817
0.39600000000164903	0.1383069592991114
0.39700000000165336	0.13830323008329937
0.3980000000016575	0.13829949153980392
0.3990000000016616	0.13829574389875576
0.4000000000016659	0.13829198683392896
0.40100000000167	0.13828822075158753
0.40200000000167413	0.13828444536782425
0.40300000000167824	0.13828066064723143
0.40400000000168257	0.13827686661673855
0.4050000000016867	0.13827306337853218
0.4060000000016908	0.1382692510430561
0.4070000000016951	0.13826542937582942
0.4080000000016992	0.13826159846183617
0.40900000000170333	0.1382577578417905
0.41000000000170744	0.13825390813721705
0.4110000000017118	0.13825004967824883
0.4120000000017159	0.13824617994445143
0.41300000000172	0.13824230393403436
0.4140000000017243	0.13823841716967733
0.41500000000172843	0.1382345196998206
0.41600000000173254	0.1382306158136466
0.4170000000017364	0.1382267009460194
0.41800000000174076	0.13822277705130892
0.41900000000174487	0.1382188439469486
0.420000000001749	0.13821490158864447
0.4210000000017533	0.13821094996712124
0.4220000000017574	0.13820698908263562
0.4230000000017615	0.13820301894133102
0.42400000000176563	0.13819903959117352
0.42500000000176996	0.13819505122746079
0.42600000000177407	0.13819105188716285
0.4270000000017782	0.1381870461192981
0.4280000000017825	0.13818302935046112
0.4290000000017866	0.13817900353445478
0.4300000000017907	0.13817496855400757
0.43100000000179484	0.13817092433837452
0.43200000000179917	0.1381668711929397
0.4330000000018033	0.13816280710943996
0.4340000000018074	0.13815873654410127
0.4350000000018115	0.13815465499888857
0.4360000000018158	0.13815056440299478
0.43700000000181993	0.13814646470195746
0.43800000000182404	0.1381423555498772
0.43900000000182837	0.1381382376424164
0.4400000000018325	0.1381341089328274
0.4410000000018366	0.13812997362245794
0.4420000000018407	0.13812582733342804
0.44300000000184503	0.13812167191339486
0.44400000000184914	0.13811750745871598
0.44500000000185325	0.13811333382317115
0.4460000000018576	0.138109150720376
0.4470000000018617	0.13810495856226035
0.4480000000018656	0.13810075718562176
0.4490000000018697	0.13809654643157576
0.450000000001874	0.13809232660004445
0.4510000000018781	0.13808809749510964
0.45200000000188223	0.13808385900270048
0.45300000000188656	0.13807961152678339
0.45400000000189067	0.13807535470642174
0.4550000000018948	0.1380710888339176
0.4560000000018989	0.13806681383564268
0.4570000000019032	0.13806252841543087
0.4580000000019073	0.13805823529819794
0.45900000000191143	0.13805393193460003
0.46000000000191577	0.13804961980758246
0.4610000000019199	0.13804529831596968
0.462000000001924	0.1380409676448443
0.4630000000019281	0.1380366277442786
0.4640000000019324	0.13803227864040601
0.46500000000193653	0.1380279202308411
0.46600000000194064	0.13802355258633037
0.46700000000194497	0.1380191757985696
0.4680000000019491	0.13801478977451032
0.4690000000019532	0.1380103945433675
0.4700000000019573	0.1380059900951658
0.4710000000019616	0.13800157643186384
0.47200000000196574	0.13799715355180553
0.47300000000196984	0.13799272145446406
0.4740000000019742	0.13798828014591225
0.4750000000019783	0.1379838296300041
0.4760000000019824	0.13797936990214366
0.4770000000019865	0.13797490093014675
0.47800000000199083	0.13797042278723215
0.4790000000019947	0.1379659355858649
0.48000000000199883	0.13796143912773529
0.48100000000200316	0.13795693344386872
0.48200000000200727	0.13795241843338457
0.4830000000020114	0.1379478943159691
0.4840000000020155	0.13794336101768256
0.4850000000020198	0.13793881876350467
0.4860000000020239	0.13793426537338405
0.48700000000202803	0.1379297058972382
0.48800000000203236	0.1379251354032518
0.4890000000020365	0.13792055595952668
0.4900000000020406	0.13791596737860357
0.4910000000020447	0.1379113696568397
0.492000000002049	0.13790676298594629
0.49300000000205313	0.13790214532760037
0.49400000000205724	0.13789752146086154
0.49500000000206157	0.13789288660858323
0.4960000000020657	0.13788824282453127
0.4970000000020698	0.13788358991943017
0.4980000000020739	0.1378789278562541
0.4990000000020782	0.1378742565600154
0.5000000000020823	0.13786957622352491
0.5010000000020864	0.13786488655232298
0.5020000000020908	0.13786018763976515
0.5030000000020949	0.13785547965838574
0.504000000002099	0.13785076247949568
0.5050000000021031	0.1378460361183036
0.5060000000021074	0.13784130057867205
0.5070000000021115	0.1378365558616652
0.5080000000021156	0.13783180196903255
0.50900000000212	0.13782703890160808
0.5100000000021239	0.1378222666583
0.511000000002128	0.1378174852345896
0.5120000000021321	0.13781269462018708
0.5130000000021364	0.1378078947726058
0.5140000000021405	0.13780308587441015
0.5150000000021446	0.13779826797446781
0.516000000002149	0.13779344078959022
0.5170000000021531	0.1377886042574421
0.5180000000021572	0.13778375861787595
0.5190000000021613	0.13777890395210612
0.5200000000021656	0.13777404001605364
0.5210000000021697	0.13776916715045529
0.5220000000021738	0.13776428483849434
0.5230000000021782	0.13775939328002873
0.5240000000021823	0.13775449283611962
0.5250000000021864	0.13774958306375384
0.5260000000021905	0.13774466419953724
0.5270000000021948	0.13773973618025626
0.5280000000021989	0.1377347990029567
0.529000000002203	0.13772985267835902
0.5300000000022074	0.13772489719891223
0.5310000000022115	0.13771993255780668
0.5320000000022156	0.13771495875073714
0.5330000000022197	0.13770997590518264
0.534000000002224	0.13770498399762476
0.5350000000022281	0.13769998215000034
0.5360000000022322	0.13769497227375804
0.5370000000022366	0.13768995261029948
0.5380000000022407	0.13768492420219158
0.5390000000022448	0.13767988660119146
0.5400000000022487	0.13767483947009918
0.541000000002253	0.13766978326244372
0.5420000000022571	0.13766471816500903
0.5430000000022612	0.13765964372408135
0.5440000000022656	0.13765456036344448
0.5450000000022697	0.13764946767186825
0.5460000000022738	0.13764436604216745
0.5470000000022779	0.1376392550924883
0.5480000000022822	0.1376341351121423
0.5490000000022863	0.13762900605395778
0.5500000000022904	0.13762386777907376
0.5510000000022948	0.137618720437934
0.5520000000022989	0.13761356400793678
0.553000000002303	0.13760839843994466
0.5540000000023071	0.13760322373026868
0.5550000000023114	0.13759803989203212
0.5560000000023155	0.13759284693474227
0.5570000000023196	0.13758764486258335
0.558000000002324	0.13758243367169753
0.5590000000023281	0.13757721335976103
0.5600000000023322	0.1375719839259515
0.5610000000023363	0.13756674536969504
0.5620000000023406	0.1375614976949432
0.5630000000023447	0.1375562409109211
0.5640000000023488	0.1375509750269931
0.5650000000023532	0.13754570003338362
0.5660000000023573	0.13754041592789445
0.5670000000023614	0.1375351227214382
0.5680000000023655	0.1375298204123271
0.5690000000023698	0.13752450899596913
0.5700000000023739	0.13751918847394562
0.5710000000023778	0.13751385884738188
0.5720000000023819	0.13750852012487236
0.5730000000023863	0.1375031723152086
0.5740000000023904	0.13749781541294404
0.5750000000023945	0.1374924494152059
0.5760000000023988	0.1374870743130857
0.5770000000024029	0.13748169008404731
0.578000000002407	0.13747629673195239
0.5790000000024111	0.13747089441055593
0.5800000000024155	0.13746548298877714
0.5810000000024196	0.13746006244454356
0.5820000000024237	0.13745463292520355
0.583000000002428	0.1374491944971088
0.5840000000024321	0.1374437465077889
0.5850000000024362	0.13743828949670234
0.5860000000024403	0.1374328235765413
0.5870000000024447	0.13742734847332838
0.5880000000024488	0.13742186438208936
0.5890000000024529	0.13741637121202643
0.5900000000024572	0.13741086893638332
0.5910000000024613	0.13740535760000738
0.5920000000024654	0.13739983718089666
0.5930000000024696	0.13739430768128558
0.5940000000024739	0.1373887691157888
0.595000000002478	0.137383221454504
0.5960000000024821	0.1373776647355619
0.5970000000024864	0.137372098927668
0.5980000000024905	0.13736652409120875
0.5990000000024946	0.13736094020071243
0.6000000000024988	0.1373553474408813
0.6010000000025031	0.13734974513900844
0.602000000002507	0.1373441339126925
0.6030000000025111	0.1373385138462686
0.6040000000025154	0.13733288453924275
0.6050000000025195	0.1373272463406755
0.6060000000025236	0.1373215989378751
0.6070000000025277	0.13731594262661395
0.6080000000025321	0.13731027712630528
0.6090000000025362	0.13730460266690026
0.6100000000025403	0.13729891906985903
0.6110000000025446	0.1372932265165685
0.6120000000025487	0.13728752494283314
0.6130000000025528	0.13728181429382402
0.614000000002557	0.13727609457609657
0.6150000000025613	0.13727036581003205
0.6160000000025654	0.13726462800096007
0.6170000000025695	0.13725888115192708
0.6180000000025738	0.13725312526486189
0.6190000000025779	0.13724736034250895
0.620000000002582	0.13724158638696615
0.6210000000025861	0.13723580339944474
0.6220000000025905	0.13723001137683233
0.6230000000025946	0.13722421032020515
0.6240000000025987	0.13721840022922216
0.625000000002603	0.13721258108762913
0.6260000000026071	0.13720675289733875
0.6270000000026112	0.13720091576693894
0.6280000000026154	0.13719506954855343
0.6290000000026197	0.13718921435587705
0.6300000000026238	0.13718335004817506
0.6310000000026279	0.1371774768148578
0.6320000000026322	0.13717159448602445
0.6330000000026361	0.13716570316539345
0.6340000000026402	0.1371598028200448
0.6350000000026443	0.1371538934784664
0.6360000000026487	0.13714797510782062
0.6370000000026528	0.13714204774789485
0.6380000000026569	0.13713611135604187
0.6390000000026612	0.13713016598408234
0.6400000000026653	0.13712421163570943
0.6410000000026694	0.1371182484188851
0.6420000000026735	0.13711227617016142
0.6430000000026779	0.1371062941677086
0.644000000002682	0.1371003040150317
0.6450000000026861	0.13709430485759055
0.6460000000026904	0.13708829622487007
0.6470000000026945	0.13708227875606693
0.6480000000026986	0.13707625236765364
0.6490000000027027	0.13707021699854938
0.6500000000027071	0.13706417286897388
0.6510000000027112	0.13705811923388211
0.6520000000027153	0.13705205670374343
0.6530000000027196	0.137045985426286
0.6540000000027237	0.13703990497415108
0.6550000000027278	0.13703381570905848
0.656000000002732	0.13702771729105634
0.6570000000027363	0.13702161003805224
0.6580000000027404	0.13701549365237675
0.6590000000027445	0.13700936841521238
0.6600000000027488	0.13700323406953097
0.6610000000027529	0.13699709085451484
0.662000000002757	0.13699093855438327
0.6630000000027612	0.13698477735570647
0.6640000000027653	0.13697860707832543
0.6650000000027694	0.13697242800709475
0.6660000000027735	0.13696623982539557
0.6670000000027778	0.1369600426948111
0.6680000000027819	0.13695383663641691
0.669000000002786	0.1369476215726837
0.6700000000027901	0.13694139756933832
0.6710000000027945	0.13693516459235044
0.6720000000027986	0.13692892266797607
0.6730000000028027	0.13692267174889183
0.674000000002807	0.13691641188857417
0.6750000000028111	0.1369101430874664
0.6760000000028152	0.13690386531352172
0.6770000000028193	0.13689757859938934
0.6780000000028237	0.1368912829107971
0.6790000000028278	0.136884978318637
0.6800000000028319	0.13687866481740574
0.6810000000028362	0.13687234214565347
0.6820000000028403	0.1368660108299391
0.6830000000028444	0.136859670293066
0.6840000000028486	0.1368533210443832
0.6850000000028529	0.1368469626384492
0.686000000002857	0.13684059552270378
0.6870000000028611	0.1368342191841494
0.6880000000028654	0.13682783423212574
0.6890000000028695	0.13682144007603314
0.6900000000028736	0.13681503720988986
0.6910000000028778	0.1368086251775078
0.6920000000028821	0.13680220448550307
0.6930000000028862	0.13679577464871895
0.6940000000028901	0.13678933579502062
0.6950000000028944	0.13678288811014616
0.6960000000028985	0.13677643160643893
0.6970000000029026	0.13676996609360248
0.6980000000029067	0.13676349150072964
0.6990000000029111	0.13675700801738655
0.7000000000029152	0.136750515811213
0.7010000000029193	0.13674401446121198
0.7020000000029236	0.13673750442668997
0.7030000000029277	0.13673098527878547
0.7040000000029318	0.13672445735169325
0.705000000002936	0.13671792046743203
0.7060000000029403	0.13671137466422256
0.7070000000029444	0.1367048199489529
0.7080000000029485	0.13669825633582633
0.7090000000029526	0.13669168381706343
0.7100000000029569	0.13668510241786258
0.711000000002961	0.1366785121037596
0.7120000000029651	0.13667191289444558
0.7130000000029695	0.13666530480151096
0.7140000000029736	0.13665868776925594
0.7150000000029777	0.1366520618584901
0.7160000000029818	0.13664542704571425
0.7170000000029861	0.13663878339586688
0.7180000000029902	0.13663213076944059
0.7190000000029944	0.1366254694077086
0.7200000000029987	0.13661879883171824
0.7210000000030028	0.13661211968773523
0.7220000000030069	0.1366054316197639
0.723000000003011	0.1365987343656342
0.7240000000030153	0.13659202854254815
0.7250000000030195	0.13658531372010674
0.7260000000030233	0.1365785900772174
0.7270000000030277	0.13657185775091674
0.7280000000030318	0.13656511605388677
0.7290000000030359	0.13655836571429047
0.73000000000304	0.13655160648439835
0.7310000000030443	0.13654483838654052
0.7320000000030484	0.13653806167387483
0.7330000000030525	0.1365312757260475
0.7340000000030569	0.1365244808952788
0.735000000003061	0.13651767729948383
0.7360000000030651	0.13651086488072772
0.7370000000030692	0.13650404357589663
0.7380000000030735	0.13649721338916243
0.7390000000030776	0.13649037437488754
0.7400000000030817	0.13648352651809714
0.7410000000030861	0.13647666988460738
0.7420000000030902	0.13646980435325817
0.7430000000030943	0.136462929925936
0.7440000000030984	0.1364560466448772
0.7450000000031027	0.13644915454286444
0.7460000000031068	0.13644225358415973
0.747000000003111	0.13643534377491973
0.7480000000031153	0.13642842511420494
0.7490000000031194	0.13642149759016897
0.7500000000031235	0.13641456119450734
0.7510000000031276	0.13640761610789598
0.7520000000031319	0.13640066202471046
0.753000000003136	0.1363936991353406
0.7540000000031402	0.13638672738987279
0.7550000000031445	0.13637974677256415
0.7560000000031484	0.13637275743660804
0.7570000000031525	0.13636575919989813
0.7580000000031566	0.13635875226280247
0.7590000000031609	0.13635173669880052
0.760000000003165	0.13634471182533514
0.7610000000031691	0.13633767818961084
0.7620000000031735	0.13633063587803274
0.7630000000031776	0.1363235846832065
0.7640000000031817	0.13631652500324165
0.7650000000031858	0.13630945555275054
0.7660000000031901	0.13630237836241865
0.7670000000031942	0.13629529186042166
0.7680000000031983	0.1362881968271068
0.7690000000032027	0.136281092960559
0.7700000000032068	0.1362739798541942
0.7710000000032109	0.13626685800733251
0.772000000003215	0.13625972751945192
0.7730000000032193	0.13625258826611475
0.7740000000032234	0.1362454404600727
0.7750000000032276	0.1362382831708695
0.7760000000032319	0.1362311177932246
0.777000000003236	0.1362239431818898
0.7780000000032401	0.136216759930038
0.7790000000032442	0.13620956788747884
0.7800000000032485	0.13620236704126287
0.7810000000032526	0.13619515740146426
0.7820000000032568	0.13618793899758408
0.7830000000032611	0.13618071177013513
0.7840000000032652	0.13617347569063187
0.7850000000032693	0.1361662311075238
0.7860000000032734	0.1361589774706775
0.7870000000032777	0.13615171507772916
0.7880000000032816	0.13614444426961925
0.7890000000032857	0.13613716290426048
0.7900000000032901	0.13612987559564327
0.7910000000032942	0.13612257780649029
0.7920000000032983	0.13611527190977868
0.7930000000033024	0.13610795662631459
0.7940000000033067	0.13610063235436565
0.7950000000033108	0.13609330027478994
0.796000000003315	0.13608595928002654
0.7970000000033193	0.13607860891795576
0.7980000000033234	0.13607125004325105
0.7990000000033275	0.13606388242824008
0.8000000000033316	0.13605650612660658
0.8010000000033359	0.13604912132900737
0.80200000000334	0.13604172714442486
0.8030000000033441	0.1360343241280647
0.8040000000033485	0.13602691257032362
0.8050000000033526	0.13601949263126367
0.8060000000033567	0.13601206446116543
0.8070000000033608	0.13600462642799305
0.8080000000033651	0.13599718004499795
0.8090000000033692	0.13598972506257812
0.8100000000033734	0.13598226111244693
0.8110000000033777	0.13597478876252023
0.8120000000033818	0.13596730741563
0.8130000000033859	0.1359598175770137
0.81400000000339	0.13595231752308112
0.8150000000033943	0.13594481124449376
0.8160000000033985	0.13593729473248772
0.8170000000034026	0.13592976976398097
0.8180000000034067	0.13592223633727563
0.8190000000034108	0.1359146928152395
0.8200000000034149	0.13590714288750905
0.821000000003419	0.13589958248671763
0.8220000000034233	0.13589201379034677
0.8230000000034274	0.13588443629713465
0.8240000000034315	0.13587685007736394
0.8250000000034359	0.13586925600418642
0.82600000000344	0.1358616522139917
0.8270000000034441	0.1358540399124626
0.8280000000034482	0.13584641908652673
0.8290000000034525	0.1358387895341675
0.8300000000034566	0.13583115119487266
0.8310000000034607	0.1358235041959217
0.8320000000034651	0.13581584849945672
0.8330000000034692	0.13580818409790485
0.8340000000034733	0.13580051095409262
0.8350000000034774	0.13579282919043112
0.8360000000034817	0.13578513870145892
0.8370000000034858	0.1357774394822755
0.83800000000349	0.13576973161825356
0.8390000000034943	0.1357620150514789
0.8400000000034984	0.13575428977551107
0.8410000000035025	0.1357465557808729
0.8420000000035066	0.1357388131512175
0.8430000000035109	0.13573106183948647
0.844000000003515	0.13572330184173365
0.8450000000035192	0.13571553317870177
0.8460000000035233	0.13570775588652695
0.8470000000035276	0.13569996978250554
0.8480000000035317	0.13569217513479448
0.8490000000035356	0.13568437188728855
0.8500000000035399	0.13567655950936597
0.851000000003544	0.13566873906500743
0.8520000000035481	0.135660909736238
0.8530000000035523	0.13565307186983566
0.8540000000035566	0.13564522516175959
0.8550000000035607	0.13563736968238715
0.8560000000035648	0.13562950546086383
0.8570000000035691	0.13562163267172822
0.8580000000035732	0.13561375147804466
0.8590000000035773	0.13560586143427522
0.8600000000035815	0.13559796277525415
0.8610000000035858	0.13559005549036351
0.8620000000035899	0.1355821395203487
0.863000000003594	0.13557421476706888
0.8640000000035983	0.13556628165697548
0.8650000000036024	0.13555834018783963
0.8660000000036066	0.13555038951015652
0.8670000000036107	0.13554243002246258
0.868000000003615	0.13553446265970037
0.8690000000036191	0.135526486082736
0.8700000000036232	0.1355185010816401
0.8710000000036275	0.13551050756490746
0.8720000000036316	0.13550250498078065
0.8730000000036358	0.13549449375221778
0.8740000000036399	0.13548647452287677
0.8750000000036442	0.13547844633878925
0.8760000000036483	0.13547040959136925
0.8770000000036524	0.13546236367043862
0.8780000000036567	0.1354543096363927
0.8790000000036609	0.135446247076068
0.8800000000036647	0.13543817590005092
0.8810000000036688	0.13543009575882425
0.8820000000036732	0.1354220074085204
0.8830000000036773	0.13541391021270432
0.8840000000036814	0.13540580450186313
0.8850000000036857	0.13539769013371372
0.8860000000036898	0.13538956724237616
0.887000000003694	0.13538143581302742
0.888000000003698	0.13537329562146572
0.8890000000037024	0.13536514685825296
0.8900000000037065	0.1353569895326192
0.8910000000037106	0.1353488236644237
0.8920000000037149	0.13534064910144938
0.893000000003719	0.13533246599508497
0.8940000000037231	0.13532427440826966
0.8950000000037273	0.1353160740612761
0.8960000000037316	0.13530786548697094
0.8970000000037357	0.13529964812225248
0.8980000000037398	0.1352914215474852
0.8990000000037441	0.13528318717641552
0.9000000000037482	0.13527494420496589
0.9010000000037524	0.13526669225477794
0.9020000000037565	0.1352584318776089
0.9030000000037608	0.13525016311454063
0.9040000000037649	0.13524188525523806
0.905000000003769	0.1352335992218323
0.9060000000037733	0.13522530474255035
0.9070000000037775	0.13521700167912254
0.9080000000037816	0.1352086899264331
0.9090000000037857	0.13520036951285574
0.91000000000379	0.1351920406634045
0.9110000000037939	0.1351837033428297
0.912000000003798	0.13517535749978693
0.9130000000038023	0.1351670028390367
0.9140000000038064	0.13515863992867638
0.9150000000038105	0.1351502682831759
0.9160000000038147	0.13514188816929973
0.917000000003819	0.13513349957665033
0.9180000000038231	0.13512510227321217
0.9190000000038272	0.13511669645528457
0.9200000000038315	0.13510828225909488
0.9210000000038356	0.13509985909556843
0.9220000000038397	0.135091428093692
0.9230000000038439	0.13508298785187145
0.9240000000038482	0.13507453941740777
0.9250000000038523	0.135066082489549
0.9260000000038564	0.13505761715854026
0.9270000000038607	0.13504914306946836
0.9280000000038648	0.13504066080440558
0.929000000003869	0.13503216947248176
0.9300000000038731	0.1350236699815235
0.9310000000038774	0.13501516190955254
0.9320000000038815	0.13500664528812456
0.9330000000038856	0.1349981201056616
0.9340000000038899	0.1349895864315861
0.935000000003894	0.13498104401687905
0.9360000000038982	0.1349724937220218
0.9370000000039023	0.1349639346426177
0.9380000000039066	0.13495536694857024
0.9390000000039107	0.1349467907193278
0.9400000000039148	0.13493820608474483
0.9410000000039191	0.13492961271790305
0.942000000003923	0.13492101135593537
0.9430000000039271	0.13491240104165858
0.9440000000039312	0.13490378247226564
0.9450000000039356	0.13489515523553486
0.9460000000039397	0.13488651966188503
0.9470000000039438	0.1348778755976192
0.9480000000039481	0.13486922330587214
0.9490000000039522	0.13486056079612885
0.9500000000039563	0.1348518927750607
0.9510000000039605	0.13484321444161074
0.9520000000039648	0.1348345277975257
0.9530000000039689	0.13482583277791094
0.954000000003973	0.13481712979778526
0.9550000000039773	0.134808417773294
0.9560000000039814	0.1347996969469214
0.9570000000039856	0.1347909687504506
0.9580000000039897	0.1347822304510755
0.959000000003994	0.13477348588278115
0.9600000000039981	0.13476473041734294
0.9610000000040022	0.134755968755086
0.9620000000040065	0.13474719753510045
0.9630000000040106	0.1347384180042943
0.9640000000040148	0.13472962932918653
0.9650000000040189	0.134720833606511
0.9660000000040232	0.13471202827801732
0.9670000000040273	0.13470321526040308
0.9680000000040314	0.13469439370033132
0.9690000000040357	0.1346855619328413
0.9700000000040399	0.13467672458445945
0.9710000000040437	0.13466787715674344
0.9720000000040478	0.1346590216702377
0.9730000000040522	0.13465015797795166
0.9740000000040563	0.1346412841564909
0.9750000000040604	0.1346324046807661
0.9760000000040647	0.13462351515844562
0.9770000000040688	0.13461461746826053
0.978000000004073	0.13460571164785773
0.979000000004077	0.13459679569277516
0.9800000000040812	0.13458787420678098
0.9810000000040855	0.13457894252984082
0.9820000000040896	0.1345700027044654
0.9830000000040937	0.13456105452606226
0.984000000004098	0.13455209829107295
0.9850000000041004	0.13454313316314415
0.9860000000041018	0.1345341594892997
0.987000000004103	0.13452517817199328
0.9880000000041045	0.13451618768236073
0.9890000000041059	0.13450718778968562
0.9900000000041072	0.13449818249455947
0.9910000000041086	0.1344891658547005
0.99200000000411	0.13448014304610656
0.9930000000041115	0.13447111019381675
0.9940000000041127	0.13446206991595122
0.9950000000041141	0.13445302122579028
0.9960000000041156	0.1344439632814517
0.997000000004117	0.13443489762075822
0.9980000000041185	0.13442582387477509
0.9990000000041197	0.13441674123278446
1.0000000000041211	0.13440765046430247
1.001000000004117	0.13439855125863853
1.002000000004113	0.13438944338671877
1.0030000000041086	0.134380327586475
1.0040000000041045	0.13437120309326167
1.0050000000041002	0.13436207020063595
1.006000000004096	0.13435292937143484
1.007000000004092	0.1343437798742244
1.0080000000040878	0.13433462204985192
1.0090000000040837	0.13432545582786992
1.0100000000040794	0.13431628138478358
1.0110000000040753	0.1343070985585455
1.012000000004071	0.13429790735565617
1.0130000000040669	0.13428870777882962
1.0140000000040628	0.13427949992432597
1.0150000000040587	0.1342702836670654
1.0160000000040534	0.1342610590554555
1.0170000000040464	0.13425182605928576
1.0180000000040397	0.13424258481014317
1.0190000000040325	0.1342333351412126
1.0200000000040257	0.13422407731405706
1.021000000004019	0.13421481133365498
1.0220000000040117	0.13420553651630907
1.023000000004005	0.13419625316484762
1.0240000000039977	0.13418696250336748
1.025000000003991	0.13417766276495802
1.026000000003984	0.13416835482848755
1.027000000003977	0.1341590385800786
1.0280000000039702	0.1341497140602501
1.0290000000039632	0.13414038151309882
1.0300000000039562	0.13413104000510623
1.0310000000039494	0.13412169025505327
1.0320000000039424	0.13411233272511902
1.0330000000039354	0.13410296657372967
1.0340000000039287	0.1340935922353914
1.0350000000039217	0.1340842095701711
1.0360000000039147	0.1340748186428432
1.0370000000039077	0.13406541921283244
1.0380000000039007	0.1340560117179156
1.039000000003894	0.1340465958398004
1.0400000000038867	0.13403717157851125
1.04100000000388	0.13402773926854095
1.0420000000038732	0.13401829845786195
1.043000000003866	0.1340088493603403
1.0440000000038592	0.13399939204231381
1.0450000000038522	0.13398992650250274
1.0460000000038452	0.13398045263773561
1.0470000000038384	0.13397097044789308
1.0480000000038314	0.13396148021537657
1.0490000000038244	0.13395198147764642
1.0500000000038174	0.13394247482758004
1.0510000000038104	0.13393295937308425
1.0520000000038037	0.1339234358810666
1.0530000000037967	0.13391390413572046
1.0540000000037897	0.13390436416495521
1.055000000003783	0.13389481610251697
1.056000000003776	0.13388525886484004
1.057000000003769	0.13387569459799353
1.0580000000037622	0.13386612169173973
1.059000000003755	0.13385653999988212
1.0600000000037482	0.13384695065675534
1.0610000000037412	0.1338373529298995
1.0620000000037342	0.13382774696567945
1.0630000000037274	0.13381813300049084
1.0640000000037202	0.1338085090958656
1.0650000000037134	0.1337988798563492
1.0660000000037064	0.13378924090226363
1.0670000000036994	0.13377959228705505
1.0680000000036927	0.13376993827434147
1.0690000000036857	0.1337602743515719
1.0700000000036787	0.13375060240981695
1.071000000003672	0.1337409223167738
1.072000000003665	0.13373123371093287
1.073000000003658	0.13372153714569757
1.0740000000036511	0.13371183297841283
1.075000000003644	0.13370211979255608
1.0760000000036372	0.13369239826368307
1.0770000000036304	0.13368266958099928
1.0780000000036232	0.13367293161995986
1.0790000000036164	0.13366318519739262
1.0800000000036092	0.13365343145162112
1.0810000000036024	0.13364366929014804
1.0820000000035954	0.13363389910133683
1.0830000000035884	0.13362412096718934
1.0840000000035817	0.13361433370678577
1.0850000000035747	0.13360453935845618
1.0860000000035677	0.1335947348849602
1.087000000003561	0.13358492427170332
1.088000000003554	0.13357510535167028
1.089000000003547	0.13356527745664004
1.0900000000035401	0.13355544030760536
1.091000000003533	0.13354559747911765
1.0920000000035262	0.13353574521137324
1.0930000000035192	0.13352588371524932
1.0940000000035122	0.1335160162090938
1.0950000000035054	0.1335061394627468
1.0960000000034982	0.1334962536372154
1.0970000000034914	0.13348636115868584
1.0980000000034844	0.13347645977013434
1.0990000000034774	0.1334665499993044
1.1000000000034706	0.13345663303900546
1.1010000000034637	0.1334467069625187
1.1020000000034567	0.13343677309235968
1.1030000000034499	0.13342683102556196
1.104000000003443	0.13341688078916003
1.105000000003436	0.13340692243011076
1.106000000003429	0.13339695589499367
1.107000000003422	0.1333869813264985
1.1080000000034151	0.13337699855642493
1.1090000000034081	0.13336700766487697
1.1100000000034012	0.1333570086390785
1.1110000000033944	0.13334700152144863
1.1120000000033872	0.1333369862438838
1.1130000000033804	0.13332696287966583
1.1140000000033736	0.1333169312946092
1.1150000000033664	0.1333068916454192
1.1160000000033596	0.13329684398970365
1.1170000000033526	0.13328678807491978
1.1180000000033457	0.13327672384534484
1.1190000000033387	0.13326665204178978
1.1200000000033317	0.1332565720404868
1.121000000003325	0.13324648365658986
1.122000000003318	0.13323638672884386
1.123000000003311	0.133226282289303
1.1240000000033041	0.1332161695191687
1.1250000000032971	0.13320604869361674
1.1260000000032901	0.13319591979526835
1.1270000000032834	0.13318578281571358
1.1280000000032764	0.1331756377188904
1.1290000000032694	0.13316548455115718
1.1300000000032626	0.13315532334733016
1.1310000000032554	0.1331451540451224
1.1320000000032486	0.13313497662630414
1.1330000000032414	0.13312479115251963
1.1340000000032346	0.13311459766822642
1.1350000000032279	0.13310439597014323
1.1360000000032207	0.133094186315599
1.1370000000032139	0.1330839685860683
1.138000000003207	0.13307374253476423
1.1390000000032	0.1330635087494133
1.1400000000031931	0.13305326710816456
1.1410000000031861	0.13304301688770392
1.1420000000031791	0.13303275835963002
1.1430000000031724	0.13302249284076584
1.1440000000031654	0.13301221871179236
1.1450000000031584	0.13300193554779216
1.1460000000031516	0.13299164493697346
1.1470000000031444	0.13298134679848772
1.1480000000031376	0.13297104053471775
1.1490000000031304	0.13296072605443798
1.1500000000031236	0.13295040362168264
1.1510000000031169	0.13294007302714905
1.1520000000031096	0.13292973447712164
1.1530000000031029	0.13291938793124047
1.1540000000030959	0.13290903338450555
1.155000000003089	0.13289867051990656
1.1560000000030821	0.13288830013091912
1.1570000000030751	0.13287792123218467
1.1580000000030681	0.1328675344426058
1.1590000000030614	0.13285713965425805
1.1600000000030544	0.1328467368295383
1.1610000000030474	0.13283632633186204
1.1620000000030404	0.1328259071700124
1.1630000000030334	0.13281548026745815
1.1640000000030266	0.1328050453852474
1.1650000000030196	0.1327946024376725
1.1660000000030126	0.13278415164018642
1.1670000000030059	0.13277369280064333
1.1680000000029986	0.13276322583734435
1.1690000000029919	0.13275275104705986
1.1700000000029849	0.13274226821735413
1.1710000000029779	0.1327317773779939
1.172000000002971	0.13272127858405725
1.1730000000029641	0.1327107716599616
1.1740000000029571	0.13270025684109643
1.1750000000029501	0.1326897335785453
1.1760000000029431	0.13267920355081408
1.1770000000029364	0.1326686644833942
1.1780000000029294	0.13265811774438097
1.1790000000029224	0.13264756302053227
1.1800000000029156	0.1326370003550974
1.1810000000029086	0.13262642974535177
1.1820000000029016	0.13261585130560016
1.1830000000028948	0.13260526474801104
1.1840000000028876	0.1325946702250712
1.1850000000028809	0.1325840676942508
1.186000000002874	0.1325734569564624
1.1870000000028669	0.13256283872691643
1.18800000000286	0.13255221228060676
1.1890000000028529	0.13254157797618082
1.1900000000028461	0.13253093569861996
1.1910000000028391	0.13252028552529216
1.1920000000028321	0.13250962745877803
1.1930000000028254	0.13249896138548034
1.1940000000028184	0.13248828731969187
1.1950000000028114	0.13247760541547748
1.1960000000028046	0.13246691561344814
1.1970000000027976	0.1324562177240063
1.1980000000027906	0.13244551201960053
1.1990000000027838	0.13243479847376605
1.2000000000027768	0.13242407679188972
1.2010000000027699	0.13241334729414878
1.2020000000027629	0.1324026102869984
1.2030000000027559	0.13239186469867503
1.204000000002749	0.13238111121106622
1.2050000000027419	0.13237035076517745
1.206000000002735	0.13235958110779966
1.2070000000027283	0.13234880383491632
1.2080000000027211	0.13233801907754117
1.2090000000027143	0.13232722632248106
1.2100000000027074	0.13231642582324543
1.2110000000027004	0.1323056171750201
1.2120000000026936	0.13229480080218547
1.2130000000026866	0.13228397651928747
1.2140000000026796	0.1322731444377777
1.2150000000026726	0.13226230447334097
1.2160000000026656	0.13225145587687226
1.2170000000026588	0.13224060026809503
1.2180000000026519	0.132229736710068
1.2190000000026449	0.13221886508745073
1.220000000002638	0.13220798559391378
1.2210000000026309	0.13219709820419023
1.222000000002624	0.13218620291227579
1.2230000000026173	0.13217529961865104
1.2240000000026101	0.1321643885539584
1.2250000000026033	0.13215346989249022
1.2260000000025963	0.1321425431562031
1.2270000000025894	0.1321316086012153
1.2280000000025826	0.1321206662570633
1.2290000000025754	0.132109716053609
1.2300000000025686	0.1320987579474442
1.2310000000025616	0.13208779194095088
1.2320000000025546	0.13207681816581285
1.2330000000025478	0.13206583660479998
1.2340000000025408	0.13205484701859116
1.2350000000025338	0.1320438498054154
1.236000000002527	0.13203284473564425
1.23700000000252	0.13202183149918278
1.238000000002513	0.1320108107261373
1.2390000000025063	0.13199978264231105
1.240000000002499	0.13198874633890378
1.2410000000024923	0.1319777013091622
1.2420000000024853	0.13196664876496622
1.2430000000024783	0.13195558922603046
1.2440000000024716	0.131944521607949
1.2450000000024644	0.13193344609013513
1.2460000000024576	0.13192236285943404
1.2470000000024506	0.13191127191961283
1.2480000000024436	0.1319001729899264
1.2490000000024368	0.13188906609948903
1.2500000000024298	0.131877951490875
1.2510000000024228	0.13186682902851465
1.252000000002416	0.1318556989262376
1.253000000002409	0.1318445610566179
1.254000000002402	0.13183341538321447
1.2550000000023953	0.13182226193513602
1.256000000002388	0.13181110056497025
1.2570000000023813	0.13179993158491565
1.2580000000023743	0.1317887548169342
1.2590000000023673	0.13177757000645718
1.2600000000023606	0.13176637774931055
1.2610000000023533	0.13175517763193878
1.2620000000023466	0.13174396951198453
1.2630000000023396	0.13173275393139716
1.2640000000023326	0.13172153048591628
1.2650000000023258	0.13171029957502634
1.2660000000023188	0.13169906037586288
1.2670000000023118	0.13168781360771253
1.268000000002305	0.1316765592541047
1.269000000002298	0.13166529663408677
1.270000000002291	0.13165402699789341
1.271000000002284	0.13164274942396104
1.272000000002277	0.13163146354090782
1.2730000000022703	0.13162017048863273
1.2740000000022633	0.13160886956580553
1.2750000000022563	0.13159756081657492
1.2760000000022496	0.13158624446794354
1.2770000000022423	0.13157492033156282
1.2780000000022356	0.1315635883392967
1.2790000000022288	0.1315522490789398
1.2800000000022216	0.13154090106400407
1.2810000000022148	0.13152954645172332
1.2820000000022078	0.13151818386307212
1.2830000000022008	0.1315068133829167
1.2840000000021938	0.1314954344646152
1.2850000000021868	0.13148404894894516
1.28600000000218	0.13147265539958775
1.287000000002173	0.13146125409236076
1.288000000002166	0.1314498450992877
1.2890000000021593	0.13143842844646358
1.2900000000021523	0.1314270040372556
1.2910000000021453	0.13141557195908615
1.2920000000021385	0.13140413211836066
1.2930000000021313	0.13139268474647414
1.2940000000021246	0.13138122954887188
1.2950000000021178	0.13136976700784775
1.2960000000021106	0.13135829631859863
1.2970000000021038	0.13134681801544235
1.2980000000020966	0.13133533230737926
1.2990000000020898	0.13132383834530947
1.3000000000020828	0.1313123373937719
1.3010000000020758	0.1313008287263856
1.302000000002069	0.13128931188678838
1.303000000002062	0.13127778678994162
1.304000000002055	0.13126625572151873
1.3050000000020483	0.1312547164358715
1.3060000000020413	0.1312431689895439
1.3070000000020343	0.13123161434605723
1.3080000000020275	0.1312200518565243
1.3090000000020205	0.13120848174417932
1.3100000000020136	0.1311969037818661
1.3110000000020068	0.13118531832315639
1.3120000000019996	0.13117372518202164
1.3130000000019928	0.1311621244322123
1.3140000000019856	0.13115051612358353
1.3150000000019788	0.13113890021390073
1.316000000001972	0.1311272765849827
1.3170000000019648	0.13111564530119346
1.318000000001958	0.13110400654087284
1.319000000001951	0.1310923601427889
1.320000000001944	0.13108070611221434
1.3210000000019373	0.1310690443239494
1.3220000000019303	0.1310573745886403
1.3230000000019233	0.13104569737586835
1.3240000000019165	0.1310340130432337
1.3250000000019095	0.1310223210257493
1.3260000000019025	0.1310106213461002
1.3270000000018956	0.13099891401202735
1.3280000000018886	0.13098719903752698
1.3290000000018818	0.13097547662285003
1.3300000000018748	0.13096374654521503
1.3310000000018678	0.13095200910130822
1.332000000001861	0.1309402635930087
1.3330000000018538	0.13092851061605248
1.334000000001847	0.1309167504378409
1.33500000000184	0.13090498204187684
1.336000000001833	0.1308932063577073
1.3370000000018263	0.13088142313772821
1.3380000000018193	0.13086963232778537
1.3390000000018123	0.1308578343338167
1.3400000000018053	0.1308460272734544
1.3410000000017983	0.13083421482661584
1.3420000000017915	0.1308223938628702
1.3430000000017845	0.1308105646816865
1.3440000000017776	0.13079872892757227
1.3450000000017708	0.1307868849333853
1.3460000000017638	0.1307750334641965
1.3470000000017568	0.13076317469139787
1.34800000000175	0.130751308426438
1.3490000000017428	0.13073943459670323
1.350000000001736	0.13072755324281304
1.3510000000017293	0.13071566435061233
1.352000000001722	0.13070376773428105
1.3530000000017153	0.13069186384251563
1.354000000001708	0.13067995230011265
1.3550000000017013	0.13066803355809586
1.3560000000016943	0.13065610676604877
1.3570000000016873	0.13064417260853678
1.3580000000016805	0.13063223072449504
1.3590000000016735	0.13062028107335621
1.3600000000016665	0.13060832462478433
1.3610000000016598	0.13059636062073676
1.3620000000016528	0.13058438900054503
1.3630000000016458	0.13057240978248474
1.364000000001639	0.13056042305677917
1.3650000000016318	0.13054842899897467
1.366000000001625	0.13053642735257942
1.367000000001618	0.13052441800375836
1.368000000001611	0.1305124013712986
1.3690000000016043	0.13050037723406005
1.370000000001597	0.13048834542281096
1.3710000000015903	0.13047630639421604
1.3720000000015833	0.1304642597657527
1.3730000000015763	0.13045220598898677
1.3740000000015695	0.1304401441948646
1.3750000000015625	0.1304280751024708
1.3760000000015555	0.13041599891562883
1.3770000000015488	0.1304039141680562
1.3780000000015418	0.13039182261803783
1.3790000000015348	0.1303797238790423
1.3800000000015278	0.13036761758931625
1.3810000000015208	0.13035550375667682
1.382000000001514	0.13034338265779433
1.383000000001507	0.13033125423200898
1.3840000000015	0.13031911786247807
1.3850000000014933	0.13030697419759985
1.386000000001486	0.13029482323204578
1.3870000000014793	0.1302826643581425
1.3880000000014725	0.13027049875012775
1.3890000000014653	0.13025832545702465
1.3900000000014585	0.13024614396452405
1.3910000000014515	0.13023395569686413
1.3920000000014445	0.13022176020467413
1.3930000000014378	0.13020955728775152
1.3940000000014305	0.1301973467966564
1.3950000000014238	0.13018512918701353
1.3960000000014168	0.13017290365810785
1.3970000000014098	0.13016067087030447
1.398000000001403	0.13014843100556406
1.399000000001396	0.13013618315521347
1.400000000001389	0.13012392848760856
1.4010000000013823	0.1301116648356222
1.4020000000013753	0.13009939607701615
1.4030000000013683	0.1300871185440442
1.4040000000013615	0.13007483437115985
1.4050000000013543	0.1300625422732129
1.4060000000013475	0.1300502426123128
1.4070000000013405	0.13003793590678003
1.4080000000013335	0.13002562199564704
1.4090000000013267	0.13001330052218973
1.4100000000013195	0.13000097198026295
1.4110000000013128	0.1299886355722556
1.4120000000013058	0.12997629190976578
1.4130000000012988	0.129963940719515
1.414000000001292	0.1299515820613374
1.415000000001285	0.12993921656145346
1.416000000001278	0.12992684351863493
1.4170000000012712	0.12991446296859965
1.4180000000012642	0.12990207534809484
1.4190000000012573	0.12988968023146863
1.4200000000012505	0.12987727808725968
1.4210000000012433	0.12986486820862508
1.4220000000012365	0.1298524503328813
1.4230000000012293	0.12984002613786183
1.4240000000012225	0.12982759459340731
1.4250000000012157	0.1298151546872287
1.4260000000012085	0.12980270812680716
1.4270000000012018	0.12979025463165317
1.4280000000011948	0.12977779342331264
1.4290000000011878	0.12976532493779924
1.430000000001181	0.1297528490844263
1.431000000001174	0.1297403659330697
1.432000000001167	0.1297278755191864
1.4330000000011602	0.12971537764349206
1.4340000000011532	0.12970287249685952
1.4350000000011462	0.12969036032663572
1.4360000000011393	0.1296778407047774
1.4370000000011323	0.1296653134046647
1.4380000000011255	0.12965277890878957
1.4390000000011185	0.12964023725968798
1.4400000000011115	0.12962768838705263
1.4410000000011047	0.1296151323139061
1.4420000000010975	0.12960256881687116
1.4430000000010907	0.12958999811941596
1.4440000000010837	0.1295774202069917
1.4450000000010768	0.12956483500472105
1.44600000000107	0.12955224216064276
1.447000000001063	0.12953964211706737
1.448000000001056	0.12952703493506523
1.449000000001049	0.12951442067446273
1.450000000001042	0.12950179894877734
1.4510000000010352	0.12948916992690807
1.4520000000010282	0.12947653347789023
1.4530000000010213	0.12946389037014627
1.4540000000010145	0.129451239306974
1.4550000000010075	0.129438581119399
1.4560000000010005	0.1294259161926854
1.4570000000009937	0.12941324390666264
1.4580000000009865	0.12940056435443936
1.4590000000009797	0.12938787732957624
1.460000000000973	0.1293751824293392
1.4610000000009657	0.12936248110666226
1.462000000000959	0.12934977301970962
1.4630000000009518	0.12933705712428056
1.464000000000945	0.1293243338233232
1.465000000000938	0.12931160294793242
1.466000000000931	0.1292988656045625
1.4670000000009242	0.12928612090486025
1.4680000000009172	0.1292733689435136
1.4690000000009102	0.12926060991819444
1.4700000000009035	0.12924784357162122
1.4710000000008965	0.12923506962510112
1.4720000000008895	0.1292222887309562
1.4730000000008827	0.12920950064440684
1.4740000000008757	0.1291967052639913
1.4750000000008687	0.1291839029353109
1.476000000000862	0.12917109377176061
1.4770000000008547	0.1291582767190459
1.478000000000848	0.12914545281073742
1.4790000000008408	0.12913262134572445
1.480000000000834	0.1291197825782615
1.4810000000008272	0.12910693726987865
1.48200000000082	0.12909408496575625
1.4830000000008132	0.1290812248896951
1.4840000000008062	0.1290683578456906
1.4850000000007992	0.12905548379641507
1.4860000000007925	0.1290426018252704
1.4870000000007855	0.1290297131611644
1.4880000000007785	0.12901681805802667
1.4890000000007717	0.1290039151894774
1.4900000000007645	0.12899100468749158
1.4910000000007577	0.1289780875294344
1.4920000000007507	0.1289651629768549
1.4930000000007437	0.1289522317437115
1.494000000000737	0.12893929344143085
1.49500000000073	0.12892634750242582
1.496000000000723	0.1289133941410432
1.497000000000716	0.1289004344263246
1.498000000000709	0.12888746745943203
1.4990000000007022	0.12887449325886968
1.5000000000006952	0.12886151178773775
1.5010000000006882	0.12884852308538153
1.5020000000006815	0.12883552726701863
1.5030000000006745	0.12882252453969345
1.5040000000006675	0.12880951468769553
1.5050000000006605	0.1287964978333369
1.5060000000006535	0.12878347374605803
1.5070000000006467	0.1287704426889651
1.5080000000006397	0.12875740447062034
1.5090000000006327	0.12874435873676982
1.5100000000006257	0.12873130610002692
1.5110000000006187	0.12871824648206776
1.512000000000612	0.12870517988747354
1.513000000000605	0.12869210639124706
1.514000000000598	0.12867902561131828
1.5150000000005912	0.12866593739642906
1.5160000000005842	0.12865284237333574
1.5170000000005772	0.12863974028967418
1.5180000000005702	0.12862663106863215
1.5190000000005632	0.12861351519800024
1.5200000000005565	0.12860039152486347
1.5210000000005495	0.12858726067700954
1.5220000000005425	0.12857412364985943
1.5230000000005357	0.12856097933342903
1.5240000000005285	0.12854782782178464
1.5250000000005217	0.1285346694301831
1.5260000000005147	0.12852150365625525
1.5270000000005077	0.12850833051669297
1.528000000000501	0.12849515103912768
1.529000000000494	0.12848196445031435
1.530000000000487	0.12846877023570458
1.53100000000048	0.12845556911160094
1.532000000000473	0.12844236126791042
1.5330000000004662	0.12842914656546378
1.5340000000004592	0.1284159250989092
1.5350000000004522	0.12840269621782874
1.5360000000004455	0.12838945947785962
1.5370000000004385	0.1283762163709843
1.5380000000004315	0.12836296666663782
1.5390000000004245	0.12834970977214133
1.5400000000004175	0.12833644597713156
1.5410000000004107	0.12832317497059487
1.5420000000004037	0.1283098968269768
1.5430000000003967	0.12829661175302398
1.5440000000003897	0.1282833195460219
1.5450000000003827	0.1282700205237498
1.546000000000376	0.12825671446164078
1.547000000000369	0.1282434015561812
1.548000000000362	0.12823008117704116
1.549000000000355	0.12821675434718482
1.5500000000003482	0.12820342068460278
1.5510000000003412	0.12819007916877023
1.5520000000003342	0.12817673133937735
1.5530000000003272	0.12816337670089983
1.5540000000003205	0.1281500149429463
1.5550000000003135	0.12813664649689183
1.5560000000003065	0.12812326970891985
1.5570000000002997	0.12810988765226594
1.5580000000002925	0.12809649779410015
1.5590000000002857	0.1280831010443102
1.5600000000002787	0.12806969752675035
1.5610000000002717	0.12805628688975024
1.5620000000002647	0.128042869550685
1.5630000000002577	0.128029445325609
1.564000000000251	0.12801601333973434
1.565000000000244	0.12800257490772604
1.566000000000237	0.12798913032464243
1.5670000000002302	0.12797567824779799
1.5680000000002232	0.12796221851875877
1.5690000000002162	0.1279487523441718
1.5700000000002092	0.12793527982944775
1.5710000000002025	0.12792179998804065
1.5720000000001955	0.12790831289513638
1.5730000000001885	0.1278948191991638
1.5740000000001815	0.12788131866681218
1.5750000000001747	0.12786781158616045
1.5760000000001675	0.1278542965809144
1.5770000000001607	0.1278407757625345
1.5780000000001537	0.12782724717992466
1.5790000000001467	0.12781371205673442
1.58000000000014	0.12780017020297518
1.581000000000133	0.12778662135513297
1.582000000000126	0.12777306553165946
1.583000000000119	0.1277595027182571
1.584000000000112	0.12774593317143734
1.5850000000001052	0.12773235657174897
1.5860000000000982	0.12771877363890916
1.5870000000000912	0.12770518366696582
1.5880000000000845	0.12769158610863496
1.5890000000000775	0.12767798218870285
1.5900000000000705	0.1276643719883087
1.5910000000000635	0.1276507540066366
1.5920000000000565	0.12763712932489113
1.5930000000000497	0.12762349839658793
1.5940000000000427	0.1276098602519835
1.5950000000000357	0.1275962150240587
1.5960000000000287	0.12758256291988634
1.5970000000000217	0.12756890457428705
1.598000000000015	0.1275552387701132
1.599000000000008	0.1275415661210476
1.600000000000001	0.1275278873492628
1.6009999999999942	0.12751420132160762
1.6019999999999872	0.12750050828716575
1.6029999999999802	0.12748680864225137
1.6039999999999732	0.12747310220555674
1.6049999999999662	0.1274593887456803
1.6059999999999595	0.12744566866048013
1.6069999999999525	0.12743194179196538
1.6079999999999455	0.12741820786629598
1.6089999999999387	0.12740446733833988
1.6099999999999315	0.12739071999665552
1.6109999999999247	0.12737696588249903
1.6119999999999177	0.12736320470755957
1.6129999999999107	0.12734943684013222
1.6139999999999037	0.12733566281601794
1.614999999999897	0.12732188127843846
1.61599999999989	0.12730809291368061
1.616999999999883	0.12729429831707784
1.617999999999876	0.12728049656292395
1.6189999999998692	0.12726668803717
1.6199999999998622	0.12725287275841257
1.6209999999998552	0.12723905102957667
1.6219999999998485	0.1272252210696514
1.6229999999998415	0.1272113867296616
1.6239999999998345	0.1271975445096396
1.6249999999998275	0.1271836944722945
1.6259999999998205	0.1271698394337144
1.6269999999998137	0.12715597661147549
1.6279999999998067	0.1271421073780683
1.6289999999997997	0.12712823140742957
1.6299999999997927	0.12711434841655245
1.6309999999997857	0.1271004591523337
1.631999999999779	0.1270865629298814
1.632999999999772	0.1270726597483256
1.633999999999765	0.12705874973756548
1.634999999999758	0.12704483316028004
1.6359999999997512	0.12703091027936364
1.6369999999997442	0.12701698030315967
1.6379999999997372	0.1270030436662516
1.6389999999997302	0.12698910048203038
1.6399999999997235	0.12697515028760487
1.6409999999997165	0.12696119355242796
1.6419999999997095	0.12694723022880672
1.6429999999997025	0.12693326007332795
1.6439999999996955	0.12691928310762235
1.6449999999996887	0.1269052995902734
1.6459999999996817	0.12689130909666424
1.6469999999996747	0.1268773122754724
1.6479999999996677	0.12686330894689601
1.6489999999996607	0.12684929828714642
1.649999999999654	0.12683528102157804
1.650999999999647	0.12682125750296602
1.65199999999964	0.12680722735717975
1.6529999999996332	0.12679319048305115
1.6539999999996262	0.12677914649553879
1.6549999999996192	0.12676509618778198
1.6559999999996122	0.1267510394966851
1.6569999999996052	0.12673697577047693
1.6579999999995985	0.12672290528892016
1.6589999999995915	0.12670882788620896
1.6599999999995845	0.12669474424944327
1.6609999999995777	0.12668065415582697
1.6619999999995705	0.1266665572928939
1.6629999999995637	0.1266524536274405
1.6639999999995567	0.12663834335775204
1.6649999999995497	0.1266242264967754
1.665999999999543	0.1266101028681409
1.666999999999536	0.12659597264202938
1.667999999999529	0.12658183587033156
1.668999999999522	0.12656769257612455
1.669999999999515	0.12655354256999063
1.6709999999995082	0.12653938603047443
1.6719999999995012	0.12652522263675625
1.6729999999994942	0.12651105313503497
1.6739999999994875	0.12649687666078624
1.6749999999994805	0.12648269332109474
1.6759999999994735	0.12646850388069053
1.6769999999994665	0.12645430762429832
1.6779999999994595	0.12644010494627522
1.6789999999994527	0.12642589512098912
1.6799999999994457	0.1264116789134072
1.6809999999994387	0.12639745655013546
1.6819999999994317	0.1263832273649903
1.6829999999994247	0.126368991598363
1.683999999999418	0.1263547492756516
1.684999999999411	0.126340500224711
1.685999999999404	0.12632624454486097
1.6869999999993972	0.12631198256349363
1.6879999999993902	0.12629771409205504
1.6889999999993832	0.12628343794065278
1.6899999999993762	0.12626915696680052
1.6909999999993692	0.126254868731544
1.6919999999993625	0.12624057373657305
1.6929999999993555	0.12622627216386872
1.6939999999993485	0.1262119646365869
1.6949999999993415	0.126197649808923
1.6959999999993345	0.12618332847188807
1.6969999999993277	0.12616900137900666
1.6979999999993207	0.12615466647423323
1.6989999999993137	0.12614032673624287
1.6999999999993067	0.1261259792489875
1.7009999999993	0.12611162518790475
1.701999999999293	0.12609726537965593
1.702999999999286	0.1260828987405448
1.703999999999279	0.12606852506464528
1.7049999999992722	0.12605414542483007
1.7059999999992652	0.12603975879710982
1.7069999999992582	0.1260253660379934
1.7079999999992515	0.12601096716638382
1.7089999999992442	0.1259965612771794
1.7099999999992375	0.12598214868780877
1.7109999999992305	0.1259677299301114
1.7119999999992235	0.12595330447833708
1.7129999999992167	0.1259388728141453
1.7139999999992095	0.12592443471571557
1.7149999999992027	0.1259099899181565
1.7159999999991957	0.1258955386134304
1.7169999999991887	0.1258810810266522
1.717999999999182	0.1258666169001117
1.718999999999175	0.12585214609955808
1.719999999999168	0.12583766900856896
1.720999999999161	0.12582318552047833
1.721999999999154	0.12580869545960094
1.7229999999991472	0.12579419890425825
1.7239999999991402	0.12577969571840497
1.7249999999991332	0.12576518664191094
1.7259999999991265	0.12575067104332815
1.7269999999991195	0.12573614831414326
1.7279999999991125	0.12572161944999172
1.7289999999991055	0.12570708459484237
1.7299999999990985	0.12569254308598587
1.7309999999990917	0.12567799495542964
1.7319999999990847	0.12566344025881693
1.7329999999990777	0.12564887959266957
1.7339999999990707	0.12563431223914612
1.7349999999990655	0.12561973846926033
1.7359999999990614	0.12560515853618404
1.7369999999990573	0.12559057186096678
1.7379999999990532	0.12557597917224927
1.7389999999990489	0.1255613797301809
1.7399999999990448	0.12554677394580638
1.7409999999990406	0.1255321617252818
1.7419999999990363	0.12551754287595251
1.7429999999990322	0.12550291749210074
1.743999999999028	0.12548828651921962
1.744999999999024	0.1254736490619548
1.74599999999902	0.1254590045322994
1.7469999999990156	0.12544435371361073
1.7479999999990115	0.12542969717604413
1.7489999999990071	0.1254150342212873
1.749999999999003	0.12540036411259092
1.7509999999990045	0.12538568836287423
1.751999999999006	0.12537100617713737
1.7529999999990071	0.12535631729135766
1.7539999999990086	0.12534162208205857
1.75499999999901	0.12532692056155148
1.7559999999990115	0.1253122129534313
1.756999999999013	0.12529749818246505
1.7579999999990141	0.1252827784103132
1.7589999999990156	0.125268051560527
1.759999999999017	0.1252533183588136
1.7609999999990182	0.12523857830903196
1.7619999999990197	0.12522383220883215
1.7629999999990211	0.12520908026265776
1.7639999999990226	0.12519432209728576
1.7649999999990238	0.12517955724306884
1.7659999999990263	0.1251647858708489
1.7669999999990305	0.12515000814465838
1.7679999999990346	0.125135224358646
1.7689999999990387	0.12512043454977928
1.769999999999043	0.1251056381791661
1.7709999999990471	0.12509083537012455
1.7719999999990512	0.12507602616389268
1.7729999999990556	0.12506121082005428
1.7739999999990597	0.12504638883056307
1.7749999999990638	0.12503156118516567
1.7759999999990679	0.12501672737309022
1.776999999999072	0.1250018865164001
1.7779999999990763	0.12498703941318379
1.7789999999990804	0.12497218616915295
1.7799999999990845	0.12495732688282868
1.7809999999990886	0.12494246172193801
1.781999999999093	0.12492759009976162
1.782999999999097	0.12491271188094877
1.7839999999991012	0.12489782710844022
1.7849999999991053	0.12488293608984258
1.7859999999991096	0.12486803906470412
1.7869999999991137	0.12485313586538349
1.7879999999991179	0.12483822683830703
1.788999999999122	0.12482331118972212
1.789999999999126	0.12480838920306248
1.7909999999991304	0.12479346088745191
1.7919999999991345	0.12477852667591527
1.7929999999991386	0.12476358567646573
1.7939999999991427	0.1247486387736999
1.794999999999147	0.1247336855529858
1.7959999999991512	0.12471872601541989
1.7969999999991553	0.12470376070536782
1.7979999999991594	0.12468878917068749
1.7989999999991637	0.12467381121411314
1.7999999999991678	0.12465882648645421
1.800999999999172	0.1246438358890074
1.801999999999176	0.12462883928711055
1.8029999999991801	0.12461383659746106
1.8039999999991845	0.1245988276553126
1.8049999999991886	0.12458381261359641
1.8059999999991927	0.12456878982516717
1.8069999999991968	0.12455376343973468
1.8079999999992011	0.12453872932934329
1.8089999999992052	0.1245236892630841
1.8099999999992094	0.12450864311769139
1.8109999999992135	0.12449359077654976
1.8119999999992178	0.12447853262426767
1.812999999999222	0.12446346712119705
1.813999999999226	0.12444839677946506
1.8149999999992301	0.12443331936788826
1.8159999999992344	0.12441823637644445
1.8169999999992386	0.12440314729021273
1.8179999999992427	0.12438805176308265
1.8189999999992468	0.1243729497304975
1.819999999999251	0.12435784161924679
1.8209999999992552	0.12434272778921174
1.8219999999992593	0.12432760742038196
1.8229999999992634	0.12431248159532204
1.8239999999992675	0.1242973496064812
1.8249999999992719	0.12428221063876932
1.825999999999276	0.1242670658828976
1.82699999999928	0.12425191495482357
1.8279999999992842	0.12423675807477097
1.8289999999992885	0.12422159503584951
1.8299999999992926	0.12420642584809993
1.8309999999992967	0.12419125064365533
1.8319999999993009	0.1241760692403654
1.8329999999993052	0.12416088200084963
1.8339999999993093	0.12414568784253677
1.8349999999993134	0.12413048884975364
1.8359999999993175	0.12411528262631077
1.8369999999993218	0.12410007075795437
1.837999999999326	0.12408485279271586
1.83899999999933	0.12406962892402462
1.8399999999993342	0.12405439904278226
1.8409999999993385	0.12403916279026328
1.8419999999993426	0.12402392013908425
1.8429999999993467	0.1240086716673976
1.8439999999993508	0.12399341704159961
1.844999999999355	0.12397815648856914
1.8459999999993593	0.12396288969985314
1.8469999999993634	0.12394761713827229
1.8479999999993675	0.12393233897974332
1.8489999999993716	0.12391705397994512
1.849999999999376	0.12390176314797219
1.85099999999938	0.12388646641867196
1.8519999999993841	0.1238711632043501
1.8529999999993882	0.12385585423171763
1.8539999999993926	0.12384053916140636
1.8549999999993967	0.12382521806585078
1.8559999999994008	0.12380989083901572
1.856999999999405	0.12379455752590318
1.857999999999409	0.12377921900193911
1.8589999999994133	0.1237638738832052
1.8599999999994175	0.12374852252790958
1.8609999999994216	0.12373316549244584
1.861999999999426	0.12371780237396746
1.86299999999943	0.12370243314379892
1.863999999999434	0.12368705770532462
1.8649999999994382	0.123671676456379
1.8659999999994423	0.12365628929601835
1.8669999999994467	0.12364089595680261
1.8679999999994508	0.12362549667552969
1.8689999999994549	0.12361009149030844
1.869999999999459	0.12359468007259489
1.870999999999463	0.1235792631602346
1.8719999999994674	0.12356384009530619
1.8729999999994715	0.1235484104898581
1.8739999999994756	0.12353297562208898
1.87499999999948	0.12351753482849748
1.875999999999484	0.1235020870686202
1.8769999999994882	0.1234866339766092
1.8779999999994923	0.12347117559270937
1.8789999999994964	0.12345571037369363
1.8799999999995007	0.12344023916964164
1.8809999999995048	0.12342476245142753
1.881999999999509	0.12340927987169725
1.882999999999513	0.12339379096449443
1.8839999999995174	0.12337829618822849
1.8849999999995215	0.1233627957550485
1.8859999999995256	0.1233472890081233
1.8869999999995297	0.12333177620602864
1.887999999999534	0.12331625786059075
1.8889999999995382	0.1233007335668228
1.8899999999995423	0.12328520333521187
1.8909999999995464	0.12326966712710286
1.8919999999995505	0.12325412495948884
1.8929999999995548	0.12323857675499184
1.893999999999559	0.1232230228756579
1.894999999999563	0.12320746318910769
1.8959999999995671	0.12319189748393633
1.8969999999995715	0.12317632592383032
1.8979999999995756	0.1231607481807101
1.8989999999995797	0.12314516439038348
1.8999999999995838	0.123129574482431
1.9009999999995881	0.12311398025269471
1.9019999999995922	0.12309837908322241
1.9029999999995963	0.1230827718436005
1.9039999999996005	0.12306715874276364
1.9049999999996048	0.12305154021019526
1.905999999999609	0.1230359158716734
1.906999999999613	0.1230202852863036
1.9079999999996171	0.12300464855007398
1.9089999999996214	0.12298900605125129
1.9099999999996256	0.12297335800223308
1.9109999999996297	0.1229577041563481
1.9119999999996338	0.12294204458793567
1.9129999999996379	0.1229263789749876
1.9139999999996422	0.12291070739488097
1.9149999999996463	0.12289503004414204
1.9159999999996504	0.12287934691170321
1.9169999999996545	0.12286365796289533
1.9179999999996589	0.1228479631824384
1.918999999999663	0.12283226285945648
1.919999999999667	0.12281655636753652
1.9209999999996712	0.12280084372348243
1.9219999999996755	0.12278512540559716
1.9229999999996796	0.12276940138556336
1.9239999999996837	0.12275367170695062
1.9249999999996878	0.1227379365134087
1.9259999999996922	0.12272219514299931
1.9269999999996963	0.12270644779027096
1.9279999999997004	0.12269069474389194
1.9289999999997045	0.12267493621405223
1.9299999999997088	0.12265917148717675
1.930999999999713	0.12264340098516724
1.931999999999717	0.12262762500566726
1.9329999999997212	0.12261184360480648
1.9339999999997253	0.12259605563612708
1.9349999999997296	0.12258026188791316
1.9359999999997337	0.12256446283843692
1.9369999999997378	0.122548657774046
1.937999999999742	0.12253284690400468
1.9389999999997463	0.122517030600512
1.9399999999997504	0.12250120822014943
1.9409999999997545	0.12248538013621568
1.9419999999997586	0.1224695462806713
1.942999999999763	0.12245370665629851
1.943999999999767	0.12243786122630573
1.9449999999997711	0.12242201035602374
1.9459999999997752	0.12240615376782027
1.9469999999997794	0.12239029133766366
1.9479999999997837	0.12237442303828217
1.9489999999997878	0.12235854898606002
1.949999999999792	0.1223426693074754
1.950999999999796	0.12232678423803445
1.9519999999998003	0.12231089309765597
1.9529999999998044	0.12229499594606552
1.9539999999998086	0.12227909321915642
1.9549999999998127	0.12226318497081079
1.955999999999817	0.12224727095983301
1.956999999999821	0.12223135132897422
1.9579999999998252	0.12221542578677957
1.9589999999998293	0.12219949504802408
1.9599999999998337	0.12218355847657125
1.9609999999998378	0.12216761591431058
1.9619999999998419	0.12215166740777783
1.962999999999846	0.12213571363348308
1.9639999999998503	0.12211975460710967
1.9649999999998544	0.12210378933947796
1.9659999999998585	0.12208781815085334
1.9669999999998626	0.12207184166817664
1.9679999999998667	0.12205585950611642
1.968999999999871	0.12203987170951192
1.9699999999998752	0.12202387812236959
1.9709999999998793	0.12200787868457597
1.9719999999998834	0.12199187340975093
1.9729999999998877	0.1219758635101944
1.9739999999998918	0.12195984786143288
1.974999999999896	0.12194382579804885
1.9759999999999	0.121927798305143
1.9769999999999044	0.12191176482457833
1.9779999999999085	0.12189572647746194
1.9789999999999126	0.12187968245450442
1.9799999999999167	0.12186363210922213
1.980999999999921	0.12184757638289745
1.9819999999999252	0.12183151547908133
1.9829999999999293	0.12181544831388835
1.9839999999999334	0.1217993756751029
1.9849999999999375	0.12178329807140642
1.9859999999999418	0.12176721482054198
1.986999999999946	0.12175112539724864
1.98799999999995	0.12173502996720909
1.9889999999999541	0.12171892939657614
1.9899999999999585	0.121702823444646
1.9909999999999626	0.12168671199660697
1.9919999999999667	0.12167059484775289
1.9929999999999708	0.12165447193114576
1.9939999999999751	0.1216383429706176
1.9949999999999792	0.12162220951505787
1.9959999999999833	0.12160607009910507
1.9969999999999875	0.12158992492483822
1.9979999999999918	0.1215737739949656
1.998999999999996	0.12155761776353202
2.0	0.12154145672230199
2.0010279404845495	0.1215248376572522
2.0021217900815715	0.12150714637844873
2.0032857751923165	0.12148831281488037
2.004524391841744	0.12146826419315837
2.005842426366887	0.12144692133768409
2.007244970197923	0.12142419923146597
2.0087374418720856	0.1214000083435981
2.0103256076664273	0.12137425181806494
2.0120156028936726	0.12134682813467101
2.013813957200875	0.12131762950882041
2.0157276178435577	0.12128654085907076
2.0177639781367303	0.12125343612447614
2.019930905358886	0.12121818241238536
2.0222367711443985	0.12118064053456223
2.024690484011897	0.12114065837523214
2.027301523572695	0.12109807901709013
2.0300799770731848	0.12105272792732913
2.033036578410754	0.12100442049075422
2.036182751117039	0.12095296495850227
2.039530649180409	0.12089815342517252
2.043093206833892	0.12083975955966808
2.046884188175661	0.12077754393802287
2.050918238233338	0.12071125390315329
2.0552109433735133	0.1206406188466993
2.059778886913171	0.12056534658432094
2.0646397170403086	0.12048512747251638
2.0698122132469665	0.12039962402877658
2.0753163565584574	0.12030847673455747
2.081173414838828	0.12021132333410123
2.0874060143976347	0.12010773672988062
2.094038234979271	0.11999725424623997
2.1010956980169606	0.11987945952203405
2.1086056699538682	0.11975384704503855
2.116597165034399	0.11961984079077104
2.125101056786564	0.11947687105100213
2.1341501990307465	0.11932434195033226
2.143779554474847	0.11916157314545262
2.1540263207146424	0.11898779772818668
2.1649300857539027	0.1188023156842466
2.1765329774064615	0.11860435316914775
2.1888798204423576	0.11839300776729766
2.2020183144046843	0.1181672356971778
2.2159992202680474	0.11792594876814855
2.2308765524295735	0.11766821510845515
2.246707783705272	0.11739293061458711
2.263554079768369	0.11709862472984789
2.2814805235907363	0.11678393271335707
2.3005563724108544	0.11644749953496636
2.320855322320133	0.11608769542403619
2.3424557929209753	0.11570271356718198
2.3654412374910825	0.11529084302054304
2.389900455657507	0.11485015313540725
2.41592795027163	0.11437840386418574
2.44362426638729	0.11387334181230513
2.473096411506492	0.11333244568531875
2.5044582437089975	0.11275296822178027
2.537830924630887	0.11213244753096518
2.5733433911797423	0.11146810507333493
2.611132843166974	0.11075588906273925
2.6513452603475027	0.10999249688592883
2.6941360153529494	0.10917279320843853
2.739670418177515	0.10829661351533681
2.788124380079947	0.10735687284859541
2.839685109337027	0.10634931867183106
2.894551789617174	0.10526930156133019
2.9529364084026577	0.10411220920903497
3.0150645170164534	0.10287257907564129
3.0811761422888653	0.10154482022330114
3.1515266965252042	0.1001233246473694
3.226387989377641	0.09860258815419431
3.30604919671757	0.09697549794056637
3.39081811677136	0.09523813433613815
3.4810222154328754	0.0933822409101186
3.577010018652917	0.09140218835223657
3.6791523315125145	0.08929435927483931
3.7878438030764574	0.0870523991670511
3.9035043177534527	0.08467191661151396
4.02658072998157	0.08214982358046785
4.157548527011607	0.07948371233251883
4.296913682346355	0.07667303371003398
4.445214635465608	0.07371872075194508
4.603024347307951	0.07062432114256245
4.770952424745148	0.06739591003110068
4.9496476786701376	0.06404335307317077
5.139800459354712	0.060579656501105084
5.342145448462832	0.05702190013411823
5.557464321076707	0.0533918574677279
5.786588991858403	0.04971563497070253
6.03040459644804	0.04602395489210087
6.289853138906711	0.04235647510798424
6.565936951835777	0.03875682769605138
6.859722633511745	0.03526669600516463
7.172345245053396	0.03194659038571168
7.505012494394354	0.028846336231522773
7.859009576011049	0.026027570195185756
8.23570422033976	0.023557478694346212
8.636551628113326	0.021499435439152115
9.063100564489073	0.01994689660998661
9.516998831091398	0.018951674221202586
10.0	0.018597269181919174
