0.0	0.43516595277289083
0.0010000000000041087	0.43516561838283063
0.0020000000000082174	0.43516471708296955
0.003000000000012548	0.4351633005918514
0.004000000000016657	0.435161375894502
0.005000000000020766	0.4351588452040972
0.006000000000024874	0.4351558015377559
0.007000000000029205	0.4351521841736652
0.008000000000033314	0.4351480069359901
0.009000000000037423	0.43514330837814597
0.010000000000041753	0.4351380330728023
0.011000000000045862	0.4351321964665298
0.01200000000004997	0.4351258112395534
0.01300000000005408	0.4351188629270569
0.01400000000005841	0.4351113996821101
0.015000000000062519	0.43510336584446074
0.016000000000066406	0.43509474353579447
0.017000000000070736	0.43508560612123914
0.018000000000074845	0.43507591114352484
0.019000000000078954	0.4350656326573755
0.020000000000083062	0.4350548284474718
0.021000000000087393	0.4350434620038798
0.022000000000091502	0.4350315365051235
0.02300000000009561	0.4350190874915395
0.02400000000009972	0.4350060304102057
0.02500000000010405	0.4349924654176722
0.02600000000010816	0.4349783368439172
0.027000000000112268	0.4349636238292709
0.0280000000001166	0.4349483761637154
0.029000000000120707	0.43493260468871886
0.030000000000124816	0.4349162506296892
0.031000000000128924	0.43489934544075326
0.032000000000133255	0.43488189365263563
0.033000000000137364	0.43486386129787735
0.03400000000014147	0.4348453036030029
0.0350000000001458	0.4348262092291788
0.03600000000014991	0.43480652964655697
0.03700000000015402	0.4347863052981418
0.03800000000015813	0.4347655314516804
0.03900000000016246	0.43474421135630403
0.04000000000016657	0.4347223105905478
0.04100000000017068	0.43469987014996136
0.04200000000017501	0.43467689465520376
0.04300000000017912	0.4346533595993014
0.044000000000183226	0.43462926924003076
0.045000000000187335	0.4346046050771344
0.046000000000191665	0.4345794289226874
0.04700000000019555	0.43455369262095034
0.04800000000019966	0.4345273632742359
0.04900000000020399	0.4345005115908399
0.0500000000002081	0.43447310023052044
0.05100000000021221	0.434445133518815
0.05200000000021632	0.4344166475390756
0.05300000000022065	0.43438759223329093
0.05400000000022476	0.43435795723479775
0.055000000000228866	0.43432781030167655
0.0560000000002332	0.43429709346951306
0.057000000000237305	0.4342658027766475
0.058000000000241414	0.43423400759653696
0.05900000000024552	0.4342016385002895
0.060000000000249853	0.4341687008952294
0.06100000000025396	0.4341352531339311
0.06200000000025807	0.4341012228905723
0.0630000000002624	0.43406665052937965
0.06400000000026651	0.4340315380276566
0.06500000000027062	0.4339958683980184
0.06600000000027473	0.43395963290352846
0.06700000000027906	0.4339228463760293
0.06800000000028317	0.43388553919187456
0.06900000000028728	0.4338476865172376
0.0700000000002916	0.43380923603883725
0.07100000000029572	0.43377028046134236
0.07200000000029982	0.43373076755106676
0.07300000000030393	0.4336906782263992
0.07400000000030826	0.4336500726938306
0.07500000000031237	0.4336089133666209
0.07600000000031648	0.4335671729347015
0.07700000000032081	0.4335249211237837
0.0780000000003247	0.4334821085091284
0.07900000000032881	0.4334387453291826
0.08000000000033292	0.4333948425689146
0.08100000000033725	0.43335038178630314
0.08200000000034136	0.43330537768062205
0.08300000000034546	0.433259826880229
0.0840000000003498	0.43321373518428674
0.0850000000003539	0.43316708883950794
0.08600000000035801	0.4331198973979594
0.08700000000036212	0.43307215033680657
0.08800000000036645	0.4330238594594754
0.08900000000037056	0.4329750139971257
0.09000000000037467	0.43292565581660414
0.091000000000379	0.43287575145460155
0.09200000000038311	0.4328252549068582
0.09300000000038722	0.4327742454371717
0.09400000000039133	0.4327226917011937
0.09500000000039566	0.43267055101357743
0.09600000000039977	0.43261792048036896
0.09700000000040387	0.432564741089413
0.0980000000004082	0.4325109815850662
0.09900000000041231	0.43245666700189456
0.10000000000041642	0.4324018013721286
0.10100000000042053	0.4323464284194042
0.10200000000042486	0.4322905358226109
0.10300000000042897	0.4322341183283981
0.10400000000043308	0.4321771040546616
0.10500000000043741	0.43211950969120017
0.10600000000044152	0.43206143264644714
0.10700000000044563	0.4320027954992096
0.10800000000044951	0.4319436193178492
0.10900000000045384	0.43188390741283444
0.11000000000045795	0.4318236056477436
0.11100000000046206	0.43176280876173145
0.1120000000004664	0.43170147941396464
0.1130000000004705	0.4316395852955186
0.11400000000047461	0.43157714718375806
0.11500000000047872	0.4315141745055685
0.11600000000048305	0.4314506606157641
0.11700000000048716	0.4313866071485506
0.11800000000049127	0.431322012211099
0.1190000000004956	0.4312568754809336
0.12000000000049971	0.431191198491776
0.12100000000050382	0.4311249851629183
0.12200000000050792	0.43105823024788303
0.12300000000051226	0.43099093687281953
0.12400000000051636	0.4309231036675838
0.12500000000052047	0.4308547311877621
0.1260000000005248	0.43078582283188016
0.1270000000005289	0.4307163734539581
0.12800000000053302	0.43064638757646523
0.12900000000053713	0.43057586297288497
0.13000000000054146	0.43050480104684963
0.13100000000054557	0.4304331974776111
0.13200000000054968	0.43036103805556625
0.133000000000554	0.4302883934450785
0.13400000000055812	0.43021523013252794
0.13500000000056223	0.4301414590242223
0.13600000000056633	0.4300671769921697
0.13700000000057067	0.42999236073154123
0.13800000000057477	0.4299170105025557
0.13900000000057866	0.42984111753707477
0.140000000000583	0.42976471378250136
0.1410000000005871	0.4296877440659732
0.1420000000005912	0.4296102648958262
0.14300000000059532	0.4295322303239887
0.14400000000059965	0.4294536862508891
0.14500000000060376	0.4293746071261312
0.14600000000060787	0.42929497036188335
0.1470000000006122	0.4292148086681715
0.1480000000006163	0.4291341270113479
0.14900000000062041	0.4290529014873553
0.15000000000062452	0.42897115351071136
0.15100000000062885	0.4288888635278534
0.15200000000063296	0.428806049725844
0.15300000000063707	0.42872270278453106
0.1540000000006414	0.42863883294433125
0.1550000000006455	0.42855442368976115
0.15600000000064962	0.4284694891040459
0.15700000000065373	0.4283840244147341
0.15800000000065806	0.4282980355793271
0.15900000000066217	0.42821151405062197
0.16000000000066628	0.42812446368823864
0.16100000000067038	0.42803688485426616
0.16200000000067472	0.42794876668189386
0.16300000000067882	0.4278601143129397
0.16400000000068293	0.4277709593907709
0.16500000000068726	0.4276812746936689
0.16600000000069137	0.42759106739585606
0.16700000000069548	0.4275003207973581
0.1680000000006996	0.42740905376190885
0.16900000000070392	0.42731723734571037
0.1700000000007078	0.42722491039515886
0.17100000000071192	0.4271320730089978
0.17200000000071625	0.42703870195421056
0.17300000000072036	0.4269447863018677
0.17400000000072446	0.42685040712064315
0.17500000000072857	0.426755491254582
0.1760000000007329	0.42666000028778694
0.177000000000737	0.42656400931406924
0.17800000000074112	0.4264674896572904
0.17900000000074545	0.4263704619180215
0.18000000000074956	0.4262728969804699
0.18100000000075367	0.42617481524473866
0.18200000000075778	0.42607621160679243
0.1830000000007621	0.42597710163422675
0.18400000000076622	0.42587746396666826
0.18500000000077033	0.42577730454617324
0.18600000000077466	0.425676615791834
0.18700000000077877	0.42557543665652775
0.18800000000078287	0.4254737193324317
0.18900000000078698	0.42537146658904224
0.1900000000007913	0.42526871849425774
0.19100000000079542	0.42516543873222923
0.19200000000079953	0.42506165465331314
0.19300000000080386	0.42495734133310237
0.19400000000080797	0.42485250708015987
0.19500000000081208	0.4247471747773994
0.1960000000008162	0.42464133157583484
0.19700000000082052	0.4245349563993478
0.19800000000082463	0.42442806276857814
0.19900000000082874	0.424320666206757
0.20000000000083307	0.4242127446810431
0.20100000000083695	0.42410431827867523
0.20200000000084106	0.42399536722300324
0.20300000000084517	0.42388592617987486
0.2040000000008495	0.4237759542257131
0.2050000000008536	0.42366546682773987
0.20600000000085772	0.42355447748131325
0.20700000000086205	0.4234429677745344
0.20800000000086616	0.42333095437427826
0.20900000000087027	0.4232184238174014
0.21000000000087438	0.4231053938610079
0.2110000000008787	0.4229918457653542
0.21200000000088282	0.4228777861158657
0.21300000000088692	0.4227632224661567
0.21400000000089126	0.42264814523626126
0.21500000000089536	0.4225325635018933
0.21600000000089947	0.4224164693855317
0.21700000000090358	0.42229987507081923
0.2180000000009079	0.42218276790840503
0.21900000000091202	0.42206515433336544
0.22000000000091613	0.4219470371122145
0.22100000000092046	0.4218284137896259
0.22200000000092457	0.4217092834003906
0.22300000000092868	0.4215896523456426
0.2240000000009328	0.4214695120338695
0.22500000000093712	0.4213488757626951
0.22600000000094123	0.4212277288663566
0.22700000000094533	0.42110607424009083
0.22800000000094967	0.42098392491954817
0.22900000000095377	0.42086127329591283
0.23000000000095788	0.42073811964152397
0.23100000000096177	0.420614463393725
0.2320000000009661	0.42049030539090404
0.2330000000009702	0.4203656417483339
0.23400000000097432	0.42024048355098864
0.23500000000097865	0.42011485510691404
0.23600000000098276	0.4199887015483469
0.23700000000098687	0.41986200645734395
0.23800000000099097	0.41973486413629946
0.2390000000009953	0.4196072114057704
0.24000000000099941	0.4194790852963429
0.24100000000100352	0.4193504761381188
0.24200000000100785	0.4192212963739692
0.24300000000101196	0.41909167764259203
0.24400000000101607	0.418961560542482
0.24500000000102018	0.4188309111227122
0.2460000000010245	0.41869978420929344
0.24700000000102862	0.4185681865402805
0.24800000000103273	0.4184360797338501
0.24900000000103706	0.4183034801861928
0.25000000000104117	0.4181703882276623
0.2510000000010453	0.4180368062254852
0.2520000000010494	0.4179027206472734
0.2530000000010537	0.4177681513635543
0.2540000000010578	0.417633097122444
0.25500000000106193	0.41749755622984164
0.25600000000106626	0.4173615229362304
0.25700000000107037	0.41722500096071957
0.2580000000010745	0.4170879784863071
0.2590000000010786	0.4169504903579675
0.2600000000010829	0.41681249288138866
0.26100000000108703	0.4166740188010114
0.2620000000010909	0.41653505257861334
0.26300000000109525	0.4163956045521724
0.26400000000109936	0.4162556710592209
0.26500000000110346	0.416115248818542
0.2660000000011076	0.41597435141956707
0.2670000000011119	0.41583298403709856
0.268000000001116	0.4156911026778656
0.2690000000011201	0.41554871967042084
0.27000000000112445	0.4154058813143704
0.27100000000112856	0.4152625952789941
0.27200000000113267	0.4151188408219806
0.2730000000011368	0.414974547347854
0.2740000000011411	0.41482974717891297
0.2750000000011452	0.41468453624513324
0.2760000000011493	0.4145388205086499
0.27700000000115366	0.41439258919150024
0.27800000000115777	0.4142459435531711
0.2790000000011619	0.4140988006024119
0.280000000001166	0.41395114313749237
0.2810000000011703	0.41380303525518625
0.2820000000011744	0.41365447527207866
0.28300000000117853	0.41350538829079386
0.28400000000118286	0.41335585342653003
0.28500000000118697	0.4132058643906975
0.2860000000011911	0.41305538456422175
0.2870000000011952	0.41290443337292504
0.2880000000011995	0.41275299642534313
0.2890000000012036	0.4126010973511631
0.29000000000120774	0.41244873336797183
0.29100000000121207	0.41229588614852264
0.2920000000012162	0.41214257100453977
0.29300000000122006	0.411988792715265
0.29400000000122417	0.41183453959886496
0.2950000000012285	0.411679813460358
0.2960000000012326	0.41152462736316076
0.2970000000012367	0.4113689682564128
0.29800000000124083	0.41121284034618355
0.29900000000124516	0.4110562506233648
0.30000000000124927	0.4108991936581141
0.3010000000012534	0.41074167072664314
0.3020000000012577	0.4105836823368637
0.3030000000012618	0.4104252263432777
0.3040000000012659	0.4102663125364766
0.30500000000127003	0.41010693359171924
0.30600000000127436	0.40994708805465696
0.3070000000012785	0.40978678550768655
0.3080000000012826	0.4096260195252326
0.3090000000012869	0.4094647888042876
0.310000000001291	0.4093031044227101
0.31100000000129513	0.4091409583506579
0.31200000000129924	0.40897835135979976
0.31300000000130357	0.408815281604926
0.3140000000013077	0.4086517569806306
0.3150000000013118	0.4084877789011664
0.3160000000013161	0.40832334130411496
0.3170000000013202	0.4081584503551584
0.31800000000132433	0.40799310000023326
0.31900000000132844	0.4078272875080605
0.3200000000013328	0.4076610374618116
0.3210000000013369	0.4074943242484994
0.322000000001341	0.40732714599843145
0.3230000000013453	0.40715953618828427
0.3240000000013492	0.40699146939009423
0.3250000000013533	0.406822929967968
0.3260000000013574	0.4066539688717611
0.32700000000136176	0.4064845550313956
0.32800000000136587	0.40631466301002916
0.32900000000137	0.406144326400822
0.3300000000013743	0.4059735832907666
0.3310000000013784	0.4058023472834842
0.3320000000013825	0.4056306668482921
0.33300000000138663	0.4054585840736292
0.33400000000139096	0.40528601073127357
0.33500000000139507	0.4051130075098768
0.3360000000013992	0.40493956565555145
0.3370000000014035	0.4047656427804466
0.3380000000014076	0.4045913192360391
0.3390000000014117	0.40441655133018994
0.34000000000141584	0.40424131983239375
0.34100000000142017	0.4040656508683509
0.3420000000014243	0.4038895358985488
0.3430000000014284	0.40371300323837955
0.3440000000014327	0.40353601135059425
0.3450000000014368	0.40335857698089317
0.34600000000144093	0.40318072421904727
0.34700000000144504	0.4030024084321122
0.34800000000144937	0.40282368200671537
0.3490000000014535	0.40264450222760395
0.3500000000014576	0.40246488447424167
0.3510000000014619	0.4022848470862559
0.35200000000146603	0.4021043605343395
0.35300000000147014	0.4019234424288298
0.35400000000147425	0.4017420947482778
0.35500000000147836	0.4015603121937198
0.35600000000148246	0.40137809802519187
0.3570000000014866	0.4011954520088902
0.3580000000014909	0.4010123748329567
0.359000000001495	0.40082886532049167
0.3600000000014991	0.4006449267561364
0.36100000000150323	0.4004605592073076
0.36200000000150756	0.4002757679594995
0.36300000000151167	0.40009054741112715
0.3640000000015158	0.399904893580748
0.3650000000015201	0.3997188181070154
0.3660000000015242	0.3995323215132701
0.3670000000015283	0.3993453956704922
0.36800000000153243	0.39915804699486845
0.36900000000153677	0.3989702758838488
0.3700000000015409	0.3987820778040345
0.371000000001545	0.3985934611645978
0.3720000000015493	0.39840441163759766
0.3730000000015534	0.3982149678590312
0.37400000000155753	0.3980250739646951
0.37500000000156164	0.39783477310026616
0.37600000000156597	0.3976440251771237
0.3770000000015701	0.3974529132959488
0.3780000000015742	0.3972613470124995
0.3790000000015785	0.3970693747034171
0.3800000000015826	0.39687698800650084
0.38100000000158674	0.3966841844164528
0.38200000000159084	0.39649097846458825
0.3830000000015952	0.3962973086446959
0.3840000000015993	0.39610329835515423
0.3850000000016034	0.39590881771747266
0.3860000000016075	0.3957139431289397
0.3870000000016116	0.3955186515523482
0.3880000000016157	0.39532294798558154
0.38900000000161983	0.39512684457495284
0.39000000000162416	0.39493032920991955
0.39100000000162827	0.3947334180550457
0.3920000000016324	0.39453607865231066
0.3930000000016367	0.3943383312020785
0.3940000000016408	0.39414017567134985
0.3950000000016449	0.3939416376718955
0.39600000000164903	0.39374270410253887
0.39700000000165336	0.39354333132356456
0.3980000000016575	0.3933435527941376
0.3990000000016616	0.3931433798470959
0.4000000000016659	0.39294279791202213
0.40100000000167	0.392741826551566
0.40200000000167413	0.39254045309530694
0.40300000000167824	0.392338676596269
0.40400000000168257	0.39213649898286196
0.4050000000016867	0.39193392565580676
0.4060000000016908	0.3917309624850944
0.4070000000016951	0.3915275989898347
0.4080000000016992	0.3913238401516008
0.40900000000170333	0.39111966557026456
0.41000000000170744	0.3909151043973361
0.4110000000017118	0.3907101731772531
0.4120000000017159	0.390504753791616
0.41300000000172	0.39029908193503826
0.4140000000017243	0.390092947818818
0.41500000000172843	0.3898863545483787
0.41600000000173254	0.38967950383267114
0.4170000000017364	0.3894721826016554
0.41800000000174076	0.38926448291081706
0.41900000000174487	0.3890563969582773
0.420000000001749	0.3888479233533062
0.4210000000017533	0.3886390623353476
0.4220000000017574	0.38842981460287085
0.4230000000017615	0.3882201811473829
0.42400000000176563	0.3880101648704313
0.42500000000176996	0.3877997753930116
0.42600000000177407	0.38758892255585464
0.4270000000017782	0.3873778178330798
0.4280000000017825	0.38716625007204386
0.4290000000017866	0.3869543103834374
0.4300000000017907	0.38674199404119913
0.43100000000179484	0.38652929854081464
0.43200000000179917	0.3863162382496035
0.4330000000018033	0.38610272176862426
0.4340000000018074	0.385888954851728
0.4350000000018115	0.38567473127978535
0.4360000000018158	0.38546014041881027
0.43700000000181993	0.38524518033638633
0.43800000000182404	0.3850298361348782
0.43900000000182837	0.38481414002834946
0.4400000000018325	0.3845979991629219
0.4410000000018366	0.3843816066391119
0.4420000000018407	0.38416476261162125
0.44300000000184503	0.38394755277757897
0.44400000000184914	0.3837299816931652
0.44500000000185325	0.3835120435450283
0.4460000000018576	0.3832937264200489
0.4470000000018617	0.3830750491125847
0.4480000000018656	0.3828560051369403
0.4490000000018697	0.38263658821302327
0.450000000001874	0.3824168122264451
0.4510000000018781	0.38219666931950513
0.45200000000188223	0.38197615526059636
0.45300000000188656	0.38175528845973683
0.45400000000189067	0.38153405389868755
0.4550000000018948	0.38131246485637216
0.4560000000018989	0.3810905188426501
0.4570000000019032	0.38086815811512154
0.4580000000019073	0.38064550804376107
0.45900000000191143	0.38042245281354137
0.46000000000191577	0.3801990595921435
0.4610000000019199	0.37997530256024425
0.462000000001924	0.3797511906158637
0.4630000000019281	0.3795267223097507
0.4640000000019324	0.37930189958964533
0.46500000000193653	0.379076718748686
0.46600000000194064	0.3788511834613497
0.46700000000194497	0.378625298327822
0.4680000000019491	0.3783990601782008
0.4690000000019532	0.3781724709737001
0.4700000000019573	0.3779455310021306
0.4710000000019616	0.3777182410806047
0.47200000000196574	0.3774906018750066
0.47300000000196984	0.3772626140957459
0.4740000000019742	0.37703427872527173
0.4750000000019783	0.3768055966551225
0.4760000000019824	0.37657656845331955
0.4770000000019865	0.3763471935014646
0.47800000000199083	0.3761174755420993
0.4790000000019947	0.3758874199221127
0.48000000000199883	0.37565701929623985
0.48100000000200316	0.37542627570191
0.48200000000200727	0.37519518574752375
0.4830000000020114	0.3749637592964997
0.4840000000020155	0.3747319940843158
0.4850000000020198	0.3744999005173971
0.4860000000020239	0.3742673845729787
0.48700000000202803	0.37403466656216433
0.48800000000203236	0.3738015330456974
0.4890000000020365	0.37356807411062454
0.4900000000020406	0.37333428268439806
0.4910000000020447	0.37310015936985796
0.492000000002049	0.3728657128748897
0.49300000000205313	0.3726308564265126
0.49400000000205724	0.3723957966620708
0.49500000000206157	0.37216032857644554
0.4960000000020657	0.3719245409253371
0.4970000000020698	0.3716884265889072
0.4980000000020739	0.37145198472291363
0.4990000000020782	0.3712152130398386
0.5000000000020823	0.3709781199796862
0.5010000000020864	0.37074069461964243
0.5020000000020908	0.37050294138275097
0.5030000000020949	0.37026486788185586
0.504000000002099	0.3700264697677613
0.5050000000021031	0.36978774841200346
0.5060000000021074	0.3695487047104602
0.5070000000021115	0.36930933946735645
0.5080000000021156	0.36906965351635956
0.50900000000212	0.3688296476558668
0.5100000000021239	0.36858932260800326
0.511000000002128	0.3683486789592525
0.5120000000021321	0.36810771709809953
0.5130000000021364	0.3678664360905167
0.5140000000021405	0.367624843815634
0.5150000000021446	0.36738294284463247
0.516000000002149	0.3671407230846092
0.5170000000021531	0.366898182838978
0.5180000000021572	0.36665533222882496
0.5190000000021613	0.3664121751047569
0.5200000000021656	0.3661687024596837
0.5210000000021697	0.3659249294842748
0.5220000000021738	0.365680835309923
0.5230000000021782	0.3654364294231508
0.5240000000021823	0.36519172619454343
0.5250000000021864	0.36494670940359397
0.5260000000021905	0.3647013890197972
0.5270000000021948	0.3644557632828812
0.5280000000021989	0.3642098329221659
0.529000000002203	0.3639635990550605
0.5300000000022074	0.3637170622756677
0.5310000000022115	0.36347022308137356
0.5320000000022156	0.36322308203345666
0.5330000000022197	0.36297564482434497
0.534000000002224	0.3627279114405153
0.5350000000022281	0.3624798478681185
0.5360000000022322	0.3622315301175879
0.5370000000022366	0.3619828906791889
0.5380000000022407	0.36173396981852146
0.5390000000022448	0.36148475196812235
0.5400000000022487	0.36123522357634386
0.541000000002253	0.3609854041361734
0.5420000000022571	0.3607353012790281
0.5430000000022612	0.3604848984725437
0.5440000000022656	0.3602342124663688
0.5450000000022697	0.3599832285041321
0.5460000000022738	0.35973196214893344
0.5470000000022779	0.35948039983712154
0.5480000000022822	0.3592285532140371
0.5490000000022863	0.3589764213573291
0.5500000000022904	0.35872399980076297
0.5510000000022948	0.3584712948921145
0.5520000000022989	0.35821830661752474
0.553000000002303	0.35796503397437485
0.5540000000023071	0.35771147765508426
0.5550000000023114	0.35745763891648874
0.5560000000023155	0.3572035188953526
0.5570000000023196	0.35694911853405176
0.558000000002324	0.35669443847544424
0.5590000000023281	0.35643947940939624
0.5600000000023322	0.3561842420818042
0.5610000000023363	0.3559287272653914
0.5620000000023406	0.3556729359131019
0.5630000000023447	0.355416869165992
0.5640000000023488	0.35516052816038535
0.5650000000023532	0.3549039133503389
0.5660000000023573	0.35464702545268745
0.5670000000023614	0.35438986564366204
0.5680000000023655	0.3541324346560557
0.5690000000023698	0.35387473312185813
0.5700000000023739	0.35361676188786495
0.5710000000023778	0.35335852179132277
0.5720000000023819	0.35310001392998636
0.5730000000023863	0.3528412394014421
0.5740000000023904	0.35258219880982733
0.5750000000023945	0.35232289285643115
0.5760000000023988	0.3520633220359849
0.5770000000024029	0.35180348637224446
0.578000000002407	0.3515433867790162
0.5790000000024111	0.35128302930291544
0.5800000000024155	0.35102241034905
0.5810000000024196	0.35076152975313524
0.5820000000024237	0.35050039410908174
0.583000000002428	0.3502390065498707
0.5840000000024321	0.3499773431290275
0.5850000000024362	0.3497154251864606
0.5860000000024403	0.3494532576159016
0.5870000000024447	0.3491908311337123
0.5880000000024488	0.3489281536345815
0.5890000000024529	0.34866522247668186
0.5900000000024572	0.34840203779822654
0.5910000000024613	0.3481386017878736
0.5920000000024654	0.34787491457066877
0.5930000000024696	0.3476109769877259
0.5940000000024739	0.3473467903287689
0.595000000002478	0.3470823543572379
0.5960000000024821	0.3468176711709057
0.5970000000024864	0.3465527406484089
0.5980000000024905	0.34628756556913287
0.5990000000024946	0.34602214612748194
0.6000000000024988	0.3457564895245091
0.6010000000025031	0.34549057169115227
0.602000000002507	0.3452244166198688
0.6030000000025111	0.3449580279787421
0.6040000000025154	0.3446913921479995
0.6050000000025195	0.3444245223101027
0.6060000000025236	0.34415740816860185
0.6070000000025277	0.3438900609884519
0.6080000000025321	0.34362247171277804
0.6090000000025362	0.3433546492598768
0.6100000000025403	0.343086588155165
0.6110000000025446	0.342818295427636
0.6120000000025487	0.342549769634664
0.6130000000025528	0.3422810098698472
0.614000000002557	0.34201201715919227
0.6150000000025613	0.34174279298119625
0.6160000000025654	0.34147333832243043
0.6170000000025695	0.3412036540937676
0.6180000000025738	0.34093374116890107
0.6190000000025779	0.3406636004537388
0.620000000002582	0.34039323283315936
0.6210000000025861	0.3401226391655925
0.6220000000025905	0.3398518201716352
0.6230000000025946	0.3395807767018868
0.6240000000025987	0.3393095095584706
0.625000000002603	0.3390380190114657
0.6260000000026071	0.33876630592309154
0.6270000000026112	0.3384943745930501
0.6280000000026154	0.3382222210183743
0.6290000000026197	0.3379498498297593
0.6300000000026238	0.3376772571522144
0.6310000000026279	0.33740445011174025
0.6320000000026322	0.33713142385579775
0.6330000000026361	0.33685818272777335
0.6340000000026402	0.3365847262942948
0.6350000000026443	0.3363110564622257
0.6360000000026487	0.33603717278824263
0.6370000000026528	0.3357630775825706
0.6380000000026569	0.3354887700611068
0.6390000000026612	0.33521425296418683
0.6400000000026653	0.33493952699325635
0.6410000000026694	0.3346645968798294
0.6420000000026735	0.33438945818377286
0.6430000000026779	0.33411408338997495
0.644000000002682	0.3338385366281956
0.6450000000026861	0.3335627832778528
0.6460000000026904	0.33328680752563344
0.6470000000026945	0.33301063368120576
0.6480000000026986	0.3327342596654853
0.6490000000027027	0.3324576844700148
0.6500000000027071	0.33218091596846877
0.6510000000027112	0.33190392905850075
0.6520000000027153	0.3316267465387547
0.6530000000027196	0.33134937361380323
0.6540000000027237	0.33107179701059053
0.6550000000027278	0.3307940292473065
0.656000000002732	0.3305160601326791
0.6570000000027363	0.33023790069975434
0.6580000000027404	0.3299595422146633
0.6590000000027445	0.32968099445471155
0.6600000000027488	0.3294022500886552
0.6610000000027529	0.329123317500305
0.662000000002757	0.32884419075105475
0.6630000000027612	0.32856487651059507
0.6640000000027653	0.3282853700387167
0.6650000000027694	0.32800568074936276
0.6660000000027735	0.3277257999787947
0.6670000000027778	0.3274457333727322
0.6680000000027819	0.32716548238277443
0.669000000002786	0.3268850455078107
0.6700000000027901	0.32660442552541324
0.6710000000027945	0.32632362223955413
0.6720000000027986	0.326042637248255
0.6730000000028027	0.32576146998283306
0.674000000002807	0.32548012282806993
0.6750000000028111	0.32519859661440187
0.6760000000028152	0.32491689122669865
0.6770000000028193	0.32463500844224225
0.6780000000028237	0.32435294809044635
0.6790000000028278	0.3240707130312087
0.6800000000028319	0.3237883039641142
0.6810000000028362	0.3235057141393065
0.6820000000028403	0.32322295954871183
0.6830000000028444	0.32294002442160197
0.6840000000028486	0.3226569242059364
0.6850000000028529	0.3223736469976647
0.686000000002857	0.32209020630211527
0.6870000000028611	0.32180658837078213
0.6880000000028654	0.32152281134574423
0.6890000000028695	0.32123885947140207
0.6900000000028736	0.32095474737523944
0.6910000000028778	0.3206704632313032
0.6920000000028821	0.32038602225502
0.6930000000028862	0.32010141255985736
0.6940000000028901	0.3198166344750445
0.6950000000028944	0.31953169783063484
0.6960000000028985	0.3192466037787516
0.6970000000029026	0.3189613440007252
0.6980000000029067	0.31867592149486035
0.6990000000029111	0.3183903415662248
0.7000000000029152	0.31810460912669414
0.7010000000029193	0.3178187135657693
0.7020000000029236	0.3175326683038433
0.7030000000029277	0.31724646231626485
0.7040000000029318	0.31696010539921393
0.705000000002936	0.31667359361812386
0.7060000000029403	0.3163869288979506
0.7070000000029444	0.3161001121826569
0.7080000000029485	0.3158131447110999
0.7090000000029526	0.3155260270874203
0.7100000000029569	0.31523876080938773
0.711000000002961	0.3149513457761379
0.7120000000029651	0.3146637832900665
0.7130000000029695	0.3143760745007431
0.7140000000029736	0.3140882187726819
0.7150000000029777	0.31380021853243656
0.7160000000029818	0.31351207396738057
0.7170000000029861	0.31322378762230285
0.7180000000029902	0.3129353566250044
0.7190000000029944	0.3126467881877635
0.7200000000029987	0.31235807052028275
0.7210000000030028	0.3120692212317382
0.7220000000030069	0.3117802319262245
0.723000000003011	0.31149109669732367
0.7240000000030153	0.31120183236102095
0.7250000000030195	0.3109124285757686
0.7260000000030233	0.31062289129770027
0.7270000000030277	0.31033322544112973
0.7280000000030318	0.3100434103649887
0.7290000000030359	0.30975346884501465
0.73000000000304	0.30946339544350754
0.7310000000030443	0.3091731913965112
0.7320000000030484	0.3088828635293893
0.7330000000030525	0.308592394654261
0.7340000000030569	0.3083017979155662
0.735000000003061	0.30801107606557865
0.7360000000030651	0.3077202285636751
0.7370000000030692	0.30742925416418776
0.7380000000030735	0.30713815418781154
0.7390000000030776	0.30684693044670996
0.7400000000030817	0.3065555835552305
0.7410000000030861	0.306264115773657
0.7420000000030902	0.30597252512592055
0.7430000000030943	0.30568081250315415
0.7440000000030984	0.30538897968236967
0.7450000000031027	0.30509702826720375
0.7460000000031068	0.30480495821074416
0.747000000003111	0.30451277047717173
0.7480000000031153	0.3042204658375297
0.7490000000031194	0.3039280447977242
0.7500000000031235	0.30363550803493755
0.7510000000031276	0.303342860455859
0.7520000000031319	0.30305009594325427
0.753000000003136	0.30275721969509883
0.7540000000031402	0.30246423143237533
0.7550000000031445	0.30217113168411824
0.7560000000031484	0.30187792437217986
0.7570000000031525	0.3015846063803008
0.7580000000031566	0.30129118361813767
0.7590000000031609	0.30099765891893593
0.760000000003165	0.30070401438274086
0.7610000000031691	0.3004102661177537
0.7620000000031735	0.30011641671036615
0.7630000000031776	0.2998224621142389
0.7640000000031817	0.2995284119079602
0.7650000000031858	0.2992342363256676
0.7660000000031901	0.2989399856637205
0.7670000000031942	0.29864562334987677
0.7680000000031983	0.29835116703490205
0.7690000000032027	0.2980566120050079
0.7700000000032068	0.2977619471135847
0.7710000000032109	0.29746718733370336
0.772000000003215	0.29717233514424546
0.7730000000032193	0.2968773885052385
0.7740000000032234	0.29658235226477103
0.7750000000032276	0.296287208369183
0.7760000000032319	0.2959919857028661
0.777000000003236	0.29569666195587574
0.7780000000032401	0.29540125011465546
0.7790000000032442	0.29510574790728517
0.7800000000032485	0.29481015593315674
0.7810000000032526	0.2945144751463885
0.7820000000032568	0.2942187069076133
0.7830000000032611	0.29392285079362246
0.7840000000032652	0.29362690712406536
0.7850000000032693	0.2933308834154088
0.7860000000032734	0.29303477001329425
0.7870000000032777	0.2927385735084508
0.7880000000032816	0.29244230143291483
0.7890000000032857	0.2921459018521083
0.7900000000032901	0.2918494964635925
0.7910000000032942	0.29155296716304424
0.7920000000032983	0.2912563719514456
0.7930000000033024	0.29095968355368496
0.7940000000033067	0.2906629127708771
0.7950000000033108	0.2903660866674833
0.796000000003315	0.29006918180361096
0.7970000000033193	0.2897721876386836
0.7980000000033234	0.28947512370391604
0.7990000000033275	0.2891779871482941
0.8000000000033316	0.2888807797920979
0.8010000000033359	0.28858350541915156
0.80200000000334	0.28828614566091393
0.8030000000033441	0.2879887143729294
0.8040000000033485	0.28769121527481467
0.8050000000033526	0.287393660500904
0.8060000000033567	0.2870960474554526
0.8070000000033608	0.28679834075128263
0.8080000000033651	0.28650057679134766
0.8090000000033692	0.2862027511980967
0.8100000000033734	0.2859048563486193
0.8110000000033777	0.2856069058705071
0.8120000000033818	0.2853088865961466
0.8130000000033859	0.285010809599216
0.81400000000339	0.28471263433894567
0.8150000000033943	0.284414462810328
0.8160000000033985	0.2841161949254577
0.8170000000034026	0.28381787344941367
0.8180000000034067	0.283519499170798
0.8190000000034108	0.2832210340004784
0.8200000000034149	0.2829225713301332
0.821000000003419	0.2826240108166431
0.8220000000034233	0.28232540345290325
0.8230000000034274	0.2820267407977104
0.8240000000034315	0.2817280222970362
0.8250000000034359	0.2814292791444797
0.82600000000344	0.28113045692814087
0.8270000000034441	0.28083158823861765
0.8280000000034482	0.28053267388844494
0.8290000000034525	0.28023371025913546
0.8300000000034566	0.27993469675654403
0.8310000000034607	0.2796356367712707
0.8320000000034651	0.27933653027328975
0.8330000000034692	0.279037377903794
0.8340000000034733	0.2787381796788334
0.8350000000034774	0.2784389388171131
0.8360000000034817	0.27813965398539864
0.8370000000034858	0.2778403259201261
0.83800000000349	0.2775409569664927
0.8390000000034943	0.2772415468240367
0.8400000000034984	0.27694209610287135
0.8410000000035025	0.27664260548515596
0.8420000000035066	0.2763430773215816
0.8430000000035109	0.2760435114709783
0.844000000003515	0.2757439086480623
0.8450000000035192	0.27544426995734517
0.8460000000035233	0.27514459696333227
0.8470000000035276	0.27484488725463396
0.8480000000035317	0.27454514597257196
0.8490000000035356	0.2742453731514244
0.8500000000035399	0.27394556050257557
0.851000000003544	0.2736457262491474
0.8520000000035481	0.2733458577738216
0.8530000000035523	0.27304596222611877
0.8540000000035566	0.2727460342818664
0.8550000000035607	0.272446076333283
0.8560000000035648	0.2721460900273418
0.8570000000035691	0.271846078907764
0.8580000000035732	0.27154604575923313
0.8590000000035773	0.2712459848722657
0.8600000000035815	0.2709459004711148
0.8610000000035858	0.27064579317340876
0.8620000000035899	0.2703456629114771
0.863000000003594	0.270045509144896
0.8640000000035983	0.2697453390986113
0.8650000000036024	0.26944515410565195
0.8660000000036066	0.2691449380310492
0.8670000000036107	0.268844700819064
0.868000000003615	0.2685444614553393
0.8690000000036191	0.2682441938062332
0.8700000000036232	0.26794391276874774
0.8710000000036275	0.26764361911738777
0.8720000000036316	0.26734330042078136
0.8730000000036358	0.26704296522413284
0.8740000000036399	0.2667426370786561
0.8750000000036442	0.2664422877822007
0.8760000000036483	0.26614192760044597
0.8770000000036524	0.2658415461355821
0.8780000000036567	0.26554116255420257
0.8790000000036609	0.26524077157294057
0.8800000000036647	0.26494037235222856
0.8810000000036688	0.26463996119210265
0.8820000000036732	0.26433954829766815
0.8830000000036773	0.26403912628583437
0.8840000000036814	0.26373870025858037
0.8850000000036857	0.26343826909801715
0.8860000000036898	0.26313783535952684
0.887000000003694	0.26283739940305617
0.888000000003698	0.2625369593208382
0.8890000000037024	0.2622365182297257
0.8900000000037065	0.26193607692621645
0.8910000000037106	0.261635636196794
0.8920000000037149	0.26133519489248536
0.893000000003719	0.26103475602248927
0.8940000000037231	0.260734320919058
0.8950000000037273	0.26043388688669744
0.8960000000037316	0.260133462195118
0.8970000000037357	0.2598330394350622
0.8980000000037398	0.2595326059710601
0.8990000000037441	0.25923220127664914
0.9000000000037482	0.2589318010144923
0.9010000000037524	0.2586313994417868
0.9020000000037565	0.258331009451814
0.9030000000037608	0.25803063184111596
0.9040000000037649	0.2577302557482406
0.905000000003769	0.2574298959323811
0.9060000000037733	0.25712954937593513
0.9070000000037775	0.2568292152520746
0.9080000000037816	0.2565288930172157
0.9090000000037857	0.2562285836509822
0.91000000000379	0.25592829006368634
0.9110000000037939	0.25562801280754643
0.912000000003798	0.25532775205209624
0.9130000000038023	0.25502750556961873
0.9140000000038064	0.2547272797114415
0.9150000000038105	0.25442707033193734
0.9160000000038147	0.2541268808141539
0.917000000003819	0.2538267116901779
0.9180000000038231	0.2535265613558696
0.9190000000038272	0.2532264325739171
0.9200000000038315	0.2529263275263409
0.9210000000038356	0.25262624110000076
0.9220000000038397	0.25232618465071777
0.9230000000038439	0.25202614592820927
0.9240000000038482	0.25172613555073764
0.9250000000038523	0.2514261518912967
0.9260000000038564	0.2511261963116552
0.9270000000038607	0.2508262656930619
0.9280000000038648	0.2505263673403624
0.929000000003869	0.25022649011353315
0.9300000000038731	0.24992664625023875
0.9310000000038774	0.24962682948991477
0.9320000000038815	0.2493270498277822
0.9330000000038856	0.24902729881962926
0.9340000000038899	0.24872757871504336
0.935000000003894	0.24842788810492067
0.9360000000038982	0.24812824159871572
0.9370000000039023	0.24782862568550834
0.9380000000039066	0.24752904392958286
0.9390000000039107	0.2472294980803753
0.9400000000039148	0.24692998957054602
0.9410000000039191	0.24663051695018645
0.942000000003923	0.24633108635143952
0.9430000000039271	0.2460316907500254
0.9440000000039312	0.24573233696462748
0.9450000000039356	0.2454330220297276
0.9460000000039397	0.24513374978645786
0.9470000000039438	0.24483451979652204
0.9480000000039481	0.24453533470724398
0.9490000000039522	0.2442361646786032
0.9500000000039563	0.24393708965913508
0.9510000000039605	0.24363803028252018
0.9520000000039648	0.24333901823377235
0.9530000000039689	0.24304005410639395
0.954000000003973	0.24274114181844852
0.9550000000039773	0.24244226917394252
0.9560000000039814	0.2421434418923405
0.9570000000039856	0.24184467617892735
0.9580000000039897	0.24154593617680975
0.959000000003994	0.24124729884511498
0.9600000000039981	0.2409486405147454
0.9610000000040022	0.24065009173654295
0.9620000000040065	0.2403515742461838
0.9630000000040106	0.240053109417239
0.9640000000040148	0.23975468733605676
0.9650000000040189	0.23945634728121945
0.9660000000040232	0.23915804225251014
0.9670000000040273	0.23885980327266365
0.9680000000040314	0.238561618988671
0.9690000000040357	0.23826346583081337
0.9700000000040399	0.2379654168881723
0.9710000000040437	0.23766740214992366
0.9720000000040478	0.23736944995394516
0.9730000000040522	0.2370715600342529
0.9740000000040563	0.23677370628213823
0.9750000000040604	0.23647595864976245
0.9760000000040647	0.23617824913278596
0.9770000000040688	0.2358806048809875
0.978000000004073	0.2355830265332638
0.979000000004077	0.23528548777596447
0.9800000000040812	0.23498805963652036
0.9810000000040855	0.23469067143144162
0.9820000000040896	0.23439335174246168
0.9830000000040937	0.23409610104034018
0.984000000004098	0.2337989209290703
0.9850000000041004	0.23350180318332026
0.9860000000041018	0.23320475340035207
0.987000000004103	0.2329077806610792
0.9880000000041045	0.23261087039028538
0.9890000000041059	0.23231401605413926
0.9900000000041072	0.232017292378367
0.9910000000041086	0.23172056913547334
0.99200000000411	0.2314239676713702
0.9930000000041115	0.2311274188382726
0.9940000000041127	0.2308309540580603
0.9950000000041141	0.23053456349746548
0.9960000000041156	0.2302382388280131
0.997000000004117	0.2299419969581462
0.9980000000041185	0.22964583747332812
0.9990000000041197	0.22934975164413873
1.0000000000041211	0.22905374468882755
1.001000000004117	0.2287578167939478
1.002000000004113	0.22846196645114714
1.0030000000041086	0.22816619956590034
1.0040000000041045	0.22787051200977104
1.0050000000041002	0.22757490658025625
1.006000000004096	0.22727938619599974
1.007000000004092	0.2269839472706583
1.0080000000040878	0.22668859250013862
1.0090000000040837	0.22639332177256433
1.0100000000040794	0.2260981369349968
1.0110000000040753	0.22580303774467936
1.012000000004071	0.22550802492055666
1.0130000000040669	0.22521309913835474
1.0140000000040628	0.22491826151762218
1.0150000000040587	0.22462351198935726
1.0160000000040534	0.2243288514711771
1.0170000000040464	0.22403428047930185
1.0180000000040397	0.22373980012522798
1.0190000000040325	0.2234454104554996
1.0200000000040257	0.22315111387698372
1.021000000004019	0.22285691178903
1.0220000000040117	0.22256279614904462
1.023000000004005	0.2222687730903069
1.0240000000039977	0.2219748537935996
1.025000000003991	0.22168102198612394
1.026000000003984	0.2213872868446063
1.027000000003977	0.22109364825886824
1.0280000000039702	0.22080010736440203
1.0290000000039632	0.2205066650700369
1.0300000000039562	0.22021331527356447
1.0310000000039494	0.21992006599887937
1.0320000000039424	0.21962691744544904
1.0330000000039354	0.21933386885382888
1.0340000000039287	0.21904092095805083
1.0350000000039217	0.21874807405881058
1.0360000000039147	0.21845532909616994
1.0370000000039077	0.218162685985115
1.0380000000039007	0.21787014633146873
1.039000000003894	0.21757771004058646
1.0400000000038867	0.21728537780328283
1.04100000000388	0.21699315091509863
1.0420000000038732	0.21670102908701194
1.043000000003866	0.21640901333459006
1.0440000000038592	0.21611710442207388
1.0450000000038522	0.215825302683051
1.0460000000038452	0.2155336087529931
1.0470000000038384	0.215242023409433
1.0480000000038314	0.21495054844243866
1.0490000000038244	0.21465918261942074
1.0500000000038174	0.21436792905188318
1.0510000000038104	0.2140767825132991
1.0520000000038037	0.21378574869753786
1.0530000000037967	0.21349482757735228
1.0540000000037897	0.21320401991272797
1.055000000003783	0.21291332607606128
1.056000000003776	0.21262274081951316
1.057000000003769	0.21233227678369415
1.0580000000037622	0.2120419276283264
1.059000000003755	0.21175168976132608
1.0600000000037482	0.21146156997277465
1.0610000000037412	0.2111715681381705
1.0620000000037342	0.2108816844851492
1.0630000000037274	0.21059191929691767
1.0640000000037202	0.21030225622543497
1.0650000000037134	0.2100127445230957
1.0660000000037064	0.20972333624236772
1.0670000000036994	0.20943403251902382
1.0680000000036927	0.20914488080312654
1.0690000000036857	0.20885583451263867
1.0700000000036787	0.20856691077847112
1.071000000003672	0.2082781101355321
1.072000000003665	0.20798943077949117
1.073000000003658	0.20770087945117544
1.0740000000036511	0.20741245593309543
1.075000000003644	0.20712415150530128
1.0760000000036372	0.20683597235857387
1.0770000000036304	0.20654792494585605
1.0780000000036232	0.20625999842518372
1.0790000000036164	0.20597219492842134
1.0800000000036092	0.2056845280933539
1.0810000000036024	0.20539698948788465
1.0820000000035954	0.20510958166976012
1.0830000000035884	0.20482230442340654
1.0840000000035817	0.20453514610063572
1.0850000000035747	0.20424813404993214
1.0860000000035677	0.20396122652415882
1.087000000003561	0.203674488212926
1.088000000003554	0.2033878674422056
1.089000000003547	0.20310137514219428
1.0900000000035401	0.20281500402170538
1.091000000003533	0.20252879396198475
1.0920000000035262	0.2022427058139733
1.0930000000035192	0.20195674084938053
1.0940000000035122	0.2016709366615249
1.0950000000035054	0.20138525701010457
1.0960000000034982	0.2010997020033587
1.0970000000034914	0.20081430337902662
1.0980000000034844	0.20052903285341872
1.0990000000034774	0.20024389672996123
1.1000000000034706	0.19995891703355118
1.1010000000034637	0.19967406417102596
1.1020000000034567	0.1993893527395737
1.1030000000034499	0.1991047827993745
1.104000000003443	0.19882035422710465
1.105000000003436	0.19853606775322508
1.106000000003429	0.1982519236938507
1.107000000003422	0.197967922995124
1.1080000000034151	0.19768406556992957
1.1090000000034081	0.1974003523147756
1.1100000000034012	0.1971167835919133
1.1110000000033944	0.1968333601138501
1.1120000000033872	0.19655008210937064
1.1130000000033804	0.196266950381776
1.1140000000033736	0.19598396531591178
1.1150000000033664	0.1957011277150016
1.1160000000033596	0.19541843790193225
1.1170000000033526	0.19513589641850704
1.1180000000033457	0.19485350385930633
1.1190000000033387	0.1945712612332049
1.1200000000033317	0.1942891705910884
1.121000000003325	0.19400722671040915
1.122000000003318	0.19372542960412686
1.123000000003311	0.19344378658587758
1.1240000000033041	0.1931622962402172
1.1250000000032971	0.1928809588149769
1.1260000000032901	0.19259977433410347
1.1270000000032834	0.19231874338479604
1.1280000000032764	0.19203786656024524
1.1290000000032694	0.19175714408076727
1.1300000000032626	0.19147657651431094
1.1310000000032554	0.19119616448897947
1.1320000000032486	0.1909159085735035
1.1330000000032414	0.19063580911288625
1.1340000000032346	0.19035586649717262
1.1350000000032279	0.19007608186545755
1.1360000000032207	0.1897964546189499
1.1370000000032139	0.18951698544667228
1.138000000003207	0.18923767759418353
1.1390000000032	0.18895852871510266
1.1400000000031931	0.18867953858427655
1.1410000000031861	0.18840070746955706
1.1420000000031791	0.18812203901728664
1.1430000000031724	0.187843531548333
1.1440000000031654	0.18756518588224247
1.1450000000031584	0.18728699957499695
1.1460000000031516	0.1870089751192583
1.1470000000031444	0.18673111922286467
1.1480000000031376	0.18645342709618606
1.1490000000031304	0.18617589868421924
1.1500000000031236	0.18589853494953412
1.1510000000031169	0.18562133670285497
1.1520000000031096	0.1853443043550831
1.1530000000031029	0.18506743832516848
1.1540000000030959	0.18479073912032784
1.155000000003089	0.18451420829596699
1.1560000000030821	0.18423784537364707
1.1570000000030751	0.18396164715580776
1.1580000000030681	0.18368561817823237
1.1590000000030614	0.18340975943671212
1.1600000000030544	0.1831340710805469
1.1610000000030474	0.18285855171233334
1.1620000000030404	0.18258320130081718
1.1630000000030334	0.18230802291814985
1.1640000000030266	0.1820330160353737
1.1650000000030196	0.18175818163743895
1.1660000000030126	0.1814835187440459
1.1670000000030059	0.18120902896865698
1.1680000000029986	0.1809347134407051
1.1690000000029919	0.18066057056939455
1.1700000000029849	0.18038660244187343
1.1710000000029779	0.18011280919991468
1.172000000002971	0.17983919107923463
1.1730000000029641	0.17956574797607094
1.1740000000029571	0.17929247904968393
1.1750000000029501	0.17901938143573726
1.1760000000029431	0.17874647658168263
1.1770000000029364	0.17847373939702016
1.1780000000029294	0.17820117994344742
1.1790000000029224	0.17792879942927398
1.1800000000029156	0.17765659770286213
1.1810000000029086	0.1773845749565549
1.1820000000029016	0.1771127311357803
1.1830000000028948	0.17684106770324914
1.1840000000028876	0.17656958487601493
1.1850000000028809	0.17629828300611705
1.186000000002874	0.1760271635574574
1.1870000000028669	0.17575622373436373
1.18800000000286	0.17548546760363992
1.1890000000028529	0.1752148934959339
1.1900000000028461	0.1749445024875662
1.1910000000028391	0.1746742945418175
1.1920000000028321	0.17440427013832493
1.1930000000028254	0.17413443042536103
1.1940000000028184	0.1738647758910562
1.1950000000028114	0.17359530575469806
1.1960000000028046	0.1733260210563835
1.1970000000027976	0.17305692361024938
1.1980000000027906	0.17278801147276468
1.1990000000027838	0.17251928565028818
1.2000000000027768	0.1722507488185937
1.2010000000027699	0.17198240019529099
1.2020000000027629	0.17171423769904426
1.2030000000027559	0.17144626400242036
1.204000000002749	0.1711784788915185
1.2050000000027419	0.17091088281824718
1.206000000002735	0.17064347672807223
1.2070000000027283	0.17037625739172646
1.2080000000027211	0.17010923238958187
1.2090000000027143	0.16984239808500368
1.2100000000027074	0.16957575560222726
1.2110000000027004	0.1693093040127741
1.2120000000026936	0.16904304483757315
1.2130000000026866	0.1687769780433389
1.2140000000026796	0.1685111044633727
1.2150000000026726	0.16824542437567813
1.2160000000026656	0.16797992997621247
1.2170000000026588	0.16771464167643446
1.2180000000026519	0.16744954527596145
1.2190000000026449	0.1671846469124214
1.220000000002638	0.16691993839744135
1.2210000000026309	0.16665542009453194
1.222000000002624	0.16639110186868877
1.2230000000026173	0.1661269819427692
1.2240000000026101	0.16586305908160004
1.2250000000026033	0.1655993319425091
1.2260000000025963	0.16533580372537537
1.2270000000025894	0.16507247326723185
1.2280000000025826	0.16480934050845986
1.2290000000025754	0.16454640633264506
1.2300000000025686	0.1642836714436089
1.2310000000025616	0.16402113631127346
1.2320000000025546	0.16375880021738576
1.2330000000025478	0.16349666391401807
1.2340000000025408	0.16323473001498823
1.2350000000025338	0.16297299489694106
1.236000000002527	0.1627114609101673
1.23700000000252	0.16245012977383488
1.238000000002513	0.16218900235174716
1.2390000000025063	0.161928075854873
1.240000000002499	0.16166735138585586
1.2410000000024923	0.16140683067337502
1.2420000000024853	0.16114651065138497
1.2430000000024783	0.16088639611218103
1.2440000000024716	0.1606264872448906
1.2450000000024644	0.16036678299434437
1.2460000000024576	0.16010728319558332
1.2470000000024506	0.159847988368219
1.2480000000024436	0.15958889857343228
1.2490000000024368	0.15933001439960393
1.2500000000024298	0.15907133658733263
1.2510000000024228	0.1588128662617717
1.252000000002416	0.15855460285038447
1.253000000002409	0.15829654660062054
1.254000000002402	0.15803869804628445
1.2550000000023953	0.15778105754909177
1.256000000002388	0.1575236260769679
1.2570000000023813	0.15726640220687393
1.2580000000023743	0.15700938708086165
1.2590000000023673	0.1567525829357992
1.2600000000023606	0.1564959861211006
1.2610000000023533	0.15623959990684766
1.2620000000023466	0.15598342590592407
1.2630000000023396	0.1557274609527881
1.2640000000023326	0.15547170814025857
1.2650000000023258	0.1552161663484657
1.2660000000023188	0.15496083624480816
1.2670000000023118	0.15470571819369372
1.268000000002305	0.1544508111195938
1.269000000002298	0.15419611714626713
1.270000000002291	0.1539416366087154
1.271000000002284	0.15368737065438498
1.272000000002277	0.153433319016002
1.2730000000022703	0.1531794768303476
1.2740000000022633	0.15292585108584733
1.2750000000022563	0.1526724411355994
1.2760000000022496	0.15241924446377686
1.2770000000022423	0.15216626355556362
1.2780000000022356	0.15191349752368977
1.2790000000022288	0.15166094612039982
1.2800000000022216	0.15140860956486257
1.2810000000022148	0.15115649634697115
1.2820000000022078	0.15090459704288706
1.2830000000022008	0.150652913704165
1.2840000000021938	0.1504014487162546
1.2850000000021868	0.1501501973933853
1.28600000000218	0.14989916711519147
1.287000000002173	0.1496483554535244
1.288000000002166	0.14939776217511647
1.2890000000021593	0.14914738733381672
1.2900000000021523	0.1488972321391866
1.2910000000021453	0.1486472959917261
1.2920000000021385	0.1483975801542906
1.2930000000021313	0.1481480831782056
1.2940000000021246	0.1478988081515028
1.2950000000021178	0.14764975181891327
1.2960000000021106	0.14740091725800275
1.2970000000021038	0.14715230466634832
1.2980000000020966	0.1469039106582941
1.2990000000020898	0.14665574150872773
1.3000000000020828	0.14640779278293015
1.3010000000020758	0.14616006658819714
1.302000000002069	0.14591256145295173
1.303000000002062	0.145665270164957
1.304000000002055	0.14541822561876772
1.3050000000020483	0.1451713882274639
1.3060000000020413	0.14492477870349996
1.3070000000020343	0.1446783962748921
1.3080000000020275	0.1444322344996345
1.3090000000020205	0.14418629184861298
1.3100000000020136	0.1439405788990853
1.3110000000020068	0.14369509102016043
1.3120000000019996	0.14344982931767047
1.3130000000019928	0.143204792600093
1.3140000000019856	0.1429599808877473
1.3150000000019788	0.14271539489046248
1.316000000001972	0.14247103646205128
1.3170000000019648	0.1422269052364542
1.318000000001958	0.1419829990469792
1.319000000001951	0.14173932049007598
1.320000000001944	0.14149586916244994
1.3210000000019373	0.14125264495312106
1.3220000000019303	0.14100964873255295
1.3230000000019233	0.1407668808311323
1.3240000000019165	0.14052434210323717
1.3250000000019095	0.1402820322883498
1.3260000000019025	0.14003995084981435
1.3270000000018956	0.13979809864253245
1.3280000000018886	0.139556476746585
1.3290000000018818	0.13931508354418498
1.3300000000018748	0.13907392174843414
1.3310000000018678	0.13883298911878827
1.332000000001861	0.13859228701790904
1.3330000000018538	0.1383518155009833
1.334000000001847	0.13811157154725806
1.33500000000184	0.1378715620720926
1.336000000001833	0.13763178299408818
1.3370000000018263	0.13739223548681423
1.3380000000018193	0.13715292087049236
1.3390000000018123	0.1369138333709108
1.3400000000018053	0.1366749818967904
1.3410000000017983	0.13643636339488519
1.3420000000017915	0.13619797684683344
1.3430000000017845	0.13595982144983154
1.3440000000017776	0.13572190394653405
1.3450000000017708	0.13548421719292647
1.3460000000017638	0.1352467638616628
1.3470000000017568	0.1350095438419433
1.34800000000175	0.13477255801610943
1.3490000000017428	0.13453580692869838
1.350000000001736	0.13429928999331386
1.3510000000017293	0.13406300751666456
1.352000000001722	0.13382696211897338
1.3530000000017153	0.13359114953406936
1.354000000001708	0.13335557391939845
1.3550000000017013	0.13312023122567207
1.3560000000016943	0.13288512694874477
1.3570000000016873	0.13265025671294195
1.3580000000016805	0.13241562285555908
1.3590000000016735	0.13218122594358384
1.3600000000016665	0.13194706365729647
1.3610000000016598	0.13171313985291844
1.3620000000016528	0.13147945273039208
1.3630000000016458	0.1312460033775038
1.364000000001639	0.13101279175785452
1.3650000000016318	0.13077981570807518
1.366000000001625	0.13054707879229155
1.367000000001618	0.13031458198398094
1.368000000001611	0.13008232115597917
1.3690000000016043	0.1298502985525546
1.370000000001597	0.1296185167234758
1.3710000000015903	0.1293869709100316
1.3720000000015833	0.12915566560431802
1.3730000000015763	0.12892459651602095
1.3740000000015695	0.12869377043444385
1.3750000000015625	0.12846318249120525
1.3760000000015555	0.1282328295327182
1.3770000000015488	0.12800272480176267
1.3780000000015418	0.12777285335369615
1.3790000000015348	0.12754322426142617
1.3800000000015278	0.1273138370911744
1.3810000000015208	0.12708469133871514
1.382000000001514	0.12685578412930443
1.383000000001507	0.12662711806118798
1.3840000000015	0.1263986943412836
1.3850000000014933	0.12617051138797586
1.386000000001486	0.12594256825254846
1.3870000000014793	0.1257148687183487
1.3880000000014725	0.12548740787659862
1.3890000000014653	0.1252601915508219
1.3900000000014585	0.12503321926043176
1.3910000000014515	0.1248064842908354
1.3920000000014445	0.12457999435313338
1.3930000000014378	0.1243537470895818
1.3940000000014305	0.12412774509854496
1.3950000000014238	0.1239019837966634
1.3960000000014168	0.12367646681713163
1.3970000000014098	0.12345119235254354
1.398000000001403	0.12322615818074212
1.399000000001396	0.1230013728805831
1.400000000001389	0.1227768245398192
1.4010000000013823	0.12255252525426741
1.4020000000013753	0.1223284667139991
1.4030000000013683	0.1221046582844365
1.4040000000013615	0.1218810887218984
1.4050000000013543	0.12165776551781349
1.4060000000013475	0.12143468748719122
1.4070000000013405	0.12121185552970526
1.4080000000013335	0.1209892657185363
1.4090000000013267	0.12076692340321171
1.4100000000013195	0.12054482324186266
1.4110000000013128	0.12032297124075697
1.4120000000013058	0.12010136321074993
1.4130000000012988	0.11988000111796415
1.414000000001292	0.11965888434781935
1.415000000001285	0.11943801298224088
1.416000000001278	0.11921738924560565
1.4170000000012712	0.11899701345100988
1.4180000000012642	0.11877688028458289
1.4190000000012573	0.11855699572556289
1.4200000000012505	0.11833735462423034
1.4210000000012433	0.11811796308251521
1.4220000000012365	0.11789882367288196
1.4230000000012293	0.11767992207513944
1.4240000000012225	0.11746126761190578
1.4250000000012157	0.1172428674796333
1.4260000000012085	0.11702470857960923
1.4270000000012018	0.11680679691492879
1.4280000000011948	0.11658913688412786
1.4290000000011878	0.11637172373138771
1.430000000001181	0.11615455864743995
1.431000000001174	0.11593764096554393
1.432000000001167	0.11572097036578177
1.4330000000011602	0.11550455039419616
1.4340000000011532	0.1152883782637405
1.4350000000011462	0.11507244955190021
1.4360000000011393	0.1148567705458372
1.4370000000011323	0.11464134520321412
1.4380000000011255	0.1144261664072248
1.4390000000011185	0.11421123643651365
1.4400000000011115	0.11399655545456966
1.4410000000011047	0.11378212221459938
1.4420000000010975	0.11356794035281381
1.4430000000010907	0.11335400656388472
1.4440000000010837	0.11314032102070437
1.4450000000010768	0.11292688364131886
1.44600000000107	0.11271369974171264
1.447000000001063	0.11250076451132363
1.448000000001056	0.11228807837990562
1.449000000001049	0.11207563969465739
1.450000000001042	0.11186345328038139
1.4510000000010352	0.11165151740492152
1.4520000000010282	0.11143983423157389
1.4530000000010213	0.111228394958242
1.4540000000010145	0.1110172129495377
1.4550000000010075	0.11080627744622285
1.4560000000010005	0.11059559180671075
1.4570000000009937	0.11038515725589337
1.4580000000009865	0.11017497234305629
1.4590000000009797	0.1099650402139618
1.460000000000973	0.1097553664239248
1.4610000000009657	0.10954593511403488
1.462000000000959	0.10933674993225484
1.4630000000009518	0.1091278237406561
1.464000000000945	0.10891914522522506
1.465000000000938	0.10871072171637675
1.466000000000931	0.10850254464954934
1.4670000000009242	0.10829462144078783
1.4680000000009172	0.10808695045478955
1.4690000000009102	0.10787952835978099
1.4700000000009035	0.10767235817622234
1.4710000000008965	0.10746544382525136
1.4720000000008895	0.10725877792038241
1.4730000000008827	0.10705236453192013
1.4740000000008757	0.10684620364441344
1.4750000000008687	0.10664029446848267
1.476000000000862	0.10643463483717297
1.4770000000008547	0.10622923287940678
1.478000000000848	0.10602407731869745
1.4790000000008408	0.10581917842199284
1.480000000000834	0.10561453251178055
1.4810000000008272	0.10541013581987124
1.48200000000082	0.10520598997617969
1.4830000000008132	0.10500210061177417
1.4840000000008062	0.10479846193562925
1.4850000000007992	0.10459507366254495
1.4860000000007925	0.10439194350246739
1.4870000000007855	0.10418906342640943
1.4880000000007785	0.10398643150650111
1.4890000000007717	0.10378405708186778
1.4900000000007645	0.10358193814178329
1.4910000000007577	0.1033800666154423
1.4920000000007507	0.10317845470076548
1.4930000000007437	0.10297708877464529
1.494000000000737	0.10277597617511747
1.49500000000073	0.10257511929080532
1.496000000000723	0.10237451805815745
1.497000000000716	0.10217416436424431
1.498000000000709	0.10197406581669544
1.4990000000007022	0.10177422166538164
1.5000000000006952	0.10157463152609081
1.5010000000006882	0.10137529468418571
1.5020000000006815	0.10117621127907184
1.5030000000006745	0.10097738025875491
1.5040000000006675	0.10077880345258816
1.5050000000006605	0.10058047920710256
1.5060000000006535	0.10038241020889971
1.5070000000006467	0.10018459220926046
1.5080000000006397	0.09998702722127828
1.5090000000006327	0.09978972077455195
1.5100000000006257	0.0995926659766575
1.5110000000006187	0.09939586506335796
1.512000000000612	0.09919931672637017
1.513000000000605	0.09900301874743167
1.514000000000598	0.09880697652030612
1.5150000000005912	0.09861119232660942
1.5160000000005842	0.09841565846955502
1.5170000000005772	0.09822037906859171
1.5180000000005702	0.0980253539167335
1.5190000000005632	0.09783057791025718
1.5200000000005565	0.09763606439230932
1.5210000000005495	0.09744180484995546
1.5220000000005425	0.09724779146084628
1.5230000000005357	0.09705403499339549
1.5240000000005285	0.09686053518113358
1.5250000000005217	0.09666728664452895
1.5260000000005147	0.09647429198773483
1.5270000000005077	0.09628155445775
1.528000000000501	0.09608906621003444
1.529000000000494	0.09589683242740443
1.530000000000487	0.09570485664963413
1.53100000000048	0.0955131348274908
1.532000000000473	0.09532166734250902
1.5330000000004662	0.09513045190342462
1.5340000000004592	0.09493948679958675
1.5350000000004522	0.09474877731175091
1.5360000000004455	0.09455832910232687
1.5370000000004385	0.09436812843636544
1.5380000000004315	0.09417818096744024
1.5390000000004245	0.09398848960936967
1.5400000000004175	0.0937990495570673
1.5410000000004107	0.09360986702814866
1.5420000000004037	0.09342094013694335
1.5430000000003967	0.09323226443020893
1.5440000000003897	0.09304384505920105
1.5450000000003827	0.09285567898927893
1.546000000000376	0.09266776783334196
1.547000000000369	0.09248010678818674
1.548000000000362	0.09229270495368314
1.549000000000355	0.09210555402693499
1.5500000000003482	0.09191865461488247
1.5510000000003412	0.09173201665504882
1.5520000000003342	0.09154562528022125
1.5530000000003272	0.09135948963293339
1.5540000000003205	0.0911736098468593
1.5550000000003135	0.09098797830255145
1.5560000000003065	0.09080261048632532
1.5570000000002997	0.09061748913658585
1.5580000000002925	0.09043262532206131
1.5590000000002857	0.09024801579908082
1.5600000000002787	0.09006365757418888
1.5610000000002717	0.0898795541398536
1.5620000000002647	0.08969570416352379
1.5630000000002577	0.08951210601935744
1.564000000000251	0.08932876896516873
1.565000000000244	0.08914568196801431
1.566000000000237	0.08896284175373925
1.5670000000002302	0.08878025955491031
1.5680000000002232	0.08859793710255237
1.5690000000002162	0.08841586317487593
1.5700000000002092	0.08823403901446014
1.5710000000002025	0.08805247303294084
1.5720000000001955	0.08787116404652684
1.5730000000001885	0.08769010470076166
1.5740000000001815	0.08750929958301801
1.5750000000001747	0.08732874128340884
1.5760000000001675	0.08714844222025375
1.5770000000001607	0.08696839623141706
1.5780000000001537	0.08678860778316022
1.5790000000001467	0.08660906879627839
1.58000000000014	0.08642978146150437
1.581000000000133	0.08625074795430332
1.582000000000126	0.08607196747900636
1.583000000000119	0.08589344240251962
1.584000000000112	0.08571516971825599
1.5850000000001052	0.08553715122778005
1.5860000000000982	0.08535938020192113
1.5870000000000912	0.08518186338089317
1.5880000000000845	0.08500460609353844
1.5890000000000775	0.0848275975751297
1.5900000000000705	0.08465083698039466
1.5910000000000635	0.08447433776802915
1.5920000000000565	0.0842980874942666
1.5930000000000497	0.08412208581859293
1.5940000000000427	0.0839463405725358
1.5950000000000357	0.08377084956098513
1.5960000000000287	0.08359561119715186
1.5970000000000217	0.08342061959067482
1.598000000000015	0.08324588725610427
1.599000000000008	0.08307140648599087
1.600000000000001	0.08289717159379628
1.6009999999999942	0.08272319374926829
1.6019999999999872	0.08254946963040632
1.6029999999999802	0.08237599483093305
1.6039999999999732	0.08220277146353272
1.6049999999999662	0.0820298025702485
1.6059999999999595	0.0818570834070147
1.6069999999999525	0.08168461568911634
1.6079999999999455	0.0815124024388324
1.6089999999999387	0.08134043853606276
1.6099999999999315	0.0811687268707808
1.6109999999999247	0.08099726440306498
1.6119999999999177	0.08082605697311651
1.6129999999999107	0.0806551035143025
1.6139999999999037	0.08048439213796565
1.614999999999897	0.08031394003129899
1.61599999999989	0.08014373883171588
1.616999999999883	0.07997378353326323
1.617999999999876	0.07980408441407194
1.6189999999998692	0.07963463581246966
1.6199999999998622	0.0794654378435744
1.6209999999998552	0.07929648655763155
1.6219999999998485	0.07912779682827986
1.6229999999998415	0.07895934335362687
1.6239999999998345	0.07879114669430032
1.6249999999998275	0.07862320649945653
1.6259999999998205	0.07845550779991795
1.6269999999998137	0.07828806635495189
1.6279999999998067	0.07812087082730812
1.6289999999997997	0.0779539257393933
1.6299999999997927	0.0777872347606976
1.6309999999997857	0.07762078827568308
1.631999999999779	0.07745459370163044
1.632999999999772	0.0772886497132107
1.633999999999765	0.07712295900542065
1.634999999999758	0.07695751564065378
1.6359999999997512	0.07679231824699528
1.6369999999997442	0.07662737468926695
1.6379999999997372	0.07646268023206793
1.6389999999997302	0.07629823205965869
1.6399999999997235	0.07613403747755676
1.6409999999997165	0.07597008998482713
1.6419999999997095	0.07580638975993337
1.6429999999997025	0.07564293957459534
1.6439999999996955	0.07547973977276001
1.6449999999996887	0.07531678563372224
1.6459999999996817	0.07515408432903747
1.6469999999996747	0.07499162813656457
1.6479999999996677	0.07482941862080095
1.6489999999996607	0.0746674649059268
1.649999999999654	0.07450575869042941
1.650999999999647	0.07434429634667117
1.65199999999964	0.0741830813844826
1.6529999999996332	0.07402211456189989
1.6539999999996262	0.07386140085574311
1.6549999999996192	0.07370093082502926
1.6559999999996122	0.07354070552451664
1.6569999999996052	0.07338073214746799
1.6579999999995985	0.07322100686101884
1.6589999999995915	0.07306153110836788
1.6599999999995845	0.07290229864531172
1.6609999999995777	0.07274331367729703
1.6619999999995705	0.072584575849716
1.6629999999995637	0.07242608729388
1.6639999999995567	0.07226784467824898
1.6649999999995497	0.07210984767755202
1.665999999999543	0.07195209851240758
1.666999999999536	0.0717945953220065
1.667999999999529	0.07163733787587079
1.668999999999522	0.07148032519723957
1.669999999999515	0.07132356049234867
1.6709999999995082	0.0711670403456286
1.6719999999995012	0.07101076956302166
1.6729999999994942	0.07085473964939037
1.6739999999994875	0.07069895920918734
1.6749999999994805	0.07054342680008507
1.6759999999994735	0.07038813482337347
1.6769999999994665	0.07023309191740779
1.6779999999994595	0.07007829106080965
1.6789999999994527	0.06992374082272157
1.6799999999994457	0.06976943021241322
1.6809999999994387	0.06961536287661674
1.6819999999994317	0.0694615439875308
1.6829999999994247	0.06930796933669536
1.683999999999418	0.06915463834495239
1.684999999999411	0.06900155315500367
1.685999999999404	0.0688487127519114
1.6869999999993972	0.06869611347780469
1.6879999999993902	0.06854375748248498
1.6889999999993832	0.06839165359749289
1.6899999999993762	0.06823978317867752
1.6909999999993692	0.06808816166646725
1.6919999999993625	0.06793678525692226
1.6929999999993555	0.06778565144834392
1.6939999999993485	0.06763475451869305
1.6949999999993415	0.06748410917706804
1.6959999999993345	0.06733370548699147
1.6969999999993277	0.0671835359366284
1.6979999999993207	0.0670336197732978
1.6989999999993137	0.06688393567621165
1.6999999999993067	0.066734503303993
1.7009999999993	0.06658531421803593
1.701999999999293	0.06643635929594083
1.702999999999286	0.06628764869797665
1.703999999999279	0.06613918523853324
1.7049999999992722	0.06599095731689641
1.7059999999992652	0.06584297730703836
1.7069999999992582	0.06569523545717404
1.7079999999992515	0.06554773000037284
1.7089999999992442	0.06540047169070329
1.7099999999992375	0.06525345635640956
1.7109999999992305	0.06510667759637534
1.7119999999992235	0.06496014389101912
1.7129999999992167	0.06481384611108365
1.7139999999992095	0.06466778824704988
1.7149999999992027	0.06452197331073894
1.7159999999991957	0.06437639862486844
1.7169999999991887	0.0642310618601929
1.717999999999182	0.0640859662134714
1.718999999999175	0.0639411131813229
1.719999999999168	0.06379649750907879
1.720999999999161	0.06365212076566251
1.721999999999154	0.06350798400799595
1.7229999999991472	0.06336408632409418
1.7239999999991402	0.06322043042536307
1.7249999999991332	0.06307700830375529
1.7259999999991265	0.06293382412320336
1.7269999999991195	0.06279088473911998
1.7279999999991125	0.06264818160376906
1.7289999999991055	0.0625057121119269
1.7299999999990985	0.06236348411543302
1.7309999999990917	0.06222149760091611
1.7319999999990847	0.06207974990140497
1.7329999999990777	0.06193823184755942
1.7339999999990707	0.06179695437272881
1.7349999999990655	0.06165591452828589
1.7359999999990614	0.06151510805346261
1.7369999999990573	0.06137454564465039
1.7379999999990532	0.06123421324981826
1.7389999999990489	0.061094122579983035
1.7399999999990448	0.060954266867673246
1.7409999999990406	0.060814647452002824
1.7419999999990363	0.060675267139260636
1.7429999999990322	0.060536124690036
1.743999999999028	0.06039721015178989
1.744999999999024	0.06025853174669138
1.74599999999902	0.060120096100858
1.7469999999990156	0.05998189583227598
1.7479999999990115	0.05984392274350714
1.7489999999990071	0.059706184469428436
1.749999999999003	0.059568692009211555
1.7509999999990045	0.059431424271428224
1.751999999999006	0.059294393050352334
1.7529999999990071	0.05915760046049823
1.7539999999990086	0.05902104014750087
1.75499999999901	0.05888471368629644
1.7559999999990115	0.0587486181627781
1.756999999999013	0.058612761740633124
1.7579999999990141	0.05847713171800506
1.7589999999990156	0.058341741352836096
1.759999999999017	0.0582065832389046
1.7609999999990182	0.05807166165846822
1.7619999999990197	0.05793696813719662
1.7629999999990211	0.057802503706208985
1.7639999999990226	0.0576682718963627
1.7649999999990238	0.057534276397673834
1.7659999999990263	0.057400515853705314
1.7669999999990305	0.05726698781885586
1.7679999999990346	0.05713368845797584
1.7689999999990387	0.05700061648757093
1.769999999999043	0.05686777899022033
1.7709999999990471	0.05673517398955663
1.7719999999990512	0.056602801329992625
1.7729999999990556	0.0564706567392963
1.7739999999990597	0.05633874862724508
1.7749999999990638	0.05620706550222654
1.7759999999990679	0.05607560963017111
1.776999999999072	0.055944392965879386
1.7779999999990763	0.0558134045316917
1.7789999999990804	0.05568264358984909
1.7799999999990845	0.055552112561778055
1.7809999999990886	0.05542180614117298
1.781999999999093	0.05529173172336188
1.782999999999097	0.05516188902776853
1.7839999999991012	0.05503227703048574
1.7849999999991053	0.054902893915766526
1.7859999999991096	0.05477373528534113
1.7869999999991137	0.05464480742143074
1.7879999999991179	0.05451610204227164
1.788999999999122	0.05438762851770362
1.789999999999126	0.05425938445906764
1.7909999999991304	0.0541313695069946
1.7919999999991345	0.05400357719810889
1.7929999999991386	0.05387601937324549
1.7939999999991427	0.05374868301992508
1.794999999999147	0.053621575489480655
1.7959999999991512	0.05349469547228103
1.7969999999991553	0.0533680380192838
1.7979999999991594	0.05324160633848962
1.7989999999991637	0.05311540135277837
1.7999999999991678	0.0529894287919187
1.800999999999172	0.05286367820748428
1.801999999999176	0.05273815305047458
1.8029999999991801	0.05261285183271802
1.8039999999991845	0.052487777012249826
1.8049999999991886	0.052362923860055255
1.8059999999991927	0.05223830937393359
1.8069999999991968	0.0521138978671265
1.8079999999992011	0.05198972574954197
1.8089999999992052	0.05186577387962554
1.8099999999992094	0.051742044948424604
1.8109999999992135	0.051618542267798384
1.8119999999992178	0.051495257289876584
1.812999999999222	0.05137220392802144
1.813999999999226	0.05124936626164445
1.8149999999992301	0.05112676119370174
1.8159999999992344	0.051004371421612404
1.8169999999992386	0.05088220347393779
1.8179999999992427	0.050760260232131316
1.8189999999992468	0.05063854228210474
1.819999999999251	0.05051704633909215
1.8209999999992552	0.0503957654560776
1.8219999999992593	0.05027471330489064
1.8229999999992634	0.050153876218079096
1.8239999999992675	0.05003325942937098
1.8249999999992719	0.04991287301522829
1.825999999999276	0.04979270205858777
1.82699999999928	0.04967275359485457
1.8279999999992842	0.04955302283702778
1.8289999999992885	0.04943351281118813
1.8299999999992926	0.049314223476002006
1.8309999999992967	0.0491951524935994
1.8319999999993009	0.04907630313946132
1.8329999999993052	0.04895766981646377
1.8339999999993093	0.048839261766736364
1.8349999999993134	0.048721066152620285
1.8359999999993175	0.04860309980624078
1.8369999999993218	0.0484853427491444
1.837999999999326	0.048367805501179584
1.83899999999933	0.048250484429395724
1.8399999999993342	0.048133381822156096
1.8409999999993385	0.048016499049593264
1.8419999999993426	0.04789983650444252
1.8429999999993467	0.04778338835128193
1.8439999999993508	0.04766715870818761
1.844999999999355	0.047551143592658884
1.8459999999993593	0.047435347429450436
1.8469999999993634	0.04731976699807516
1.8479999999993675	0.04720439692892575
1.8489999999993716	0.04708925172920875
1.849999999999376	0.04697431924075224
1.85099999999938	0.046859600809162405
1.8519999999993841	0.046745101989125404
1.8529999999993882	0.04663081453128115
1.8539999999993926	0.04651674327983646
1.8549999999993967	0.04640288678365423
1.8559999999994008	0.046289246393033
1.856999999999405	0.04617582204701787
1.857999999999409	0.04606260353406133
1.8589999999994133	0.04594960439922491
1.8599999999994175	0.04583681962877373
1.8609999999994216	0.04572424587117063
1.861999999999426	0.04561188607414457
1.86299999999943	0.04549974082430741
1.863999999999434	0.04538781095840638
1.8649999999994382	0.04527609010600808
1.8659999999994423	0.045164580935135645
1.8669999999994467	0.0450532863548988
1.8679999999994508	0.04494220286398676
1.8689999999994549	0.044831330309370254
1.869999999999459	0.04472067265730373
1.870999999999463	0.044610221021029184
1.8719999999994674	0.044499982938522864
1.8729999999994715	0.044389961045400605
1.8739999999994756	0.04428014181061202
1.87499999999948	0.04417053219402256
1.875999999999484	0.04406114545316697
1.8769999999994882	0.04395196047042793
1.8779999999994923	0.043842977304240804
1.8789999999994964	0.04373421438415803
1.8799999999995007	0.043625660442138
1.8809999999995048	0.043517310944095056
1.881999999999509	0.0434091696201484
1.882999999999513	0.0433012434458897
1.8839999999995174	0.043193523647806153
1.8849999999995215	0.04308600762123638
1.8859999999995256	0.04297870325345199
1.8869999999995297	0.04287160841850335
1.887999999999534	0.042764717669920294
1.8889999999995382	0.04265803376570554
1.8899999999995423	0.04255155872634209
1.8909999999995464	0.042445291683860464
1.8919999999995505	0.0423392300827391
1.8929999999995548	0.04223337659880111
1.893999999999559	0.04212772718600355
1.894999999999563	0.042022282732240734
1.8959999999995671	0.04191704526146056
1.8969999999995715	0.04181201311094973
1.8979999999995756	0.04170718842153276
1.8989999999995797	0.04160256839772636
1.8999999999995838	0.04149815440416338
1.9009999999995881	0.041393937293254024
1.9019999999995922	0.04128993239499945
1.9029999999995963	0.04118613129334514
1.9039999999996005	0.04108253427396524
1.9049999999996048	0.04097913717906421
1.905999999999609	0.04087594249054849
1.906999999999613	0.040772955185082393
1.9079999999996171	0.04067017323198607
1.9089999999996214	0.040567593222639475
1.9099999999996256	0.04046521192339836
1.9109999999996297	0.04036303379022044
1.9119999999996338	0.04026105673180225
1.9129999999996379	0.040159283509915156
1.9139999999996422	0.040057712657346145
1.9149999999996463	0.03995634235213452
1.9159999999996504	0.03985517432588559
1.9169999999996545	0.03975420800265872
1.9179999999996589	0.0396534411847117
1.918999999999663	0.03955287027368559
1.919999999999667	0.0394525034869293
1.9209999999996712	0.03935233969431229
1.9219999999996755	0.03925237437077178
1.9229999999996796	0.039152607930497574
1.9239999999996837	0.03905304015767597
1.9249999999996878	0.03895366738248418
1.9259999999996922	0.03885449833365384
1.9269999999996963	0.03875553035545487
1.9279999999997004	0.03865675940292401
1.9289999999997045	0.03855818305001801
1.9299999999997088	0.03845980871029786
1.930999999999713	0.03836163022777983
1.931999999999717	0.03826364958550399
1.9329999999997212	0.03816585985236309
1.9339999999997253	0.03806827605069141
1.9349999999997296	0.03797088784777025
1.9359999999997337	0.03787369188065337
1.9369999999997378	0.03777669562605723
1.937999999999742	0.03767989672537686
1.9389999999997463	0.03758328993625504
1.9399999999997504	0.037486880989676674
1.9409999999997545	0.037390665297070025
1.9419999999997586	0.03729464631572421
1.942999999999763	0.03719882152210752
1.943999999999767	0.037103193587535666
1.9449999999997711	0.03700775681094404
1.9459999999997752	0.036912514409173536
1.9469999999997794	0.036817466622730555
1.9479999999997837	0.036722613875087684
1.9489999999997878	0.03662795521692552
1.949999999999792	0.036533488530987035
1.950999999999796	0.03643921034827691
1.9519999999998003	0.036345129481268224
1.9529999999998044	0.03625124319643391
1.9539999999998086	0.03615754795739723
1.9549999999998127	0.03606404265710206
1.955999999999817	0.03597073046324073
1.956999999999821	0.03587760883424418
1.9579999999998252	0.03578468258216527
1.9589999999998293	0.03569194010933552
1.9599999999998337	0.03559939021294434
1.9609999999998378	0.03550703402766697
1.9619999999998419	0.0354148711740514
1.962999999999846	0.03532289533459676
1.9639999999998503	0.03523110414958508
1.9649999999998544	0.035139507826721816
1.9659999999998585	0.035048103066304126
1.9669999999998626	0.034956883810391304
1.9679999999998667	0.03486585399665987
1.968999999999871	0.03477501250128323
1.9699999999998752	0.034684360479095844
1.9709999999998793	0.03459389817664138
1.9719999999998834	0.034503626943810706
1.9729999999998877	0.03441353550159221
1.9739999999998918	0.03432362971098846
1.974999999999896	0.03423391890940297
1.9759999999999	0.03414439112911527
1.9769999999999044	0.03405505569089784
1.9779999999999085	0.0339659001759407
1.9789999999999126	0.03387693087864063
1.9799999999999167	0.0337881547411748
1.980999999999921	0.03369956154968157
1.9819999999999252	0.03361114803358345
1.9829999999999293	0.03352292539584112
1.9839999999999334	0.0334348868019404
1.9849999999999375	0.03334702847897675
1.9859999999999418	0.03325935489069487
1.986999999999946	0.03317187130180499
1.98799999999995	0.03308457527398678
1.9889999999999541	0.03299745687603661
1.9899999999999585	0.03291052135669481
1.9909999999999626	0.032823769293264804
1.9919999999999667	0.03273720320915219
1.9929999999999708	0.03265082044183343
1.9939999999999751	0.03256462437515262
1.9949999999999792	0.03247859895036942
1.9959999999999833	0.03239275892566151
1.9969999999999875	0.03230710244153845
1.9979999999999918	0.03222162834143272
1.998999999999996	0.03213633685411743
2.0	0.03205121623602525
2.0010279404845495	0.031963912053967425
2.0021217900815715	0.03187122334544634
2.0032857751923165	0.03177283349250648
2.004524391841744	0.03166839422836509
2.005842426366887	0.03155755693819928
2.007244970197923	0.03143995480839723
2.0087374418720856	0.031315201431219575
2.0103256076664273	0.031182897720762992
2.0120156028936726	0.031042605952338875
2.013813957200875	0.030893872839668823
2.0157276178435577	0.030736222380225997
2.0177639781367303	0.030569175194276155
2.019930905358886	0.03039222831524313
2.0222367711443985	0.030204834353025012
2.024690484011897	0.03000646674474572
2.027301523572695	0.029796508572399905
2.0300799770731848	0.029574400221351937
2.033036578410754	0.02933954496533686
2.036182751117039	0.029091272521554967
2.039530649180409	0.028828929222912136
2.043093206833892	0.028551882700969533
2.046884188175661	0.028259455543953926
2.050918238233338	0.02795094545957455
2.0552109433735133	0.027625652399885903
2.059778886913171	0.0272828996721155
2.0646397170403086	0.02692195048900059
2.0698122132469665	0.02654215738446708
2.0753163565584574	0.026142901480364023
2.081173414838828	0.02572328786320266
2.0874060143976347	0.025282825346948368
2.094038234979271	0.024821178855856663
2.1010956980169606	0.024337301897260355
2.1086056699538682	0.023830827281844602
2.116597165034399	0.023301627011582005
2.125101056786564	0.022749276262449714
2.1341501990307465	0.022173160889192745
2.143779554474847	0.02157323948001888
2.1540263207146424	0.020950026833529534
2.1649300857539027	0.020303408558297265
2.1765329774064615	0.01963344277214607
2.1888798204423576	0.018940464204345475
2.2020183144046843	0.018225835889392084
2.2159992202680474	0.017490917335493572
2.2308765524295735	0.016736045286448786
2.246707783705272	0.01596219613076133
2.263554079768369	0.015172638770555635
2.2814805235907363	0.014369383258491686
2.3005563724108544	0.013554073069822814
2.320855322320133	0.012729811243468725
2.3424557929209753	0.011900675540464256
2.3654412374910825	0.011069297696848612
2.389900455657507	0.010239242323124342
2.41592795027163	0.00941585500133113
2.44362426638729	0.00860333453379969
2.473096411506492	0.007806734909373003
2.5044582437089975	0.007030092620436301
2.537830924630887	0.0062784728292553105
2.5733433911797423	0.0055566217700047105
2.611132843166974	0.004870122177191627
2.6513452603475027	0.004221862931270359
2.6941360153529494	0.00361852207057467
2.739670418177515	0.003061407816615569
2.788124380079947	0.002554256149128631
2.839685109337027	0.0020985693869531863
2.894551789617174	0.0016955815528483242
2.9529364084026577	0.0013442409533090949
3.0150645170164534	0.0010443794179636479
3.0811761422888653	0.0007936516075236488
3.1515266965252042	0.0005887070565092634
3.226387989377641	0.0004244325877333921
3.30604919671757	0.0002973843211454552
3.39081811677136	0.0002008777756963287
3.4810222154328754	0.00013088059356258785
3.577010018652917	8.186722776615252e-05
3.6791523315125145	4.899116810841431e-05
3.7878438030764574	2.783935548456018e-05
3.9035043177534527	1.4928768809818749e-05
4.02658072998157	7.482564435390415e-06
4.157548527011607	3.4970186069127607e-06
4.296913682346355	1.495255726235989e-06
4.445214635465608	5.845998818365672e-07
4.603024347307951	2.0460301608515863e-07
4.770952424745148	6.362176530050334e-08
4.9496476786701376	1.7281397979296287e-08
5.139800459354712	3.882312804570631e-09
5.342145448462832	5.931108937318186e-10
5.557464321076707	1.0629830349273561e-10
5.786588991858403	2.9428681713739024e-12
6.03040459644804	1.3924417174848713e-12
6.289853138906711	-3.419486915845482e-13
6.565936951835777	1.0336176359260207e-13
6.859722633511745	-2.9531932455029164e-14
7.172345245053396	9.769962616701378e-15
7.505012494394354	-2.6645352591003757e-15
7.859009576011049	0.0
8.23570422033976	-8.881784197001252e-16
8.636551628113326	-4.440892098500626e-16
9.063100564489073	-8.881784197001252e-16
9.516998831091398	-1.3322676295501878e-15
10.0	-1.7763568394002505e-15
