0.0	0.14923145529957038
0.0010000000000041087	0.1492314313571913
0.0020000000000082174	0.14923136674805015
0.003000000000012548	0.1492312653514074
0.004000000000016657	0.14923112764084867
0.005000000000020766	0.14923094648433477
0.006000000000024874	0.1492307286592659
0.007000000000029205	0.1492304697631579
0.008000000000033314	0.14923017078118928
0.009000000000037423	0.14922983453854
0.010000000000041753	0.14922945699272094
0.011000000000045862	0.14922903923917774
0.01200000000004997	0.14922858222383883
0.01300000000005408	0.1492280849298684
0.01400000000005841	0.14922755084456574
0.015000000000062519	0.14922697588489964
0.016000000000066406	0.14922635875714507
0.017000000000070736	0.14922570479993946
0.018000000000074845	0.14922501091397067
0.019000000000078954	0.14922427520819215
0.020000000000083062	0.1492235019208259
0.021000000000087393	0.14922268837535702
0.022000000000091502	0.14922183479890538
0.02300000000009561	0.14922094374065697
0.02400000000009972	0.14922000909251232
0.02500000000010405	0.14921903811086346
0.02600000000010816	0.14921802674232842
0.027000000000112268	0.14921697345701523
0.0280000000001166	0.14921588191770407
0.029000000000120707	0.14921475291604525
0.030000000000124816	0.14921358214837677
0.031000000000128924	0.14921237187903247
0.032000000000133255	0.14921112242813184
0.033000000000137364	0.14920983132854893
0.03400000000014147	0.14920850264361074
0.0350000000001458	0.1492071355433584
0.03600000000014991	0.14920572642092922
0.03700000000015402	0.14920427823166105
0.03800000000015813	0.14920279065812192
0.03900000000016246	0.14920126390649757
0.04000000000016657	0.14919969547288403
0.04100000000017068	0.14919808836523962
0.04200000000017501	0.1491964429252195
0.04300000000017912	0.14919475732883936
0.044000000000183226	0.1491930318739768
0.045000000000187335	0.1491912652283508
0.046000000000191665	0.1491894618904206
0.04700000000019555	0.14918761831627636
0.04800000000019966	0.1491857321111666
0.04900000000020399	0.1491838084121173
0.0500000000002081	0.14918184452347405
0.05100000000021221	0.1491798407745717
0.05200000000021632	0.14917779978621293
0.05300000000022065	0.14917571786812833
0.05400000000022476	0.1491735942576492
0.055000000000228866	0.14917143389947873
0.0560000000002332	0.14916923255736425
0.057000000000237305	0.1491669899287179
0.058000000000241414	0.14916471108756701
0.05900000000024552	0.14916239096876893
0.060000000000249853	0.1491600299364022
0.06100000000025396	0.14915763226079837
0.06200000000025807	0.14915519265764565
0.0630000000002624	0.14915271403992025
0.06400000000026651	0.14915019654337325
0.06500000000027062	0.14914763891120986
0.06600000000027473	0.14914504052543232
0.06700000000027906	0.14914240247571153
0.06800000000028317	0.14913972699145117
0.06900000000028728	0.14913701219138498
0.0700000000002916	0.14913425427145088
0.07100000000029572	0.14913145998584287
0.07200000000029982	0.14912862550967998
0.07300000000030393	0.1491257494362236
0.07400000000030826	0.1491228361864061
0.07500000000031237	0.1491198829893292
0.07600000000031648	0.14911688783492916
0.07700000000032081	0.14911385582181147
0.0780000000003247	0.1491107833337988
0.07900000000032881	0.14910767109705436
0.08000000000033292	0.14910451988722995
0.08100000000033725	0.14910132836801915
0.08200000000034136	0.14909809759782222
0.08300000000034546	0.14909482732628287
0.0840000000003498	0.14909151795990172
0.0850000000003539	0.14908816849096762
0.08600000000035801	0.14908477960080035
0.08700000000036212	0.14908135052013383
0.08800000000036645	0.14907788210086192
0.08900000000037056	0.14907437356134967
0.09000000000037467	0.1490708279800731
0.091000000000379	0.1490672428576123
0.09200000000038311	0.14906361474887375
0.09300000000038722	0.14905994950844947
0.09400000000039133	0.1490562448189252
0.09500000000039566	0.14905249753819683
0.09600000000039977	0.14904871479089654
0.09700000000040387	0.14904489223117845
0.0980000000004082	0.14904102751642956
0.09900000000041231	0.14903712246069212
0.10000000000041642	0.14903317744454714
0.10100000000042053	0.14902919568425244
0.10200000000042486	0.14902517627706746
0.10300000000042897	0.14902111877498214
0.10400000000043308	0.14901701779463705
0.10500000000043741	0.14901287458246615
0.10600000000044152	0.14900869630795155
0.10700000000044563	0.1490044772986947
0.10800000000044951	0.14900021906944838
0.10900000000045384	0.14899592184058896
0.11000000000045795	0.14899158161785686
0.11100000000046206	0.14898720537769705
0.1120000000004664	0.14898279037060513
0.1130000000004705	0.14897833416391437
0.11400000000047461	0.14897383828853772
0.11500000000047872	0.14896930343899262
0.11600000000048305	0.1489647291105609
0.11700000000048716	0.14896011540697718
0.11800000000049127	0.14895546217505107
0.1190000000004956	0.14895076937689045
0.12000000000049971	0.14894603711216625
0.12100000000050382	0.14894126565406862
0.12200000000050792	0.14893645460417027
0.12300000000051226	0.1489316041767904
0.12400000000051636	0.14892671425743464
0.12500000000052047	0.14892178487271446
0.1260000000005248	0.14891681625736275
0.1270000000005289	0.14891180801917225
0.12800000000053302	0.14890676047450657
0.12900000000053713	0.1489016734467672
0.13000000000054146	0.14889654702293698
0.13100000000054557	0.14889138087059117
0.13200000000054968	0.1488861739528522
0.133000000000554	0.1488809314951528
0.13400000000055812	0.14887565098107713
0.13500000000056223	0.14887032572584946
0.13600000000056633	0.14886496290480733
0.13700000000057067	0.14885956079692986
0.13800000000057477	0.1488541194079861
0.13900000000057866	0.14884863810116555
0.140000000000583	0.1488431192042291
0.1410000000005871	0.14883755861846504
0.1420000000005912	0.14883196049703895
0.14300000000059532	0.14882632144368546
0.14400000000059965	0.1488206448246896
0.14500000000060376	0.14881492874080715
0.14600000000060787	0.14880917147220307
0.1470000000006122	0.14880337545039102
0.1480000000006163	0.14879754103390086
0.14900000000062041	0.1487916664319069
0.15000000000062452	0.14878575321007237
0.15100000000062885	0.14877979990359513
0.15200000000063296	0.14877380784120997
0.15300000000063707	0.14876777631823557
0.1540000000006414	0.14876170607283168
0.1550000000006455	0.14875559586478193
0.15600000000064962	0.14874944671958112
0.15700000000065373	0.14874325826997348
0.15800000000065806	0.14873703094202595
0.15900000000066217	0.14873076407941332
0.16000000000066628	0.14872445792427136
0.16100000000067038	0.14871811247520395
0.16200000000067472	0.1487117269336562
0.16300000000067882	0.1487053016790243
0.16400000000068293	0.1486988390424323
0.16500000000068726	0.14869233698748074
0.16600000000069137	0.1486857960188792
0.16700000000069548	0.14867921487212954
0.1680000000006996	0.14867259487406215
0.16900000000070392	0.14866593388206462
0.1700000000007078	0.1486592348114265
0.17100000000071192	0.14865249765161292
0.17200000000071625	0.14864572063757509
0.17300000000072036	0.14863890294885262
0.17400000000072446	0.14863205064044271
0.17500000000072857	0.14862515819088729
0.1760000000007329	0.14861822262155333
0.177000000000737	0.14861124957276217
0.17800000000074112	0.14860423690825875
0.17900000000074545	0.1485971861403318
0.18000000000074956	0.14859009507638643
0.18100000000075367	0.14858296521557257
0.18200000000075778	0.14857579616310512
0.1830000000007621	0.14856858906361015
0.18400000000076622	0.14856134229778983
0.18500000000077033	0.1485540562854789
0.18600000000077466	0.14854673044100197
0.18700000000077877	0.14853936766789
0.18800000000078287	0.1485319643481503
0.18900000000078698	0.14852452064567356
0.1900000000007913	0.1485170395673583
0.19100000000079542	0.1485095183693247
0.19200000000079953	0.1485019590795683
0.19300000000080386	0.1484943598068822
0.19400000000080797	0.14848672114613537
0.19500000000081208	0.14847904481561414
0.1960000000008162	0.1484713298198791
0.19700000000082052	0.1484635745342544
0.19800000000082463	0.14845577995246884
0.19900000000082874	0.14844794722607868
0.20000000000083307	0.14844007467650022
0.20100000000083695	0.14843216379014967
0.20200000000084106	0.14842421305681963
0.20300000000084517	0.1484162250687846
0.2040000000008495	0.14840819670811367
0.2050000000008536	0.1484001291157473
0.20600000000085772	0.1483920232917989
0.20700000000086205	0.1483838778239972
0.20800000000086616	0.14837569394563266
0.20900000000087027	0.14836747061632816
0.21000000000087438	0.14835920915228862
0.2110000000008787	0.14835090810597584
0.21200000000088282	0.14834256794827716
0.21300000000088692	0.14833418922841757
0.21400000000089126	0.1483257711953907
0.21500000000089536	0.14831731451286945
0.21600000000089947	0.14830881856094702
0.21700000000090358	0.14830028424089503
0.2180000000009079	0.14829171056767676
0.21900000000091202	0.14828309800413986
0.22000000000091613	0.14827444673661638
0.22100000000092046	0.14826575655274965
0.22200000000092457	0.14825702735309554
0.22300000000092868	0.14824825959915933
0.2240000000009328	0.14823945261083737
0.22500000000093712	0.14823060737371674
0.22600000000094123	0.14822172274440493
0.22700000000094533	0.1482127989147335
0.22800000000094967	0.1482038368559615
0.22900000000095377	0.14819483596223781
0.23000000000095788	0.14818579622566397
0.23100000000096177	0.14817671757564876
0.2320000000009661	0.14816760004916585
0.2330000000009702	0.1481584433248635
0.23400000000097432	0.1481492482333926
0.23500000000097865	0.14814001662259146
0.23600000000098276	0.14813074419988237
0.23700000000098687	0.14812142967816877
0.23800000000099097	0.1481120803235222
0.2390000000009953	0.14810269127269216
0.24000000000099941	0.14809326534383715
0.24100000000100352	0.1480838017461421
0.24200000000100785	0.14807429362579316
0.24300000000101196	0.1480647511445461
0.24400000000101607	0.1480551697114859
0.24500000000102018	0.14804554663431113
0.2460000000010245	0.14803588619234898
0.24700000000102862	0.14802618885487728
0.24800000000103273	0.1480164516037561
0.24900000000103706	0.14800667567874393
0.25000000000104117	0.14799686108051446
0.2510000000010453	0.14798700797180064
0.2520000000010494	0.1479771152840832
0.2530000000010537	0.14796718451835777
0.2540000000010578	0.14795721555049535
0.25500000000106193	0.1479472082176132
0.25600000000106626	0.1479371620397647
0.25700000000107037	0.14792707727406906
0.2580000000010745	0.1479169529768708
0.2590000000010786	0.14790679181677513
0.2600000000010829	0.14789659038512792
0.26100000000108703	0.14788635117593663
0.2620000000010909	0.14787607295855343
0.26300000000109525	0.1478657565077045
0.26400000000109936	0.1478554015119803
0.26500000000110346	0.14784500768992637
0.2660000000011076	0.14783457606787243
0.2670000000011119	0.14782410701467152
0.268000000001116	0.14781359703385966
0.2690000000011201	0.14780304710730896
0.27000000000112445	0.14779246081916597
0.27100000000112856	0.147781838755644
0.27200000000113267	0.1477711792608436
0.2730000000011368	0.14776047666078473
0.2740000000011411	0.14774973349347564
0.2750000000011452	0.147738957297463
0.2760000000011493	0.14772814064879136
0.27700000000115366	0.14771728265103978
0.27800000000115777	0.14770639126345042
0.2790000000011619	0.1476954599066479
0.280000000001166	0.1476844871628844
0.2810000000011703	0.1476734781196546
0.2820000000011744	0.14766243257549938
0.28300000000117853	0.14765134456178797
0.28400000000118286	0.14764022035251878
0.28500000000118697	0.1476290594059646
0.2860000000011911	0.14761785877145595
0.2870000000011952	0.1476066199466196
0.2880000000011995	0.1475953417571363
0.2890000000012036	0.14758402604593346
0.29000000000120774	0.14757267255883866
0.29100000000121207	0.14756127980003408
0.2920000000012162	0.14754984895450818
0.29300000000122006	0.14753838037527967
0.29400000000122417	0.14752687309580714
0.2950000000012285	0.14751532722324978
0.2960000000012326	0.14750374376591302
0.2970000000012367	0.14749212164479797
0.29800000000124083	0.14748046115970137
0.29900000000124516	0.14746876283702726
0.30000000000124927	0.14745702620934198
0.3010000000012534	0.14744525134220277
0.3020000000012577	0.1474334382403517
0.3030000000012618	0.14742158669548366
0.3040000000012659	0.1474096974564435
0.30500000000127003	0.14739776989836217
0.30600000000127436	0.14738580386750222
0.3070000000012785	0.147373800098198
0.3080000000012826	0.14736175803716922
0.3090000000012869	0.14734967754330597
0.310000000001291	0.1473375594729157
0.31100000000129513	0.1473254031411566
0.31200000000129924	0.14731320857097152
0.31300000000130357	0.14730097557704636
0.3140000000013077	0.1472887047612681
0.3150000000013118	0.1472763962020196
0.3160000000013161	0.14726404936957738
0.3170000000013202	0.14725166472438733
0.31800000000132433	0.14723924173649905
0.31900000000132844	0.1472267801486291
0.3200000000013328	0.14721428191930608
0.3210000000013369	0.1472017449275843
0.322000000001341	0.14718916898185108
0.3230000000013453	0.1471765567720439
0.3240000000013492	0.1471639061833636
0.3250000000013533	0.1471512159074322
0.3260000000013574	0.14713849005891622
0.32700000000136176	0.14712572605530994
0.32800000000136587	0.1471129217911823
0.32900000000137	0.14710007998161068
0.3300000000013743	0.1470872036660258
0.3310000000013784	0.14707428578273574
0.3320000000013825	0.14706133025007095
0.33300000000138663	0.14704834044180437
0.33400000000139096	0.1470353091307175
0.33500000000139507	0.14702224122280394
0.3360000000013992	0.14700913595546838
0.3370000000014035	0.14699598984557627
0.3380000000014076	0.1469828094047787
0.3390000000014117	0.1469695910412463
0.34000000000141584	0.1469563331337399
0.34100000000142017	0.14694303776219064
0.3420000000014243	0.14692970420063767
0.3430000000014284	0.14691633474130772
0.3440000000014327	0.1469029259221113
0.3450000000014368	0.14688947907653893
0.34600000000144093	0.14687599615508495
0.34700000000144504	0.14686247343551695
0.34800000000144937	0.14684891520343402
0.3490000000014535	0.1468353178824311
0.3500000000014576	0.14682168269972506
0.3510000000014619	0.14680801114231068
0.35200000000146603	0.14679430071236865
0.35300000000147014	0.14678055282841918
0.35400000000147425	0.1467667676168185
0.35500000000147836	0.14675294459352684
0.35600000000148246	0.14673908398653546
0.3570000000014866	0.1467251857334797
0.3580000000014909	0.14671124984799278
0.359000000001495	0.1466972761899633
0.3600000000014991	0.14668326498977868
0.36100000000150323	0.14666921621261975
0.36200000000150756	0.14665513025896648
0.36300000000151167	0.14664100661522528
0.3640000000015158	0.1466268449012038
0.3650000000015201	0.14661264605404967
0.3660000000015242	0.14659841007150187
0.3670000000015283	0.14658413623200373
0.36800000000153243	0.14656982502531934
0.36900000000153677	0.14655547644407008
0.3700000000015409	0.14654109006214888
0.371000000001545	0.14652666654425583
0.3720000000015493	0.14651220463187453
0.3730000000015534	0.14649770752417512
0.37400000000155753	0.14648317046372072
0.37500000000156164	0.14646859707076865
0.37600000000156597	0.1464539840028738
0.3770000000015701	0.14643933797764364
0.3780000000015742	0.14642465157977835
0.3790000000015785	0.14640992874910674
0.3800000000015826	0.1463951687234636
0.38100000000158674	0.14638037124879555
0.38200000000159084	0.14636553750648496
0.3830000000015952	0.14635066230022065
0.3840000000015993	0.14633575587036485
0.3850000000016034	0.14632080730004127
0.3860000000016075	0.14630582301530481
0.3870000000016116	0.14629080101645808
0.3880000000016157	0.14627574166468527
0.38900000000161983	0.14626064596021338
0.39000000000162416	0.14624551282871967
0.39100000000162827	0.14623034357852194
0.3920000000016324	0.1462151353997989
0.3930000000016367	0.14619988998012012
0.3940000000016408	0.1461846072787747
0.3950000000016449	0.1461692894367349
0.39600000000164903	0.14615393527814624
0.39700000000165336	0.14613854096366885
0.3980000000016575	0.1461231093538513
0.3990000000016616	0.14610764138955856
0.4000000000016659	0.14609213576063684
0.40100000000167	0.1460765941183061
0.40200000000167413	0.1460610153219679
0.40300000000167824	0.14604539923784354
0.40400000000168257	0.14602974598418328
0.4050000000016867	0.14601405598341122
0.4060000000016908	0.1459983296925763
0.4070000000016951	0.1459825661688149
0.4080000000016992	0.14596676576859768
0.40900000000170333	0.14595092664766174
0.41000000000170744	0.14593505132472606
0.4110000000017118	0.14591914115096882
0.4120000000017159	0.1459031859173664
0.41300000000172	0.1458872058922005
0.4140000000017243	0.14587118293680434
0.41500000000172843	0.145855117258899
0.41600000000173254	0.14583902624584488
0.4170000000017364	0.14582289141533178
0.41800000000174076	0.1458067206893503
0.41900000000174487	0.14579051333984339
0.420000000001749	0.14577426919702374
0.4210000000017533	0.1457579882326534
0.4220000000017574	0.14574167045730546
0.4230000000017615	0.14572531590567017
0.42400000000176563	0.14570892478099895
0.42500000000176996	0.14569249787992833
0.42600000000177407	0.14567602727669104
0.4270000000017782	0.14565953137829712
0.4280000000017825	0.14564299169934491
0.4290000000017866	0.1456264161476648
0.4300000000017907	0.14560980425982883
0.43100000000179484	0.14559315576075194
0.43200000000179917	0.145576471887079
0.4330000000018033	0.1455597445418636
0.4340000000018074	0.1455429917381128
0.4350000000018115	0.14552619531436173
0.4360000000018158	0.14550936307100615
0.43700000000181993	0.14549249479663995
0.43800000000182404	0.14547558910836877
0.43900000000182837	0.14545864881903914
0.4400000000018325	0.1454416656796782
0.4410000000018366	0.14542465666135462
0.4420000000018407	0.14540760409858544
0.44300000000184503	0.14539051546495785
0.44400000000184914	0.14537339115168968
0.44500000000185325	0.14535623058109537
0.4460000000018576	0.14533903261468784
0.4470000000018617	0.1453217989136535
0.4480000000018656	0.1453045288336413
0.4490000000018697	0.14528722174762
0.450000000001874	0.14526987886779186
0.4510000000018781	0.14525249941934748
0.45200000000188223	0.1452350829562512
0.45300000000188656	0.1452176311074711
0.45400000000189067	0.14520014243826052
0.4550000000018948	0.1451826181261333
0.4560000000018989	0.14516505788520762
0.4570000000019032	0.14514745650559224
0.4580000000019073	0.145129825000486
0.45900000000191143	0.145112153088516
0.46000000000191577	0.1450944467456673
0.4610000000019199	0.14507670356930857
0.462000000001924	0.14505892431284806
0.4630000000019281	0.14504110878688892
0.4640000000019324	0.14502325710771813
0.46500000000193653	0.14500536887609006
0.46600000000194064	0.1449874443836846
0.46700000000194497	0.14496948400633147
0.4680000000019491	0.14495148738431918
0.4690000000019532	0.1449334546445118
0.4700000000019573	0.14491538575728802
0.4710000000019616	0.14489728074099084
0.47200000000196574	0.1448791395995982
0.47300000000196984	0.144860962341557
0.4740000000019742	0.14484274900153415
0.4750000000019783	0.14482449960541088
0.4760000000019824	0.14480621414591344
0.4770000000019865	0.14478789250548463
0.47800000000199083	0.14476953498527179
0.4790000000019947	0.14475114204204265
0.48000000000199883	0.14473271290051748
0.48100000000200316	0.14471424769473185
0.48200000000200727	0.1446957460353555
0.4830000000020114	0.144677208806394
0.4840000000020155	0.14465863572549498
0.4850000000020198	0.1446400277019554
0.4860000000020239	0.14462137601568803
0.48700000000202803	0.14460270090703742
0.48800000000203236	0.1445839826338905
0.4890000000020365	0.1445652294816968
0.4900000000020406	0.14454644071619283
0.4910000000020447	0.14452761633396283
0.492000000002049	0.14450875710757793
0.49300000000205313	0.1444898548998701
0.49400000000205724	0.14447092883997137
0.49500000000206157	0.14445195982902126
0.4960000000020657	0.14443295608530338
0.4970000000020698	0.14441391686768734
0.4980000000020739	0.1443948420391632
0.4990000000020782	0.1443757313137366
0.5000000000020823	0.14435658546421248
0.5010000000020864	0.14433740333918454
0.5020000000020908	0.14431818531780405
0.5030000000020949	0.14429893209266587
0.504000000002099	0.14427964316685116
0.5050000000021031	0.1442603186117457
0.5060000000021074	0.1442409584535561
0.5070000000021115	0.144221562707748
0.5080000000021156	0.14420213139253857
0.50900000000212	0.14418266452255324
0.5100000000021239	0.14416316210481916
0.511000000002128	0.1441436241328471
0.5120000000021321	0.14412405057786437
0.5130000000021364	0.14410444128329225
0.5140000000021405	0.14408479697951826
0.5150000000021446	0.1440651178688861
0.516000000002149	0.14404540285017453
0.5170000000021531	0.1440256516886811
0.5180000000021572	0.144005865340742
0.5190000000021613	0.1439860441365871
0.5200000000021656	0.14396618712213427
0.5210000000021697	0.14394629566841277
0.5220000000021738	0.1439263677282845
0.5230000000021782	0.14390640411478672
0.5240000000021823	0.14388640625431992
0.5250000000021864	0.14386637241775402
0.5260000000021905	0.14384630354827932
0.5270000000021948	0.14382619940758323
0.5280000000021989	0.14380605999675344
0.529000000002203	0.14378588536856785
0.5300000000022074	0.14376567550670927
0.5310000000022115	0.14374543039585586
0.5320000000022156	0.14372515003003472
0.5330000000022197	0.14370483492234043
0.534000000002224	0.14368448499367603
0.5350000000022281	0.1436640967878331
0.5360000000022322	0.1436436778587895
0.5370000000022366	0.14362322129383542
0.5380000000022407	0.1436027311942366
0.5390000000022448	0.14358220582312142
0.5400000000022487	0.14356164384512426
0.541000000002253	0.14354104707533244
0.5420000000022571	0.14352041625507794
0.5430000000022612	0.14349974961440815
0.5440000000022656	0.14347904882639462
0.5450000000022697	0.1434583122902784
0.5460000000022738	0.14343754155753263
0.5470000000022779	0.14341673514386655
0.5480000000022822	0.14339589419482623
0.5490000000022863	0.14337501853865964
0.5500000000022904	0.14335410764265
0.5510000000022948	0.14333316210697622
0.5520000000022989	0.14331218185595718
0.553000000002303	0.14329116671000708
0.5540000000023071	0.14327011666744116
0.5550000000023114	0.14324903179146042
0.5560000000023155	0.14322791213134645
0.5570000000023196	0.14320675771560765
0.558000000002324	0.14318556854126674
0.5590000000023281	0.14316434461120076
0.5600000000023322	0.143143085934191
0.5610000000023363	0.14312179252029333
0.5620000000023406	0.1431004643974998
0.5630000000023447	0.14307910161433346
0.5640000000023488	0.14305770421971054
0.5650000000023532	0.14303627218808423
0.5660000000023573	0.14301480552327406
0.5670000000023614	0.14299330427999557
0.5680000000023655	0.1429717684640308
0.5690000000023698	0.14295019806991938
0.5700000000023739	0.14292859311615358
0.5710000000023778	0.14290695361957972
0.5720000000023819	0.1428852796260296
0.5730000000023863	0.14286357118198967
0.5740000000023904	0.14284182827877256
0.5750000000023945	0.14282005091780692
0.5760000000023988	0.14279823907718003
0.5770000000024029	0.14277639268220765
0.578000000002407	0.1427545117601713
0.5790000000024111	0.14273259691814388
0.5800000000024155	0.14271064766314523
0.5810000000024196	0.14268866391915402
0.5820000000024237	0.14266664628064785
0.583000000002428	0.14264459501779958
0.5840000000024321	0.14262250758123562
0.5850000000024362	0.14260038610302617
0.5860000000024403	0.14257823103566836
0.5870000000024447	0.14255604132101762
0.5880000000024488	0.14253381773276175
0.5890000000024529	0.14251155992715892
0.5900000000024572	0.14248926781740556
0.5910000000024613	0.14246694158743922
0.5920000000024654	0.14244458116611014
0.5930000000024696	0.1424221865742925
0.5940000000024739	0.14239975788110903
0.595000000002478	0.14237729498347917
0.5960000000024821	0.1423547980416131
0.5970000000024864	0.14233226694966428
0.5980000000024905	0.14230970195270176
0.5990000000024946	0.14228710296924474
0.6000000000024988	0.1422644707277605
0.6010000000025031	0.14224180260937447
0.602000000002507	0.14221910104897684
0.6030000000025111	0.14219636638559385
0.6040000000025154	0.14217359707132216
0.6050000000025195	0.14215079447650192
0.6060000000025236	0.142127957397989
0.6070000000025277	0.1421050869985081
0.6080000000025321	0.14208218220136526
0.6090000000025362	0.14205924391318858
0.6100000000025403	0.142036271453567
0.6110000000025446	0.14201326553764348
0.6120000000025487	0.14199022592931976
0.6130000000025528	0.14196715243218372
0.614000000002557	0.14194404508466263
0.6150000000025613	0.14192090397837998
0.6160000000025654	0.14189772914709775
0.6170000000025695	0.14187452061578898
0.6180000000025738	0.1418512784051439
0.6190000000025779	0.14182800253907157
0.620000000002582	0.14180469303901866
0.6210000000025861	0.14178134992307234
0.6220000000025905	0.14175797319276306
0.6230000000025946	0.14173456286563035
0.6240000000025987	0.14171111895375288
0.625000000002603	0.14168764140785262
0.6260000000026071	0.14166413024849522
0.6270000000026112	0.14164058590563577
0.6280000000026154	0.14161700782440767
0.6290000000026197	0.14159339645705504
0.6300000000026238	0.14156975127448357
0.6310000000026279	0.14154607302045574
0.6320000000026322	0.14152236105336047
0.6330000000026361	0.1414986157877779
0.6340000000026402	0.14147483710791076
0.6350000000026443	0.14145102513947783
0.6360000000026487	0.14142717976680208
0.6370000000026528	0.14140330115963506
0.6380000000026569	0.14137938916427473
0.6390000000026612	0.1413554439973801
0.6400000000026653	0.14133146568300392
0.6410000000026694	0.14130745465623795
0.6420000000026735	0.14128341030347558
0.6430000000026779	0.1412593297862249
0.644000000002682	0.14123521946124695
0.6450000000026861	0.14121107593449722
0.6460000000026904	0.14118689738977241
0.6470000000026945	0.14116268634095763
0.6480000000026986	0.14113844247817597
0.6490000000027027	0.14111416558317869
0.6500000000027071	0.1410898565141827
0.6510000000027112	0.14106551239451448
0.6520000000027153	0.1410411356186283
0.6530000000027196	0.141016726761515
0.6540000000027237	0.14099228419151588
0.6550000000027278	0.14096780931171682
0.656000000002732	0.1409433008302743
0.6570000000027363	0.14091875998095948
0.6580000000027404	0.14089418563579958
0.6590000000027445	0.1408695788864558
0.6600000000027488	0.14084493876247273
0.6610000000027529	0.14082026619366372
0.662000000002757	0.14079556036894825
0.6630000000027612	0.14077082201591762
0.6640000000027653	0.14074605046109623
0.6650000000027694	0.14072124680248055
0.6660000000027735	0.14069640985058174
0.6670000000027778	0.14067154023358241
0.6680000000027819	0.14064663804575106
0.669000000002786	0.14062170300655108
0.6700000000027901	0.14059673537985828
0.6710000000027945	0.14057173505055565
0.6720000000027986	0.1405467021325414
0.6730000000028027	0.14052163646063076
0.674000000002807	0.14049653825176867
0.6750000000028111	0.14047140752184228
0.6760000000028152	0.14044624416372775
0.6770000000028193	0.14042104831549296
0.6780000000028237	0.14039581986176297
0.6790000000028278	0.14037055908503349
0.6800000000028319	0.14034526597946162
0.6810000000028362	0.14031993956976785
0.6820000000028403	0.14029458186224852
0.6830000000028444	0.14026919068853438
0.6840000000028486	0.14024376798904759
0.6850000000028529	0.14021831209503677
0.686000000002857	0.14019282471015315
0.6870000000028611	0.14016730391181886
0.6880000000028654	0.14014175201573187
0.6890000000028695	0.14011616680969607
0.6900000000028736	0.14009055016994298
0.6910000000028778	0.14006490039361275
0.6920000000028821	0.14003921940831865
0.6930000000028862	0.14001350541427915
0.6940000000028901	0.13998775884063586
0.6950000000028944	0.13996198046494357
0.6960000000028985	0.13993617034809325
0.6970000000029026	0.13991032772449663
0.6980000000029067	0.1398844524106202
0.6990000000029111	0.13985854512216356
0.7000000000029152	0.13983260649568696
0.7010000000029193	0.13980663496502488
0.7020000000029236	0.13978063227178206
0.7030000000029277	0.13975459681691216
0.7040000000029318	0.13972852986845374
0.705000000002936	0.13970243077415212
0.7060000000029403	0.1396762996934563
0.7070000000029444	0.139650136666005
0.7080000000029485	0.1396239417605053
0.7090000000029526	0.13959771496248918
0.7100000000029569	0.13957145638133384
0.711000000002961	0.13954516590275556
0.7120000000029651	0.1395188436147048
0.7130000000029695	0.13949248957587557
0.7140000000029736	0.13946610359303058
0.7150000000029777	0.13943968590872202
0.7160000000029818	0.13941323644979553
0.7170000000029861	0.13938675547445467
0.7180000000029902	0.13936024247552048
0.7190000000029944	0.1393336983714054
0.7200000000029987	0.13930712138546641
0.7210000000030028	0.13928051394654617
0.7220000000030069	0.13925387474076845
0.723000000003011	0.13922720280545264
0.7240000000030153	0.13920050046014498
0.7250000000030195	0.13917376611288101
0.7260000000030233	0.13914700045520823
0.7270000000030277	0.13912020402310787
0.7280000000030318	0.1390933742042223
0.7290000000030359	0.13906651378425638
0.73000000000304	0.139039621856475
0.7310000000030443	0.1390126985167336
0.7320000000030484	0.13898574471577974
0.7330000000030525	0.138958758120715
0.7340000000030569	0.1389317401156699
0.735000000003061	0.1389046911371803
0.7360000000030651	0.13887761098669138
0.7370000000030692	0.1388504994366253
0.7380000000030735	0.13882335652463862
0.7390000000030776	0.13879618246195713
0.7400000000030817	0.13876897721114845
0.7410000000030861	0.13874174102883985
0.7420000000030902	0.13871447348409083
0.7430000000030943	0.13868717459985758
0.7440000000030984	0.13865984454699043
0.7450000000031027	0.1386324834622853
0.7460000000031068	0.1386050912289385
0.747000000003111	0.13857766788529657
0.7480000000031153	0.1385502134430905
0.7490000000031194	0.13852272787363407
0.7500000000031235	0.13849521116275487
0.7510000000031276	0.13846766399028942
0.7520000000031319	0.13844008524791795
0.753000000003136	0.13841247565249015
0.7540000000031402	0.13838483503667254
0.7550000000031445	0.13835716335942683
0.7560000000031484	0.13832946119341116
0.7570000000031525	0.1383017278880806
0.7580000000031566	0.13827396420527327
0.7590000000031609	0.1382461704370901
0.760000000003165	0.13821834403447553
0.7610000000031691	0.13819048707409454
0.7620000000031735	0.1381625998864251
0.7630000000031776	0.13813468172191434
0.7640000000031817	0.13810673405524576
0.7650000000031858	0.13807875215291143
0.7660000000031901	0.13805074355448999
0.7670000000031942	0.13802270246749226
0.7680000000031983	0.13799463176199656
0.7690000000032027	0.13796653036674478
0.7700000000032068	0.1379383967561112
0.7710000000032109	0.13791023283016735
0.772000000003215	0.13788203896016205
0.7730000000032193	0.13785381470414926
0.7740000000032234	0.1378255608465705
0.7750000000032276	0.137797274022323
0.7760000000032319	0.13776895931184163
0.777000000003236	0.1377406125713292
0.7780000000032401	0.1377122359750076
0.7790000000032442	0.13768382899231368
0.7800000000032485	0.13765539159319873
0.7810000000032526	0.13762692382940556
0.7820000000032568	0.13759842582349768
0.7830000000032611	0.1375698973751045
0.7840000000032652	0.13754133839836125
0.7850000000032693	0.1375127501690273
0.7860000000032734	0.13748413071698362
0.7870000000032777	0.1374554811352937
0.7880000000032816	0.13742680267567886
0.7890000000032857	0.13739808741061466
0.7900000000032901	0.13736935259221372
0.7910000000032942	0.1373405812866907
0.7920000000032983	0.13731178228856855
0.7930000000033024	0.13728295093084286
0.7940000000033067	0.13725408870879496
0.7950000000033108	0.13722519996833804
0.796000000003315	0.13719628067214518
0.7970000000033193	0.1371673291570723
0.7980000000033234	0.13713834856711882
0.7990000000033275	0.13710933810911763
0.8000000000033316	0.13708029799289645
0.8010000000033359	0.13705122891153565
0.80200000000334	0.13702212762750332
0.8030000000033441	0.1369929962046068
0.8040000000033485	0.13696383566086068
0.8050000000033526	0.13693464673591027
0.8060000000033567	0.136905429876913
0.8070000000033608	0.13687617912341143
0.8080000000033651	0.13684690007135247
0.8090000000033692	0.13681759182966924
0.8100000000033734	0.13678825306022135
0.8110000000033777	0.13675888586521168
0.8120000000033818	0.13672948806067187
0.8130000000033859	0.1367000614978523
0.81400000000339	0.1366705998229113
0.8150000000033943	0.13664111789780875
0.8160000000033985	0.13661160084050417
0.8170000000034026	0.136582055223204
0.8180000000034067	0.136552481056749
0.8190000000034108	0.13652287231454074
0.8200000000034149	0.13649324272131103
0.821000000003419	0.13646357719913615
0.8220000000034233	0.13643388377502674
0.8230000000034274	0.1364041606626205
0.8240000000034315	0.13637440808367973
0.8250000000034359	0.13634462945447123
0.82600000000344	0.13631481771283116
0.8270000000034441	0.13628497738444878
0.8280000000034482	0.1362551084435607
0.8290000000034525	0.13622521016821798
0.8300000000034566	0.13619528235302658
0.8310000000034607	0.13616532547718663
0.8320000000034651	0.13613533941917066
0.8330000000034692	0.13610532416852483
0.8340000000034733	0.13607527960692367
0.8350000000034774	0.13604520619458405
0.8360000000034817	0.13601510356609126
0.8370000000034858	0.13598497172155355
0.83800000000349	0.13595481098457718
0.8390000000034943	0.13592462116364135
0.8400000000034984	0.13589440225158078
0.8410000000035025	0.13586415423257014
0.8420000000035066	0.13583387742472308
0.8430000000035109	0.13580357167487755
0.844000000003515	0.13577323698600663
0.8450000000035192	0.13574287344866198
0.8460000000035233	0.13571248121195933
0.8470000000035276	0.13568205963962832
0.8480000000035317	0.1356516097018139
0.8490000000035356	0.13562113121936337
0.8500000000035399	0.1355906223155421
0.851000000003544	0.13556008679093567
0.8520000000035481	0.1355295217545296
0.8530000000035523	0.1354989284696
0.8540000000035566	0.1354683058516688
0.8550000000035607	0.13543765417662734
0.8560000000035648	0.13540697357244613
0.8570000000035691	0.13537626467496133
0.8580000000035732	0.1353455280686493
0.8590000000035773	0.13531476220230887
0.8600000000035815	0.13528396792067565
0.8610000000035858	0.1352531452036032
0.8620000000035899	0.13522229386021456
0.863000000003594	0.13519141356429654
0.8640000000035983	0.1351605058385157
0.8650000000036024	0.13512957070365905
0.8660000000036066	0.13509860510429628
0.8670000000036107	0.13506761052199934
0.868000000003615	0.13503659034949134
0.8690000000036191	0.13500553975598595
0.8700000000036232	0.13497446158643278
0.8710000000036275	0.13494335556136883
0.8720000000036316	0.13491221966126743
0.8730000000036358	0.13488105542041595
0.8740000000036399	0.13484986537403154
0.8750000000036442	0.13481864589954828
0.8760000000036483	0.13478739846294052
0.8770000000036524	0.13475612089345956
0.8780000000036567	0.13472481699289462
0.8790000000036609	0.13469348532470282
0.8800000000036647	0.13466212558686452
0.8810000000036688	0.13463073657963354
0.8820000000036732	0.13459932095028038
0.8830000000036773	0.13456787649935198
0.8840000000036814	0.13453640439797554
0.8850000000036857	0.13450490416691674
0.8860000000036898	0.13447337629246559
0.887000000003694	0.13444182073689803
0.888000000003698	0.13441023674106733
0.8890000000037024	0.1343786249848985
0.8900000000037065	0.13434698551676294
0.8910000000037106	0.13431531841938715
0.8920000000037149	0.1342836231815815
0.893000000003719	0.1342519003541719
0.8940000000037231	0.13422015016986233
0.8950000000037273	0.13418837167492847
0.8960000000037316	0.13415656675548837
0.8970000000037357	0.13412473345102716
0.8980000000037398	0.13409287016607452
0.8990000000037441	0.13406098223412388
0.9000000000037482	0.13402906658928415
0.9010000000037524	0.13399712190316726
0.9020000000037565	0.13396515020996136
0.9030000000037608	0.13393315166117659
0.9040000000037649	0.1339011237564578
0.905000000003769	0.13386906976277335
0.9060000000037733	0.1338369887466272
0.9070000000037775	0.1338048802495022
0.9080000000037816	0.13377274392516547
0.9090000000037857	0.13374057988798993
0.91000000000379	0.13370838892457104
0.9110000000037939	0.13367617093524975
0.912000000003798	0.13364392576127393
0.9130000000038023	0.13361165240970418
0.9140000000038064	0.1335793528420871
0.9150000000038105	0.13354702541391494
0.9160000000038147	0.13351467105615022
0.917000000003819	0.13348228974953136
0.9180000000038231	0.13344988071786934
0.9190000000038272	0.13341744465223315
0.9200000000038315	0.1333849820385964
0.9210000000038356	0.13335249087997847
0.9220000000038397	0.13331997504406912
0.9230000000038439	0.13328742977414376
0.9240000000038482	0.1332548586598682
0.9250000000038523	0.13322226070279464
0.9260000000038564	0.13318963622485946
0.9270000000038607	0.13315698402428344
0.9280000000038648	0.1331243061248616
0.929000000003869	0.13309159944189486
0.9300000000038731	0.1330588671438182
0.9310000000038774	0.13302610775134194
0.9320000000038815	0.13299332157018817
0.9330000000038856	0.13296050839767515
0.9340000000038899	0.13292766850747895
0.935000000003894	0.13289480107113194
0.9360000000038982	0.1328619091528579
0.9370000000039023	0.1328289895791972
0.9380000000039066	0.13279604297194147
0.9390000000039107	0.13276306962550832
0.9400000000039148	0.1327300699904067
0.9410000000039191	0.1326970429897365
0.942000000003923	0.13266399112132832
0.9430000000039271	0.1326309111700399
0.9440000000039312	0.13259780551900802
0.9450000000039356	0.1325646727869526
0.9460000000039397	0.13253151411711572
0.9470000000039438	0.13249832901061842
0.9480000000039481	0.13246511837168673
0.9490000000039522	0.13243187521257715
0.9500000000039563	0.1323986162515144
0.9510000000039605	0.13236532448703853
0.9520000000039648	0.1323320069884658
0.9530000000039689	0.13229866356197106
0.954000000003973	0.13226529562393607
0.9550000000039773	0.13223189945448643
0.9560000000039814	0.1321984759497299
0.9570000000039856	0.13216503003879376
0.9580000000039897	0.1321315522320905
0.959000000003994	0.13209805638506977
0.9600000000039981	0.13206452515991662
0.9610000000040022	0.13203097627342442
0.9620000000040065	0.13199739737326166
0.9630000000040106	0.13196379289315552
0.9640000000040148	0.13193015996429758
0.9650000000040189	0.1318965061098838
0.9660000000040232	0.13186282217830547
0.9670000000040273	0.13182911495016714
0.9680000000040314	0.13179538146482483
0.9690000000040357	0.13176161591158697
0.9700000000040399	0.13172783460122317
0.9710000000040437	0.13169402170563183
0.9720000000040478	0.13166018428072446
0.9730000000040522	0.13162632185428724
0.9740000000040563	0.13159242773780266
0.9750000000040604	0.13155851768977267
0.9760000000040647	0.13152457626587233
0.9770000000040688	0.13149061004207008
0.978000000004073	0.1314566191568043
0.979000000004077	0.13142259665994593
0.9800000000040812	0.13138855874018895
0.9810000000040855	0.13135448904541525
0.9820000000040896	0.13132039470350965
0.9830000000040937	0.13128627507264023
0.984000000004098	0.13125213113961776
0.9850000000041004	0.1312179600659732
0.9860000000041018	0.13118376308057444
0.987000000004103	0.13114954326328776
0.9880000000041045	0.13111529543071176
0.9890000000041059	0.13108101871421463
0.9900000000041072	0.13104672744634582
0.9910000000041086	0.13101239994818992
0.99200000000411	0.13097805527822692
0.9930000000041115	0.13094367962982578
0.9940000000041127	0.1309092820246993
0.9950000000041141	0.13087485910959962
0.9960000000041156	0.13084040803026153
0.997000000004117	0.1308059340507094
0.9980000000041185	0.13077143598986196
0.9990000000041197	0.13073691108488794
1.0000000000041211	0.13070236190699835
1.001000000004117	0.13066778747275054
1.002000000004113	0.13063318702408178
1.0030000000041086	0.13059856304522477
1.0040000000041045	0.13056391301383652
1.0050000000041002	0.13052923793137516
1.006000000004096	0.13049453934099486
1.007000000004092	0.130459814839061
1.0080000000040878	0.13042506557585432
1.0090000000040837	0.13039029132929492
1.0100000000040794	0.13035549270645075
1.0110000000040753	0.1303206691906892
1.012000000004071	0.13028582082345486
1.0130000000040669	0.13025094763308098
1.0140000000040628	0.1302160499556939
1.0150000000040587	0.13018112739680054
1.0160000000040534	0.13014618013575552
1.0170000000040464	0.1301112080927247
1.0180000000040397	0.13007621171598316
1.0190000000040325	0.13004119048042362
1.0200000000040257	0.13000614527546395
1.021000000004019	0.12997107615258585
1.0220000000040117	0.12993598077183754
1.023000000004005	0.12990086023040237
1.0240000000039977	0.12986571866804575
1.025000000003991	0.12983055012290434
1.026000000003984	0.12979535759222038
1.027000000003977	0.1297601407171035
1.0280000000039702	0.12972489965632494
1.0290000000039632	0.12968963521090182
1.0300000000039562	0.12965434428955525
1.0310000000039494	0.12961902935397562
1.0320000000039424	0.12958369188219243
1.0330000000039354	0.12954832918893378
1.0340000000039287	0.12951294267803293
1.0350000000039217	0.12947753191680356
1.0360000000039147	0.12944209713748067
1.0370000000039077	0.12940663757982296
1.0380000000039007	0.12937115467536964
1.039000000003894	0.12933564741682024
1.0400000000038867	0.12930011582520162
1.04100000000388	0.12926456099670225
1.0420000000038732	0.12922898149571527
1.043000000003866	0.12919337802960995
1.0440000000038592	0.12915775083138825
1.0450000000038522	0.12912209991020862
1.0460000000038452	0.12908642495869738
1.0470000000038384	0.12905072599939316
1.0480000000038314	0.12901500397342058
1.0490000000038244	0.12897925739238636
1.0500000000038174	0.1289434882110435
1.0510000000038104	0.1289076934946588
1.0520000000038037	0.1288718758035946
1.0530000000037967	0.1288360344599373
1.0540000000037897	0.12880016957511486
1.055000000003783	0.12876428158765252
1.056000000003776	0.12872836695669254
1.057000000003769	0.12869243276208053
1.0580000000037622	0.12865647376983402
1.059000000003755	0.12862048944776183
1.0600000000037482	0.12858448354137697
1.0610000000037412	0.1285484537347188
1.0620000000037342	0.12851240050370583
1.0630000000037274	0.12847632461057534
1.0640000000037202	0.12844021956862783
1.0650000000037134	0.1284041010299557
1.0660000000037064	0.12836795409767798
1.0670000000036994	0.12833177897359682
1.0680000000036927	0.1282955901872571
1.0690000000036857	0.1282593724530935
1.0700000000036787	0.12822313213645775
1.071000000003672	0.12818686883648556
1.072000000003665	0.12815058137765822
1.073000000003658	0.12811427166235412
1.0740000000036511	0.12807794082028656
1.075000000003644	0.1280415841946727
1.0760000000036372	0.12800520406139793
1.0770000000036304	0.12796880432820412
1.0780000000036232	0.12793237805336544
1.0790000000036164	0.1278959278640942
1.0800000000036092	0.1278594576681542
1.0810000000036024	0.1278229638328331
1.0820000000035954	0.12778644764968927
1.0830000000035884	0.12774990938012754
1.0840000000035817	0.12771334504685727
1.0850000000035747	0.12767676170310305
1.0860000000035677	0.12764014883297758
1.087000000003561	0.12760352047029577
1.088000000003554	0.12756686861531907
1.089000000003547	0.12753019142798805
1.0900000000035401	0.12749348786949188
1.091000000003533	0.1274567701055047
1.0920000000035262	0.1274200254171669
1.0930000000035192	0.1273832545052218
1.0940000000035122	0.12734646836135943
1.0950000000035054	0.1273096560017526
1.0960000000034982	0.12727281794421796
1.0970000000034914	0.12723596255385816
1.0980000000034844	0.12719908208659614
1.0990000000034774	0.1271621783547593
1.1000000000034706	0.1271252556284217
1.1010000000034637	0.12708830717071207
1.1020000000034567	0.12705133748642106
1.1030000000034499	0.12701434531487
1.104000000003443	0.12697733074587925
1.105000000003436	0.12694029395131323
1.106000000003429	0.12690323477754872
1.107000000003422	0.1268661537027106
1.1080000000034151	0.12682905020315027
1.1090000000034081	0.1267919245591781
1.1100000000034012	0.12675477674642344
1.1110000000033944	0.12671760692226164
1.1120000000033872	0.12668041488549875
1.1130000000033804	0.12664320089275205
1.1140000000033736	0.12660596453889816
1.1150000000033664	0.1265687063425529
1.1160000000033596	0.1265314264998768
1.1170000000033526	0.12649412423850148
1.1180000000033457	0.12645679940472276
1.1190000000033387	0.12641945435476165
1.1200000000033317	0.12638208718690902
1.121000000003325	0.12634469720903896
1.122000000003318	0.12630728392256307
1.123000000003311	0.1262698507428579
1.1240000000033041	0.1262323950749228
1.1250000000032971	0.12619491779664416
1.1260000000032901	0.12615741886170806
1.1270000000032834	0.1261198982653431
1.1280000000032764	0.12608235591632755
1.1290000000032694	0.1260447919729778
1.1300000000032626	0.12600720656564213
1.1310000000032554	0.1259695995219816
1.1320000000032486	0.12593197080644147
1.1330000000032414	0.12589432062819672
1.1340000000032346	0.12585664914380756
1.1350000000032279	0.1258189557520173
1.1360000000032207	0.12578124125230716
1.1370000000032139	0.12574350529892042
1.138000000003207	0.12570574720491579
1.1390000000032	0.12566796875958774
1.1400000000031931	0.12563016958575934
1.1410000000031861	0.12559234743871095
1.1420000000031791	0.1255545032602382
1.1430000000031724	0.1255166411340054
1.1440000000031654	0.12547875603096892
1.1450000000031584	0.12544084657591748
1.1460000000031516	0.12540291779040214
1.1470000000031444	0.12536496958941912
1.1480000000031376	0.1253270000021045
1.1490000000031304	0.12528900875187465
1.1500000000031236	0.1252509966953803
1.1510000000031169	0.1252129632066924
1.1520000000031096	0.12517490894873196
1.1530000000031029	0.12513683381436913
1.1540000000030959	0.1250987378090942
1.155000000003089	0.12506061998895723
1.1560000000030821	0.12502248282683137
1.1570000000030751	0.1249843231810277
1.1580000000030681	0.12494614309988916
1.1590000000030614	0.12490794227987578
1.1600000000030544	0.12486972061589119
1.1610000000030474	0.12483147921481985
1.1620000000030404	0.12479321499812224
1.1630000000030334	0.12475493092568612
1.1640000000030266	0.12471662624759383
1.1650000000030196	0.1246783007298915
1.1660000000030126	0.12463995502840308
1.1670000000030059	0.12460158859294479
1.1680000000029986	0.12456320120572917
1.1690000000029919	0.12452479376008596
1.1700000000029849	0.12448636565520133
1.1710000000029779	0.12444791699640889
1.172000000002971	0.12440944797023257
1.1730000000029641	0.12437095803799647
1.1740000000029571	0.12433244791916931
1.1750000000029501	0.12429391583932592
1.1760000000029431	0.12425536756544797
1.1770000000029364	0.12421679540823671
1.1780000000029294	0.12417820388280343
1.1790000000029224	0.12413959205324099
1.1800000000029156	0.12410096005964188
1.1810000000029086	0.12406230790738904
1.1820000000029016	0.12402363595958799
1.1830000000028948	0.12398494336784893
1.1840000000028876	0.12394623062069177
1.1850000000028809	0.12390749760395481
1.186000000002874	0.12386874374530865
1.1870000000028669	0.12382997120363293
1.18800000000286	0.12379117783963256
1.1890000000028529	0.12375236473477624
1.1900000000028461	0.12371353156810183
1.1910000000028391	0.12367467858798942
1.1920000000028321	0.12363580582390776
1.1930000000028254	0.12359691296222064
1.1940000000028184	0.12355800006900775
1.1950000000028114	0.12351906761127951
1.1960000000028046	0.12348011544112825
1.1970000000027976	0.12344114302675169
1.1980000000027906	0.12340215117209152
1.1990000000027838	0.12336313983072333
1.2000000000027768	0.12332410816793904
1.2010000000027699	0.12328505716386162
1.2020000000027629	0.12324598772446338
1.2030000000027559	0.12320689661323625
1.204000000002749	0.12316778594102207
1.2050000000027419	0.123128658642217
1.206000000002735	0.12308950778572669
1.2070000000027283	0.12305033822708955
1.2080000000027211	0.12301115057384149
1.2090000000027143	0.12297194315816962
1.2100000000027074	0.12293271680371387
1.2110000000027004	0.12289347024475228
1.2120000000026936	0.12285420484272924
1.2130000000026866	0.12281492003287708
1.2140000000026796	0.12277561619142918
1.2150000000026726	0.1227362930752629
1.2160000000026656	0.12269694817858734
1.2170000000026588	0.12265758704546392
1.2180000000026519	0.12261820641846444
1.2190000000026449	0.12257880611340166
1.220000000002638	0.12253938652764695
1.2210000000026309	0.12249994760227034
1.222000000002624	0.1224604895844783
1.2230000000026173	0.12242101213141399
1.2240000000026101	0.12238151593289204
1.2250000000026033	0.12234200150037278
1.2260000000025963	0.12230246745388784
1.2270000000025894	0.12226291456392813
1.2280000000025826	0.12222334293014203
1.2290000000025754	0.12218375237031054
1.2300000000025686	0.1221441427799781
1.2310000000025616	0.12210451418919654
1.2320000000025546	0.12206486699449093
1.2330000000025478	0.12202520117302729
1.2340000000025408	0.12198551606724406
1.2350000000025338	0.1219458128175458
1.236000000002527	0.12190609079089909
1.23700000000252	0.1218663490901557
1.238000000002513	0.12182658968374538
1.2390000000025063	0.12178681319964213
1.240000000002499	0.12174701689348
1.2410000000024923	0.1217071992662353
1.2420000000024853	0.1216673639601451
1.2430000000024783	0.12162751271244665
1.2440000000024716	0.1215876422061235
1.2450000000024644	0.12154775297759168
1.2460000000024576	0.12150784560788674
1.2470000000024506	0.12146792013407615
1.2480000000024436	0.1214279757077843
1.2490000000024368	0.12138801244487796
1.2500000000024298	0.12134803111821268
1.2510000000024228	0.1213080313531284
1.252000000002416	0.12126801380175622
1.253000000002409	0.12122797809049146
1.254000000002402	0.12118792413323143
1.2550000000023953	0.12114785204044698
1.256000000002388	0.12110776139712764
1.2570000000023813	0.12106765313373502
1.2580000000023743	0.12102752674686335
1.2590000000023673	0.12098738152795441
1.2600000000023606	0.12094721921467011
1.2610000000023533	0.12090703863966934
1.2620000000023466	0.120866839421647
1.2630000000023396	0.12082662314523218
1.2640000000023326	0.12078638866716374
1.2650000000023258	0.12074613719245564
1.2660000000023188	0.12070586623349078
1.2670000000023118	0.1206655780118856
1.268000000002305	0.12062527245812771
1.269000000002298	0.12058494756144222
1.270000000002291	0.12054460716318827
1.271000000002284	0.12050424848885966
1.272000000002277	0.1204638704107649
1.2730000000022703	0.12042347628839756
1.2740000000022633	0.12038306418184419
1.2750000000022563	0.12034263422095037
1.2760000000022496	0.12030218704062123
1.2770000000022423	0.12026172214673125
1.2780000000022356	0.12022123931898876
1.2790000000022288	0.12018074035452397
1.2800000000022216	0.12014022073458752
1.2810000000022148	0.12009968729247456
1.2820000000022078	0.12005913556338954
1.2830000000022008	0.1200185658845343
1.2840000000021938	0.11997797666052368
1.2850000000021868	0.11993737338783661
1.28600000000218	0.11989675190201421
1.287000000002173	0.11985611299069776
1.288000000002166	0.11981545687886275
1.2890000000021593	0.11977478365948147
1.2900000000021523	0.11973409308428362
1.2910000000021453	0.11969338541507768
1.2920000000021385	0.11965266041429268
1.2930000000021313	0.11961191875788402
1.2940000000021246	0.1195711596473168
1.2950000000021178	0.11953038447152042
1.2960000000021106	0.11948959088192568
1.2970000000021038	0.11944878052130836
1.2980000000020966	0.11940795394048964
1.2990000000020898	0.11936710875016021
1.3000000000020828	0.11932624867903496
1.3010000000020758	0.1192853715911184
1.302000000002069	0.11924447607421429
1.303000000002062	0.11920356166574453
1.304000000002055	0.11916263627876522
1.3050000000020483	0.11912169194974132
1.3060000000020413	0.1190807294726921
1.3070000000020343	0.11903975175869541
1.3080000000020275	0.1189987566659807
1.3090000000020205	0.11895774484209265
1.3100000000020136	0.11891671591367825
1.3110000000020068	0.11887567083424189
1.3120000000019996	0.11883460908277221
1.3130000000019928	0.11879353086093536
1.3140000000019856	0.11875243633248056
1.3150000000019788	0.11871132540262841
1.316000000001972	0.11867019777994958
1.3170000000019648	0.11862905366164433
1.318000000001958	0.11858789353735566
1.319000000001951	0.11854671700777564
1.320000000001944	0.11850552409169701
1.3210000000019373	0.11846431442231697
1.3220000000019303	0.11842308746392982
1.3230000000019233	0.11838184464883439
1.3240000000019165	0.11834058710213502
1.3250000000019095	0.11829931312068731
1.3260000000019025	0.11825802277185671
1.3270000000018956	0.11821671611699958
1.3280000000018886	0.11817539324327964
1.3290000000018818	0.11813405472208727
1.3300000000018748	0.1180926999726224
1.3310000000018678	0.11805132984001254
1.332000000001861	0.1180099422686165
1.3330000000018538	0.1179685390726869
1.334000000001847	0.11792712098249236
1.33500000000184	0.11788568514944209
1.336000000001833	0.11784423427170676
1.3370000000018263	0.11780276764725794
1.3380000000018193	0.11776128516564255
1.3390000000018123	0.1177197878947085
1.3400000000018053	0.1176782704345829
1.3410000000017983	0.11763674380203903
1.3420000000017915	0.11759519854287548
1.3430000000017845	0.1175536355523249
1.3440000000017776	0.11751206000694914
1.3450000000017708	0.11747046667352856
1.3460000000017638	0.11742885795356361
1.3470000000017568	0.11738723437255116
1.34800000000175	0.11734559540180889
1.3490000000017428	0.11730394085388984
1.350000000001736	0.11726227084793817
1.3510000000017293	0.11722058536482194
1.352000000001722	0.11717888393810805
1.3530000000017153	0.11713716780276995
1.354000000001708	0.11709543596879135
1.3550000000017013	0.11705368968536078
1.3560000000016943	0.11701192657840487
1.3570000000016873	0.11697014858635191
1.3580000000016805	0.11692835471185759
1.3590000000016735	0.1168865448564399
1.3600000000016665	0.11684472187630146
1.3610000000016598	0.1168028836267504
1.3620000000016528	0.11676102988596959
1.3630000000016458	0.11671916075696076
1.364000000001639	0.1166772765241122
1.3650000000016318	0.1166353776617417
1.366000000001625	0.11659346352403699
1.367000000001618	0.11655153381382388
1.368000000001611	0.11650958967499658
1.3690000000016043	0.11646763052760822
1.370000000001597	0.11642565595730026
1.3710000000015903	0.11638366719991577
1.3720000000015833	0.11634166326118411
1.3730000000015763	0.11629964537691673
1.3740000000015695	0.11625761117088673
1.3750000000015625	0.11621556265870248
1.3760000000015555	0.11617350036711704
1.3770000000015488	0.11613142033920099
1.3780000000015418	0.11608932737526456
1.3790000000015348	0.11604722061667005
1.3800000000015278	0.11600509898350397
1.3810000000015208	0.1159629624994507
1.382000000001514	0.1159208119164089
1.383000000001507	0.11587864715045404
1.3840000000015	0.11583646641079981
1.3850000000014933	0.11579427160180089
1.386000000001486	0.11575206269043659
1.3870000000014793	0.11570983799763912
1.3880000000014725	0.11566760088963624
1.3890000000014653	0.11562534872596908
1.3900000000014585	0.1155830799738018
1.3910000000014515	0.11554079867825362
1.3920000000014445	0.11549850375616466
1.3930000000014378	0.1154561945535506
1.3940000000014305	0.11541387072354325
1.3950000000014238	0.11537153349586737
1.3960000000014168	0.11532918061350783
1.3970000000014098	0.11528681400286866
1.398000000001403	0.11524443414818442
1.399000000001396	0.11520203863594358
1.400000000001389	0.11515963058024481
1.4010000000013823	0.1151172039257834
1.4020000000013753	0.11507476996988864
1.4030000000013683	0.11503231810641079
1.4040000000013615	0.11498985434373155
1.4050000000013543	0.11494737511529207
1.4060000000013475	0.11490488147288402
1.4070000000013405	0.11486237500694751
1.4080000000013335	0.11481985512384107
1.4090000000013267	0.11477732095184623
1.4100000000013195	0.11473477380289532
1.4110000000013128	0.11469221151868403
1.4120000000013058	0.11464963579618992
1.4130000000012988	0.11460704590561699
1.414000000001292	0.11456444201235882
1.415000000001285	0.11452182599643268
1.416000000001278	0.11447919586408217
1.4170000000012712	0.11443655174885436
1.4180000000012642	0.11439389478799566
1.4190000000012573	0.11435122392979613
1.4200000000012505	0.11430854041194882
1.4210000000012433	0.11426584235662474
1.4220000000012365	0.11422312908602605
1.4230000000012293	0.1141804051156966
1.4240000000012225	0.11413766771391953
1.4250000000012157	0.1140949141429961
1.4260000000012085	0.11405214903427718
1.4270000000012018	0.11400937177067327
1.4280000000011948	0.1139665802115638
1.4290000000011878	0.11392377550879296
1.430000000001181	0.11388095744979432
1.431000000001174	0.1138381262354008
1.432000000001167	0.11379528197584965
1.4330000000011602	0.11375242421665632
1.4340000000011532	0.1137095534441086
1.4350000000011462	0.11366667025649169
1.4360000000011393	0.11362377362022336
1.4370000000011323	0.11358086301569592
1.4380000000011255	0.11353793963772074
1.4390000000011185	0.1134950037080461
1.4400000000011115	0.11345205504079248
1.4410000000011047	0.11340909367804142
1.4420000000010975	0.1133661191007036
1.4430000000010907	0.11332313187278786
1.4440000000010837	0.11328013197429543
1.4450000000010768	0.11323711920104784
1.44600000000107	0.11319409271244885
1.447000000001063	0.11315105366266098
1.448000000001056	0.11310800226253759
1.449000000001049	0.11306493864862044
1.450000000001042	0.113021861863561
1.4510000000010352	0.11297877236372678
1.4520000000010282	0.11293566985471193
1.4530000000010213	0.11289255631356476
1.4540000000010145	0.11284942840245593
1.4550000000010075	0.11280628820693173
1.4560000000010005	0.11276313699317508
1.4570000000009937	0.11271997299732628
1.4580000000009865	0.11267679646335793
1.4590000000009797	0.11263360691249513
1.460000000000973	0.11259040337155823
1.4610000000009657	0.11254718956915322
1.462000000000959	0.11250396464027612
1.4630000000009518	0.11246072599579304
1.464000000000945	0.1124174744419163
1.465000000000938	0.11237420974517764
1.466000000000931	0.11233093487797641
1.4670000000009242	0.11228764750544218
1.4680000000009172	0.11224434786795323
1.4690000000009102	0.11220103644661283
1.4700000000009035	0.11215771261332974
1.4710000000008965	0.11211437570520966
1.4720000000008895	0.1120710273890222
1.4730000000008827	0.11202766710812251
1.4740000000008757	0.11198429458311632
1.4750000000008687	0.11194091081543545
1.476000000000862	0.11189751607714993
1.4770000000008547	0.11185410758890735
1.478000000000848	0.11181068799630467
1.4790000000008408	0.11176725563362866
1.480000000000834	0.11172381112062602
1.4810000000008272	0.1116803565702239
1.48200000000082	0.11163689072855043
1.4830000000008132	0.11159341154594304
1.4840000000008062	0.11154992118777496
1.4850000000007992	0.11150641955263108
1.4860000000007925	0.1114629042580566
1.4870000000007855	0.11141937861620321
1.4880000000007785	0.11137584331696304
1.4890000000007717	0.11133229484376306
1.4900000000007645	0.11128873353191482
1.4910000000007577	0.11124516195998768
1.4920000000007507	0.11120157842843326
1.4930000000007437	0.11115798454079329
1.494000000000737	0.11111437945212976
1.49500000000073	0.11107076161843787
1.496000000000723	0.11102713167061751
1.497000000000716	0.11098349245387762
1.498000000000709	0.11093984164090709
1.4990000000007022	0.11089617928040985
1.5000000000006952	0.11085250527192936
1.5010000000006882	0.11080881971988377
1.5020000000006815	0.1107651229783233
1.5030000000006745	0.11072141563139459
1.5040000000006675	0.1106776971342811
1.5050000000006605	0.11063396780564438
1.5060000000006535	0.11059022709148092
1.5070000000006467	0.11054647561928377
1.5080000000006397	0.11050271292781377
1.5090000000006327	0.1104589382101615
1.5100000000006257	0.11041515300556137
1.5110000000006187	0.11037135718734192
1.512000000000612	0.1103275507391599
1.513000000000605	0.11028373381529388
1.514000000000598	0.11023990553073104
1.5150000000005912	0.1101960655500357
1.5160000000005842	0.11015221541902442
1.5170000000005772	0.1101083545794479
1.5180000000005702	0.11006448282084724
1.5190000000005632	0.11002060138643022
1.5200000000005565	0.10997670745807342
1.5210000000005495	0.10993280254333349
1.5220000000005425	0.10988888925445273
1.5230000000005357	0.10984496479945993
1.5240000000005285	0.10980102946479176
1.5250000000005217	0.10975708397870532
1.5260000000005147	0.10971312700812741
1.5270000000005077	0.10966915873497829
1.528000000000501	0.10962518186142811
1.529000000000494	0.10958119436438585
1.530000000000487	0.10953719491511293
1.53100000000048	0.10949318544133524
1.532000000000473	0.10944916652173986
1.5330000000004662	0.10940513768858862
1.5340000000004592	0.10936109917202752
1.5350000000004522	0.10931704931898123
1.5360000000004455	0.10927298708714872
1.5370000000004385	0.10922891626545339
1.5380000000004315	0.1091848364240271
1.5390000000004245	0.10914074598576151
1.5400000000004175	0.10909664562265942
1.5410000000004107	0.1090525347025022
1.5420000000004037	0.10900841338754208
1.5430000000003967	0.10896428211737763
1.5440000000003897	0.10892014052507293
1.5450000000003827	0.10887598943109933
1.546000000000376	0.10883182826983495
1.547000000000369	0.1087876574410267
1.548000000000362	0.10874347550289853
1.549000000000355	0.1086992850964914
1.5500000000003482	0.1086550851636755
1.5510000000003412	0.10861087318404583
1.5520000000003342	0.10856665301588464
1.5530000000003272	0.10852242361334508
1.5540000000003205	0.10847818411244325
1.5550000000003135	0.1084339354737005
1.5560000000003065	0.10838967357586382
1.5570000000002997	0.1083454065943602
1.5580000000002925	0.10830112769269407
1.5590000000002857	0.10825683938791186
1.5600000000002787	0.10821254193561203
1.5610000000002717	0.10816823448708635
1.5620000000002647	0.10812391820777112
1.5630000000002577	0.10807959252202637
1.564000000000251	0.10803525531791136
1.565000000000244	0.10799090993652327
1.566000000000237	0.10794655711069556
1.5670000000002302	0.10790219346722807
1.5680000000002232	0.10785781864984612
1.5690000000002162	0.10781343567358515
1.5700000000002092	0.10776904491357331
1.5710000000002025	0.10772464390803149
1.5720000000001955	0.10768023284517292
1.5730000000001885	0.10763581329939331
1.5740000000001815	0.10759138480982844
1.5750000000001747	0.10754694792064645
1.5760000000001675	0.10750249922316901
1.5770000000001607	0.10745804454092389
1.5780000000001537	0.10741357847548694
1.5790000000001467	0.1073691042233198
1.58000000000014	0.10732462135088139
1.581000000000133	0.10728012921845931
1.582000000000126	0.10723562786601082
1.583000000000119	0.10719111736897236
1.584000000000112	0.10714659835957585
1.5850000000001052	0.10710207002128458
1.5860000000000982	0.10705753414951868
1.5870000000000912	0.10701298902677348
1.5880000000000845	0.10696843334433948
1.5890000000000775	0.10692387016148786
1.5900000000000705	0.10687929969374932
1.5910000000000635	0.10683471825415869
1.5920000000000565	0.1067901284156505
1.5930000000000497	0.10674553148021737
1.5940000000000427	0.10670092503896977
1.5950000000000357	0.10665630940195858
1.5960000000000287	0.10661168510866648
1.5970000000000217	0.10656705374035624
1.598000000000015	0.10652241238309212
1.599000000000008	0.10647776247484186
1.600000000000001	0.10643310585192178
1.6009999999999942	0.10638843979115031
1.6019999999999872	0.10634376488244113
1.6029999999999802	0.10629908208225824
1.6039999999999732	0.1062543909896736
1.6049999999999662	0.10620969109897149
1.6059999999999595	0.10616498335675906
1.6069999999999525	0.10612026741238234
1.6079999999999455	0.10607554263927876
1.6089999999999387	0.10603081012784343
1.6099999999999315	0.10598606942754984
1.6109999999999247	0.10594132054482575
1.6119999999999177	0.10589656293532812
1.6129999999999107	0.10585179762333186
1.6139999999999037	0.10580702562752764
1.614999999999897	0.10576224387882216
1.61599999999989	0.10571745397349164
1.616999999999883	0.10567265740712217
1.617999999999876	0.10562785202853808
1.6189999999998692	0.10558303870601271
1.6199999999998622	0.10553821751775705
1.6209999999998552	0.10549338917058693
1.6219999999998485	0.10544854929850833
1.6229999999998415	0.10540370770656238
1.6239999999998345	0.1053588554193794
1.6249999999998275	0.10531399262525121
1.6259999999998205	0.10526912665573207
1.6269999999998137	0.10522425035093519
1.6279999999998067	0.10517936711594877
1.6289999999997997	0.10513447625119121
1.6299999999997927	0.10508957714840506
1.6309999999997857	0.10504467150804553
1.631999999999779	0.10499975775139736
1.632999999999772	0.1049548358360528
1.633999999999765	0.10490990628279317
1.634999999999758	0.10486496957406566
1.6359999999997512	0.10482002641724497
1.6369999999997442	0.10477507495766436
1.6379999999997372	0.1047301162287354
1.6389999999997302	0.10468515044718507
1.6399999999997235	0.1046401766632673
1.6409999999997165	0.10459519592470268
1.6419999999997095	0.1045502081309877
1.6429999999997025	0.10450521274651825
1.6439999999996955	0.104460209871715
1.6449999999996887	0.10441520004117488
1.6459999999996817	0.10437018241070961
1.6469999999996747	0.1043251584731344
1.6479999999996677	0.10428012781829965
1.6489999999996607	0.10423508857873931
1.649999999999654	0.1041900424289679
1.650999999999647	0.10414499021416368
1.65199999999964	0.10409993106678406
1.6529999999996332	0.10405486476550485
1.6539999999996262	0.10400979048708892
1.6549999999996192	0.10396471003815333
1.6559999999996122	0.10391962331571758
1.6569999999996052	0.10387452885330573
1.6579999999995985	0.1038294272822502
1.6589999999995915	0.10378431822747958
1.6599999999995845	0.10373920333732911
1.6609999999995777	0.10369408221025034
1.6619999999995705	0.10364895398164042
1.6629999999995637	0.10360381868406376
1.6639999999995567	0.10355867673837904
1.6649999999995497	0.10351352818913084
1.665999999999543	0.10346837267228337
1.666999999999536	0.10342321059742832
1.667999999999529	0.10337804212104706
1.668999999999522	0.10333286728539492
1.669999999999515	0.10328768573726987
1.6709999999995082	0.1032424978400045
1.6719999999995012	0.10319730294968754
1.6729999999994942	0.10315210277154252
1.6739999999994875	0.10310689532494077
1.6749999999994805	0.10306168086528567
1.6759999999994735	0.10301646118739516
1.6769999999994665	0.10297123473298031
1.6779999999994595	0.10292600229038096
1.6789999999994527	0.10288076227590692
1.6799999999994457	0.10283551630516374
1.6809999999994387	0.10279026521889256
1.6819999999994317	0.10274500743162662
1.6829999999994247	0.10269974343581567
1.683999999999418	0.10265447329955979
1.684999999999411	0.10260919667408064
1.685999999999404	0.10256391380749286
1.6869999999993972	0.10251862545644674
1.6879999999993902	0.10247333122763325
1.6889999999993832	0.10242802826135544
1.6899999999993762	0.10238272362556322
1.6909999999993692	0.10233741131461405
1.6919999999993625	0.10229209256404492
1.6929999999993555	0.10224676778123598
1.6939999999993485	0.10220143844043184
1.6949999999993415	0.10215610155914345
1.6959999999993345	0.10211075885776755
1.6969999999993277	0.10206541208874997
1.6979999999993207	0.10202005651792789
1.6989999999993137	0.1019746993892745
1.6999999999993067	0.10192933360324408
1.7009999999993	0.10188396203124939
1.701999999999293	0.10183858653174915
1.702999999999286	0.10179320463151054
1.703999999999279	0.10174781593210214
1.7049999999992722	0.10170242285072417
1.7059999999992652	0.10165702319758596
1.7069999999992582	0.10161161887374726
1.7079999999992515	0.10156620986407616
1.7089999999992442	0.10152079424258087
1.7099999999992375	0.10147537269695528
1.7109999999992305	0.10142994639871727
1.7119999999992235	0.1013845143518648
1.7129999999992167	0.10133907744581161
1.7139999999992095	0.10129363529639657
1.7149999999992027	0.10124818735502816
1.7159999999991957	0.1012027340391709
1.7169999999991887	0.10115727587510004
1.717999999999182	0.10111181234397959
1.718999999999175	0.10106634317862095
1.719999999999168	0.10102086918925413
1.720999999999161	0.10097539018793233
1.721999999999154	0.10092990577392147
1.7229999999991472	0.10088441614139732
1.7239999999991402	0.10083892108188808
1.7249999999991332	0.1007934222431427
1.7259999999991265	0.10074791812053574
1.7269999999991195	0.10070240743361447
1.7279999999991125	0.10065689249760568
1.7289999999991055	0.10061137359967876
1.7299999999990985	0.10056584935482715
1.7309999999990917	0.10052031987677801
1.7319999999990847	0.10047478520479469
1.7329999999990777	0.10042924652096696
1.7339999999990707	0.10038370245373884
1.7349999999990655	0.10033815361831655
1.7359999999990614	0.10029260050857214
1.7369999999990573	0.10024704213414826
1.7379999999990532	0.10020147977156169
1.7389999999990489	0.10015591204397656
1.7399999999990448	0.10011033974656813
1.7409999999990406	0.10006476271992004
1.7419999999990363	0.10001918061172066
1.7429999999990322	0.099973593635442
1.743999999999028	0.09992800387416778
1.744999999999024	0.09988240933985537
1.74599999999902	0.0998368088120587
1.7469999999990156	0.09979120406925301
1.7479999999990115	0.09974559624681223
1.7489999999990071	0.09969998386972956
1.749999999999003	0.09965436555483642
1.7509999999990045	0.0996087443216751
1.751999999999006	0.09956311866187006
1.7529999999990071	0.09951748800084748
1.7539999999990086	0.09947185304706374
1.75499999999901	0.09942621394389062
1.7559999999990115	0.09938057116907206
1.756999999999013	0.0993349222487181
1.7579999999990141	0.09928927243942698
1.7589999999990156	0.09924361681560367
1.759999999999017	0.09919795698477207
1.7609999999990182	0.09915229185092933
1.7619999999990197	0.09910662314800511
1.7629999999990211	0.09906095151179506
1.7639999999990226	0.09901527615020567
1.7649999999990238	0.09896959602497724
1.7659999999990263	0.09892391155286906
1.7669999999990305	0.0988782230682923
1.7679999999990346	0.09883253118125856
1.7689999999990387	0.09878683594721072
1.769999999999043	0.09874113632931347
1.7709999999990471	0.09869543258384994
1.7719999999990512	0.098649724839725
1.7729999999990556	0.09860401358792537
1.7739999999990597	0.09855829794596227
1.7749999999990638	0.09851257998255092
1.7759999999990679	0.09846685846020586
1.776999999999072	0.09842113171707267
1.7779999999990763	0.09837540131766642
1.7789999999990804	0.09832966753058558
1.7799999999990845	0.09828393078491382
1.7809999999990886	0.0982381912598419
1.781999999999093	0.09819244782542447
1.782999999999097	0.0981467001257541
1.7839999999991012	0.09810094824619131
1.7849999999991053	0.09805519294490717
1.7859999999991096	0.09800943464070155
1.7869999999991137	0.09796367326550237
1.7879999999991179	0.09791790930780442
1.788999999999122	0.09787214119617083
1.789999999999126	0.09782636958926083
1.7909999999991304	0.09778059451613119
1.7919999999991345	0.09773481680030005
1.7929999999991386	0.09768903475301549
1.7939999999991427	0.09764325002637075
1.794999999999147	0.09759746196272212
1.7959999999991512	0.0975516705091648
1.7969999999991553	0.09750587687795209
1.7979999999991594	0.0974600800666755
1.7989999999991637	0.09741427962713267
1.7999999999991678	0.0973684749867969
1.800999999999172	0.09732266798498179
1.801999999999176	0.09727685848984158
1.8029999999991801	0.097231046213895
1.8039999999991845	0.09718523088945008
1.8049999999991886	0.09713941268211945
1.8059999999991927	0.09709358819371516
1.8069999999991968	0.09704776649557156
1.8079999999992011	0.097001938673976
1.8089999999992052	0.09695610838285917
1.8099999999992094	0.09691027547825493
1.8109999999992135	0.09686443987367355
1.8119999999992178	0.09681860211776949
1.812999999999222	0.0967727589373868
1.813999999999226	0.09672691616863505
1.8149999999992301	0.09668106884808347
1.8159999999992344	0.09663521996039293
1.8169999999992386	0.09658936855384459
1.8179999999992427	0.09654351390408245
1.8189999999992468	0.09649765590320025
1.819999999999251	0.09645179552730343
1.8209999999992552	0.09640593333962455
1.8219999999992593	0.09636006800772345
1.8229999999992634	0.09631420162626436
1.8239999999992675	0.09626833264507328
1.8249999999992719	0.09622245954460196
1.825999999999276	0.09617658462075984
1.82699999999928	0.09613070730495865
1.8279999999992842	0.09608482791723538
1.8289999999992885	0.09603894612039343
1.8299999999992926	0.09599306197006285
1.8309999999992967	0.09594717570365063
1.8319999999993009	0.09590128706832568
1.8329999999993052	0.09585539671450582
1.8339999999993093	0.09580950234725494
1.8349999999993134	0.09576360878322154
1.8359999999993175	0.0957177106962187
1.8369999999993218	0.09567181108971545
1.837999999999326	0.09562590945241078
1.83899999999933	0.09558000610069595
1.8399999999993342	0.09553410092188597
1.8409999999993385	0.09548819307531242
1.8419999999993426	0.09544228254496268
1.8429999999993467	0.09539637053314765
1.8439999999993508	0.09535045643871631
1.844999999999355	0.09530454064206895
1.8459999999993593	0.09525862263201001
1.8469999999993634	0.09521270346127642
1.8479999999993675	0.095166783280352
1.8489999999993716	0.09512085975508533
1.849999999999376	0.09507493481396245
1.85099999999938	0.09502900840120887
1.8519999999993841	0.09498307934208527
1.8529999999993882	0.0949371490662938
1.8539999999993926	0.09489121701421666
1.8549999999993967	0.09484528331559428
1.8559999999994008	0.0947993478058401
1.856999999999405	0.09475341062689457
1.857999999999409	0.09470747346898567
1.8589999999994133	0.09466153357027651
1.8599999999994175	0.09461559159517097
1.8609999999994216	0.09456964882810381
1.861999999999426	0.09452370442448288
1.86299999999943	0.09447775838215244
1.863999999999434	0.09443181053206717
1.8649999999994382	0.09438586153021711
1.8659999999994423	0.09433991131666009
1.8669999999994467	0.09429395941112761
1.8679999999994508	0.09424800623508034
1.8689999999994549	0.0942020519089799
1.869999999999459	0.09415609586328832
1.870999999999463	0.09411013948269598
1.8719999999994674	0.09406418156447405
1.8729999999994715	0.09401822129801474
1.8739999999994756	0.09397226117221924
1.87499999999948	0.09392629993631152
1.875999999999484	0.09388033578321442
1.8769999999994882	0.09383437161331254
1.8779999999994923	0.09378840756769691
1.8789999999994964	0.09374244087030548
1.8799999999995007	0.09369647301921935
1.8809999999995048	0.09365050498100114
1.881999999999509	0.09360453612611352
1.882999999999513	0.09355856573614862
1.8839999999995174	0.09351259444864024
1.8849999999995215	0.0934666226735329
1.8859999999995256	0.09342064925736948
1.8869999999995297	0.09337467476080374
1.887999999999534	0.09332870019298367
1.8889999999995382	0.0932827247073793
1.8899999999995423	0.09323674850471375
1.8909999999995464	0.09319077145451005
1.8919999999995505	0.0931447934560401
1.8929999999995548	0.09309881452542812
1.893999999999559	0.09305283535956588
1.894999999999563	0.09300685570241973
1.8959999999995671	0.09296087517847018
1.8969999999995715	0.09291489413700971
1.8979999999995756	0.09286891189907343
1.8989999999995797	0.09282292864921515
1.8999999999995838	0.09277694432967842
1.9009999999995881	0.09273096304064776
1.9019999999995922	0.09268497903218076
1.9029999999995963	0.09263899402451481
1.9039999999996005	0.09259300861202102
1.9049999999996048	0.09254702365667744
1.905999999999609	0.09250103839007184
1.906999999999613	0.09245505204956128
1.9079999999996171	0.09240906477183375
1.9089999999996214	0.09236307735837634
1.9099999999996256	0.09231709015855627
1.9109999999996297	0.09227110287808782
1.9119999999996338	0.0922251155957341
1.9129999999996379	0.09217912771141556
1.9139999999996422	0.09213313935545353
1.9149999999996463	0.0920871509379877
1.9159999999996504	0.09204116258615569
1.9169999999996545	0.09199517419921033
1.9179999999996589	0.09194918561044607
1.918999999999663	0.09190319734486341
1.919999999999667	0.09185720840723255
1.9209999999996712	0.0918112187906277
1.9219999999996755	0.0917652294420519
1.9229999999996796	0.09171924034616974
1.9239999999996837	0.09167325163035445
1.9249999999996878	0.09162726342918326
1.9259999999996922	0.09158127471070299
1.9269999999996963	0.0915352858204056
1.9279999999997004	0.09148929723338195
1.9289999999997045	0.09144330934560718
1.9299999999997088	0.09139732089229247
1.930999999999713	0.09135133253666128
1.931999999999717	0.09130534524234801
1.9329999999997212	0.09125935865640777
1.9339999999997253	0.09121337099077176
1.9349999999997296	0.09116738352261311
1.9359999999997337	0.09112139728350277
1.9369999999997378	0.0910754110199693
1.937999999999742	0.09102942512848067
1.9389999999997463	0.09098344020514637
1.9399999999997504	0.09093745505304873
1.9409999999997545	0.09089147032278988
1.9419999999997586	0.09084548614331645
1.942999999999763	0.090799502355145
1.943999999999767	0.09075351910209384
1.9449999999997711	0.09070753692098443
1.9459999999997752	0.09066155537578213
1.9469999999997794	0.09061557420546362
1.9479999999997837	0.09056959340870674
1.9489999999997878	0.09052361324440739
1.949999999999792	0.09047763390362173
1.950999999999796	0.09043165575682433
1.9519999999998003	0.09038567777809958
1.9529999999998044	0.09033969993812252
1.9539999999998086	0.090293723121189
1.9549999999998127	0.09024774740856922
1.955999999999817	0.09020177246041405
1.956999999999821	0.09015579847913147
1.9579999999998252	0.09010982512897048
1.9589999999998293	0.09006385336338918
1.9599999999998337	0.09001788228179608
1.9609999999998378	0.08997191160733409
1.9619999999998419	0.08992594146406918
1.962999999999846	0.08987997311593432
1.9639999999998503	0.08983400644297046
1.9649999999998544	0.08978803976810612
1.9659999999998585	0.08974207367910703
1.9669999999998626	0.08969610933786909
1.9679999999998667	0.08965014610037525
1.968999999999871	0.08960418402841552
1.9699999999998752	0.08955822285410464
1.9709999999998793	0.08951226247495359
1.9719999999998834	0.08946630306177894
1.9729999999998877	0.08942034684732825
1.9739999999998918	0.08937439144203219
1.974999999999896	0.08932843597438711
1.9759999999999	0.08928248201129363
1.9769999999999044	0.08923652891680744
1.9779999999999085	0.08919057857894308
1.9789999999999126	0.08914462946976753
1.9799999999999167	0.08909868056071923
1.980999999999921	0.08905273344616182
1.9819999999999252	0.08900678840669352
1.9829999999999293	0.08896084363966539
1.9839999999999334	0.0889149006109885
1.9849999999999375	0.08886896033833958
1.9859999999999418	0.08882302149911347
1.986999999999946	0.08877708324204758
1.98799999999995	0.08873114581381014
1.9889999999999541	0.08868521061733714
1.9899999999999585	0.08863927751405831
1.9909999999999626	0.08859334630101345
1.9919999999999667	0.088547416708466
1.9929999999999708	0.08850148837727845
1.9939999999999751	0.08845556091645346
1.9949999999999792	0.08840963695507664
1.9959999999999833	0.0883637140396365
1.9969999999999875	0.08831779257276717
1.9979999999999918	0.08827187249883406
1.998999999999996	0.08822595501743424
2.0	0.08818004038406191
2.0010279404845495	0.08813284363290852
2.0021217900815715	0.08808262278184331
2.0032857751923165	0.08802918315546537
2.004524391841744	0.08797232112644549
2.005842426366887	0.08791181761832134
2.007244970197923	0.0878474379535017
2.0087374418720856	0.08777893520865665
2.0103256076664273	0.0877060437036552
2.0120156028936726	0.08762848345877372
2.013813957200875	0.08754595833591128
2.0157276178435577	0.0874581529240428
2.0177639781367303	0.0873647250575571
2.019930905358886	0.08726531454008113
2.0222367711443985	0.08715954272296711
2.024690484011897	0.08704700160646395
2.027301523572695	0.08692726454639099
2.0300799770731848	0.08679986794554473
2.033036578410754	0.08666432121624701
2.036182751117039	0.08652011094263135
2.039530649180409	0.08636668726389862
2.043093206833892	0.08620345892607861
2.046884188175661	0.08602980028441032
2.050918238233338	0.08584505277283838
2.0552109433735133	0.0856485167416896
2.059778886913171	0.08543944478099585
2.0646397170403086	0.08521704454741552
2.0698122132469665	0.08498046815047933
2.0753163565584574	0.08472881992276426
2.081173414838828	0.08446117409715703
2.0874060143976347	0.08417649617299716
2.094038234979271	0.08387368885537105
2.1010956980169606	0.0835516894259859
2.1086056699538682	0.08320930420596195
2.116597165034399	0.08284521128793809
2.125101056786564	0.08245807892933843
2.1341501990307465	0.08204650470844566
2.143779554474847	0.0816089663236449
2.1540263207146424	0.08114381994724817
2.1649300857539027	0.08064948371189717
2.1765329774064615	0.0801242693270452
2.1888798204423576	0.07956626448799387
2.2020183144046843	0.0789734112418844
2.2159992202680474	0.07834359256360268
2.2308765524295735	0.07767485196438306
2.246707783705272	0.07696503214676997
2.263554079768369	0.0762115957192212
2.2814805235907363	0.0754121082656074
2.3005563724108544	0.07456413442872512
2.320855322320133	0.07366503764374299
2.3424557929209753	0.07271205590728491
2.3654412374910825	0.07170252583291192
2.389900455657507	0.07063366264343618
2.41592795027163	0.06950259880256482
2.44362426638729	0.06830654442241835
2.473096411506492	0.06704269403466723
2.5044582437089975	0.06570810721929166
2.537830924630887	0.06430042987911566
2.5733433911797423	0.06281733763103392
2.611132843166974	0.061255964354387515
2.6513452603475027	0.05961427185760315
2.6941360153529494	0.0578899069510197
2.739670418177515	0.05608461383387653
2.788124380079947	0.05419539730592182
2.839685109337027	0.05222270682757901
2.894551789617174	0.05016767654242671
2.9529364084026577	0.04803198277390264
3.0150645170164534	0.04581889887315882
3.0811761422888653	0.04353294020651843
3.1515266965252042	0.04117972180957863
3.226387989377641	0.038765179118252724
3.30604919671757	0.03630090414884701
3.39081811677136	0.03379410409144956
3.4810222154328754	0.031260925613374124
3.577010018652917	0.02871623934414136
3.6791523315125145	0.0261760215872322
3.7878438030764574	0.02365814437094471
3.9035043177534527	0.021184027534066008
4.02658072998157	0.018773820705703437
4.157548527011607	0.01645058625538398
4.296913682346355	0.01423326535304481
4.445214635465608	0.012146445834919084
4.603024347307951	0.010208741711662639
4.770952424745148	0.008435298955182247
4.9496476786701376	0.006843867924694047
5.139800459354712	0.00544092332819579
5.342145448462832	0.004226312524633125
5.557464321076707	0.0032017032230858833
5.786588991858403	0.002359019010006236
6.03040459644804	0.0016844999181369058
6.289853138906711	0.0011631205972133518
6.565936951835777	0.0007737632955696627
6.859722633511745	0.0004930376107206147
7.172345245053396	0.00030060288289968096
7.505012494394354	0.000173828820508648
7.859009576011049	9.48409014371876e-05
8.23570422033976	4.8705883109678716e-05
8.636551628113326	2.3245328869103687e-05
9.063100564489073	1.050950647840665e-05
9.516998831091398	4.959382886582375e-06
10.0	3.2271798195981916e-06
