0.0	0.7676108206003961
0.0010000000000041087	0.7672486761721347
0.0020000000000082174	0.766377795618677
0.003000000000012548	0.7649205343834391
0.004000000000016657	0.7629392086339328
0.005000000000020766	0.7603613463589964
0.006000000000024874	0.7572610948537736
0.007000000000029205	0.7535991995936763
0.008000000000033314	0.749408728444428
0.009000000000037423	0.7446919288365464
0.010000000000041753	0.7394633515874085
0.011000000000045862	0.7337254857122224
0.01200000000004997	0.7275114835488257
0.01300000000005408	0.7208170419733384
0.01400000000005841	0.7136684791028793
0.015000000000062519	0.7060829589714696
0.016000000000066406	0.6980681193689873
0.017000000000070736	0.6896547838559948
0.018000000000074845	0.6808528957142161
0.019000000000078954	0.6716822702933206
0.020000000000083062	0.6621651269205756
0.021000000000087393	0.6523232966912699
0.022000000000091502	0.6421662427595507
0.02300000000009561	0.6317345761467352
0.02400000000009972	0.6210219728365907
0.02500000000010405	0.6100752001673809
0.02600000000010816	0.5988944291315355
0.027000000000112268	0.5875136792258342
0.0280000000001166	0.575942435360976
0.029000000000120707	0.5642129577270228
0.030000000000124816	0.5523321703377161
0.031000000000128924	0.5403291133318844
0.032000000000133255	0.528219451564302
0.033000000000137364	0.5160216661870018
0.03400000000014147	0.5037557467541696
0.0350000000001458	0.4914396105159764
0.03600000000014991	0.4790896678162022
0.03700000000015402	0.4667250365149468
0.03800000000015813	0.4543610794251056
0.03900000000016246	0.44201460298712925
0.04000000000016657	0.429701387308571
0.04100000000017068	0.417436471638133
0.04200000000017501	0.40523426978595434
0.04300000000017912	0.39311024170352304
0.044000000000183226	0.38107432349478154
0.045000000000187335	0.3691456664066236
0.046000000000191665	0.35732937192713843
0.04700000000019555	0.3456437714969084
0.04800000000019966	0.33409472635499615
0.04900000000020399	0.32269662493344575
0.0500000000002081	0.311457661275766
0.05100000000021221	0.30038647148280817
0.05200000000021632	0.2894953763700895
0.05300000000022065	0.27878701167943964
0.05400000000022476	0.26827532650041364
0.055000000000228866	0.25796175771522367
0.0560000000002332	0.24785498354611746
0.057000000000237305	0.23796379053329875
0.058000000000241414	0.2282847438246569
0.05900000000024552	0.21883165651490843
0.060000000000249853	0.20961005754679207
0.06100000000025396	0.20060789787829125
0.06200000000025807	0.19184669130011944
0.0630000000002624	0.18331967550477346
0.06400000000026651	0.17502764406881632
0.06500000000027062	0.16697695745294971
0.06600000000027473	0.15916520721293792
0.06700000000027906	0.15159052250019922
0.06800000000028317	0.1442614396894013
0.06900000000028728	0.1371647617992715
0.0700000000002916	0.13031409008642836
0.07100000000029572	0.12369430178029395
0.07200000000029982	0.11731206388670479
0.07300000000030393	0.11116257353828762
0.07400000000030826	0.10524399389334049
0.07500000000031237	0.09955061884585947
0.07600000000031648	0.0940849906057657
0.07700000000032081	0.08883986472567973
0.0780000000003247	0.08380818715004434
0.07900000000032881	0.07899250179526507
0.08000000000033292	0.07438640102124916
0.08100000000033725	0.06998121855790951
0.08200000000034136	0.06577950556070478
0.08300000000034546	0.06176862858400167
0.0840000000003498	0.05795156875528318
0.0850000000003539	0.05431596771993508
0.08600000000035801	0.050861363239840474
0.08700000000036212	0.047580113006893354
0.08800000000036645	0.04446660090684995
0.08900000000037056	0.041517468949462955
0.09000000000037467	0.038724711135981305
0.091000000000379	0.036085256947316124
0.09200000000038311	0.03358949704515213
0.09300000000038722	0.031239318308951103
0.09400000000039133	0.029016747958017897
0.09500000000039566	0.02693253669763962
0.09600000000039977	0.024966420031316106
0.09700000000040387	0.02312126645580337
0.0980000000004082	0.02139190495453369
0.09900000000041231	0.019767560576525955
0.10000000000041642	0.018250703425739978
0.10100000000042053	0.01682853057325584
0.10200000000042486	0.01550289118595638
0.10300000000042897	0.014265632761434999
0.10400000000043308	0.013109574138433056
0.10500000000043741	0.012039407834242066
0.10600000000044152	0.01103867593028296
0.10700000000044563	0.010112833032008162
0.10800000000044951	0.009254100320010061
0.10900000000045384	0.00845574642786473
0.11000000000045795	0.007721160762179213
0.11100000000046206	0.007040002245373156
0.1120000000004664	0.006411046279945598
0.1130000000004705	0.0058321668075557165
0.11400000000047461	0.005299255560048399
0.11500000000047872	0.004808264172979748
0.11600000000048305	0.004358621196934087
0.11700000000048716	0.003945119226986149
0.11800000000049127	0.0035670343260214565
0.1190000000004956	0.0032207242986721507
0.12000000000049971	0.002904688847690684
0.12100000000050382	0.0026158656095616184
0.12200000000050792	0.0023531269152982093
0.12300000000051226	0.0021138116193827328
0.12400000000051636	0.001896394820484204
0.12500000000052047	0.0016989482222991015
0.1260000000005248	0.0015200695357129312
0.1270000000005289	0.0013581300825129539
0.12800000000053302	0.0012117931281359073
0.12900000000053713	0.001079552313264065
0.13000000000054146	0.0009605615479110208
0.13100000000054557	0.0008531990281137602
0.13200000000054968	0.0007569353407852475
0.133000000000554	0.0006704075952445043
0.13400000000055812	0.0005928512726846025
0.13500000000056223	0.0005236118516971366
0.13600000000056633	0.0004615714987219466
0.13700000000057067	0.00040644983358906206
0.13800000000057477	0.0003571352665210359
0.13900000000057866	0.00031348124592911475
0.140000000000583	0.0002745705875059068
0.1410000000005871	0.00024021641249349912
0.1420000000005912	0.00020974279894292458
0.14300000000059532	0.00018287185105025916
0.14400000000059965	0.00015916993699316428
0.14500000000060376	0.0001382431309064902
0.14600000000060787	0.00011994303711237997
0.1470000000006122	0.0001038320575863505
0.1480000000006163	8.971486546294205e-05
0.14900000000062041	7.73852728284119e-05
0.15000000000062452	6.658439445084152e-05
0.15100000000062885	5.718045818947637e-05
0.15200000000063296	4.896934001985542e-05
0.15300000000063707	4.183545928659882e-05
0.1540000000006414	3.563223898805923e-05
0.1550000000006455	3.025378318310956e-05
0.15600000000064962	2.5588638486229165e-05
0.15700000000065373	2.1554369484477753e-05
0.15800000000065806	1.8065730385319334e-05
0.15900000000066217	1.5059615972146112e-05
0.16000000000066628	1.245650672665466e-05
0.16100000000067038	1.0226132791335552e-05
0.16200000000067472	8.297969419923668e-06
0.16300000000067882	6.646447411773337e-06
0.16400000000068293	5.221979439751223e-06
0.16500000000068726	4.0020927893902325e-06
0.16600000000069137	2.9466746941375632e-06
0.16700000000069548	2.0456402022306364e-06
0.1680000000006996	1.2615594850995393e-06
0.16900000000070392	5.911877385411657e-07
0.1700000000007078	3.6544209880418066e-09
0.17100000000071192	-5.028649212590608e-07
0.17200000000071625	-9.479241387388981e-07
0.17300000000072036	-1.3366368794009986e-06
0.17400000000072446	-1.6809836727027516e-06
0.17500000000072857	-1.986323784786137e-06
0.1760000000007329	-2.258714220770841e-06
0.177000000000737	-2.5034734258966296e-06
0.17800000000074112	-2.7233499098056058e-06
0.17900000000074545	-2.922454266141017e-06
0.18000000000074956	-3.1015898618313997e-06
0.18100000000075367	-3.2638791254147037e-06
0.18200000000075778	-3.408985957964461e-06
0.1830000000007621	-3.5391591810540746e-06
0.18400000000076622	-3.653041804607682e-06
0.18500000000077033	-3.7516706949958234e-06
0.18600000000077466	-3.833842206368843e-06
0.18700000000077877	-3.899521807682049e-06
0.18800000000078287	-3.948208289639155e-06
0.18900000000078698	-3.978345793909099e-06
0.1900000000007913	-3.990414136900711e-06
0.19100000000079542	-3.9828347411230425e-06
0.19200000000079953	-3.955781578079964e-06
0.19300000000080386	-3.9085778340552935e-06
0.19400000000080797	-3.841729263154292e-06
0.19500000000081208	-3.7552791258832485e-06
0.1960000000008162	-3.6498111035676573e-06
0.19700000000082052	-3.5260350570442967e-06
0.19800000000082463	-3.3847957130461737e-06
0.19900000000082874	-3.2276340811154824e-06
0.20000000000083307	-3.0551876082363094e-06
0.20100000000083695	-2.8696330911515133e-06
0.20200000000084106	-2.671756607508513e-06
0.20300000000084517	-2.463779255279519e-06
0.2040000000008495	-2.247072685035434e-06
0.2050000000008536	-2.0236827209529906e-06
0.20600000000085772	-1.7952756208305942e-06
0.20700000000086205	-1.563778012414474e-06
0.20800000000086616	-1.3310745734518292e-06
0.20900000000087027	-1.0989534842131832e-06
0.21000000000087438	-8.693962461059357e-07
0.2110000000008787	-6.439830753102171e-07
0.21200000000088282	-4.24634871265539e-07
0.21300000000088692	-2.1270818439944605e-07
0.21400000000089126	-9.789062893617029e-09
0.21500000000089536	1.8288219316708876e-07
0.21600000000089947	3.6420678617421487e-07
0.21700000000090358	5.331672139341492e-07
0.2180000000009079	6.885585457361287e-07
0.21900000000091202	8.300158632623678e-07
0.22000000000091613	9.56330088675017e-07
0.22100000000092046	1.0669596445245233e-06
0.22200000000092457	1.1611758709006992e-06
0.22300000000092868	1.239056964807972e-06
0.2240000000009328	1.299589522885114e-06
0.22500000000093712	1.3431123035978487e-06
0.22600000000094123	1.3692535947296136e-06
0.22700000000094533	1.3782672885209735e-06
0.22800000000094967	1.3708070907281211e-06
0.22900000000095377	1.347110018867781e-06
0.23000000000095788	1.30816888921359e-06
0.23100000000096177	1.2549313347376412e-06
0.2320000000009661	1.1885015007706556e-06
0.2330000000009702	1.1103533564815748e-06
0.23400000000097432	1.0219865625993307e-06
0.23500000000097865	9.251737571602803e-07
0.23600000000098276	8.219696582267844e-07
0.23700000000098687	7.14039902538488e-07
0.23800000000099097	6.039705345850521e-07
0.2390000000009953	4.931911211647488e-07
0.24000000000099941	3.8457835771499305e-07
0.24100000000100352	2.7920920953050654e-07
0.24200000000100785	1.8026797210524137e-07
0.24300000000101196	8.8098227157829e-08
0.24400000000101607	5.569959826701165e-09
0.24500000000102018	-6.67032360457398e-08
0.2460000000010245	-1.2730680087891244e-07
0.24700000000102862	-1.7556847864419467e-07
0.24800000000103273	-2.1074140943433406e-07
0.24900000000103706	-2.3303953766706798e-07
0.25000000000104117	-2.4217071104004617e-07
0.2510000000010453	-2.3883815414293963e-07
0.2520000000010494	-2.2284608136580175e-07
0.2530000000010537	-1.9584673416339626e-07
0.2540000000010578	-1.580910302667604e-07
0.25500000000106193	-1.1064475358146808e-07
0.25600000000106626	-5.465545283023232e-08
0.25700000000107037	9.059733629968036e-09
0.2580000000010745	7.971619420121812e-08
0.2590000000010786	1.559423137287297e-07
0.2600000000010829	2.3718464836619546e-07
0.26100000000108703	3.221168933809082e-07
0.2620000000010909	4.1006103468355093e-07
0.26300000000109525	4.996635015741546e-07
0.26400000000109936	5.901390276452645e-07
0.26500000000110346	6.800617619040494e-07
0.2660000000011076	7.684287306464199e-07
0.2670000000011119	8.53860893545999e-07
0.268000000001116	9.349746918907442e-07
0.2690000000011201	1.0104719159187425e-06
0.27000000000112445	1.0788383913995503e-06
0.27100000000112856	1.1389640542924795e-06
0.27200000000113267	1.1891281254117203e-06
0.2730000000011368	1.2288788673320283e-06
0.2740000000011411	1.2559620350405254e-06
0.2750000000011452	1.2703216631937408e-06
0.2760000000011493	1.2712547368121108e-06
0.27700000000115366	1.257118731889939e-06
0.27800000000115777	1.229242265310404e-06
0.2790000000011619	1.1858576693946077e-06
0.280000000001166	1.1282822707237017e-06
0.2810000000011703	1.0561312563384107e-06
0.2820000000011744	9.70194332872154e-07
0.28300000000117853	8.71127572965591e-07
0.28400000000118286	7.598946933917716e-07
0.28500000000118697	6.37600911845837e-07
0.2860000000011911	5.052450124942709e-07
0.2870000000011952	3.6432044070444647e-07
0.2880000000011995	2.1605860955897782e-07
0.2890000000012036	6.209979397375776e-08
0.29000000000120774	-9.61527144571761e-08
0.29100000000121207	-2.57162482864004e-07
0.2920000000012162	-4.193701579335851e-07
0.29300000000122006	-5.812921988201936e-07
0.29400000000122417	-7.413936782274533e-07
0.2950000000012285	-8.982378454369666e-07
0.2960000000012326	-1.0504831580160356e-06
0.2970000000012367	-1.1967815267688309e-06
0.29800000000124083	-1.3360185884270237e-06
0.29900000000124516	-1.4670701959929033e-06
0.30000000000124927	-1.5890126852102782e-06
0.3010000000012534	-1.7008648711680507e-06
0.3020000000012577	-1.8018302772038197e-06
0.3030000000012618	-1.8909584031945315e-06
0.3040000000012659	-1.967686448667294e-06
0.30500000000127003	-2.0311822228613607e-06
0.30600000000127436	-2.0809666210208633e-06
0.3070000000012785	-2.1164468504419887e-06
0.3080000000012826	-2.1371490359634038e-06
0.3090000000012869	-2.1425228891036596e-06
0.310000000001291	-2.1323654562088734e-06
0.31100000000129513	-2.106390684541992e-06
0.31200000000129924	-2.0645899700966197e-06
0.31300000000130357	-2.006901357320956e-06
0.3140000000013077	-1.9334087115741028e-06
0.3150000000013118	-1.8447238159247092e-06
0.3160000000013161	-1.740640399372495e-06
0.3170000000013202	-1.6221799874482912e-06
0.31800000000132433	-1.4904692187123203e-06
0.31900000000132844	-1.345292564458589e-06
0.3200000000013328	-1.1886382407233498e-06
0.3210000000013369	-1.0214560062227207e-06
0.322000000001341	-8.445336399098835e-07
0.3230000000013453	-6.600064306194753e-07
0.3240000000013492	-4.6908400319622956e-07
0.3250000000013533	-2.733637194385352e-07
0.3260000000013574	-7.484327491091847e-08
0.32700000000136176	1.2502123158952827e-07
0.32800000000136587	3.243048870560372e-07
0.32900000000137	5.21251730001282e-07
0.3300000000013743	7.144175049322854e-07
0.3310000000013784	9.018752888945158e-07
0.3320000000013825	1.0820626132890254e-06
0.33300000000138663	1.2541305217661503e-06
0.33400000000139096	1.4156742716986415e-06
0.33500000000139507	1.5663131709420242e-06
0.3360000000013992	1.705394443662911e-06
0.3370000000014035	1.8307380551529917e-06
0.3380000000014076	1.943221016209584e-06
0.3390000000014117	2.0417459811739036e-06
0.34000000000141584	2.1257916809069854e-06
0.34100000000142017	2.1956296943903553e-06
0.3420000000014243	2.250733517672465e-06
0.3430000000014284	2.2917085650275837e-06
0.3440000000014327	2.3185017758997617e-06
0.3450000000014368	2.3310797880871093e-06
0.34600000000144093	2.3304777718724523e-06
0.34700000000144504	2.316406242153235e-06
0.34800000000144937	2.2903434406806866e-06
0.3490000000014535	2.2521941941411328e-06
0.3500000000014576	2.2030516942939116e-06
0.3510000000014619	2.143538925691857e-06
0.35200000000146603	2.0743136607270785e-06
0.35300000000147014	1.9961952570923813e-06
0.35400000000147425	1.90994308857384e-06
0.35500000000147836	1.8163642387936108e-06
0.35600000000148246	1.7163072342230024e-06
0.3570000000014866	1.6106321467646012e-06
0.3580000000014909	1.5002531990049306e-06
0.359000000001495	1.3858933334276458e-06
0.3600000000014991	1.2684992523048777e-06
0.36100000000150323	1.1488597113640253e-06
0.36200000000150756	1.0276584120338939e-06
0.36300000000151167	9.057327007289118e-07
0.3640000000015158	7.837062221405233e-07
0.3650000000015201	6.622443526893562e-07
0.3660000000015242	5.418618045371915e-07
0.3670000000015283	4.2297964475412897e-07
0.36800000000153243	3.060327051773726e-07
0.36900000000153677	1.912501351730711e-07
0.3700000000015409	7.88448601962699e-08
0.371000000001545	-3.106079082826341e-08
0.3720000000015493	-1.3824763844816346e-07
0.3730000000015534	-2.4301776968549405e-07
0.37400000000155753	-3.4495439682480367e-07
0.37500000000156164	-4.4451712954973743e-07
0.37600000000156597	-5.41545334353799e-07
0.3770000000015701	-6.362710505136704e-07
0.3780000000015742	-7.286413357121546e-07
0.3790000000015785	-8.188046725088327e-07
0.3800000000015826	-9.067173611931878e-07
0.38100000000158674	-9.924032311481312e-07
0.38200000000159084	-1.0757063997335337e-06
0.3830000000015952	-1.1565113304801145e-06
0.3840000000015993	-1.2346671003360399e-06
0.3850000000016034	-1.3098604618733134e-06
0.3860000000016075	-1.3818452715419483e-06
0.3870000000016116	-1.4502962164542055e-06
0.3880000000016157	-1.514851770467729e-06
0.38900000000161983	-1.5751959103749158e-06
0.39000000000162416	-1.6307526322645316e-06
0.39100000000162827	-1.6815257959379437e-06
0.3920000000016324	-1.72664269681988e-06
0.3930000000016367	-1.766246118251047e-06
0.3940000000016408	-1.7995954117999702e-06
0.3950000000016449	-1.8267293477869373e-06
0.39600000000164903	-1.8470605369635962e-06
0.39700000000165336	-1.8608803700193022e-06
0.3980000000016575	-1.867693424140171e-06
0.3990000000016616	-1.8677865014637973e-06
0.4000000000016659	-1.860971960976343e-06
0.40100000000167	-1.847519555564503e-06
0.40200000000167413	-1.8276760118673963e-06
0.40300000000167824	-1.8014591998127827e-06
0.40400000000168257	-1.76937452756043e-06
0.4050000000016867	-1.731530148152416e-06
0.4060000000016908	-1.6885142346545479e-06
0.4070000000016951	-1.6405229141813749e-06
0.4080000000016992	-1.5881349837432168e-06
0.40900000000170333	-1.5318338271175236e-06
0.41000000000170744	-1.4720470442597389e-06
0.4110000000017118	-1.4092270206322866e-06
0.4120000000017159	-1.3439351844724001e-06
0.41300000000172	-1.2767440860095292e-06
0.4140000000017243	-1.2081102078731476e-06
0.41500000000172843	-1.1385690057430509e-06
0.41600000000173254	-1.0686318345776158e-06
0.4170000000017364	-9.987918212495117e-07
0.41800000000174076	-9.295119387520145e-07
0.41900000000174487	-8.612835280530362e-07
0.420000000001749	-7.94465092601726e-07
0.4210000000017533	-7.29454070258484e-07
0.4220000000017574	-6.665637024561022e-07
0.4230000000017615	-6.060152326625712e-07
0.42400000000176563	-5.480002458480016e-07
0.42500000000176996	-4.926529877380403e-07
0.42600000000177407	-4.3999873788891364e-07
0.4270000000017782	-3.899905549609173e-07
0.4280000000017825	-3.4252973413195775e-07
0.4290000000017866	-2.9750256214100546e-07
0.4300000000017907	-2.5466135422647085e-07
0.43100000000179484	-2.1375951142488248e-07
0.43200000000179917	-1.7451586065142521e-07
0.4330000000018033	-1.3663961562215832e-07
0.4340000000018074	-9.979093218426272e-08
0.4350000000018115	-6.366179983174902e-08
0.4360000000018158	-2.7920760148347767e-08
0.43700000000181993	7.766518095309038e-09
0.43800000000182404	4.36525783298336e-08
0.43900000000182837	8.002726714639863e-08
0.4400000000018325	1.1700917879053918e-07
0.4410000000018366	1.5479909798443714e-07
0.4420000000018407	1.933543783971814e-07
0.44300000000184503	2.3272229232595976e-07
0.44400000000184914	2.7276185554647725e-07
0.44500000000185325	3.133394681498203e-07
0.4460000000018576	3.5421017186010317e-07
0.4470000000018617	3.951358082954215e-07
0.4480000000018656	4.357687027889412e-07
0.4490000000018697	4.7576539707883114e-07
0.450000000001874	5.147514119396845e-07
0.4510000000018781	5.522531344448467e-07
0.45200000000188223	5.878782428636598e-07
0.45300000000188656	6.211799432609411e-07
0.45400000000189067	6.516289572378042e-07
0.4550000000018948	6.789611266544426e-07
0.4560000000018989	7.026070885096658e-07
0.4570000000019032	7.223809964651551e-07
0.4580000000019073	7.378282826930871e-07
0.45900000000191143	7.487302564612719e-07
0.46000000000191577	7.549944850415713e-07
0.4610000000019199	7.564459000297674e-07
0.462000000001924	7.529864699540312e-07
0.4630000000019281	7.446325825943845e-07
0.4640000000019324	7.313889376359128e-07
0.46500000000193653	7.13435671428897e-07
0.46600000000194064	6.90813568571258e-07
0.46700000000194497	6.637847129731256e-07
0.4680000000019491	6.325240247129216e-07
0.4690000000019532	5.972768708506493e-07
0.4700000000019573	5.583163735778385e-07
0.4710000000019616	5.159054141667951e-07
0.47200000000196574	4.7039806494453273e-07
0.47300000000196984	4.2204014549795943e-07
0.4740000000019742	3.711199377809393e-07
0.4750000000019783	3.179753021997911e-07
0.4760000000019824	2.629208084581336e-07
0.4770000000019865	2.0626235319731734e-07
0.47800000000199083	1.482885458869987e-07
0.4790000000019947	8.92937302987562e-08
0.48000000000199883	2.954221023365733e-08
0.48100000000200316	-3.069223653007214e-08
0.48200000000200727	-9.116374277695627e-08
0.4830000000020114	-1.516131886702965e-07
0.4840000000020155	-2.1181563059080588e-07
0.4850000000020198	-2.715178757384251e-07
0.4860000000020239	-3.3048085468223576e-07
0.48700000000202803	-3.885306560924562e-07
0.48800000000203236	-4.4538624055512344e-07
0.4890000000020365	-5.008935153316685e-07
0.4900000000020406	-5.548767958440948e-07
0.4910000000020447	-6.071817320041362e-07
0.492000000002049	-6.576573350347559e-07
0.49300000000205313	-7.062107143518404e-07
0.49400000000205724	-7.528049801308612e-07
0.49500000000206157	-7.972776949749516e-07
0.4960000000020657	-8.396198589721848e-07
0.4970000000020698	-8.798098909412744e-07
0.4980000000020739	-9.177542614757783e-07
0.4990000000020782	-9.534253004872539e-07
0.5000000000020823	-9.868296548809496e-07
0.5010000000020864	-1.0178805811555947e-06
0.5020000000020908	-1.0465771995704642e-06
0.5030000000020949	-1.0729159303224378e-06
0.504000000002099	-1.0968400581123916e-06
0.5050000000021031	-1.118349907569538e-06
0.5060000000021074	-1.1373296397998445e-06
0.5070000000021115	-1.1538004247579892e-06
0.5080000000021156	-1.1676647497793624e-06
0.50900000000212	-1.1788596232520376e-06
0.5100000000021239	-1.187357780318976e-06
0.511000000002128	-1.1931394965358777e-06
0.5120000000021321	-1.1961417829553511e-06
0.5130000000021364	-1.1963131905101676e-06
0.5140000000021405	-1.193569380220083e-06
0.5150000000021446	-1.1879641319545442e-06
0.516000000002149	-1.179371141413199e-06
0.5170000000021531	-1.1678875291298851e-06
0.5180000000021572	-1.1533336417013373e-06
0.5190000000021613	-1.1358699740782185e-06
0.5200000000021656	-1.1151958960731179e-06
0.5210000000021697	-1.0916288406548347e-06
0.5220000000021738	-1.064922913407429e-06
0.5230000000021782	-1.0351829740073981e-06
0.5240000000021823	-1.002503598357407e-06
0.5250000000021864	-9.667830578319325e-07
0.5260000000021905	-9.28223524931937e-07
0.5270000000021948	-8.867295373526929e-07
0.5280000000021989	-8.424235760084997e-07
0.529000000002203	-7.952980516368058e-07
0.5300000000022074	-7.455387582844253e-07
0.5310000000022115	-6.93116328776e-07
0.5320000000022156	-6.382771136070886e-07
0.5330000000022197	-5.808382459449035e-07
0.534000000002224	-5.21351556370675e-07
0.5350000000022281	-4.594098683696757e-07
0.5360000000022322	-3.956802900884071e-07
0.5370000000022366	-3.298604844825803e-07
0.5380000000022407	-2.6237437822373977e-07
0.5390000000022448	-1.9322827293777323e-07
0.5400000000022487	-1.2265753235318755e-07
0.541000000002253	-5.087631871347753e-08
0.5420000000022571	2.1857599841190734e-08
0.5430000000022612	9.528540334535762e-08
0.5440000000022656	1.6912306965988222e-07
0.5450000000022697	2.430446962575772e-07
0.5460000000022738	3.16757641449783e-07
0.5470000000022779	3.8996735352014866e-07
0.5480000000022822	4.623892241317762e-07
0.5490000000022863	5.337902704294351e-07
0.5500000000022904	6.03882549188306e-07
0.5510000000022948	6.723713130707409e-07
0.5520000000022989	7.389598239981865e-07
0.553000000002303	8.032767737642388e-07
0.5540000000023071	8.650263769727218e-07
0.5550000000023114	9.238705941383429e-07
0.5560000000023155	9.79517849941658e-07
0.5570000000023196	1.031705237908298e-06
0.558000000002324	1.0802251917407801e-06
0.5590000000023281	1.1249382879663372e-06
0.5600000000023322	1.1657297631639807e-06
0.5610000000023363	1.2025591780151501e-06
0.5620000000023406	1.2352227080070222e-06
0.5630000000023447	1.2636254261844115e-06
0.5640000000023488	1.2877032412594858e-06
0.5650000000023532	1.3071929145791472e-06
0.5660000000023573	1.3220106099831597e-06
0.5670000000023614	1.3320703571295667e-06
0.5680000000023655	1.337263529244126e-06
0.5690000000023698	1.3377072415332592e-06
0.5700000000023739	1.3334743085291478e-06
0.5710000000023778	1.3245735070999132e-06
0.5720000000023819	1.3112035551765544e-06
0.5730000000023863	1.2934518243135074e-06
0.5740000000023904	1.2714026421667413e-06
0.5750000000023945	1.2453334023998508e-06
0.5760000000023988	1.2154487832871652e-06
0.5770000000024029	1.1819706747795422e-06
0.578000000002407	1.1452062891326165e-06
0.5790000000024111	1.1055089765843462e-06
0.5800000000024155	1.0632349838335386e-06
0.5810000000024196	1.0188655551468528e-06
0.5820000000024237	9.72790830555681e-07
0.583000000002428	9.254669397495974e-07
0.5840000000024321	8.772839208415206e-07
0.5850000000024362	8.286408672564249e-07
0.5860000000024403	7.79888370550097e-07
0.5870000000024447	7.313100548467233e-07
0.5880000000024488	6.832937973211273e-07
0.5890000000024529	6.36041164625567e-07
0.5900000000024572	5.899788638741299e-07
0.5910000000024613	5.452871871813869e-07
0.5920000000024654	5.022616329508622e-07
0.5930000000024696	4.611819637290182e-07
0.5940000000024739	4.222043836765721e-07
0.595000000002478	3.8547920344633724e-07
0.5960000000024821	3.5119619123946677e-07
0.5970000000024864	3.194956297303264e-07
0.5980000000024905	2.903974625212413e-07
0.5990000000024946	2.641754941468122e-07
0.6000000000024988	2.4073403459556886e-07
0.6010000000025031	2.2036635694000495e-07
0.602000000002507	2.0303145087385843e-07
0.6030000000025111	1.8882070529357975e-07
0.6040000000025154	1.7783416705885458e-07
0.6050000000025195	1.6991636142549282e-07
0.6060000000025236	1.6516579581793422e-07
0.6070000000025277	1.6338853503494732e-07
0.6080000000025321	1.6450092144015827e-07
0.6090000000025362	1.683018918674506e-07
0.6100000000025403	1.7470551560982983e-07
0.6110000000025446	1.8345949615028445e-07
0.6120000000025487	1.9441366150285688e-07
0.6130000000025528	2.0739201778141592e-07
0.614000000002557	2.2218404593932206e-07
0.6150000000025613	2.385360565737571e-07
0.6160000000025654	2.562443289777505e-07
0.6170000000025695	2.7506318844849886e-07
0.6180000000025738	2.948059761864741e-07
0.6190000000025779	3.1525618415795265e-07
0.620000000002582	3.362264919815061e-07
0.6210000000025861	3.5755486815780557e-07
0.6220000000025905	3.791081659709761e-07
0.6230000000025946	4.007733329647323e-07
0.6240000000025987	4.224558221022079e-07
0.625000000002603	4.440617392686974e-07
0.6260000000026071	4.654954253169308e-07
0.6270000000026112	4.866505561862411e-07
0.6280000000026154	5.07437008634426e-07
0.6290000000026197	5.277697286976135e-07
0.6300000000026238	5.475995282777646e-07
0.6310000000026279	5.668384501777979e-07
0.6320000000026322	5.854276846628537e-07
0.6330000000026361	6.032522447130262e-07
0.6340000000026402	6.201441387077011e-07
0.6350000000026443	6.359528723631769e-07
0.6360000000026487	6.504701919318734e-07
0.6370000000026528	6.635193072757062e-07
0.6380000000026569	6.749093712787868e-07
0.6390000000026612	6.844497464353339e-07
0.6400000000026653	6.919730100030108e-07
0.6410000000026694	6.972764674539889e-07
0.6420000000026735	7.00246572393759e-07
0.6430000000026779	7.007539347680947e-07
0.644000000002682	6.986638182437943e-07
0.6450000000026861	6.939279396656062e-07
0.6460000000026904	6.864194725952899e-07
0.6470000000026945	6.7613610033046e-07
0.6480000000026986	6.63054897875881e-07
0.6490000000027027	6.471435236576895e-07
0.6500000000027071	6.285900875369066e-07
0.6510000000027112	6.07311868794369e-07
0.6520000000027153	5.836542344983542e-07
0.6530000000027196	5.576788509875641e-07
0.6540000000027237	5.295242156977409e-07
0.6550000000027278	4.994571989325181e-07
0.656000000002732	4.6753128279952705e-07
0.6570000000027363	4.3396673821138876e-07
0.6580000000027404	3.9885604108391703e-07
0.6590000000027445	3.6244192835876987e-07
0.6600000000027488	3.2475986766478115e-07
0.6610000000027529	2.8603047796949e-07
0.662000000002757	2.463556781906462e-07
0.6630000000027612	2.0591072769082785e-07
0.6640000000027653	1.6482542530837918e-07
0.6650000000027694	1.2327309495407945e-07
0.6660000000027735	8.137995521906305e-08
0.6670000000027778	3.9284456798682754e-08
0.6680000000027819	-2.89760371252612e-09
0.669000000002786	-4.5040194684986545e-08
0.6700000000027901	-8.704127063552392e-08
0.6710000000027945	-1.287743214284376e-07
0.6720000000027986	-1.7011963548974052e-07
0.6730000000028027	-2.1094391544629332e-07
0.674000000002807	-2.511560817097802e-07
0.6750000000028111	-2.9066542994726774e-07
0.6760000000028152	-3.29410324351187e-07
0.6770000000028193	-3.6738407738212686e-07
0.6780000000028237	-4.04632237938074e-07
0.6790000000028278	-4.412251184415794e-07
0.6800000000028319	-4.772676962527811e-07
0.6810000000028362	-5.128537403642497e-07
0.6820000000028403	-5.480833520365991e-07
0.6830000000028444	-5.829840599158587e-07
0.6840000000028486	-6.175910756134328e-07
0.6850000000028529	-6.518399999766444e-07
0.686000000002857	-6.857231440449141e-07
0.6870000000028611	-7.191618629498464e-07
0.6880000000028654	-7.52165876694022e-07
0.6890000000028695	-7.847275953487554e-07
0.6900000000028736	-8.169194354312737e-07
0.6910000000028778	-8.487692424452575e-07
0.6920000000028821	-8.803470676888026e-07
0.6930000000028862	-9.116229349181992e-07
0.6940000000028901	-9.425687010899964e-07
0.6950000000028944	-9.730433641053082e-07
0.6960000000028985	-1.0029059378524607e-06
0.6970000000029026	-1.0319408425552012e-06
0.6980000000029067	-1.0599274640199496e-06
0.6990000000029111	-1.086605698530363e-06
0.7000000000029152	-1.1117887079858946e-06
0.7010000000029193	-1.1351589979113896e-06
0.7020000000029236	-1.1566402848828261e-06
0.7030000000029277	-1.1758805535944106e-06
0.7040000000029318	-1.1928730638821605e-06
0.705000000002936	-1.2073443256266359e-06
0.7060000000029403	-1.2191999951838284e-06
0.7070000000029444	-1.2284190811229223e-06
0.7080000000029485	-1.23487843817216e-06
0.7090000000029526	-1.2385370733447587e-06
0.7100000000029569	-1.2393728145987382e-06
0.711000000002961	-1.2373067945770089e-06
0.7120000000029651	-1.2322722913182815e-06
0.7130000000029695	-1.2242249169958086e-06
0.7140000000029736	-1.2130388447051388e-06
0.7150000000029777	-1.198702965332643e-06
0.7160000000029818	-1.181157703866731e-06
0.7170000000029861	-1.1604845073787118e-06
0.7180000000029902	-1.1366123224831881e-06
0.7190000000029944	-1.1096787240205686e-06
0.7200000000029987	-1.0796661904510785e-06
0.7210000000030028	-1.0467953059922763e-06
0.7220000000030069	-1.0110818136066513e-06
0.723000000003011	-9.727294860706337e-07
0.7240000000030153	-9.319318201583826e-07
0.7250000000030195	-8.888788152194849e-07
0.7260000000030233	-8.438286533962724e-07
0.7270000000030277	-7.970391449063641e-07
0.7280000000030318	-7.486926891786538e-07
0.7290000000030359	-6.991393228794607e-07
0.73000000000304	-6.485774595166305e-07
0.7310000000030443	-5.973030599015772e-07
0.7320000000030484	-5.456034135598031e-07
0.7330000000030525	-4.936952247014403e-07
0.7340000000030569	-4.4186712067073586e-07
0.735000000003061	-3.903202401289718e-07
0.7360000000030651	-3.3930891807365526e-07
0.7370000000030692	-2.8904864923795515e-07
0.7380000000030735	-2.3972562401830544e-07
0.7390000000030776	-1.9147656571405491e-07
0.7400000000030817	-1.4445085749770215e-07
0.7410000000030861	-9.870634420927615e-08
0.7420000000030902	-5.432491678725171e-08
0.7430000000030943	-1.135370730764862e-08
0.7440000000030984	3.017979788300096e-08
0.7450000000031027	7.022428982761397e-08
0.7460000000031068	1.0878772238598344e-07
0.747000000003111	1.4588380348179442e-07
0.7480000000031153	1.81491452089233e-07
0.7490000000031194	2.1570844432883263e-07
0.7500000000031235	2.4853950497671917e-07
0.7510000000031276	2.8006733288066243e-07
0.7520000000031319	3.103869479215149e-07
0.753000000003136	3.395333703082315e-07
0.7540000000031402	3.6761104882376827e-07
0.7550000000031445	3.9472819690633543e-07
0.7560000000031484	4.209306322389139e-07
0.7570000000031525	4.463213632011076e-07
0.7580000000031566	4.709333524255399e-07
0.7590000000031609	4.948392238190991e-07
0.760000000003165	5.180558325657003e-07
0.7610000000031691	5.406261940343882e-07
0.7620000000031735	5.62631372047484e-07
0.7630000000031776	5.840531641654323e-07
0.7640000000031817	6.050123767531446e-07
0.7650000000031858	6.25372155060866e-07
0.7660000000031901	6.452772617349112e-07
0.7670000000031942	6.645759493828507e-07
0.7680000000031983	6.832779649856846e-07
0.7690000000032027	7.012922741411742e-07
0.7700000000032068	7.18592897852588e-07
0.7710000000032109	7.350974055020387e-07
0.772000000003215	7.508255528421159e-07
0.7730000000032193	7.656934052358011e-07
0.7740000000032234	7.797452001856442e-07
0.7750000000032276	7.928800158651939e-07
0.7760000000032319	8.051701431144309e-07
0.777000000003236	8.165247699087885e-07
0.7780000000032401	8.269295671547994e-07
0.7790000000032442	8.363068695338427e-07
0.7800000000032485	8.446114975191321e-07
0.7810000000032526	8.517476002278812e-07
0.7820000000032568	8.576733775411682e-07
0.7830000000032611	8.623030138821264e-07
0.7840000000032652	8.655555618908295e-07
0.7850000000032693	8.673731066721757e-07
0.7860000000032734	8.676480384162133e-07
0.7870000000032777	8.663198096670044e-07
0.7880000000032816	8.633778973976547e-07
0.7890000000032857	8.587642938984175e-07
0.7900000000032901	8.524146694055545e-07
0.7910000000032942	8.444499902671154e-07
0.7920000000032983	8.34776485492128e-07
0.7930000000033024	8.234549427887927e-07
0.7940000000033067	8.105262736535224e-07
0.7950000000033108	7.960973602560983e-07
0.796000000003315	7.800904198163039e-07
0.7970000000033193	7.626968041574145e-07
0.7980000000033234	7.439356912719575e-07
0.7990000000033275	7.238970959333457e-07
0.8000000000033316	7.025496884249804e-07
0.8010000000033359	6.800374066084913e-07
0.80200000000334	6.563242712642747e-07
0.8030000000033441	6.315193634698346e-07
0.8040000000033485	6.056930992315301e-07
0.8050000000033526	5.78921157678991e-07
0.8060000000033567	5.513352159258744e-07
0.8070000000033608	5.230444710679905e-07
0.8080000000033651	4.941241025235854e-07
0.8090000000033692	4.646860088941551e-07
0.8100000000033734	4.348258324515797e-07
0.8110000000033777	4.0462892036963183e-07
0.8120000000033818	3.741784658783942e-07
0.8130000000033859	3.4357203859691765e-07
0.81400000000339	3.128813604869052e-07
0.8150000000033943	2.82196186196515e-07
0.8160000000033985	2.516133286167843e-07
0.8170000000034026	2.212400369572265e-07
0.8180000000034067	1.9118044503052545e-07
0.8190000000034108	1.6155869320133576e-07
0.8200000000034149	1.324429897975321e-07
0.821000000003419	1.0393623040005906e-07
0.8220000000034233	7.609980223755031e-08
0.8230000000034274	4.8981169231687716e-08
0.8240000000034315	2.2623422246681457e-08
0.8250000000034359	-3.010363958111384e-09
0.82600000000344	-2.7918247047509226e-08
0.8270000000034441	-5.218542264984194e-08
0.8280000000034482	-7.586963501893251e-08
0.8290000000034525	-9.903109710052149e-08
0.8300000000034566	-1.2170725072202515e-07
0.8310000000034607	-1.4390407376829728e-07
0.8320000000034651	-1.6562636240280426e-07
0.8330000000034692	-1.8684509339728095e-07
0.8340000000034733	-2.0745647577591342e-07
0.8350000000034774	-2.2743944860792453e-07
0.8360000000034817	-2.466756923169555e-07
0.8370000000034858	-2.6510744177699053e-07
0.83800000000349	-2.8267315221874867e-07
0.8390000000034943	-2.992694516645855e-07
0.8400000000034984	-3.148778113803985e-07
0.8410000000035025	-3.294120927144206e-07
0.8420000000035066	-3.4281364702515305e-07
0.8430000000035109	-3.5503238526857217e-07
0.844000000003515	-3.6602276987096616e-07
0.8450000000035192	-3.757050035524401e-07
0.8460000000035233	-3.8408655722577123e-07
0.8470000000035276	-3.9116956918050505e-07
0.8480000000035317	-3.9696326004090565e-07
0.8490000000035356	-4.0157302194643307e-07
0.8500000000035399	-4.0498796427534955e-07
0.851000000003544	-4.074162660572256e-07
0.8520000000035481	-4.088182459227596e-07
0.8530000000035523	-4.094225594108991e-07
0.8540000000035566	-4.092158483182118e-07
0.8550000000035607	-4.08312222255347e-07
0.8560000000035648	-4.0676810675321917e-07
0.8570000000035691	-4.0460199279834796e-07
0.8580000000035732	-4.0186783545337335e-07
0.8590000000035773	-3.9859975742295717e-07
0.8600000000035815	-3.9482022096137825e-07
0.8610000000035858	-3.9055496792173017e-07
0.8620000000035899	-3.858235280151945e-07
0.863000000003594	-3.805795132372225e-07
0.8640000000035983	-3.7482086967521866e-07
0.8650000000036024	-3.6851946827454185e-07
0.8660000000036066	-3.6164494687795923e-07
0.8670000000036107	-3.5417712318519534e-07
0.868000000003615	-3.461315432051748e-07
0.8690000000036191	-3.374337709249886e-07
0.8700000000036232	-3.281232403562484e-07
0.8710000000036275	-3.1816918344418355e-07
0.8720000000036316	-3.0760069025248526e-07
0.8730000000036358	-2.9645551835599804e-07
0.8740000000036399	-2.8477936497850465e-07
0.8750000000036442	-2.7261825130686645e-07
0.8760000000036483	-2.6004894237985354e-07
0.8770000000036524	-2.4709143420231783e-07
0.8780000000036567	-2.3382653813186494e-07
0.8790000000036609	-2.2028798563056284e-07
0.8800000000036647	-2.0655664845214972e-07
0.8810000000036688	-1.926966486376358e-07
0.8820000000036732	-1.787910051120889e-07
0.8830000000036773	-1.6490913701261434e-07
0.8840000000036814	-1.5112048190601968e-07
0.8850000000036857	-1.3746358407118464e-07
0.8860000000036898	-1.2396450221885402e-07
0.887000000003694	-1.1063513261078128e-07
0.888000000003698	-9.748406348819572e-08
0.8890000000037024	-8.450763266942829e-08
0.8900000000037065	-7.169613081003945e-08
0.8910000000037106	-5.902532151935702e-08
0.8920000000037149	-4.64681084721974e-08
0.893000000003719	-3.400107417839138e-08
0.8940000000037231	-2.1612123868308686e-08
0.8950000000037273	-9.299054193334655e-09
0.8960000000037316	2.9291969960709707e-09
0.8970000000037357	1.5058017943658797e-08
0.8980000000037398	2.706947688224659e-08
0.8990000000037441	3.894526534597986e-08
0.9000000000037482	5.065563712935983e-08
0.9010000000037524	6.218511572342322e-08
0.9020000000037565	7.351818953615918e-08
0.9030000000037608	8.464524470230828e-08
0.9040000000037649	9.554821089885479e-08
0.905000000003769	1.0622578450192321e-07
0.9060000000037733	1.1666503951790475e-07
0.9070000000037775	1.2686428985109188e-07
0.9080000000037816	1.368180929661733e-07
0.9090000000037857	1.4652788205005152e-07
0.91000000000379	1.5599417879652577e-07
0.9110000000037939	1.6520736023650784e-07
0.912000000003798	1.7416404540782082e-07
0.9130000000038023	1.8284251490641168e-07
0.9140000000038064	1.9124802741465885e-07
0.9150000000038105	1.9936479178639388e-07
0.9160000000038147	2.072018259191566e-07
0.917000000003819	2.1473206246458432e-07
0.9180000000038231	2.2197123872302882e-07
0.9190000000038272	2.2887734363319368e-07
0.9200000000038315	2.3545467120467123e-07
0.9210000000038356	2.4165789636043655e-07
0.9220000000038397	2.4750038307708166e-07
0.9230000000038439	2.529135050277631e-07
0.9240000000038482	2.5793893265735335e-07
0.9250000000038523	2.62513218163285e-07
0.9260000000038564	2.6668028341170213e-07
0.9270000000038607	2.7038636674081573e-07
0.9280000000038648	2.7367473576234147e-07
0.929000000003869	2.764712502267841e-07
0.9300000000038731	2.7882052922034717e-07
0.9310000000038774	2.8063271140243984e-07
0.9320000000038815	2.819150332067366e-07
0.9330000000038856	2.825703460107576e-07
0.9340000000038899	2.8264809226463683e-07
0.935000000003894	2.819990894131763e-07
0.9360000000038982	2.80685481302001e-07
0.9370000000039023	2.7862168083814254e-07
0.9380000000039066	2.7584249961964957e-07
0.9390000000039107	2.722661455178965e-07
0.9400000000039148	2.6795222440867406e-07
0.9410000000039191	2.6283829634987654e-07
0.942000000003923	2.5697354399945027e-07
0.9430000000039271	2.5038245721198393e-07
0.9440000000039312	2.4312964841399776e-07
0.9450000000039356	2.3518048442028316e-07
0.9460000000039397	2.266153721341979e-07
0.9470000000039438	2.1742197797713914e-07
0.9480000000039481	2.0763553676417246e-07
0.9490000000039522	1.9728280964415035e-07
0.9500000000039563	1.8638304966067665e-07
0.9510000000039605	1.7499749127569686e-07
0.9520000000039648	1.6317621676087413e-07
0.9530000000039689	1.50986242175577e-07
0.954000000003973	1.3849040769731147e-07
0.9550000000039773	1.2575730212738279e-07
0.9560000000039814	1.128561064600575e-07
0.9570000000039856	9.98621839665148e-08
0.9580000000039897	8.68164676814942e-08
0.959000000003994	7.380067468254481e-08
0.9600000000039981	6.083753467667208e-08
0.9610000000040022	4.801081643357463e-08
0.9620000000040065	3.5345471438574805e-08
0.9630000000040106	2.2909192320952343e-08
0.9640000000040148	1.0706858621922777e-08
0.9650000000040189	-1.212079325796367e-09
0.9660000000040232	-1.2854500575087968e-08
0.9670000000040273	-2.417806244103815e-08
0.9680000000040314	-3.5175962587175036e-08
0.9690000000040357	-4.5819880112318856e-08
0.9700000000040399	-5.608663045109097e-08
0.9710000000040437	-6.595942725340365e-08
0.9720000000040478	-7.54268734137753e-08
0.9730000000040522	-8.448253230319835e-08
0.9740000000040563	-9.312809035044722e-08
0.9750000000040604	-1.0135473083039415e-07
0.9760000000040647	-1.09179192797626e-07
0.9770000000040688	-1.1662012489033202e-07
0.978000000004073	-1.2370354274260364e-07
0.979000000004077	-1.304620715902871e-07
0.9800000000040812	-1.3693580336315847e-07
0.9810000000040855	-1.4315348373372672e-07
0.9820000000040896	-1.4914260249021538e-07
0.9830000000040937	-1.5492255434068625e-07
0.984000000004098	-1.6049368345427695e-07
0.9850000000041004	-1.658534247717114e-07
0.9860000000041018	-1.709785744097303e-07
0.987000000004103	-1.758505179250136e-07
0.9880000000041045	-1.8041650307054624e-07
0.9890000000041059	-1.8467471640803979e-07
0.9900000000041072	-1.8854128169820683e-07
0.9910000000041086	-1.9203437195969286e-07
0.99200000000411	-1.9512393101273062e-07
0.9930000000041115	-1.97777492605411e-07
0.9940000000041127	-2.000316261518975e-07
0.9950000000041141	-2.0185875682088295e-07
0.9960000000041156	-2.032484966996151e-07
0.997000000004117	-2.0421683788462985e-07
0.9980000000041185	-2.0473450867974918e-07
0.9990000000041197	-2.048121632292066e-07
1.0000000000041211	-2.0442630965789022e-07
1.001000000004117	-2.03572499524185e-07
1.002000000004113	-2.0220320995356644e-07
1.0030000000041086	-2.0032436953698607e-07
1.0040000000041045	-1.979080268554867e-07
1.0050000000041002	-1.9494307967882207e-07
1.006000000004096	-1.9141978446768348e-07
1.007000000004092	-1.8730385420440143e-07
1.0080000000040878	-1.8261237233474503e-07
1.0090000000040837	-1.7732837775952248e-07
1.0100000000040794	-1.714807613684144e-07
1.0110000000040753	-1.6505560918034234e-07
1.012000000004071	-1.5808445397169635e-07
1.0130000000040669	-1.5059681612861198e-07
1.0140000000040628	-1.4260818703704103e-07
1.0150000000040587	-1.3411542099106555e-07
1.0160000000040534	-1.2513958425053318e-07
1.0170000000040464	-1.1567538016343804e-07
1.0180000000040397	-1.0574859921064217e-07
1.0190000000040325	-9.537757339472819e-08
1.0200000000040257	-8.458084432838575e-08
1.021000000004019	-7.337939056384357e-08
1.0220000000040117	-6.182549072697441e-08
1.023000000004005	-4.991592339465001e-08
1.0240000000039977	-3.772383205813412e-08
1.025000000003991	-2.5193661157274505e-08
1.026000000003984	-1.2403990279352684e-08
1.027000000003977	6.683732456380653e-10
1.0280000000039702	1.3995101078023708e-08
1.0290000000039632	2.754500405544036e-08
1.0300000000039562	4.130238329125291e-08
1.0310000000039494	5.5214229632838396e-08
1.0320000000039424	6.924840900701668e-08
1.0330000000039354	8.33633148067392e-08
1.0340000000039287	9.751868890184312e-08
1.0350000000039217	1.1167616820184634e-07
1.0360000000039147	1.2579607644447321e-07
1.0370000000039077	1.3985080904443947e-07
1.0380000000039007	1.538168721282318e-07
1.039000000003894	1.6767287780439233e-07
1.0400000000038867	1.8140562474400213e-07
1.04100000000388	1.9501171677482887e-07
1.0420000000038732	2.0848518456073606e-07
1.043000000003866	2.2183165604428012e-07
1.0440000000038592	2.350630623482175e-07
1.0450000000038522	2.48202397967745e-07
1.0460000000038452	2.6126621754940516e-07
1.0470000000038384	2.742811868738926e-07
1.0480000000038314	2.872664401909475e-07
1.0490000000038244	3.0024235841974445e-07
1.0500000000038174	3.1322082516549443e-07
1.0510000000038104	3.262033312356749e-07
1.0520000000038037	3.391733178759182e-07
1.0530000000037967	3.521118577820559e-07
1.0540000000037897	3.649603862454498e-07
1.055000000003783	3.7770098437750477e-07
1.056000000003776	3.902420797619044e-07
1.057000000003769	4.025623838721515e-07
1.0580000000037622	4.1458288446705183e-07
1.059000000003755	4.2624329610330136e-07
1.0600000000037482	4.3746755507001467e-07
1.0610000000037412	4.4817347577552624e-07
1.0620000000037342	4.582963224475378e-07
1.0630000000037274	4.677600375924129e-07
1.0640000000037202	4.7651630841194503e-07
1.0650000000037134	4.845297737476884e-07
1.0660000000037064	4.917631760692487e-07
1.0670000000036994	4.98224179246165e-07
1.0680000000036927	5.038593628992061e-07
1.0690000000036857	5.086838917867098e-07
1.0700000000036787	5.126699310631366e-07
1.071000000003672	5.157697774427206e-07
1.072000000003665	5.179953779244073e-07
1.073000000003658	5.192981626933602e-07
1.0740000000036511	5.197044986582355e-07
1.075000000003644	5.192074794546642e-07
1.0760000000036372	5.177956974300457e-07
1.0770000000036304	5.155177418281198e-07
1.0780000000036232	5.123054798161775e-07
1.0790000000036164	5.082456208116426e-07
1.0800000000036092	5.033559757894324e-07
1.0810000000036024	4.976241073650911e-07
1.0820000000035954	4.911254258832543e-07
1.0830000000035884	4.838497198456082e-07
1.0840000000035817	4.758561020778984e-07
1.0850000000035747	4.6718603674555936e-07
1.0860000000035677	4.57873304493539e-07
1.087000000003561	4.479918774835667e-07
1.088000000003554	4.3758567191964914e-07
1.089000000003547	4.266769793037639e-07
1.0900000000035401	4.1533092043355424e-07
1.091000000003533	4.0357302411031526e-07
1.0920000000035262	3.9142888041965307e-07
1.0930000000035192	3.7896326177122575e-07
1.0940000000035122	3.6620831611600124e-07
1.0950000000035054	3.532182194510014e-07
1.0960000000034982	3.4002462645510434e-07
1.0970000000034914	3.266570028914728e-07
1.0980000000034844	3.131410325485362e-07
1.0990000000034774	2.9946961266347216e-07
1.1000000000034706	2.8563697718198e-07
1.1010000000034637	2.7160141025106554e-07
1.1020000000034567	2.5734378017450155e-07
1.1030000000034499	2.4282926625041057e-07
1.104000000003443	2.2803955801453668e-07
1.105000000003436	2.1296473484699874e-07
1.106000000003429	1.976033205952632e-07
1.107000000003422	1.8195609119420197e-07
1.1080000000034151	1.6601340746547066e-07
1.1090000000034081	1.497802210037591e-07
1.1100000000034012	1.3327566461551754e-07
1.1110000000033944	1.1653610565431904e-07
1.1120000000033872	9.96036400024991e-08
1.1130000000033804	8.253319261353198e-08
1.1140000000033736	6.536238106313874e-08
1.1150000000033664	4.8120384121830284e-08
1.1160000000033596	3.081886068567741e-08
1.1170000000033526	1.346658962120273e-08
1.1180000000033457	-3.924505165286973e-09
1.1190000000033387	-2.133372833945657e-08
1.1200000000033317	-3.8743625863091324e-08
1.121000000003325	-5.612886599948297e-08
1.122000000003318	-7.346950869902003e-08
1.123000000003311	-9.074601625691514e-08
1.1240000000033041	-1.0793005178477699e-07
1.1250000000032971	-1.2499861190562456e-07
1.1260000000032901	-1.419328581331314e-07
1.1270000000032834	-1.5871599390315794e-07
1.1280000000032764	-1.7534073259994898e-07
1.1290000000032694	-1.917928713623951e-07
1.1300000000032626	-2.0805289735470467e-07
1.1310000000032554	-2.2410432087838217e-07
1.1320000000032486	-2.3992306052988965e-07
1.1330000000032414	-2.5546874793391794e-07
1.1340000000032346	-2.7071889507901403e-07
1.1350000000032279	-2.8565238530120496e-07
1.1360000000032207	-3.002483426328695e-07
1.1370000000032139	-3.144791160814009e-07
1.138000000003207	-3.28327871779166e-07
1.1390000000032	-3.417721439191723e-07
1.1400000000031931	-3.5480833560086467e-07
1.1410000000031861	-3.674383286522698e-07
1.1420000000031791	-3.7964236643261984e-07
1.1430000000031724	-3.914790394077272e-07
1.1440000000031654	-4.0292431080501956e-07
1.1450000000031584	-4.140353715431644e-07
1.1460000000031516	-4.248192764233494e-07
1.1470000000031444	-4.352745326396956e-07
1.1480000000031376	-4.4541554222732316e-07
1.1490000000031304	-4.552543388935959e-07
1.1500000000031236	-4.6478948023676026e-07
1.1510000000031169	-4.74013137852225e-07
1.1520000000031096	-4.829316169185915e-07
1.1530000000031029	-4.915461666588072e-07
1.1540000000030959	-4.998843385894958e-07
1.155000000003089	-5.079394733709108e-07
1.1560000000030821	-5.157538174316301e-07
1.1570000000030751	-5.232997644100124e-07
1.1580000000030681	-5.306274759586671e-07
1.1590000000030614	-5.377304956866169e-07
1.1600000000030544	-5.446008704002026e-07
1.1610000000030474	-5.512638678872861e-07
1.1620000000030404	-5.576856685340914e-07
1.1630000000030334	-5.638755042891574e-07
1.1640000000030266	-5.698091594119603e-07
1.1650000000030196	-5.754627592224892e-07
1.1660000000030126	-5.808230585380159e-07
1.1670000000030059	-5.858572826866748e-07
1.1680000000029986	-5.905315758614194e-07
1.1690000000029919	-5.948060146643286e-07
1.1700000000029849	-5.986343492025981e-07
1.1710000000029779	-6.019824945191488e-07
1.172000000002971	-6.048126164337475e-07
1.1730000000029641	-6.070774287714187e-07
1.1740000000029571	-6.087489410333546e-07
1.1750000000029501	-6.097867570886706e-07
1.1760000000029431	-6.101882072950815e-07
1.1770000000029364	-6.098870861670491e-07
1.1780000000029294	-6.089164847900008e-07
1.1790000000029224	-6.072624763042711e-07
1.1800000000029156	-6.049861165369208e-07
1.1810000000029086	-6.020977996179511e-07
1.1820000000029016	-5.986574793670485e-07
1.1830000000028948	-5.946940910828147e-07
1.1840000000028876	-5.90215460283261e-07
1.1850000000028809	-5.852182018983854e-07
1.186000000002874	-5.796543789404751e-07
1.1870000000028669	-5.735416777064017e-07
1.18800000000286	-5.667862732483542e-07
1.1890000000028529	-5.593948859683451e-07
1.1900000000028461	-5.513337670848273e-07
1.1910000000028391	-5.425686313564881e-07
1.1920000000028321	-5.331151124998712e-07
1.1930000000028254	-5.229763349046124e-07
1.1940000000028184	-5.121617285830382e-07
1.1950000000028114	-5.007399499490361e-07
1.1960000000028046	-4.887653144436399e-07
1.1970000000027976	-4.7628883792505405e-07
1.1980000000027906	-4.633430266132166e-07
1.1990000000027838	-4.499979575633972e-07
1.2000000000027768	-4.363102303894806e-07
1.2010000000027699	-4.223101091049841e-07
1.2020000000027629	-4.0804958589824025e-07
1.2030000000027559	-3.935147074862755e-07
1.204000000002749	-3.7869359115205725e-07
1.2050000000027419	-3.6360620447872805e-07
1.206000000002735	-3.482022081779945e-07
1.2070000000027283	-3.3250181807886747e-07
1.2080000000027211	-3.164550612666517e-07
1.2090000000027143	-3.0007330820147615e-07
1.2100000000027074	-2.833709560334796e-07
1.2110000000027004	-2.663334395247574e-07
1.2120000000026936	-2.48985413620062e-07
1.2130000000026866	-2.313158113942393e-07
1.2140000000026796	-2.1334218724966547e-07
1.2150000000026726	-1.9509057791466944e-07
1.2160000000026656	-1.7658147877241959e-07
1.2170000000026588	-1.5786781570881203e-07
1.2180000000026519	-1.3900108530862099e-07
1.2190000000026449	-1.2004483540550837e-07
1.220000000002638	-1.0105468550847263e-07
1.2210000000026309	-8.208192658898383e-08
1.222000000002624	-6.316649425741616e-08
1.2230000000026173	-4.4339099947166005e-08
1.2240000000026101	-2.5629978583907587e-08
1.2250000000026033	-7.058456041875161e-09
1.2260000000025963	1.1347334516464969e-08
1.2270000000025894	2.9566221915189317e-08
1.2280000000025826	4.757161886637107e-08
1.2290000000025754	6.53467795430629e-08
1.2300000000025686	8.286951236335938e-08
1.2310000000025616	1.0013649598406005e-07
1.2320000000025546	1.1715108982901512e-07
1.2330000000025478	1.3392938424949818e-07
1.2340000000025408	1.5047869983408901e-07
1.2350000000025338	1.668177820324246e-07
1.236000000002527	1.8295611103891218e-07
1.23700000000252	1.9889699964803498e-07
1.238000000002513	2.1463973098878597e-07
1.2390000000025063	2.3018188954893049e-07
1.240000000002499	2.455029011194654e-07
1.2410000000024923	2.605881299633239e-07
1.2420000000024853	2.7541704072930884e-07
1.2430000000024783	2.899769810937869e-07
1.2440000000024716	3.042305639633369e-07
1.2450000000024644	3.1815685241909364e-07
1.2460000000024576	3.317094026122902e-07
1.2470000000024506	3.4486130862099174e-07
1.2480000000024436	3.575977500780425e-07
1.2490000000024368	3.699042081528603e-07
1.2500000000024298	3.8176938810252636e-07
1.2510000000024228	3.931980949722913e-07
1.252000000002416	4.0417473989862174e-07
1.253000000002409	4.1470170275559326e-07
1.254000000002402	4.24786851915826e-07
1.2550000000023953	4.3442369601631725e-07
1.256000000002388	4.4363382745160607e-07
1.2570000000023813	4.524655752291551e-07
1.2580000000023743	4.6094048566924783e-07
1.2590000000023673	4.690957637887294e-07
1.2600000000023606	4.769671653193086e-07
1.2610000000023533	4.845629143490626e-07
1.2620000000023466	4.918839082712623e-07
1.2630000000023396	4.989430245627702e-07
1.2640000000023326	5.057253629203728e-07
1.2650000000023258	5.122587898309661e-07
1.2660000000023188	5.185263050044853e-07
1.2670000000023118	5.245051063473838e-07
1.268000000002305	5.302009881136271e-07
1.269000000002298	5.355572559873067e-07
1.270000000002291	5.405761697163669e-07
1.271000000002284	5.452573925701643e-07
1.272000000002277	5.495942322353287e-07
1.2730000000022703	5.536066122191485e-07
1.2740000000022633	5.572835917178054e-07
1.2750000000022563	5.606321519247004e-07
1.2760000000022496	5.636574100797986e-07
1.2770000000022423	5.663691775570356e-07
1.2780000000022356	5.687751500893512e-07
1.2790000000022288	5.708906658519197e-07
1.2800000000022216	5.727038081548841e-07
1.2810000000022148	5.742392626961745e-07
1.2820000000022078	5.755003799068348e-07
1.2830000000022008	5.765198149987327e-07
1.2840000000021938	5.772756828115178e-07
1.2850000000021868	5.777855679456323e-07
1.28600000000218	5.7800860164825e-07
1.287000000002173	5.779785832160655e-07
1.288000000002166	5.77663594070188e-07
1.2890000000021593	5.770614432965004e-07
1.2900000000021523	5.761370971413271e-07
1.2910000000021453	5.748918463499564e-07
1.2920000000021385	5.733085927106529e-07
1.2930000000021313	5.714096191766771e-07
1.2940000000021246	5.691787527961623e-07
1.2950000000021178	5.666491021960596e-07
1.2960000000021106	5.638066151725241e-07
1.2970000000021038	5.606702661031804e-07
1.2980000000020966	5.572505035189579e-07
1.2990000000020898	5.535165269465736e-07
1.3000000000020828	5.49506607105954e-07
1.3010000000020758	5.452051070609087e-07
1.302000000002069	5.406520283690597e-07
1.303000000002062	5.358596956162032e-07
1.304000000002055	5.30847486635011e-07
1.3050000000020483	5.256335779968424e-07
1.3060000000020413	5.202089232714258e-07
1.3070000000020343	5.145639919712508e-07
1.3080000000020275	5.086701062584353e-07
1.3090000000020205	5.025037900230345e-07
1.3100000000020136	4.960356941863253e-07
1.3110000000020068	4.892447936777344e-07
1.3120000000019996	4.821173897884279e-07
1.3130000000019928	4.7463603314312763e-07
1.3140000000019856	4.6680127263609705e-07
1.3150000000019788	4.586208876000697e-07
1.316000000001972	4.501064537754118e-07
1.3170000000019648	4.4129937559755916e-07
1.318000000001958	4.322296442982321e-07
1.319000000001951	4.229340385686342e-07
1.320000000001944	4.13436255675137e-07
1.3210000000019373	4.0376746668346897e-07
1.3220000000019303	3.9394646078605433e-07
1.3230000000019233	3.8400958934925455e-07
1.3240000000019165	3.739837126648382e-07
1.3250000000019095	3.6389183621921006e-07
1.3260000000019025	3.5375606710630336e-07
1.3270000000018956	3.435885472802269e-07
1.3280000000018886	3.334048067626938e-07
1.3290000000018818	3.2320626031090427e-07
1.3300000000018748	3.129961395620384e-07
1.3310000000018678	3.02768269344611e-07
1.332000000001861	2.9252794930823e-07
1.3330000000018538	2.822783845557453e-07
1.334000000001847	2.7203526520303e-07
1.33500000000184	2.618162818768255e-07
1.336000000001833	2.5165613026789657e-07
1.3370000000018263	2.4159394274025914e-07
1.3380000000018193	2.3167046225847088e-07
1.3390000000018123	2.2192175908042344e-07
1.3400000000018053	2.123704954115624e-07
1.3410000000017983	2.0304515202518303e-07
1.3420000000017915	1.9394492534186014e-07
1.3430000000017845	1.8507151988700343e-07
1.3440000000017776	1.764071491106023e-07
1.3450000000017708	1.6793995794017746e-07
1.3460000000017638	1.596564315198279e-07
1.3470000000017568	1.515299122845093e-07
1.34800000000175	1.4354282906747784e-07
1.3490000000017428	1.3565788004044066e-07
1.350000000001736	1.2784247849229047e-07
1.3510000000017293	1.2006958172161575e-07
1.352000000001722	1.1231149343871039e-07
1.3530000000017153	1.0455568832945517e-07
1.354000000001708	9.67934339346499e-08
1.3550000000017013	8.903768322632288e-08
1.3560000000016943	8.12990976761796e-08
1.3570000000016873	7.359911735616009e-08
1.3580000000016805	6.595924695318445e-08
1.3590000000016735	5.840711714277802e-08
1.3600000000016665	5.095843813585077e-08
1.3610000000016598	4.3636985358475044e-08
1.3620000000016528	3.6433754124765017e-08
1.3630000000016458	2.9366548304210482e-08
1.364000000001639	2.2448451098000533e-08
1.3650000000016318	1.5718599422065438e-08
1.366000000001625	9.227851482940252e-09
1.367000000001618	3.039557938677717e-09
1.368000000001611	-2.8132054463725353e-09
1.3690000000016043	-8.324162692474601e-09
1.370000000001597	-1.3513999252978692e-08
1.3710000000015903	-1.8443671923051852e-08
1.3720000000015833	-2.313297886580301e-08
1.3730000000015763	-2.7608429320480354e-08
1.3740000000015695	-3.184609398410032e-08
1.3750000000015625	-3.579488261351571e-08
1.3760000000015555	-3.939632176042096e-08
1.3770000000015488	-4.250584439979832e-08
1.3780000000015418	-4.5073736965051125e-08
1.3790000000015348	-4.698967837057921e-08
1.3800000000015278	-4.8224934268148445e-08
1.3810000000015208	-4.877422732363357e-08
1.382000000001514	-4.8646758621373465e-08
1.383000000001507	-4.7888030874077003e-08
1.3840000000015	-4.653710017343826e-08
1.3850000000014933	-4.464327130193624e-08
1.386000000001486	-4.22412445022502e-08
1.3870000000014793	-3.935554793166318e-08
1.3880000000014725	-3.6057954178048135e-08
1.3890000000014653	-3.2378609127192703e-08
1.3900000000014585	-2.8353673409142743e-08
1.3910000000014515	-2.4039978896439607e-08
1.3920000000014445	-1.9464802436530704e-08
1.3930000000014378	-1.4683326332587399e-08
1.3940000000014305	-9.718658100510424e-09
1.3950000000014238	-4.5932742054333175e-09
1.3960000000014168	6.998512880329599e-10
1.3970000000014098	6.154693865667582e-09
1.398000000001403	1.179456698974235e-08
1.399000000001396	1.763487955663834e-08
1.400000000001389	2.371840368553535e-08
1.4010000000013823	3.0076342749651985e-08
1.4020000000013753	3.675700854799402e-08
1.4030000000013683	4.375160489455965e-08
1.4040000000013615	5.104458877802642e-08
1.4050000000013543	5.8650221568257166e-08
1.4060000000013475	6.654480366741211e-08
1.4070000000013405	7.473332941376754e-08
1.4080000000013335	8.318991029376832e-08
1.4090000000013267	9.19225728868156e-08
1.4100000000013195	1.008996053375455e-07
1.4110000000013128	1.1012517719954928e-07
1.4120000000013058	1.1957999990208634e-07
1.4130000000012988	1.2926322101591836e-07
1.414000000001292	1.3918255648004418e-07
1.415000000001285	1.49316446651504e-07
1.416000000001278	1.596473471199289e-07
1.4170000000012712	1.7013001851751142e-07
1.4180000000012642	1.8074395202738458e-07
1.4190000000012573	1.9143963325696234e-07
1.4200000000012505	2.021607701241379e-07
1.4210000000012433	2.1285890816624686e-07
1.4220000000012365	2.2344580985489415e-07
1.4230000000012293	2.3388550873804093e-07
1.4240000000012225	2.4413542065726546e-07
1.4250000000012157	2.541665001798421e-07
1.4260000000012085	2.6398835839547274e-07
1.4270000000012018	2.7359223042644487e-07
1.4280000000011948	2.8299974630385805e-07
1.4290000000011878	2.922276115535638e-07
1.430000000001181	3.0128913564020365e-07
1.431000000001174	3.102106207464317e-07
1.432000000001167	3.1900443187016236e-07
1.4330000000011602	3.276807903906942e-07
1.4340000000011532	3.362490881286817e-07
1.4350000000011462	3.447425527269843e-07
1.4360000000011393	3.531939184453492e-07
1.4370000000011323	3.616442909581963e-07
1.4380000000011255	3.701286901414136e-07
1.4390000000011185	3.7866457025526046e-07
1.4400000000011115	3.8726108231301737e-07
1.4410000000011047	3.9591986900067155e-07
1.4420000000010975	4.046513588651379e-07
1.4430000000010907	4.134718863957332e-07
1.4440000000010837	4.224014545917143e-07
1.4450000000010768	4.314414436823455e-07
1.44600000000107	4.4058120740597673e-07
1.447000000001063	4.4979774149744856e-07
1.448000000001056	4.590461738507301e-07
1.449000000001049	4.68289071409167e-07
1.450000000001042	4.774735292700782e-07
1.4510000000010352	4.865712759372087e-07
1.4520000000010282	4.95528048594096e-07
1.4530000000010213	5.043279006633483e-07
1.4540000000010145	5.129540663340038e-07
1.4550000000010075	5.214073736103941e-07
1.4560000000010005	5.297105558632609e-07
1.4570000000009937	5.378881613449238e-07
1.4580000000009865	5.459627258064259e-07
1.4590000000009797	5.539329290815687e-07
1.460000000000973	5.617814055058901e-07
1.4610000000009657	5.694650127008316e-07
1.462000000000959	5.769652122733504e-07
1.4630000000009518	5.842488064455864e-07
1.464000000000945	5.91316579034995e-07
1.465000000000938	5.981386159703561e-07
1.466000000000931	6.047253693353127e-07
1.4670000000009242	6.110459462860263e-07
1.4680000000009172	6.170943114280902e-07
1.4690000000009102	6.228293685239805e-07
1.4700000000009035	6.282418136827062e-07
1.4710000000008965	6.332810564835256e-07
1.4720000000008895	6.379416164215002e-07
1.4730000000008827	6.422063839606196e-07
1.4740000000008757	6.460935088048458e-07
1.4750000000008687	6.496138404976648e-07
1.476000000000862	6.528125030547116e-07
1.4770000000008547	6.556886273934026e-07
1.478000000000848	6.582788808495721e-07
1.4790000000008408	6.605842786111538e-07
1.480000000000834	6.626223665318065e-07
1.4810000000008272	6.644133176969547e-07
1.48200000000082	6.659604547820663e-07
1.4830000000008132	6.672661448936523e-07
1.4840000000008062	6.683325246559235e-07
1.4850000000007992	6.691816302195619e-07
1.4860000000007925	6.697985110992732e-07
1.4870000000007855	6.702036895456231e-07
1.4880000000007785	6.703958753684347e-07
1.4890000000007717	6.703652204453903e-07
1.4900000000007645	6.70110335887486e-07
1.4910000000007577	6.696496823721532e-07
1.4920000000007507	6.689599088005593e-07
1.4930000000007437	6.680821371674028e-07
1.494000000000737	6.670134224950885e-07
1.49500000000073	6.657757585237789e-07
1.496000000000723	6.643925440918963e-07
1.497000000000716	6.628897638583098e-07
1.498000000000709	6.612881033873919e-07
1.4990000000007022	6.596051405072245e-07
1.5000000000006952	6.578464674111828e-07
1.5010000000006882	6.560231645691417e-07
1.5020000000006815	6.541342743027201e-07
1.5030000000006745	6.521889081012588e-07
1.5040000000006675	6.501875434716808e-07
1.5050000000006605	6.481417804682366e-07
1.5060000000006535	6.460603231284168e-07
1.5070000000006467	6.439433337668277e-07
1.5080000000006397	6.417849638395978e-07
1.5090000000006327	6.395681078075199e-07
1.5100000000006257	6.372682440636268e-07
1.5110000000006187	6.348606993444861e-07
1.512000000000612	6.323304615474257e-07
1.513000000000605	6.29658907236319e-07
1.514000000000598	6.268497066974632e-07
1.5150000000005912	6.239036943744836e-07
1.5160000000005842	6.208337960389443e-07
1.5170000000005772	6.176628232212877e-07
1.5180000000005702	6.1437882370452e-07
1.5190000000005632	6.109939805210018e-07
1.5200000000005565	6.074871948813509e-07
1.5210000000005495	6.038339915859225e-07
1.5220000000005425	6.000342475109832e-07
1.5230000000005357	5.960576032748577e-07
1.5240000000005285	5.919245652519223e-07
1.5250000000005217	5.876231611301463e-07
1.5260000000005147	5.831846272563723e-07
1.5270000000005077	5.785978819394799e-07
1.528000000000501	5.738924879761242e-07
1.529000000000494	5.69065483069231e-07
1.530000000000487	5.641428713065721e-07
1.53100000000048	5.591456432307851e-07
1.532000000000473	5.541113912155282e-07
1.5330000000004662	5.490706759259112e-07
1.5340000000004592	5.440447257143433e-07
1.5350000000004522	5.390435342533806e-07
1.5360000000004455	5.340541290310696e-07
1.5370000000004385	5.290483382491828e-07
1.5380000000004315	5.239895528585947e-07
1.5390000000004245	5.188455571847328e-07
1.5400000000004175	5.136094329838414e-07
1.5410000000004107	5.082817171597753e-07
1.5420000000004037	5.02886840392236e-07
1.5430000000003967	4.974657870082666e-07
1.5440000000003897	4.920542894248925e-07
1.5450000000003827	4.866759092392314e-07
1.546000000000376	4.812936917897304e-07
1.547000000000369	4.7586287621470547e-07
1.548000000000362	4.7029993477387677e-07
1.549000000000355	4.6455870394979115e-07
1.5500000000003482	4.586253837812748e-07
1.5510000000003412	4.5248295310607034e-07
1.5520000000003342	4.461934389743405e-07
1.5530000000003272	4.398005332140187e-07
1.5540000000003205	4.3335017851919844e-07
1.5550000000003135	4.2685240231321586e-07
1.5560000000003065	4.2028755242728977e-07
1.5570000000002997	4.1359976721278e-07
1.5580000000002925	4.0671880185971787e-07
1.5590000000002857	3.995638087062048e-07
1.5600000000002787	3.92107477376058e-07
1.5610000000002717	3.843376610301874e-07
1.5620000000002647	3.762895528502952e-07
1.5630000000002577	3.680321974952605e-07
1.564000000000251	3.5962952127377434e-07
1.565000000000244	3.5117052799016335e-07
1.566000000000237	3.427199669614467e-07
1.5670000000002302	3.3432392376742115e-07
1.5680000000002232	3.2601588439984397e-07
1.5690000000002162	3.178142999882283e-07
1.5700000000002092	3.0971558229175855e-07
1.5710000000002025	3.017228896728952e-07
1.5720000000001955	2.938434857657768e-07
1.5730000000001885	2.8606464186342606e-07
1.5740000000001815	2.783738326517238e-07
1.5750000000001747	2.7075116226793483e-07
1.5760000000001675	2.6316441459339757e-07
1.5770000000001607	2.5556513894020583e-07
1.5780000000001537	2.4790387920248236e-07
1.5790000000001467	2.4013990995719325e-07
1.58000000000014	2.3224378375985566e-07
1.581000000000133	2.2417685296982626e-07
1.582000000000126	2.1589751852957306e-07
1.583000000000119	2.0734331829252994e-07
1.584000000000112	1.9851082277977383e-07
1.5850000000001052	1.8938069512586253e-07
1.5860000000000982	1.8000133872320134e-07
1.5870000000000912	1.7042441191605917e-07
1.5880000000000845	1.6075087927447385e-07
1.5890000000000775	1.510664757731206e-07
1.5900000000000705	1.4145117033237398e-07
1.5910000000000635	1.3197459869385142e-07
1.5920000000000565	1.227025651084901e-07
1.5930000000000497	1.1366787999733674e-07
1.5940000000000427	1.0492508684123436e-07
1.5950000000000357	9.645727239160351e-08
1.5960000000000287	8.827103559205796e-08
1.5970000000000217	8.029026121736393e-08
1.598000000000015	7.248105049484366e-08
1.599000000000008	6.476638425567671e-08
1.600000000000001	5.707026118351166e-08
1.6009999999999942	4.934206199180835e-08
1.6019999999999872	4.1536463601943296e-08
1.6029999999999802	3.36461849492764e-08
1.6039999999999732	2.56625078964845e-08
1.6049999999999662	1.7582309164154708e-08
1.6059999999999595	9.423906432992624e-09
1.6069999999999525	1.1997978166533585e-09
1.6079999999999455	-7.073930774481596e-09
1.6089999999999387	-1.536832350268469e-08
1.6099999999999315	-2.365709095286661e-08
1.6109999999999247	-3.191977748784325e-08
1.6119999999999177	-4.013190602059069e-08
1.6129999999999107	-4.825759813975594e-08
1.6139999999999037	-5.625092680539012e-08
1.614999999999897	-6.40511206295713e-08
1.61599999999989	-7.160027659658397e-08
1.616999999999883	-7.886820707625475e-08
1.617999999999876	-8.578580157347915e-08
1.6189999999998692	-9.23447076583983e-08
1.6199999999998622	-9.852272642163484e-08
1.6209999999998552	-1.0437206299229729e-07
1.6219999999998485	-1.0991386689696014e-07
1.6229999999998415	-1.1518786302566753e-07
1.6239999999998345	-1.202087795970641e-07
1.6249999999998275	-1.2499190771286806e-07
1.6259999999998205	-1.295791376421107e-07
1.6269999999998137	-1.3401543652591386e-07
1.6279999999998067	-1.383453760439579e-07
1.6289999999997997	-1.4259150926676512e-07
1.6299999999997927	-1.4677268089791085e-07
1.6309999999997857	-1.509072624639174e-07
1.631999999999779	-1.5499812255903578e-07
1.632999999999772	-1.590357165959233e-07
1.633999999999765	-1.6300625071963282e-07
1.634999999999758	-1.668720688297043e-07
1.6359999999997512	-1.7059635992744404e-07
1.6369999999997442	-1.7414067965404456e-07
1.6379999999997372	-1.774710041146932e-07
1.6389999999997302	-1.805730491799551e-07
1.6399999999997235	-1.8340787266701852e-07
1.6409999999997165	-1.8595275008692624e-07
1.6419999999997095	-1.881715439022713e-07
1.6429999999997025	-1.900357595729929e-07
1.6439999999996955	-1.9156218455940177e-07
1.6449999999996887	-1.92757847017333e-07
1.6459999999996817	-1.9360768011011942e-07
1.6469999999996747	-1.9412647911387637e-07
1.6479999999996677	-1.9430123932018262e-07
1.6489999999996607	-1.9410645490935963e-07
1.649999999999654	-1.9355079228233762e-07
1.650999999999647	-1.9263670880675932e-07
1.65199999999964	-1.913608684844803e-07
1.6529999999996332	-1.8974135573834872e-07
1.6539999999996262	-1.8776604160386512e-07
1.6549999999996192	-1.8553872993543052e-07
1.6559999999996122	-1.831124842865961e-07
1.6569999999996052	-1.8059128348291154e-07
1.6579999999995985	-1.780745566559716e-07
1.6589999999995915	-1.756236995831273e-07
1.6599999999995845	-1.7327201895511735e-07
1.6609999999995777	-1.7102359262111122e-07
1.6619999999995705	-1.6885374765074346e-07
1.6629999999995637	-1.6672481573110076e-07
1.6639999999995567	-1.6459591156703368e-07
1.6649999999995497	-1.6243262712656303e-07
1.665999999999543	-1.6019307169656827e-07
1.666999999999536	-1.57856543614443e-07
1.667999999999529	-1.5541220665937772e-07
1.668999999999522	-1.5285266186104707e-07
1.669999999999515	-1.5017291410401867e-07
1.6709999999995082	-1.4739350429060494e-07
1.6719999999995012	-1.4453209695730607e-07
1.6729999999994942	-1.4160618744263331e-07
1.6739999999994875	-1.386094514721492e-07
1.6749999999994805	-1.3554129352222333e-07
1.6759999999994735	-1.323913583206604e-07
1.6769999999994665	-1.2915148506209562e-07
1.6779999999994595	-1.2578570718346782e-07
1.6789999999994527	-1.2227396495312348e-07
1.6799999999994457	-1.1856694137613033e-07
1.6809999999994387	-1.1464367388747121e-07
1.6819999999994317	-1.1049753023684161e-07
1.6829999999994247	-1.0611191791909391e-07
1.683999999999418	-1.0149974127848793e-07
1.684999999999411	-9.664015609978094e-08
1.685999999999404	-9.152652391541949e-08
1.6869999999993972	-8.615602675732248e-08
1.6879999999993902	-8.05251252344874e-08
1.6889999999993832	-7.462907469779623e-08
1.6899999999993762	-6.84424179553389e-08
1.6909999999993692	-6.195471513592565e-08
1.6919999999993625	-5.516765178015248e-08
1.6929999999993555	-4.810868858839967e-08
1.6939999999993485	-4.079922044653017e-08
1.6949999999993415	-3.328063935548187e-08
1.6959999999993345	-2.560993483946561e-08
1.6969999999993277	-1.7825756426503858e-08
1.6979999999993207	-9.964423064445782e-09
1.6989999999993137	-2.0649524312688072e-09
1.6999999999993067	5.8334737040866e-09
1.7009999999993	1.369728375166801e-08
1.701999999999293	2.147745359337705e-08
1.702999999999286	2.9142810387128293e-08
1.703999999999279	3.664239334177921e-08
1.7049999999992722	4.396398955996972e-08
1.7059999999992652	5.102213229690733e-08
1.7069999999992582	5.779676293116154e-08
1.7079999999992515	6.426958121252824e-08
1.7089999999992442	7.044661165522825e-08
1.7099999999992375	7.637725529807682e-08
1.7109999999992305	8.213201752038657e-08
1.7119999999992235	8.773414128526724e-08
1.7129999999992167	9.324501082375036e-08
1.7139999999992095	9.870523542954146e-08
1.7149999999992027	1.0416180140637721e-07
1.7159999999991957	1.0965097141379943e-07
1.7169999999991887	1.1519546927463153e-07
1.717999999999182	1.2081327027679833e-07
1.718999999999175	1.2652205882979217e-07
1.719999999999168	1.3230853157519817e-07
1.720999999999161	1.381421328439103e-07
1.721999999999154	1.4397778647090576e-07
1.7229999999991472	1.49768219159796e-07
1.7239999999991402	1.5546937226496027e-07
1.7249999999991332	1.6105779654385088e-07
1.7259999999991265	1.665333828615445e-07
1.7269999999991195	1.7189094503322622e-07
1.7279999999991125	1.7713970001942414e-07
1.7289999999991055	1.822664800199547e-07
1.7299999999990985	1.8722600736431616e-07
1.7309999999990917	1.9201215772923774e-07
1.7319999999990847	1.965669129688763e-07
1.7329999999990777	2.0088540164664437e-07
1.7339999999990707	2.0495028918432467e-07
1.7349999999990655	2.087924804161645e-07
1.7359999999990614	2.1243838166373763e-07
1.7369999999990573	2.1590901500001536e-07
1.7379999999990532	2.19262414780097e-07
1.7389999999990489	2.2253117970549852e-07
1.7399999999990448	2.2576783709205017e-07
1.7409999999990406	2.28988249140194e-07
1.7419999999990363	2.322235244101023e-07
1.7429999999990322	2.3544872251868298e-07
1.743999999999028	2.386515183250282e-07
1.744999999999024	2.4179982804906075e-07
1.74599999999902	2.4487723493393787e-07
1.7469999999990156	2.478277514317284e-07
1.7479999999990115	2.5061643049717475e-07
1.7489999999990071	2.532176646141693e-07
1.749999999999003	2.5558599192621045e-07
1.7509999999990045	2.577531721392745e-07
1.751999999999006	2.59675664637804e-07
1.7529999999990071	2.6137782493940165e-07
1.7539999999990086	2.628632077561477e-07
1.75499999999901	2.641730194596903e-07
1.7559999999990115	2.6536554886824604e-07
1.756999999999013	2.664682920983097e-07
1.7579999999990141	2.6748342230042965e-07
1.7589999999990156	2.683831702432471e-07
1.759999999999017	2.69160127519541e-07
1.7609999999990182	2.698103156451026e-07
1.7619999999990197	2.7038173322502246e-07
1.7629999999990211	2.708932285155896e-07
1.7639999999990226	2.7136245683845317e-07
1.7649999999990238	2.71754498126775e-07
1.7659999999990263	2.7201175067936845e-07
1.7669999999990305	2.720815854839742e-07
1.7679999999990346	2.719328857647696e-07
1.7689999999990387	2.7157659565624215e-07
1.769999999999043	2.7104728439475423e-07
1.7709999999990471	2.7041350925127716e-07
1.7719999999990512	2.69700132782269e-07
1.7729999999990556	2.6892724880323016e-07
1.7739999999990597	2.68069082043354e-07
1.7749999999990638	2.670869168053258e-07
1.7759999999990679	2.659479139133225e-07
1.776999999999072	2.6461350666195926e-07
1.7779999999990763	2.630706444906039e-07
1.7789999999990804	2.612893579279074e-07
1.7799999999990845	2.5925541724536316e-07
1.7809999999990886	2.570000543489215e-07
1.781999999999093	2.5453368668326704e-07
1.782999999999097	2.519287696234329e-07
1.7839999999991012	2.4920019736640597e-07
1.7849999999991053	2.463501433958015e-07
1.7859999999991096	2.433525853051677e-07
1.7869999999991137	2.401676310048728e-07
1.7879999999991179	2.368255445084344e-07
1.788999999999122	2.3331468601561767e-07
1.789999999999126	2.2963309520562802e-07
1.7909999999991304	2.2576973079946328e-07
1.7919999999991345	2.2173918301504614e-07
1.7929999999991386	2.1747683021100528e-07
1.7939999999991427	2.1303655539650634e-07
1.794999999999147	2.084170813709818e-07
1.7959999999991512	2.036194555188331e-07
1.7969999999991553	1.9864896494414808e-07
1.7979999999991594	1.9347003210601343e-07
1.7989999999991637	1.880814998189706e-07
1.7999999999991678	1.8237943388843547e-07
1.800999999999172	1.7640100291593797e-07
1.801999999999176	1.7008359565195974e-07
1.8029999999991801	1.6344881548224777e-07
1.8039999999991845	1.5649837958875423e-07
1.8049999999991886	1.4923678670619722e-07
1.8059999999991927	1.4169483986137266e-07
1.8069999999991968	1.3389091690907406e-07
1.8079999999992011	1.258474228160722e-07
1.8089999999992052	1.1761019025335884e-07
1.8099999999992094	1.0923388560346581e-07
1.8109999999992135	1.0075596401648568e-07
1.8119999999992178	9.223714680928197e-08
1.812999999999222	8.369253812201549e-08
1.813999999999226	7.515375921585132e-08
1.8149999999992301	6.665350127388336e-08
1.8159999999992344	5.825339699505605e-08
1.8169999999992386	4.9980178773445516e-08
1.8179999999992427	4.186515112358791e-08
1.8189999999992468	3.3901082496790025e-08
1.819999999999251	2.6042144773974485e-08
1.8209999999992552	1.8245050137366547e-08
1.8219999999992593	1.0477147815990406e-08
1.8229999999992634	2.697365109050054e-09
1.8239999999992675	-5.103595324129628e-09
1.8249999999992719	-1.2894551648656716e-08
1.825999999999276	-2.0621767404804814e-08
1.82699999999928	-2.8225326964559372e-08
1.8279999999992842	-3.564077188933368e-08
1.8289999999992885	-4.2838219638241526e-08
1.8299999999992926	-4.9793936973685504e-08
1.8309999999992967	-5.649881429370396e-08
1.8319999999993009	-6.290205600834042e-08
1.8329999999993052	-6.900315319136041e-08
1.8339999999993093	-7.479018249156866e-08
1.8349999999993134	-8.02995068216461e-08
1.8359999999993175	-8.551817209934143e-08
1.8369999999993218	-9.052129534836695e-08
1.837999999999326	-9.533462397293135e-08
1.83899999999933	-9.999930750126396e-08
1.8399999999993342	-1.0454319854247274e-07
1.8409999999993385	-1.089905712348127e-07
1.8419999999993426	-1.1334782779037766e-07
1.8429999999993467	-1.1761839191493095e-07
1.8439999999993508	-1.2178779051907895e-07
1.844999999999355	-1.258168549345129e-07
1.8459999999993593	-1.2967363449689628e-07
1.8469999999993634	-1.333232542144458e-07
1.8479999999993675	-1.367670334762039e-07
1.8489999999993716	-1.3999238013262527e-07
1.849999999999376	-1.430409513059061e-07
1.85099999999938	-1.458971292667144e-07
1.8519999999993841	-1.4858318775345936e-07
1.8529999999993882	-1.511644991403216e-07
1.8539999999993926	-1.5369242145624185e-07
1.8549999999993967	-1.561783791181881e-07
1.8559999999994008	-1.586309841261624e-07
1.856999999999405	-1.6104239897174466e-07
1.857999999999409	-1.6340425723626595e-07
1.8589999999994133	-1.6568858951515608e-07
1.8599999999994175	-1.6788767798203708e-07
1.8609999999994216	-1.6999305696430156e-07
1.861999999999426	-1.7196960100385184e-07
1.86299999999943	-1.738116606198048e-07
1.863999999999434	-1.7551544395644214e-07
1.8649999999994382	-1.7708748778488825e-07
1.8659999999994423	-1.7852980516153139e-07
1.8669999999994467	-1.7984791522707155e-07
1.8679999999994508	-1.8105620713804171e-07
1.8689999999994549	-1.8220664843582313e-07
1.869999999999459	-1.8335410634229277e-07
1.870999999999463	-1.84536901093324e-07
1.8719999999994674	-1.8576451932261762e-07
1.8729999999994715	-1.8706527837863973e-07
1.8739999999994756	-1.8845607541173592e-07
1.87499999999948	-1.8993997308314192e-07
1.875999999999484	-1.915347789260835e-07
1.8769999999994882	-1.9322029443102906e-07
1.8779999999994923	-1.949443075854873e-07
1.8789999999994964	-1.9665242390054516e-07
1.8799999999995007	-1.982927457788719e-07
1.8809999999995048	-1.998298260197373e-07
1.881999999999509	-2.0124283484079797e-07
1.882999999999513	-2.0249707777253434e-07
1.8839999999995174	-2.0354842122927153e-07
1.8849999999995215	-2.043270723728341e-07
1.8859999999995256	-2.0485180018958715e-07
1.8869999999995297	-2.0515512222374355e-07
1.887999999999534	-2.0528187927304486e-07
1.8889999999995382	-2.0525847554964116e-07
1.8899999999995423	-2.0510686016272928e-07
1.8909999999995464	-2.0480181595061708e-07
1.8919999999995505	-2.043328615197737e-07
1.8929999999995548	-2.037347339722828e-07
1.893999999999559	-2.03041976565288e-07
1.894999999999563	-2.0228439079339466e-07
1.8959999999995671	-2.01456737292105e-07
1.8969999999995715	-2.0054124094670556e-07
1.8979999999995756	-1.9954808183619832e-07
1.8989999999995797	-1.9847156762509144e-07
1.8999999999995838	-1.9732282097173481e-07
1.9009999999995881	-1.961365008185112e-07
1.9019999999995922	-1.9498579817422979e-07
1.9029999999995963	-1.9392674799334486e-07
1.9039999999996005	-1.929332265060424e-07
1.9049999999996048	-1.9194593181559583e-07
1.905999999999609	-1.909769884456125e-07
1.906999999999613	-1.9002494200393016e-07
1.9079999999996171	-1.8909969456970543e-07
1.9089999999996214	-1.8814062996419523e-07
1.9099999999996256	-1.870717423191337e-07
1.9109999999996297	-1.8590520256545062e-07
1.9119999999996338	-1.8471940621545002e-07
1.9129999999996379	-1.8355329678421128e-07
1.9139999999996422	-1.8247391198045193e-07
1.9149999999996463	-1.8149191016725297e-07
1.9159999999996504	-1.8054900463582157e-07
1.9169999999996545	-1.7962348719535726e-07
1.9179999999996589	-1.7876692393059557e-07
1.918999999999663	-1.780162297571053e-07
1.919999999999667	-1.7737107604887115e-07
1.9209999999996712	-1.7686774800296234e-07
1.9219999999996755	-1.764961883310434e-07
1.9229999999996796	-1.761385286513928e-07
1.9239999999996837	-1.7567484267289046e-07
1.9249999999996878	-1.7505508598247843e-07
1.9259999999996922	-1.7421780929005592e-07
1.9269999999996963	-1.730836245439349e-07
1.9279999999997004	-1.716668678319877e-07
1.9289999999997045	-1.701331422410135e-07
1.9299999999997088	-1.6860157914244667e-07
1.930999999999713	-1.671359914912074e-07
1.931999999999717	-1.656492811807908e-07
1.9329999999997212	-1.639897462268891e-07
1.9339999999997253	-1.6207777875365537e-07
1.9349999999997296	-1.6002562408523602e-07
1.9359999999997337	-1.5803926678437108e-07
1.9369999999997378	-1.5620958926376716e-07
1.937999999999742	-1.5448551105023967e-07
1.9389999999997463	-1.5273722686615088e-07
1.9399999999997504	-1.5094798477832683e-07
1.9409999999997545	-1.4921795910005642e-07
1.9419999999997586	-1.476253783661008e-07
1.942999999999763	-1.4620161281619914e-07
1.943999999999767	-1.451942970298603e-07
1.9449999999997711	-1.4470121989518248e-07
1.9459999999997752	-1.4464267161784505e-07
1.9469999999997794	-1.4468083642249496e-07
1.9479999999997837	-1.4452717200796883e-07
1.9489999999997878	-1.4424513383737292e-07
1.949999999999792	-1.439248500378909e-07
1.950999999999796	-1.4357486355365268e-07
1.9519999999998003	-1.430185170292475e-07
1.9529999999998044	-1.4229620370898033e-07
1.9539999999998086	-1.41760156724402e-07
1.9549999999998127	-1.4167665840503219e-07
1.955999999999817	-1.4199028175454487e-07
1.956999999999821	-1.4249724400450248e-07
1.9579999999998252	-1.4284841309830654e-07
1.9589999999998293	-1.4286662186613341e-07
1.9599999999998337	-1.428165363748235e-07
1.9609999999998378	-1.4319190810851978e-07
1.9619999999998419	-1.4412768090110717e-07
1.962999999999846	-1.4493308686525097e-07
1.9639999999998503	-1.4505837619971373e-07
1.9649999999998544	-1.445537756161741e-07
1.9659999999998585	-1.4364366229813186e-07
1.9669999999998626	-1.427324805014507e-07
1.9679999999998667	-1.4215767341063668e-07
1.968999999999871	-1.4195091790902836e-07
1.9699999999998752	-1.4180555152343288e-07
1.9709999999998793	-1.4178445040258225e-07
1.9719999999998834	-1.4241894308320013e-07
1.9729999999998877	-1.434572383107735e-07
1.9739999999998918	-1.4413596338691548e-07
1.974999999999896	-1.4378557455785312e-07
1.9759999999999	-1.4289977823267463e-07
1.9769999999999044	-1.417754402766036e-07
1.9779999999999085	-1.4098385525684876e-07
1.9789999999999126	-1.414273265165633e-07
1.9799999999999167	-1.4291450844972076e-07
1.980999999999921	-1.4451318652852763e-07
1.9819999999999252	-1.45793542571937e-07
1.9829999999999293	-1.4659659708371464e-07
1.9839999999999334	-1.4727668018466034e-07
1.9849999999999375	-1.4866072950425746e-07
1.9859999999999418	-1.5060707658776096e-07
1.986999999999946	-1.5266461339535908e-07
1.98799999999995	-1.5474768355616675e-07
1.9889999999999541	-1.5649988105437274e-07
1.9899999999999585	-1.5797601427003372e-07
1.9909999999999626	-1.591710392379042e-07
1.9919999999999667	-1.5957859567095056e-07
1.9929999999999708	-1.5974914280292296e-07
1.9939999999999751	-1.596883920651493e-07
1.9949999999999792	-1.5937323416537197e-07
1.9959999999999833	-1.585845696983057e-07
1.9969999999999875	-1.574481633959124e-07
1.9979999999999918	-1.556236992605875e-07
1.998999999999996	-1.542657732667152e-07
2.0	-1.5442244105656755e-07
2.0010279404845495	-1.5469950565005774e-07
2.0021217900815715	-1.548257597683289e-07
2.0032857751923165	-1.5464471792014933e-07
2.004524391841744	-1.5388919383241273e-07
2.005842426366887	-1.532779039248311e-07
2.007244970197923	-1.52089776550568e-07
2.0087374418720856	-1.492758252563675e-07
2.0103256076664273	-1.4619334098853187e-07
2.0120156028936726	-1.4354254052051374e-07
2.013813957200875	-1.4330852482480338e-07
2.0157276178435577	-1.4679390658578484e-07
2.0177639781367303	-1.524495636395784e-07
2.019930905358886	-1.559128426364964e-07
2.0222367711443985	-1.5337217451616425e-07
2.024690484011897	-1.5225782101779828e-07
2.027301523572695	-1.5398586139525605e-07
2.0300799770731848	-1.618540468317775e-07
2.033036578410754	-1.7364745863446274e-07
2.036182751117039	-1.8209010388403613e-07
2.039530649180409	-1.8041382610078927e-07
2.043093206833892	-1.7469379876011715e-07
2.046884188175661	-1.7621691306146658e-07
2.050918238233338	-1.8419834191263362e-07
2.0552109433735133	-1.8828138559356944e-07
2.059778886913171	-1.8435528081894859e-07
2.0646397170403086	-1.7417498110461338e-07
2.0698122132469665	-1.6629402344037203e-07
2.0753163565584574	-1.6136491431950617e-07
2.081173414838828	-1.3396137465981894e-07
2.0874060143976347	-1.0501242986293846e-07
2.094038234979271	-7.757927167340029e-08
2.1010956980169606	-3.481603649824194e-08
2.1086056699538682	1.4007630388945813e-08
2.116597165034399	4.875153902794693e-08
2.125101056786564	6.969486654462287e-08
2.1341501990307465	9.940194978241834e-08
2.143779554474847	1.2980029995279807e-07
2.1540263207146424	1.2513450353690558e-07
2.1649300857539027	1.1049605375124116e-07
2.1765329774064615	9.311970539105374e-08
2.1888798204423576	6.921120654368451e-08
2.2020183144046843	4.781650031482343e-08
2.2159992202680474	-1.5037017409014197e-08
2.2308765524295735	-7.206163288309142e-08
2.246707783705272	-5.972354233385602e-08
2.263554079768369	-5.471857922323409e-08
2.2814805235907363	-4.8426542331725386e-08
2.3005563724108544	-5.996044372125198e-08
2.320855322320133	-4.8566932253635287e-08
2.3424557929209753	-5.02865389329088e-08
2.3654412374910825	-9.227091957164646e-08
2.389900455657507	-1.252916392857628e-07
2.41592795027163	-1.6339292430167518e-07
2.44362426638729	-1.861704761463301e-07
2.473096411506492	-1.7845302235919291e-07
2.5044582437089975	-1.0026481334080017e-07
2.537830924630887	-4.162225208936832e-08
2.5733433911797423	-5.9029990229220175e-08
2.611132843166974	2.4442674217972638e-08
2.6513452603475027	1.9315990162915853e-07
2.6941360153529494	2.1497012492321943e-07
2.739670418177515	2.163327472715082e-07
2.788124380079947	2.941805004041953e-07
2.839685109337027	2.109312505771399e-07
2.894551789617174	-4.575193779388087e-08
2.9529364084026577	-1.4311193208271789e-07
3.0150645170164534	-1.771251405546792e-07
3.0811761422888653	-5.3700530688871595e-09
3.1515266965252042	2.037584121428182e-07
3.226387989377641	1.9788327643155412e-07
3.30604919671757	-5.050376028492565e-08
3.39081811677136	-2.0554119783966485e-07
3.4810222154328754	-2.0703681435918497e-07
3.577010018652917	-9.609202611393641e-08
3.6791523315125145	-1.4703482698052994e-07
3.7878438030764574	-7.531674683924905e-08
3.9035043177534527	-1.8727694506281978e-08
4.02658072998157	6.98096273010762e-08
4.157548527011607	8.746619317712145e-08
4.296913682346355	-9.470111606013631e-08
4.445214635465608	6.096195825922024e-08
4.603024347307951	-4.5622072786244416e-08
4.770952424745148	-4.576773404707524e-09
4.9496476786701376	6.15417845573063e-08
5.139800459354712	-5.593140395276919e-08
5.342145448462832	-1.0475072365068172e-08
5.557464321076707	-1.4801620307203223e-07
5.786588991858403	-1.706737728923713e-08
6.03040459644804	4.83558543207252e-08
6.289853138906711	5.822710091862859e-09
6.565936951835777	-4.3058936416429106e-09
6.859722633511745	-3.184203145600861e-08
7.172345245053396	-8.296733744472817e-09
7.505012494394354	-2.3610756461067695e-08
7.859009576011049	1.2802158222413595e-08
8.23570422033976	1.1820314282928734e-08
8.636551628113326	1.8400158396936206e-08
9.063100564489073	1.0331088429182955e-08
9.516998831091398	1.0575851416838589e-08
10.0	-1.1193503901552049e-09
