0.0	0.17322649464734186
0.0010000000000041087	0.1732264338766777
0.0020000000000082174	0.17322626993817447
0.003000000000012548	0.17322601255543424
0.004000000000016657	0.17322566294912234
0.005000000000020766	0.17322520310770861
0.006000000000024874	0.17322465015192334
0.007000000000029205	0.173223992945441
0.008000000000033314	0.17322323399221817
0.009000000000037423	0.17322238041819693
0.010000000000041753	0.17322142201430535
0.011000000000045862	0.1732203615684874
0.01200000000004997	0.17321920145517233
0.01300000000005408	0.17321793908035543
0.01400000000005841	0.17321658326824552
0.015000000000062519	0.17321512372371872
0.016000000000066406	0.1732135571728719
0.017000000000070736	0.17321189710679574
0.018000000000074845	0.17321013570043453
0.019000000000078954	0.17320826817747725
0.020000000000083062	0.17320630522526925
0.021000000000087393	0.1732042400940742
0.022000000000091502	0.1732020733611298
0.02300000000009561	0.17319981149396135
0.02400000000009972	0.1731974390273432
0.02500000000010405	0.17319497432021713
0.02600000000010816	0.1731924071318265
0.027000000000112268	0.17318973360477896
0.0280000000001166	0.17318696296782
0.029000000000120707	0.17318409721989902
0.030000000000124816	0.17318112550482478
0.031000000000128924	0.17317805356185378
0.032000000000133255	0.17317488220703214
0.033000000000137364	0.17317160520344954
0.03400000000014147	0.17316823278856774
0.0350000000001458	0.17316476286913085
0.03600000000014991	0.173161186383472
0.03700000000015402	0.17315751079151087
0.03800000000015813	0.17315373527319877
0.03900000000016246	0.17314986037085323
0.04000000000016657	0.17314587975753282
0.04100000000017068	0.17314180101744503
0.04200000000017501	0.1731376250108203
0.04300000000017912	0.17313334715732298
0.044000000000183226	0.17312896821865742
0.045000000000187335	0.17312448481968623
0.046000000000191665	0.1731199083276186
0.04700000000019555	0.1731152298156743
0.04800000000019966	0.1731104432343441
0.04900000000020399	0.1731055615701972
0.0500000000002081	0.17310057799759992
0.05100000000021221	0.17309549333942298
0.05200000000021632	0.17309031422210297
0.05300000000022065	0.17308503135482822
0.05400000000022476	0.17307964281729282
0.055000000000228866	0.17307416109466867
0.0560000000002332	0.17306857549662713
0.057000000000237305	0.1730628852693561
0.058000000000241414	0.17305710321640844
0.05900000000024552	0.17305121654949374
0.060000000000249853	0.17304522620977636
0.06100000000025396	0.17303914297139
0.06200000000025807	0.17303295349860903
0.0630000000002624	0.1730266651689858
0.06400000000026651	0.17302027833215083
0.06500000000027062	0.17301378982801707
0.06600000000027473	0.17300719808391907
0.06700000000027906	0.17300050584678828
0.06800000000028317	0.17299371873760128
0.06900000000028728	0.17298683205491916
0.0700000000002916	0.17297983618758972
0.07100000000029572	0.17297274819552533
0.07200000000029982	0.17296555843271033
0.07300000000030393	0.17295826335888864
0.07400000000030826	0.1729508741171254
0.07500000000031237	0.17294338373245544
0.07600000000031648	0.17293578714358482
0.07700000000032081	0.17292809721604685
0.0780000000003247	0.17292030482866383
0.07900000000032881	0.17291241183042816
0.08000000000033292	0.17290442019827423
0.08100000000033725	0.1728963265540553
0.08200000000034136	0.17288813358044497
0.08300000000034546	0.17287984064982465
0.0840000000003498	0.17287144880099725
0.0850000000003539	0.17286295549457342
0.08600000000035801	0.17285436246240948
0.08700000000036212	0.17284566776510646
0.08800000000036645	0.17283687356074207
0.08900000000037056	0.17282797787495086
0.09000000000037467	0.17281898846441712
0.091000000000379	0.1728098990603858
0.09200000000038311	0.17280070102941258
0.09300000000038722	0.17279140910319257
0.09400000000039133	0.1727820174538509
0.09500000000039566	0.17277251817088324
0.09600000000039977	0.17276292921267122
0.09700000000040387	0.1727532396386937
0.0980000000004082	0.17274344357989735
0.09900000000041231	0.17273354562551047
0.10000000000041642	0.1727235466775654
0.10100000000042053	0.17271345483859601
0.10200000000042486	0.17270326783416012
0.10300000000042897	0.1726929845789511
0.10400000000043308	0.1726825915829161
0.10500000000043741	0.17267209197490296
0.10600000000044152	0.1726615038086352
0.10700000000044563	0.17265081278583805
0.10800000000044951	0.17264002274642853
0.10900000000045384	0.17262913426306725
0.11000000000045795	0.17261813728684672
0.11100000000046206	0.17260704938308857
0.1120000000004664	0.17259586363193524
0.1130000000004705	0.17258457394697224
0.11400000000047461	0.17257318418372414
0.11500000000047872	0.17256169609226257
0.11600000000048305	0.1725501084142984
0.11700000000048716	0.17253842142411524
0.11800000000049127	0.17252663474750307
0.1190000000004956	0.17251474830066882
0.12000000000049971	0.17250276234550443
0.12100000000050382	0.17249067758211845
0.12200000000050792	0.1724784930179245
0.12300000000051226	0.17246620920520395
0.12400000000051636	0.17245382586707259
0.12500000000052047	0.17244134308231995
0.1260000000005248	0.17242876145439645
0.1270000000005289	0.17241608000725972
0.12800000000053302	0.1724032995506246
0.12900000000053713	0.17239041965067115
0.13000000000054146	0.17237744053960835
0.13100000000054557	0.17236436139242328
0.13200000000054968	0.17235117959545998
0.133000000000554	0.17233790828828388
0.13400000000055812	0.17232454117137352
0.13500000000056223	0.1723110615091481
0.13600000000056633	0.17229748733303507
0.13700000000057067	0.17228381431780038
0.13800000000057477	0.17227004248834887
0.13900000000057866	0.17225617024056195
0.140000000000583	0.17224220345074492
0.1410000000005871	0.17222813183071395
0.1420000000005912	0.1722139658390094
0.14300000000059532	0.1721996969418258
0.14400000000059965	0.17218533362029087
0.14500000000060376	0.17217087111092833
0.14600000000060787	0.1721563051254339
0.1470000000006122	0.1721416417705579
0.1480000000006163	0.1721268819557864
0.14900000000062041	0.17211202119775948
0.15000000000062452	0.1720970634464709
0.15100000000062885	0.17208200503549065
0.15200000000063296	0.1720668493178905
0.15300000000063707	0.17205159453550478
0.1540000000006414	0.17203624255909977
0.1550000000006455	0.17202079028735273
0.15600000000064962	0.17200524031092645
0.15700000000065373	0.17198959171919614
0.15800000000065806	0.17197384559544737
0.15900000000066217	0.1719580003096015
0.16000000000066628	0.17194205650215966
0.16100000000067038	0.17192601419067155
0.16200000000067472	0.1719098713688274
0.16300000000067882	0.17189362899354577
0.16400000000068293	0.1718772929301562
0.16500000000068726	0.17186085808061535
0.16600000000069137	0.17184432573344366
0.16700000000069548	0.1718276927356579
0.1680000000006996	0.17181096246803385
0.16900000000070392	0.17179412955237805
0.1700000000007078	0.17177720128738028
0.17100000000071192	0.17176017766158314
0.17200000000071625	0.17174305427480463
0.17300000000072036	0.17172582907705958
0.17400000000072446	0.17170851724603942
0.17500000000072857	0.17169110498342732
0.1760000000007329	0.171673584904811
0.177000000000737	0.1716559711250567
0.17800000000074112	0.17163825829203316
0.17900000000074545	0.1716204502138977
0.18000000000074956	0.17160254141380293
0.18100000000075367	0.17158453566619358
0.18200000000075778	0.17156643199456834
0.1830000000007621	0.17154823328045732
0.18400000000076622	0.17152993548766848
0.18500000000077033	0.17151153968695432
0.18600000000077466	0.17149304442760782
0.18700000000077877	0.17147445699120878
0.18800000000078287	0.17145576834878418
0.18900000000078698	0.17143697894159216
0.1900000000007913	0.17141809629615712
0.19100000000079542	0.17139911356468707
0.19200000000079953	0.17138003583917372
0.19300000000080386	0.17136085840706772
0.19400000000080797	0.17134158277798983
0.19500000000081208	0.1713222132521487
0.1960000000008162	0.17130274736458073
0.19700000000082052	0.171283181084375
0.19800000000082463	0.17126351691350838
0.19900000000082874	0.17124375774456901
0.20000000000083307	0.1712238994002524
0.20100000000083695	0.1712039456151342
0.20200000000084106	0.17118389263379274
0.20300000000084517	0.17116374694758874
0.2040000000008495	0.17114350079541185
0.2050000000008536	0.17112315704664505
0.20600000000085772	0.17110271821429013
0.20700000000086205	0.1710821807911337
0.20800000000086616	0.17106154787620276
0.20900000000087027	0.17104081689198136
0.21000000000087438	0.17101999114389077
0.2110000000008787	0.17099906704414425
0.21200000000088282	0.17097804578919829
0.21300000000088692	0.1709569287680146
0.21400000000089126	0.17093571412790398
0.21500000000089536	0.17091440354373422
0.21600000000089947	0.17089299548854253
0.21700000000090358	0.17087149222802323
0.2180000000009079	0.17084989132740747
0.21900000000091202	0.1708281939609948
0.22000000000091613	0.17080640061257302
0.22100000000092046	0.17078451077396717
0.22200000000092457	0.1707625242185722
0.22300000000092868	0.17074044211650263
0.2240000000009328	0.17071826279527047
0.22500000000093712	0.17069598873077296
0.22600000000094123	0.1706736170973724
0.22700000000094533	0.17065114839583084
0.22800000000094967	0.17062858506252443
0.22900000000095377	0.17060592561014642
0.23000000000095788	0.17058317004214152
0.23100000000096177	0.1705603182051365
0.2320000000009661	0.1705373702129067
0.2330000000009702	0.17051432528633903
0.23400000000097432	0.17049118550621545
0.23500000000097865	0.1704679554823869
0.23600000000098276	0.1704446246026693
0.23700000000098687	0.17042118969114284
0.23800000000099097	0.1703976687887706
0.2390000000009953	0.17037404982600668
0.24000000000099941	0.17035033982832515
0.24100000000100352	0.17032653685736276
0.24200000000100785	0.17030262398512086
0.24300000000101196	0.17027862642130698
0.24400000000101607	0.1702545327848226
0.24500000000102018	0.17023033644968033
0.2460000000010245	0.17020604800393424
0.24700000000102862	0.17018166864980733
0.24800000000103273	0.1701571909402385
0.24900000000103706	0.17013261797212387
0.25000000000104117	0.17010794976804078
0.2510000000010453	0.17008318674869005
0.2520000000010494	0.17005832628412443
0.2530000000010537	0.17003337212253444
0.2540000000010578	0.17000832397835286
0.25500000000106193	0.1699831814729198
0.25600000000106626	0.16995794344472548
0.25700000000107037	0.16993261055558584
0.2580000000010745	0.1699071804904122
0.2590000000010786	0.16988165988489357
0.2600000000010829	0.16985604031367074
0.26100000000108703	0.16983032798978426
0.2620000000010909	0.16980451988601541
0.26300000000109525	0.1697786179420424
0.26400000000109936	0.16975262140980885
0.26500000000110346	0.16972652961492274
0.2660000000011076	0.1697003451210567
0.2670000000011119	0.16967406886737335
0.268000000001116	0.16964769225434573
0.2690000000011201	0.16962121769887473
0.27000000000112445	0.1695946540934654
0.27100000000112856	0.16956800289867924
0.27200000000113267	0.1695412600405093
0.2730000000011368	0.16951441161525482
0.2740000000011411	0.16948746388996339
0.2750000000011452	0.16946043545944256
0.2760000000011493	0.16943330804696766
0.27700000000115366	0.16940607947560926
0.27800000000115777	0.16937876937372953
0.2790000000011619	0.16935136156352593
0.280000000001166	0.16932385259207472
0.2810000000011703	0.16929625497817657
0.2820000000011744	0.1692685682784285
0.28300000000117853	0.16924077783136948
0.28400000000118286	0.16921289907235348
0.28500000000118697	0.1691849307057588
0.2860000000011911	0.16915686550511766
0.2870000000011952	0.16912870718774164
0.2880000000011995	0.16910045289444386
0.2890000000012036	0.16907210717912702
0.29000000000120774	0.1690436694428321
0.29100000000121207	0.16901513604298846
0.2920000000012162	0.16898650991560593
0.29300000000122006	0.1689577919490587
0.29400000000122417	0.16892897980003752
0.2950000000012285	0.1689000737604076
0.2960000000012326	0.16887107632978893
0.2970000000012367	0.16884198489106905
0.29800000000124083	0.16881280020761413
0.29900000000124516	0.16878352359569848
0.30000000000124927	0.1687541539360824
0.3010000000012534	0.16872469141842994
0.3020000000012577	0.1686951360820662
0.3030000000012618	0.168665487445414
0.3040000000012659	0.16863574737082532
0.30500000000127003	0.16860591435721362
0.30600000000127436	0.16857598805716123
0.3070000000012785	0.16854597029608565
0.3080000000012826	0.1685158597487535
0.3090000000012869	0.16848565609840416
0.310000000001291	0.16845536146775375
0.31100000000129513	0.1684249742114583
0.31200000000129924	0.1683944944160385
0.31300000000130357	0.16836392165700398
0.3140000000013077	0.16833325743369243
0.3150000000013118	0.16830250196550256
0.3160000000013161	0.16827165398909993
0.3170000000013202	0.16824071465862978
0.31800000000132433	0.168209682711297
0.31900000000132844	0.16817855754735833
0.3200000000013328	0.16814734397471076
0.3210000000013369	0.1681160368497897
0.322000000001341	0.16808463573665766
0.3230000000013453	0.16805314722085163
0.3240000000013492	0.16802156618087472
0.3250000000013533	0.1679898894547639
0.3260000000013574	0.16795812710180047
0.32700000000136176	0.1679262728671227
0.32800000000136587	0.1678943216331923
0.32900000000137	0.16786228004374792
0.3300000000013743	0.16783015556944336
0.3310000000013784	0.16779793099347096
0.3320000000013825	0.1677656158996832
0.33300000000138663	0.167733218568207
0.33400000000139096	0.16770072139074954
0.33500000000139507	0.16766813636602873
0.3360000000013992	0.16763546167353627
0.3370000000014035	0.16760268883536078
0.3380000000014076	0.16756983377565304
0.3390000000014117	0.16753688774958075
0.34000000000141584	0.16750384683748587
0.34100000000142017	0.16747071616035358
0.3420000000014243	0.1674374939706771
0.3430000000014284	0.16740418586876715
0.3440000000014327	0.16737078347301315
0.3450000000014368	0.16733729005862896
0.34600000000144093	0.1673037103918732
0.34700000000144504	0.1672700354635649
0.34800000000144937	0.16723627570991462
0.3490000000014535	0.16720242248584172
0.3500000000014576	0.16716847880359598
0.3510000000014619	0.16713444829413404
0.35200000000146603	0.1671003249396008
0.35300000000147014	0.16706611221131484
0.35400000000147425	0.16703181044477455
0.35500000000147836	0.16699741850079852
0.35600000000148246	0.16696293696482545
0.3570000000014866	0.1669283657187065
0.3580000000014909	0.16689370482885768
0.359000000001495	0.16685895398823514
0.3600000000014991	0.1668241137881239
0.36100000000150323	0.16678918417562127
0.36200000000150756	0.16675416615113514
0.36300000000151167	0.16671905850683655
0.3640000000015158	0.16668386035938576
0.3650000000015201	0.16664857400307698
0.3660000000015242	0.16661319946859132
0.3670000000015283	0.16657773504196505
0.36800000000153243	0.1665421819444297
0.36900000000153677	0.16650654018884536
0.3700000000015409	0.1664708087814345
0.371000000001545	0.16643498935939516
0.3720000000015493	0.16639907892214867
0.3730000000015534	0.16636308523513887
0.37400000000155753	0.1663269968511084
0.37500000000156164	0.16629082252046068
0.37600000000156597	0.16625455414503798
0.3770000000015701	0.1662182081884267
0.3780000000015742	0.16618176656084915
0.3790000000015785	0.1661452388844229
0.3800000000015826	0.16610862336549237
0.38100000000158674	0.1660719194198158
0.38200000000159084	0.16603512993183234
0.3830000000015952	0.16599824235736982
0.3840000000015993	0.1659612815744742
0.3850000000016034	0.16592422117630323
0.3860000000016075	0.1658870766895718
0.3870000000016116	0.1658498433324006
0.3880000000016157	0.16581252202756247
0.38900000000161983	0.16577511520723986
0.39000000000162416	0.1657376203245503
0.39100000000162827	0.16570004057444276
0.3920000000016324	0.16566236922419608
0.3930000000016367	0.16562461036235943
0.3940000000016408	0.16558676392256544
0.3950000000016449	0.16554883509476293
0.39600000000164903	0.1655108210884927
0.39700000000165336	0.16547271274740738
0.3980000000016575	0.1654345169483109
0.3990000000016616	0.16539623598187814
0.4000000000016659	0.165357866752035
0.40100000000167	0.1653194132398269
0.40200000000167413	0.16528087274809344
0.40300000000167824	0.16524224499454943
0.40400000000168257	0.16520353029922152
0.4050000000016867	0.1651647297087152
0.4060000000016908	0.16512584435738442
0.4070000000016951	0.16508687201216188
0.4080000000016992	0.16504781357610232
0.40900000000170333	0.16500866469166908
0.41000000000170744	0.16496943140230313
0.4110000000017118	0.16493011700305904
0.4120000000017159	0.16489069701698778
0.41300000000172	0.16485122013048958
0.4140000000017243	0.16481164284128202
0.41500000000172843	0.1647719656931652
0.41600000000173254	0.1647322304295018
0.4170000000017364	0.16469239277240877
0.41800000000174076	0.1646524717379545
0.41900000000174487	0.16461246562607856
0.420000000001749	0.16457237406781244
0.4210000000017533	0.1645321970323732
0.4220000000017574	0.16449193458279365
0.4230000000017615	0.1644515868410268
0.42400000000176563	0.1644111543297455
0.42500000000176996	0.1643706389805567
0.42600000000177407	0.16433002189276424
0.4270000000017782	0.16428934712268872
0.4280000000017825	0.16424857050659292
0.4290000000017866	0.16420771097894415
0.4300000000017907	0.16416676747456416
0.43100000000179484	0.16412573937929886
0.43200000000179917	0.16408462965595527
0.4330000000018033	0.16404341904144326
0.4340000000018074	0.16400215057499035
0.4350000000018115	0.16396078094379807
0.4360000000018158	0.16391932879370563
0.43700000000181993	0.16387779365396393
0.43800000000182404	0.16383617228104996
0.43900000000182837	0.1637944713984203
0.4400000000018325	0.16375267139378813
0.4410000000018366	0.1637108127697765
0.4420000000018407	0.16366885343973192
0.44300000000184503	0.16362681127989476
0.44400000000184914	0.16358468723103903
0.44500000000185325	0.16354247996553184
0.4460000000018576	0.16350018683919731
0.4470000000018617	0.16345781180453456
0.4480000000018656	0.163415353382796
0.4490000000018697	0.16337281013598814
0.450000000001874	0.1633301849588671
0.4510000000018781	0.16328747606788485
0.45200000000188223	0.16324468245675394
0.45300000000188656	0.1632018080008253
0.45400000000189067	0.16315884936833458
0.4550000000018948	0.16311580935565662
0.4560000000018989	0.16307268732539226
0.4570000000019032	0.16302947094580844
0.4580000000019073	0.16298618652508656
0.45900000000191143	0.16294280959071894
0.46000000000191577	0.16289935434695246
0.4610000000019199	0.16285581516159642
0.462000000001924	0.16281219385499912
0.4630000000019281	0.16276849002337257
0.4640000000019324	0.16272470398619987
0.46500000000193653	0.16268083484692364
0.46600000000194064	0.16263688332421866
0.46700000000194497	0.16259285033577908
0.4680000000019491	0.1625487350866468
0.4690000000019532	0.16250453791389408
0.4700000000019573	0.16246025878838533
0.4710000000019616	0.16241589779445165
0.47200000000196574	0.16237145498307992
0.47300000000196984	0.16232693041553015
0.4740000000019742	0.16228232421385824
0.4750000000019783	0.1622376364798428
0.4760000000019824	0.16219286724003212
0.4770000000019865	0.16214801626237263
0.47800000000199083	0.16210308428587694
0.4790000000019947	0.16205807240932013
0.48000000000199883	0.16201297888385424
0.48100000000200316	0.1619678040627811
0.48200000000200727	0.16192254708809872
0.4830000000020114	0.16187721005481726
0.4840000000020155	0.16183179235278566
0.4850000000020198	0.16178629615262818
0.4860000000020239	0.16174070098371995
0.48700000000202803	0.1616950545233875
0.48800000000203236	0.16164931036462282
0.4890000000020365	0.16160348800863567
0.4900000000020406	0.16155758579344237
0.4910000000020447	0.1615116037546076
0.492000000002049	0.16146554372711197
0.49300000000205313	0.16141938667212374
0.49400000000205724	0.16137317754833902
0.49500000000206157	0.16132687155603775
0.4960000000020657	0.1612804879995351
0.4970000000020698	0.16123402520203944
0.4980000000020739	0.1611874828850286
0.4990000000020782	0.16114086043162967
0.5000000000020823	0.16109415966084062
0.5010000000020864	0.16104737797410917
0.5020000000020908	0.16100051628298617
0.5030000000020949	0.16095357622183593
0.504000000002099	0.16090655669410947
0.5050000000021031	0.16085945790812262
0.5060000000021074	0.16081227996694958
0.5070000000021115	0.16076502295022288
0.5080000000021156	0.16071768694404986
0.50900000000212	0.1606702720263491
0.5100000000021239	0.16062277825760374
0.511000000002128	0.1605752056673253
0.5120000000021321	0.16052755423592724
0.5130000000021364	0.16047982364770919
0.5140000000021405	0.16043201561636944
0.5150000000021446	0.16038413064280554
0.516000000002149	0.16033616626581537
0.5170000000021531	0.16028812199124176
0.5180000000021572	0.1602400000506028
0.5190000000021613	0.1601918012389858
0.5200000000021656	0.1601435234033297
0.5210000000021697	0.16009516979295668
0.5220000000021738	0.16004673568031513
0.5230000000021782	0.15999822302645805
0.5240000000021823	0.15994963510735516
0.5250000000021864	0.1599009680326834
0.5260000000021905	0.15985222400214916
0.5270000000021948	0.15980340251275327
0.5280000000021989	0.15975450361661991
0.529000000002203	0.1597055274753807
0.5300000000022074	0.15965647410409511
0.5310000000022115	0.15960734351250616
0.5320000000022156	0.15955813572942068
0.5330000000022197	0.15950885197020415
0.534000000002224	0.1594594921068504
0.5350000000022281	0.15941004824508698
0.5360000000022322	0.15936053775486236
0.5370000000022366	0.15931094488737996
0.5380000000022407	0.15926127899570197
0.5390000000022448	0.1592115362227704
0.5400000000022487	0.1591617134841078
0.541000000002253	0.15911181504375582
0.5420000000022571	0.15906184261746537
0.5430000000022612	0.15901179222579298
0.5440000000022656	0.158961667707346
0.5450000000022697	0.15891146547698054
0.5460000000022738	0.1588611890969096
0.5470000000022779	0.15881083525114226
0.5480000000022822	0.15876040658085178
0.5490000000022863	0.15870990274789865
0.5500000000022904	0.15865932258934357
0.5510000000022948	0.15860866750596958
0.5520000000022989	0.15855793737622492
0.553000000002303	0.15850713184344467
0.5540000000023071	0.158456250953246
0.5550000000023114	0.1584052948942145
0.5560000000023155	0.15835426382441986
0.5570000000023196	0.1583031578551496
0.558000000002324	0.15825197702637595
0.5590000000023281	0.15820072139060248
0.5600000000023322	0.15814939101378023
0.5610000000023363	0.15809798596609592
0.5620000000023406	0.15804650635925954
0.5630000000023447	0.15799495235096217
0.5640000000023488	0.15794332409908596
0.5650000000023532	0.15789162159485715
0.5660000000023573	0.1578398448946865
0.5670000000023614	0.157787994168321
0.5680000000023655	0.15773606947642493
0.5690000000023698	0.15768407085468827
0.5700000000023739	0.1576319983920974
0.5710000000023778	0.15757985217445736
0.5720000000023819	0.15752763235211054
0.5730000000023863	0.15747533907639
0.5740000000023904	0.15742297237606617
0.5750000000023945	0.15737053230289944
0.5760000000023988	0.15731801885699004
0.5770000000024029	0.15726543192136622
0.578000000002407	0.1572127716041587
0.5790000000024111	0.15716003929724065
0.5800000000024155	0.1571072339636974
0.5810000000024196	0.15705435547069968
0.5820000000024237	0.1570014052316151
0.583000000002428	0.15694838389684873
0.5840000000024321	0.15689528571414812
0.5850000000024362	0.15684211558727734
0.5860000000024403	0.15678887458242385
0.5870000000024447	0.15673556036084824
0.5880000000024488	0.1566821747111573
0.5890000000024529	0.15662871690000668
0.5900000000024572	0.1565751867999038
0.5910000000024613	0.15652158485807843
0.5920000000024654	0.15646791097055546
0.5930000000024696	0.15641416523035667
0.5940000000024739	0.15636034783853614
0.595000000002478	0.1563064586150409
0.5960000000024821	0.15625249796341267
0.5970000000024864	0.15619846570813645
0.5980000000024905	0.15614436243581853
0.5990000000024946	0.15609018803215702
0.6000000000024988	0.1560359441647603
0.6010000000025031	0.15598162496138435
0.602000000002507	0.1559272359987599
0.6030000000025111	0.15587277807690847
0.6040000000025154	0.15581824776925202
0.6050000000025195	0.15576364818944066
0.6060000000025236	0.15570897669519124
0.6070000000025277	0.1556542359343781
0.6080000000025321	0.15559942355380585
0.6090000000025362	0.15554454162800369
0.6100000000025403	0.15548958868783624
0.6110000000025446	0.15543456636910913
0.6120000000025487	0.15537947419495746
0.6130000000025528	0.1553243117901696
0.614000000002557	0.1552690792893674
0.6150000000025613	0.15521377694391814
0.6160000000025654	0.15515840487845156
0.6170000000025695	0.15510296319829808
0.6180000000025738	0.15504745199935943
0.6190000000025779	0.1549918713849877
0.620000000002582	0.15493622145314756
0.6210000000025861	0.15488050229461958
0.6220000000025905	0.15482471396411202
0.6230000000025946	0.15476885655099937
0.6240000000025987	0.15471293013253384
0.625000000002603	0.15465693465074093
0.6260000000026071	0.15460087020068747
0.6270000000026112	0.15454473777172018
0.6280000000026154	0.15448853619952485
0.6290000000026197	0.1544322665329685
0.6300000000026238	0.1543759276574601
0.6310000000026279	0.15431952126258142
0.6320000000026322	0.1542630459854596
0.6330000000026361	0.15420650279517778
0.6340000000026402	0.15414989147794755
0.6350000000026443	0.15409321237112117
0.6360000000026487	0.1540364652602656
0.6370000000026528	0.15397965058157193
0.6380000000026569	0.15392276803591798
0.6390000000026612	0.15386581816487288
0.6400000000026653	0.15380880105729622
0.6410000000026694	0.15375171774381147
0.6420000000026735	0.1536945669348353
0.6430000000026779	0.15363734215021607
0.644000000002682	0.15358005808958408
0.6450000000026861	0.15352270687659986
0.6460000000026904	0.1534652844945814
0.6470000000026945	0.15340779667831583
0.6480000000026986	0.15335024278974796
0.6490000000027027	0.15329262241322805
0.6500000000027071	0.1532349374731058
0.6510000000027112	0.1531771816083135
0.6520000000027153	0.1531193602557721
0.6530000000027196	0.15306147470089648
0.6540000000027237	0.15300352140764384
0.6550000000027278	0.15294550349830427
0.656000000002732	0.15288741819681084
0.6570000000027363	0.15282926825078758
0.6580000000027404	0.15277105124858203
0.6590000000027445	0.15271276962269464
0.6600000000027488	0.15265442131188411
0.6610000000027529	0.15259600839235776
0.662000000002757	0.15253752915547647
0.6630000000027612	0.15247898523420478
0.6640000000027653	0.15242037522408292
0.6650000000027694	0.15236170154081374
0.6660000000027735	0.15230296168212298
0.6670000000027778	0.15224415704952565
0.6680000000027819	0.15218528789862318
0.669000000002786	0.15212635367984229
0.6700000000027901	0.15206735501245694
0.6710000000027945	0.152008291702454
0.6720000000027986	0.15194916404712677
0.6730000000028027	0.15188997174662566
0.674000000002807	0.15183071531789616
0.6750000000028111	0.151771394848075
0.6760000000028152	0.15171201016186986
0.6770000000028193	0.151652561607876
0.6780000000028237	0.15159304899386172
0.6790000000028278	0.15153347297484498
0.6800000000028319	0.15147383359444022
0.6810000000028362	0.15141412882714778
0.6820000000028403	0.15135436299893068
0.6830000000028444	0.15129453154883266
0.6840000000028486	0.15123463865948217
0.6850000000028529	0.15117468083836982
0.686000000002857	0.15111466175366584
0.6870000000028611	0.15105457737882388
0.6880000000028654	0.15099443268414037
0.6890000000028695	0.15093422304152038
0.6900000000028736	0.1508739524724828
0.6910000000028778	0.1508136174372927
0.6920000000028821	0.15075322208227293
0.6930000000028862	0.15069276271174104
0.6940000000028901	0.15063224001626707
0.6950000000028944	0.15057165594926147
0.6960000000028985	0.1505110106928642
0.6970000000029026	0.15045030242756385
0.6980000000029067	0.1503895310972202
0.6990000000029111	0.15032869821648454
0.7000000000029152	0.15026780514675675
0.7010000000029193	0.1502068486521102
0.7020000000029236	0.15014583245520008
0.7030000000029277	0.1500847532373757
0.7040000000029318	0.1500236137112273
0.705000000002936	0.1499624125662613
0.7060000000029403	0.14990115019685568
0.7070000000029444	0.1498398267369866
0.7080000000029485	0.1497784423881915
0.7090000000029526	0.1497169971746498
0.7100000000029569	0.14965549138078715
0.711000000002961	0.14959392482240996
0.7120000000029651	0.14953229773579846
0.7130000000029695	0.1494706103003839
0.7140000000029736	0.14940886216894722
0.7150000000029777	0.14934705390343261
0.7160000000029818	0.1492851854056534
0.7170000000029861	0.14922325727094576
0.7180000000029902	0.1491612684948389
0.7190000000029944	0.1490992210525991
0.7200000000029987	0.1490371112913037
0.7210000000030028	0.14897494432100333
0.7220000000030069	0.14891271746555979
0.723000000003011	0.1488504287828195
0.7240000000030153	0.1487880831532281
0.7250000000030195	0.14872567732093211
0.7260000000030233	0.14866321281397166
0.7270000000030277	0.14860069083957994
0.7280000000030318	0.1485381057726194
0.7290000000030359	0.14847546367231068
0.73000000000304	0.14841276271991755
0.7310000000030443	0.14835000316000357
0.7320000000030484	0.1482871869880612
0.7330000000030525	0.14822430927658514
0.7340000000030569	0.1481613731776592
0.735000000003061	0.14809837957967598
0.7360000000030651	0.14803532813541076
0.7370000000030692	0.1479722183982437
0.7380000000030735	0.14790905052943626
0.7390000000030776	0.14784582499638232
0.7400000000030817	0.14778254178979977
0.7410000000030861	0.14771920148195117
0.7420000000030902	0.14765580325589123
0.7430000000030943	0.14759234721727865
0.7440000000030984	0.14752883376871329
0.7450000000031027	0.1474652632468667
0.7460000000031068	0.14740163546923624
0.747000000003111	0.14733795057113364
0.7480000000031153	0.14727420863193863
0.7490000000031194	0.1472104096481449
0.7500000000031235	0.1471465536517822
0.7510000000031276	0.14708264207381072
0.7520000000031319	0.14701867273130198
0.753000000003136	0.14695464713505046
0.7540000000031402	0.14689056500674924
0.7550000000031445	0.14682642632575538
0.7560000000031484	0.14676223228170393
0.7570000000031525	0.14669798163076808
0.7580000000031566	0.14663367600855748
0.7590000000031609	0.14656931608762802
0.760000000003165	0.14650489654917864
0.7610000000031691	0.14644042184735517
0.7620000000031735	0.14637589269550044
0.7630000000031776	0.14631130762513633
0.7640000000031817	0.14624666965617705
0.7650000000031858	0.14618196917984305
0.7660000000031901	0.14611722173220576
0.7670000000031942	0.1460524155405456
0.7680000000031983	0.1459875564055656
0.7690000000032027	0.14592264231039365
0.7700000000032068	0.1458576700391122
0.7710000000032109	0.14579264368721523
0.772000000003215	0.14572756402234788
0.7730000000032193	0.14566243020701797
0.7740000000032234	0.1455972438303903
0.7750000000032276	0.14553199830222807
0.7760000000032319	0.1454667037046331
0.777000000003236	0.1454013519158086
0.7780000000032401	0.1453359473012914
0.7790000000032442	0.14527048886848348
0.7800000000032485	0.14520497662040777
0.7810000000032526	0.14513941071397451
0.7820000000032568	0.14507379144699906
0.7830000000032611	0.14500811848065187
0.7840000000032652	0.14494239171015877
0.7850000000032693	0.1448766136899462
0.7860000000032734	0.14481078063499075
0.7870000000032777	0.14474489474617058
0.7880000000032816	0.14467895854278867
0.7890000000032857	0.14461295576343913
0.7900000000032901	0.14454692248197465
0.7910000000032942	0.14448082340083301
0.7920000000032983	0.14441467659640495
0.7930000000033024	0.14434847275543383
0.7940000000033067	0.14428221502502403
0.7950000000033108	0.14421591221633612
0.796000000003315	0.14414955628472292
0.7970000000033193	0.14408314384972876
0.7980000000033234	0.14401668128021328
0.7990000000033275	0.1439501671368829
0.8000000000033316	0.14388360188802196
0.8010000000033359	0.14381698689922628
0.80200000000334	0.14375031575555708
0.8030000000033441	0.1436835927206851
0.8040000000033485	0.1436168196547234
0.8050000000033526	0.14354999865088436
0.8060000000033567	0.1434831301930315
0.8070000000033608	0.1434162023470903
0.8080000000033651	0.14334922657671179
0.8090000000033692	0.14328220117313006
0.8100000000033734	0.14321512348263266
0.8110000000033777	0.14314799781268006
0.8120000000033818	0.14308081977506926
0.8130000000033859	0.14301359308934158
0.81400000000339	0.14294630480505355
0.8150000000033943	0.14287898579006153
0.8160000000033985	0.14281160530379666
0.8170000000034026	0.14274417681450347
0.8180000000034067	0.1426767004046795
0.8190000000034108	0.14260916382003086
0.8200000000034149	0.14254159550687606
0.821000000003419	0.14247396440018734
0.8220000000034233	0.1424062868516922
0.8230000000034274	0.14233855945596063
0.8240000000034315	0.14227078251310799
0.8250000000034359	0.14220296374413022
0.82600000000344	0.14213508800349683
0.8270000000034441	0.14206716482124926
0.8280000000034482	0.1419991942262876
0.8290000000034525	0.14193117482872475
0.8300000000034566	0.14186310627103638
0.8310000000034607	0.1417949895613917
0.8320000000034651	0.1417268245151463
0.8330000000034692	0.14165861117155187
0.8340000000034733	0.14159034935480652
0.8350000000034774	0.1415220400304471
0.8360000000034817	0.1414536825369006
0.8370000000034858	0.1413852769374082
0.83800000000349	0.14131682391875988
0.8390000000034943	0.14124832316819946
0.8400000000034984	0.14117977472789722
0.8410000000035025	0.14111117863235867
0.8420000000035066	0.14104253556056756
0.8430000000035109	0.14097384527132473
0.844000000003515	0.14090510783087173
0.8450000000035192	0.14083632347071107
0.8460000000035233	0.14076749254880883
0.8470000000035276	0.14069861390373561
0.8480000000035317	0.14062968943532705
0.8490000000035356	0.1405607188772895
0.8500000000035399	0.14049169870041966
0.851000000003544	0.14042263617999884
0.8520000000035481	0.1403535258905786
0.8530000000035523	0.1402843703422323
0.8540000000035566	0.14021516745476448
0.8550000000035607	0.14014591784651165
0.8560000000035648	0.1400766218502233
0.8570000000035691	0.1400072807265258
0.8580000000035732	0.1399378955964612
0.8590000000035773	0.13986846363747196
0.8600000000035815	0.13979898648445233
0.8610000000035858	0.13972946416140042
0.8620000000035899	0.1396598963765665
0.863000000003594	0.13959028259318274
0.8640000000035983	0.13952062572184487
0.8650000000036024	0.1394509259076646
0.8660000000036066	0.13938117719528487
0.8670000000036107	0.13931138265018395
0.868000000003615	0.13924154898471375
0.8690000000036191	0.13917166673052894
0.8700000000036232	0.13910174143106646
0.8710000000036275	0.13903177272862433
0.8720000000036316	0.1389617565459066
0.8730000000036358	0.1388916959153228
0.8740000000036399	0.13882159662016103
0.8750000000036442	0.13875145085572105
0.8760000000036483	0.13868126169341255
0.8770000000036524	0.13861102499075695
0.8780000000036567	0.13854074809601458
0.8790000000036609	0.1384704283980811
0.8800000000036647	0.13840006537582483
0.8810000000036688	0.13832965690806265
0.8820000000036732	0.13825920785944845
0.8830000000036773	0.13818871428777613
0.8840000000036814	0.13811817839653517
0.8850000000036857	0.13804759937086886
0.8860000000036898	0.13797697816452115
0.887000000003694	0.13790631475574222
0.888000000003698	0.13783560784057425
0.8890000000037024	0.1377648587133279
0.8900000000037065	0.13769406751852764
0.8910000000037106	0.1376232344522773
0.8920000000037149	0.1375523586502816
0.893000000003719	0.1374814412016807
0.8940000000037231	0.1374104825754573
0.8950000000037273	0.13733948110768024
0.8960000000037316	0.13726844034710706
0.8970000000037357	0.13719735671490763
0.8980000000037398	0.1371262267585419
0.8990000000037441	0.13705506182437321
0.9000000000037482	0.1369838552606235
0.9010000000037524	0.1369126045897442
0.9020000000037565	0.13684131396215382
0.9030000000037608	0.1367699836791486
0.9040000000037649	0.1366986090643143
0.905000000003769	0.13662719629001407
0.9060000000037733	0.13655574369768686
0.9070000000037775	0.13648425053223523
0.9080000000037816	0.13641271623119045
0.9090000000037857	0.1363411410555383
0.91000000000379	0.13626952644344725
0.9110000000037939	0.1361978722959114
0.912000000003798	0.1361261783933958
0.9130000000038023	0.13605444305433612
0.9140000000038064	0.13598266978201135
0.9150000000038105	0.13591085574959116
0.9160000000038147	0.13583900265411986
0.917000000003819	0.13576711051782475
0.9180000000038231	0.13569517803992914
0.9190000000038272	0.13562320650222182
0.9200000000038315	0.1355511968283145
0.9210000000038356	0.13547914557804952
0.9220000000038397	0.13540705955256205
0.9230000000038439	0.13533493054578516
0.9240000000038482	0.13526276487713085
0.9250000000038523	0.13519056090731596
0.9260000000038564	0.13511831924439133
0.9270000000038607	0.1350460378182481
0.9280000000038648	0.13497372030391497
0.929000000003869	0.13490136112204965
0.9300000000038731	0.13482896608355988
0.9310000000038774	0.13475653243763142
0.9320000000038815	0.13468406149647394
0.9330000000038856	0.13461155224801835
0.9340000000038899	0.13453900530476037
0.935000000003894	0.1344664192995313
0.9360000000038982	0.13439380008902369
0.9370000000039023	0.13432114176385634
0.9380000000039066	0.13424844556870474
0.9390000000039107	0.13417571210170254
0.9400000000039148	0.13410294217022967
0.9410000000039191	0.13403013403545871
0.942000000003923	0.13395729198666873
0.9430000000039271	0.1338844105935002
0.9440000000039312	0.13381149403058012
0.9450000000039356	0.13373853997297014
0.9460000000039397	0.13366555047418838
0.9470000000039438	0.13359252475310135
0.9480000000039481	0.13351946440542228
0.9490000000039522	0.1334463564062336
0.9500000000039563	0.13337323265115897
0.9510000000039605	0.13330006088240298
0.9520000000039648	0.1332268544195061
0.9530000000039689	0.13315361302528783
0.954000000003973	0.1330803391711438
0.9550000000039773	0.13300702624160887
0.9560000000039814	0.1329336760715616
0.9570000000039856	0.13286029745803363
0.9580000000039897	0.13278687310646986
0.959000000003994	0.13271343035965733
0.9600000000039981	0.1326399326970089
0.9610000000040022	0.13256641780867817
0.9620000000040065	0.13249286052141784
0.9630000000040106	0.13241926931137982
0.9640000000040148	0.1323456390370662
0.9650000000040189	0.13227198434048515
0.9660000000040232	0.13219828749265405
0.9670000000040273	0.13212456132342265
0.9680000000040314	0.13205080043326922
0.9690000000040357	0.1319769941039749
0.9700000000040399	0.13190317302741839
0.9710000000040437	0.1318293075159943
0.9720000000040478	0.13175541057890638
0.9730000000040522	0.13168148149271897
0.9740000000040563	0.13160750800866372
0.9750000000040604	0.13153351972113325
0.9760000000040647	0.13145948769167548
0.9770000000040688	0.13138542410682752
0.978000000004073	0.13131132923802535
0.979000000004077	0.13123719042980186
0.9800000000040812	0.1311630380075216
0.9810000000040855	0.13108884144808608
0.9820000000040896	0.1310146138856899
0.9830000000040937	0.1309403544044201
0.984000000004098	0.13086606463025152
0.9850000000041004	0.13079173961989254
0.9860000000041018	0.13071738169930214
0.987000000004103	0.13064299627179532
0.9880000000041045	0.130568574339601
0.9890000000041059	0.130494114048203
0.9900000000041072	0.13041964326250777
0.9910000000041086	0.1303451183673483
0.99200000000411	0.1302705783191056
0.9930000000041115	0.1301959965349353
0.9940000000041127	0.13012138922060257
0.9950000000041141	0.13004675052020964
0.9960000000041156	0.12997207546530753
0.997000000004117	0.1298973733819362
0.9980000000041185	0.12982264248056652
0.9990000000041197	0.12974787789496867
1.0000000000041211	0.12967308392813326
1.001000000004117	0.129598259135295
1.002000000004113	0.1295234022622327
1.0030000000041086	0.1294485175409914
1.0040000000041045	0.1293736008550842
1.0050000000041002	0.1292986539541734
1.006000000004096	0.1292236794051258
1.007000000004092	0.12914867331843072
1.0080000000040878	0.12907363765755198
1.0090000000040837	0.12899857209059828
1.0100000000040794	0.1289234776940028
1.0110000000040753	0.12884835368576542
1.012000000004071	0.128773200200889
1.0130000000040669	0.12869801735075193
1.0140000000040628	0.1286228057449883
1.0150000000040587	0.12854756480014706
1.0160000000040534	0.1284722948745245
1.0170000000040464	0.12839699590459497
1.0180000000040397	0.12832166866595174
1.0190000000040325	0.12824631239013606
1.0200000000040257	0.12817092862240687
1.021000000004019	0.1280955175732451
1.0220000000040117	0.12802007507097357
1.023000000004005	0.12794460328886803
1.0240000000039977	0.12786910937863483
1.025000000003991	0.12779358305904398
1.026000000003984	0.12771802960289746
1.027000000003977	0.12764244847757789
1.0280000000039702	0.12756684002975327
1.0290000000039632	0.1274912055401609
1.0300000000039562	0.12741553989295562
1.0310000000039494	0.127339847459927
1.0320000000039424	0.12726413046379736
1.0330000000039354	0.12718838485883732
1.0340000000039287	0.12711261280993846
1.0350000000039217	0.1270368137111486
1.0360000000039147	0.12696098800229783
1.0370000000039077	0.12688513455792738
1.0380000000039007	0.12680925565784829
1.039000000003894	0.12673334980887208
1.0400000000038867	0.12665741711473943
1.04100000000388	0.12658145932875486
1.0420000000038732	0.12650547430574344
1.043000000003866	0.1264294631977
1.0440000000038592	0.12635342642919312
1.0450000000038522	0.12627736405483014
1.0460000000038452	0.12620127568698503
1.0470000000038384	0.12612516143947228
1.0480000000038314	0.12604902287872743
1.0490000000038244	0.12597285769924882
1.0500000000038174	0.12589666908768227
1.0510000000038104	0.1258204522475006
1.0520000000038037	0.12574421148576764
1.0530000000037967	0.1256679458091653
1.0540000000037897	0.12559165546280626
1.055000000003783	0.12551534114183238
1.056000000003776	0.12543899715169338
1.057000000003769	0.12536263510401935
1.0580000000037622	0.12528624669868582
1.059000000003755	0.12520983084843007
1.0600000000037482	0.12513339370693854
1.0610000000037412	0.125056931848619
1.0620000000037342	0.12498044601274327
1.0630000000037274	0.1249039373674049
1.0640000000037202	0.12482739488008887
1.0650000000037134	0.12475084607221554
1.0660000000037064	0.1246742646847081
1.0670000000036994	0.12459765113179788
1.0680000000036927	0.12452103110781665
1.0690000000036857	0.12444437790194951
1.0700000000036787	0.12436770246026096
1.071000000003672	0.12429100424916273
1.072000000003665	0.12421428138582113
1.073000000003658	0.12413753728838328
1.0740000000036511	0.12406077361418433
1.075000000003644	0.12398398273750288
1.0760000000036372	0.12390716857743234
1.0770000000036304	0.12383033749309846
1.0780000000036232	0.12375347829353855
1.0790000000036164	0.12367659504146311
1.0800000000036092	0.12359969474352372
1.0810000000036024	0.12352277129449207
1.0820000000035954	0.12344582684548178
1.0830000000035884	0.12336886177678441
1.0840000000035817	0.12329186920007007
1.0850000000035747	0.12321486198888276
1.0860000000035677	0.1231378208925763
1.087000000003561	0.1230607724359929
1.088000000003554	0.12298370016178473
1.089000000003547	0.12290660239734241
1.0900000000035401	0.12282947696309399
1.091000000003533	0.12275234536018953
1.0920000000035262	0.12267518536754607
1.0930000000035192	0.12259799814505978
1.0940000000035122	0.12252080326260029
1.0950000000035054	0.12244358131257138
1.0960000000034982	0.12236633308193445
1.0970000000034914	0.12228907375334008
1.0980000000034844	0.12221178938777155
1.0990000000034774	0.12213448323500697
1.1000000000034706	0.12205716360139507
1.1010000000034637	0.12197981789993217
1.1020000000034567	0.1219024540949134
1.1030000000034499	0.12182507035205581
1.104000000003443	0.12174766680687332
1.105000000003436	0.12167024379278901
1.106000000003429	0.12159280112709225
1.107000000003422	0.12151533961282812
1.1080000000034151	0.1214378584880037
1.1090000000034081	0.12136035826119973
1.1100000000034012	0.12128283894438407
1.1110000000033944	0.12120530084853254
1.1120000000033872	0.1211277437144056
1.1130000000033804	0.12105016800716539
1.1140000000033736	0.12097257318319332
1.1150000000033664	0.12089496009131628
1.1160000000033596	0.12081732906375708
1.1170000000033526	0.12073967903525307
1.1180000000033457	0.12066200984967446
1.1190000000033387	0.12058432506328043
1.1200000000033317	0.12050662209859198
1.121000000003325	0.12042889948040303
1.122000000003318	0.12035115649387429
1.123000000003311	0.12027339882314547
1.1240000000033041	0.12019562255452321
1.1250000000032971	0.12011782901274748
1.1260000000032901	0.12004001814708332
1.1270000000032834	0.11996219002020347
1.1280000000032764	0.11988434456917951
1.1290000000032694	0.11980648206099609
1.1300000000032626	0.11972860275410169
1.1310000000032554	0.11965070647085552
1.1320000000032486	0.11957279322810299
1.1330000000032414	0.11949486337872517
1.1340000000032346	0.11941691720342185
1.1350000000032279	0.11933895394714478
1.1360000000032207	0.11926097473613373
1.1370000000032139	0.11918297914810161
1.138000000003207	0.1191049665003856
1.1390000000032	0.11902693919327656
1.1400000000031931	0.11894889667514585
1.1410000000031861	0.11887083572346702
1.1420000000031791	0.11879275806036782
1.1430000000031724	0.1187146694886787
1.1440000000031654	0.11863656279125889
1.1450000000031584	0.11855843575982905
1.1460000000031516	0.11848029593014031
1.1470000000031444	0.11840214382090997
1.1480000000031376	0.11832397613792811
1.1490000000031304	0.11824579249293465
1.1500000000031236	0.11816759423996037
1.1510000000031169	0.11808938056077334
1.1520000000031096	0.11801115247553673
1.1530000000031029	0.11793290988519978
1.1540000000030959	0.11785465286296415
1.155000000003089	0.11777638019853087
1.1560000000030821	0.11769809545616883
1.1570000000030751	0.11761979379047438
1.1580000000030681	0.11754147861950437
1.1590000000030614	0.1174631496139521
1.1600000000030544	0.11738480665217499
1.1610000000030474	0.11730645122315253
1.1620000000030404	0.11722807888202846
1.1630000000030334	0.11714969422607113
1.1640000000030266	0.11707129613192313
1.1650000000030196	0.11699288437152444
1.1660000000030126	0.11691445981933801
1.1670000000030059	0.11683602184837838
1.1680000000029986	0.11675757026787514
1.1690000000029919	0.11667910623675093
1.1700000000029849	0.11660062910169522
1.1710000000029779	0.1165221390467116
1.172000000002971	0.1164436363827146
1.1730000000029641	0.11636512034034541
1.1740000000029571	0.11628659189574941
1.1750000000029501	0.11620804821241115
1.1760000000029431	0.11612949971977593
1.1770000000029364	0.11605093290164448
1.1780000000029294	0.1159723552761015
1.1790000000029224	0.11589376562045284
1.1800000000029156	0.11581516414120552
1.1810000000029086	0.11573655088220192
1.1820000000029016	0.11565792638112904
1.1830000000028948	0.11557928957098185
1.1840000000028876	0.1155006411967554
1.1850000000028809	0.11542198114513358
1.186000000002874	0.11534330874848664
1.1870000000028669	0.11526462687010308
1.18800000000286	0.11518593283242806
1.1890000000028529	0.11510722805526141
1.1900000000028461	0.11502851219658128
1.1910000000028391	0.11494978562906588
1.1920000000028321	0.11487104845985163
1.1930000000028254	0.11479230036683286
1.1940000000028184	0.11471354151077673
1.1950000000028114	0.11463477250654797
1.1960000000028046	0.11455599326126475
1.1970000000027976	0.11447720320407051
1.1980000000027906	0.11439840332125084
1.1990000000027838	0.114319593663472
1.2000000000027768	0.11424077330847626
1.2010000000027699	0.11416194360647058
1.2020000000027629	0.11408310567830537
1.2030000000027559	0.11400425515627821
1.204000000002749	0.11392539506399002
1.2050000000027419	0.11384652968596431
1.206000000002735	0.11376764918658389
1.2070000000027283	0.11368876022606855
1.2080000000027211	0.11360986443241805
1.2090000000027143	0.11353095908028588
1.2100000000027074	0.11345204548423116
1.2110000000027004	0.11337312175428238
1.2120000000026936	0.11329419001469165
1.2130000000026866	0.11321524946916384
1.2140000000026796	0.1131363007596009
1.2150000000026726	0.11305734358437802
1.2160000000026656	0.11297837360162322
1.2170000000026588	0.1128994007952846
1.2180000000026519	0.11282041910307883
1.2190000000026449	0.11274142889068783
1.220000000002638	0.11266242994552589
1.2210000000026309	0.11258342223750595
1.222000000002624	0.11250440711034404
1.2230000000026173	0.11242538391797996
1.2240000000026101	0.11234635354664757
1.2250000000026033	0.11226731661277989
1.2260000000025963	0.11218827147827026
1.2270000000025894	0.11210921915262573
1.2280000000025826	0.11203015979211317
1.2290000000025754	0.11195109324468056
1.2300000000025686	0.11187201945183722
1.2310000000025616	0.11179293852310623
1.2320000000025546	0.11171385097255682
1.2330000000025478	0.11163475686245716
1.2340000000025408	0.11155565553331503
1.2350000000025338	0.11147654827271614
1.236000000002527	0.11139743443379257
1.23700000000252	0.1113183129299734
1.238000000002513	0.11123918666813082
1.2390000000025063	0.11116005627880543
1.240000000002499	0.11108091800397957
1.2410000000024923	0.11100176990496391
1.2420000000024853	0.11092261685837157
1.2430000000024783	0.11084346184350236
1.2440000000024716	0.11076430017368666
1.2450000000024644	0.1106851325338668
1.2460000000024576	0.11060595975738385
1.2470000000024506	0.11052678197186949
1.2480000000024436	0.11044759799962645
1.2490000000024368	0.11036840808522541
1.2500000000024298	0.11028921341761921
1.2510000000024228	0.11021001359857097
1.252000000002416	0.11013080951988086
1.253000000002409	0.11005160069592557
1.254000000002402	0.10997238707994039
1.2550000000023953	0.1098931688875533
1.256000000002388	0.10981394564749536
1.2570000000023813	0.10973471856080186
1.2580000000023743	0.10965548705008377
1.2590000000023673	0.10957625035638296
1.2600000000023606	0.1094970105981129
1.2610000000023533	0.10941776647040113
1.2620000000023466	0.10933851761620483
1.2630000000023396	0.10925926598369762
1.2640000000023326	0.10918001028465185
1.2650000000023258	0.10910075213872739
1.2660000000023188	0.10902148811267742
1.2670000000023118	0.10894222141144849
1.268000000002305	0.10886295184651607
1.269000000002298	0.10878367681407075
1.270000000002291	0.10870440180245955
1.271000000002284	0.10862512302440896
1.272000000002277	0.1085458388867202
1.2730000000022703	0.10846655366275626
1.2740000000022633	0.10838726534280729
1.2750000000022563	0.10830797406929027
1.2760000000022496	0.10822868050324541
1.2770000000022423	0.1081493842247333
1.2780000000022356	0.10807008485541458
1.2790000000022288	0.10799078492622993
1.2800000000022216	0.10791147810160684
1.2810000000022148	0.10783217492897146
1.2820000000022078	0.10775286814505614
1.2830000000022008	0.10767355848058524
1.2840000000021938	0.10759424393802086
1.2850000000021868	0.10751493181484761
1.28600000000218	0.10743561701406368
1.287000000002173	0.10735630042510502
1.288000000002166	0.10727698236390915
1.2890000000021593	0.10719766298991118
1.2900000000021523	0.10711834210160132
1.2910000000021453	0.10703902002948928
1.2920000000021385	0.10695969659236215
1.2930000000021313	0.10688037261523231
1.2940000000021246	0.106801047314797
1.2950000000021178	0.10672172233301103
1.2960000000021106	0.10664239471164871
1.2970000000021038	0.10656306680309069
1.2980000000020966	0.10648373905060271
1.2990000000020898	0.10640440877773061
1.3000000000020828	0.10632508077998781
1.3010000000020758	0.10624575229995625
1.302000000002069	0.10616642123458819
1.303000000002062	0.10608708618056617
1.304000000002055	0.1060077617415246
1.3050000000020483	0.10592843257788709
1.3060000000020413	0.10584910203260356
1.3070000000020343	0.10576977411969513
1.3080000000020275	0.10569044518648218
1.3090000000020205	0.105611116007721
1.3100000000020136	0.1055317871907907
1.3110000000020068	0.10545245961314742
1.3120000000019996	0.10537313268237347
1.3130000000019928	0.10529380657911702
1.3140000000019856	0.10521448155735147
1.3150000000019788	0.10513515758334002
1.316000000001972	0.10505583446945077
1.3170000000019648	0.10497651247712003
1.318000000001958	0.10489719208571913
1.319000000001951	0.10481787303715495
1.320000000001944	0.10473855534336096
1.3210000000019373	0.10465923851055381
1.3220000000019303	0.10457992190506171
1.3230000000019233	0.10450060756029489
1.3240000000019165	0.10442129717347015
1.3250000000019095	0.10434198836667674
1.3260000000019025	0.1042626812047851
1.3270000000018956	0.10418337588845428
1.3280000000018886	0.10410407267879174
1.3290000000018818	0.10402477222652828
1.3300000000018748	0.10394547403434129
1.3310000000018678	0.10386617906994311
1.332000000001861	0.10378688463946228
1.3330000000018538	0.10370759330070844
1.334000000001847	0.10362830577081761
1.33500000000184	0.10354901885302858
1.336000000001833	0.10346973589100372
1.3370000000018263	0.10339045605218833
1.3380000000018193	0.10331117935024892
1.3390000000018123	0.10323190668120152
1.3400000000018053	0.10315263151481124
1.3410000000017983	0.10307336885470497
1.3420000000017915	0.10299410548335852
1.3430000000017845	0.10291484258966954
1.3440000000017776	0.1028355881243691
1.3450000000017708	0.10275633405782947
1.3460000000017638	0.102677084043033
1.3470000000017568	0.10259783882053031
1.34800000000175	0.10251859777539063
1.3490000000017428	0.10243936073478765
1.350000000001736	0.10236012782827209
1.3510000000017293	0.10228089908937821
1.352000000001722	0.10220167418006698
1.3530000000017153	0.10212245437682732
1.354000000001708	0.10204323878154198
1.3550000000017013	0.10196402871578436
1.3560000000016943	0.10188482151907663
1.3570000000016873	0.10180561942506794
1.3580000000016805	0.10172642133972609
1.3590000000016735	0.10164722719698371
1.3600000000016665	0.10156804072038739
1.3610000000016598	0.1014888593918718
1.3620000000016528	0.10140968273818429
1.3630000000016458	0.10133051104823165
1.364000000001639	0.10125134473851793
1.3650000000016318	0.1011721842539981
1.366000000001625	0.10109302911906837
1.367000000001618	0.10101387905665637
1.368000000001611	0.10093473522218721
1.3690000000016043	0.10085559708726866
1.370000000001597	0.10077646438623389
1.3710000000015903	0.10069733832792283
1.3720000000015833	0.10061821805841531
1.3730000000015763	0.10053910484003159
1.3740000000015695	0.10045999617616153
1.3750000000015625	0.10038089433188913
1.3760000000015555	0.10030179971274655
1.3770000000015488	0.10022270836983804
1.3780000000015418	0.10014362526488085
1.3790000000015348	0.10006455024489203
1.3800000000015278	0.09998548180701516
1.3810000000015208	0.09990641995864613
1.382000000001514	0.09982736544279336
1.383000000001507	0.09974831846190713
1.3840000000015	0.09966927671768322
1.3850000000014933	0.09959024268120731
1.386000000001486	0.09951121622491688
1.3870000000014793	0.09943219549605953
1.3880000000014725	0.09935318459480258
1.3890000000014653	0.09927418057457182
1.3900000000014585	0.09919518131339311
1.3910000000014515	0.09911619161992358
1.3920000000014445	0.0990372108922325
1.3930000000014378	0.09895823800653591
1.3940000000014305	0.09887927280809561
1.3950000000014238	0.09880031650144228
1.3960000000014168	0.09872136642914908
1.3970000000014098	0.09864242505486964
1.398000000001403	0.09856349281577093
1.399000000001396	0.09848456740878431
1.400000000001389	0.09840565178564975
1.4010000000013823	0.09832673904366351
1.4020000000013753	0.09824784372271
1.4030000000013683	0.0981689524051581
1.4040000000013615	0.09809007206632037
1.4050000000013543	0.09801119870937858
1.4060000000013475	0.09793233365916987
1.4070000000013405	0.09785347922487153
1.4080000000013335	0.09777463417540178
1.4090000000013267	0.09769579795429706
1.4100000000013195	0.09761697177971862
1.4110000000013128	0.09753815342029848
1.4120000000013058	0.09745934474430373
1.4130000000012988	0.09738054501402615
1.414000000001292	0.09730175439661692
1.415000000001285	0.09722297549450698
1.416000000001278	0.09714420587446182
1.4170000000012712	0.09706544578614207
1.4180000000012642	0.0969866962009629
1.4190000000012573	0.09690795639585414
1.4200000000012505	0.09682922749960665
1.4210000000012433	0.09675050768799964
1.4220000000012365	0.09667179636279422
1.4230000000012293	0.0965930980497276
1.4240000000012225	0.09651441012809514
1.4250000000012157	0.09643572974953674
1.4260000000012085	0.09635706171101877
1.4270000000012018	0.09627840588878944
1.4280000000011948	0.09619975991792984
1.4290000000011878	0.09612112485128088
1.430000000001181	0.09604250056697139
1.431000000001174	0.09596388729044159
1.432000000001167	0.09588528516360706
1.4330000000011602	0.09580669400897712
1.4340000000011532	0.09572811419127936
1.4350000000011462	0.09564954603840303
1.4360000000011393	0.09557098891635285
1.4370000000011323	0.09549244261049972
1.4380000000011255	0.0954139079274825
1.4390000000011185	0.09533538546670317
1.4400000000011115	0.0952568750256163
1.4410000000011047	0.0951783765464338
1.4420000000010975	0.09509988978130002
1.4430000000010907	0.09502141513834184
1.4440000000010837	0.09494295264206964
1.4450000000010768	0.09486450204402908
1.44600000000107	0.09478606285878766
1.447000000001063	0.0947076361067618
1.448000000001056	0.09462922215141545
1.449000000001049	0.09455082101466872
1.450000000001042	0.09447243199966093
1.4510000000010352	0.09439405555198821
1.4520000000010282	0.0943156915591079
1.4530000000010213	0.09423734168315911
1.4540000000010145	0.0941590030345163
1.4550000000010075	0.09408067717403878
1.4560000000010005	0.09400236622885738
1.4570000000009937	0.0939240680050697
1.4580000000009865	0.09384578269819766
1.4590000000009797	0.09376751007080375
1.460000000000973	0.09368924950226298
1.4610000000009657	0.09361100414435441
1.462000000000959	0.0935327732877701
1.4630000000009518	0.09345455503650713
1.464000000000945	0.09337634916649884
1.465000000000938	0.09329815623937798
1.466000000000931	0.09321997927133618
1.4670000000009242	0.09314181603340255
1.4680000000009172	0.09306366669053479
1.4690000000009102	0.09298553152512512
1.4700000000009035	0.09290741009264525
1.4710000000008965	0.09282930200076978
1.4720000000008895	0.09275120862672825
1.4730000000008827	0.0926731297410397
1.4740000000008757	0.09259506500180104
1.4750000000008687	0.0925170156842704
1.476000000000862	0.09243898192361655
1.4770000000008547	0.09236096101269675
1.478000000000848	0.09228295517491658
1.4790000000008408	0.09220496345328155
1.480000000000834	0.09212698624326354
1.4810000000008272	0.09204902594814346
1.48200000000082	0.09197108112423535
1.4830000000008132	0.09189314974774221
1.4840000000008062	0.09181523405140934
1.4850000000007992	0.0917373338977614
1.4860000000007925	0.09165944707489804
1.4870000000007855	0.09158157704407277
1.4880000000007785	0.09150372452338185
1.4890000000007717	0.09142588599510226
1.4900000000007645	0.0913480617043485
1.4910000000007577	0.09127025413697809
1.4920000000007507	0.09119246253167923
1.4930000000007437	0.09111468739588535
1.494000000000737	0.09103692853676204
1.49500000000073	0.09095918423823734
1.496000000000723	0.09088145534173675
1.497000000000716	0.09080374468593588
1.498000000000709	0.09072605013131207
1.4990000000007022	0.09064837169218276
1.5000000000006952	0.09057070922701049
1.5010000000006882	0.09049306281505654
1.5020000000006815	0.09041543296502408
1.5030000000006745	0.09033782035868809
1.5040000000006675	0.09026022452501936
1.5050000000006605	0.09018264572773638
1.5060000000006535	0.09010508359310387
1.5070000000006467	0.09002753846599765
1.5080000000006397	0.08995001002095937
1.5090000000006327	0.08987249790081242
1.5100000000006257	0.08979500331878398
1.5110000000006187	0.08971752641348463
1.512000000000612	0.08964006703639926
1.513000000000605	0.08956262515261348
1.514000000000598	0.08948520030053386
1.5150000000005912	0.08940779235109297
1.5160000000005842	0.08933040241907397
1.5170000000005772	0.08925303031183018
1.5180000000005702	0.08917567576227237
1.5190000000005632	0.08909833981495707
1.5200000000005565	0.08902102044896176
1.5210000000005495	0.08894371860674033
1.5220000000005425	0.08886643679975503
1.5230000000005357	0.08878917271898645
1.5240000000005285	0.08871192675251405
1.5250000000005217	0.08863469922321454
1.5260000000005147	0.0885574887426056
1.5270000000005077	0.08848029596968154
1.528000000000501	0.08840312352792412
1.529000000000494	0.08832596943420612
1.530000000000487	0.08824883242985804
1.53100000000048	0.08817171455738926
1.532000000000473	0.08809461664861296
1.5330000000004662	0.0880175378433885
1.5340000000004592	0.08794047826966844
1.5350000000004522	0.08786343646371797
1.5360000000004455	0.08778641181193936
1.5370000000004385	0.08770940756796497
1.5380000000004315	0.08763242391050186
1.5390000000004245	0.08755545917795926
1.5400000000004175	0.08747851368430981
1.5410000000004107	0.08740158743021531
1.5420000000004037	0.08732468042636177
1.5430000000003967	0.08724779271278105
1.5440000000003897	0.08717092449013286
1.5450000000003827	0.08709407648755485
1.546000000000376	0.08701724820237566
1.547000000000369	0.08694043958554887
1.548000000000362	0.08686364993946272
1.549000000000355	0.08678688169406779
1.5500000000003482	0.08671013357565216
1.5510000000003412	0.0866334036080807
1.5520000000003342	0.0865566949507548
1.5530000000003272	0.0864800074395018
1.5540000000003205	0.08640334000705097
1.5550000000003135	0.08632669296946716
1.5560000000003065	0.08625006297181803
1.5570000000002997	0.0861734585028131
1.5580000000002925	0.08609687207600403
1.5590000000002857	0.08602030661147397
1.5600000000002787	0.08594376209036936
1.5610000000002717	0.0858672378958174
1.5620000000002647	0.0857907354081735
1.5630000000002577	0.08571425369865482
1.564000000000251	0.08563779126467086
1.565000000000244	0.0855613510427673
1.566000000000237	0.08548493359321196
1.5670000000002302	0.08540853603245879
1.5680000000002232	0.0853321581726747
1.5690000000002162	0.08525580248616738
1.5700000000002092	0.08517946966100531
1.5710000000002025	0.08510315763876619
1.5720000000001955	0.085026866545722
1.5730000000001885	0.08495059749286527
1.5740000000001815	0.08487435051525849
1.5750000000001747	0.08479812539055831
1.5760000000001675	0.08472191936381912
1.5770000000001607	0.0846457392339578
1.5780000000001537	0.08456957858998693
1.5790000000001467	0.08449344056225883
1.58000000000014	0.0844173249104827
1.581000000000133	0.08434123113516201
1.582000000000126	0.08426515921791677
1.583000000000119	0.0841891095978673
1.584000000000112	0.08411308273792573
1.5850000000001052	0.08403707785711179
1.5860000000000982	0.08396109642088678
1.5870000000000912	0.08388513713049706
1.5880000000000845	0.08380919905735196
1.5890000000000775	0.08373328474553676
1.5900000000000705	0.08365739439414843
1.5910000000000635	0.08358152508732686
1.5920000000000565	0.08350567850784829
1.5930000000000497	0.0834298563283088
1.5940000000000427	0.08335405653232142
1.5950000000000357	0.0832782792681267
1.5960000000000287	0.08320252504518688
1.5970000000000217	0.08312679515139676
1.598000000000015	0.08305108754586776
1.599000000000008	0.08297540307756468
1.600000000000001	0.08289974338511341
1.6009999999999942	0.08282410650978866
1.6019999999999872	0.0827484928038068
1.6029999999999802	0.08267290293266327
1.6039999999999732	0.08259733670731717
1.6049999999999662	0.08252179392500725
1.6059999999999595	0.08244627519399483
1.6069999999999525	0.08237078033803003
1.6079999999999455	0.08229530899755011
1.6089999999999387	0.08221986191080022
1.6099999999999315	0.08214443893421186
1.6109999999999247	0.08206903970042145
1.6119999999999177	0.08199366433773314
1.6129999999999107	0.08191831405669447
1.6139999999999037	0.0818429885733204
1.614999999999897	0.08176768634915565
1.61599999999989	0.08169240831223634
1.616999999999883	0.08161715573965966
1.617999999999876	0.08154192732091858
1.6189999999998692	0.08146672343196304
1.6199999999998622	0.08139154422245243
1.6209999999998552	0.08131639009369285
1.6219999999998485	0.08124125754266842
1.6229999999998415	0.08116615565006635
1.6239999999998345	0.08109107582113939
1.6249999999998275	0.08101601829247418
1.6259999999998205	0.08094099040585712
1.6269999999998137	0.08086598521519861
1.6279999999998067	0.08079100554831342
1.6289999999997997	0.08071605117149216
1.6299999999997927	0.08064112186430494
1.6309999999997857	0.08056621849671763
1.631999999999779	0.08049134012558357
1.632999999999772	0.08041648654539768
1.633999999999765	0.08034165884914901
1.634999999999758	0.0802668568365783
1.6359999999997512	0.08019208126296262
1.6369999999997442	0.08011733090588824
1.6379999999997372	0.08004260645477079
1.6389999999997302	0.07996790783415375
1.6399999999997235	0.07989323489733113
1.6409999999997165	0.07981858809857112
1.6419999999997095	0.07974396737919132
1.6429999999997025	0.07966937248807593
1.6439999999996955	0.07959480364022409
1.6449999999996887	0.0795202608887412
1.6459999999996817	0.0794457442075267
1.6469999999996747	0.07937125443785453
1.6479999999996677	0.07929679132066436
1.6489999999996607	0.07922235382823029
1.649999999999654	0.07914794293633776
1.650999999999647	0.07907355923617265
1.65199999999964	0.07899920216262113
1.6529999999996332	0.07892487159048489
1.6539999999996262	0.07885056723069062
1.6549999999996192	0.07877629005564879
1.6559999999996122	0.07870204012689397
1.6569999999996052	0.07862781666213225
1.6579999999995985	0.07855361995530763
1.6589999999995915	0.07847944977564603
1.6599999999995845	0.07840530733180728
1.6609999999995777	0.07833119275982303
1.6619999999995705	0.07825710496882077
1.6629999999995637	0.07818304434599976
1.6639999999995567	0.07810901098150502
1.6649999999995497	0.0780350049238947
1.665999999999543	0.07796102607468502
1.666999999999536	0.07788707471647616
1.667999999999529	0.07781315104847975
1.668999999999522	0.07773925502371759
1.669999999999515	0.07766538669922685
1.6709999999995082	0.07759154608454932
1.6719999999995012	0.0775177331024477
1.6729999999994942	0.07744394870992344
1.6739999999994875	0.07737019170317372
1.6749999999994805	0.07729646223607978
1.6759999999994735	0.07722276149772389
1.6769999999994665	0.07714908882487026
1.6779999999994595	0.07707544423050716
1.6789999999994527	0.07700182702172198
1.6799999999994457	0.07692823764152767
1.6809999999994387	0.0768546777256196
1.6819999999994317	0.07678114607895203
1.6829999999994247	0.07670764274845987
1.683999999999418	0.07663416777689291
1.684999999999411	0.07656072108514367
1.685999999999404	0.07648730286798044
1.6869999999993972	0.07641391357295668
1.6879999999993902	0.07634055306821252
1.6889999999993832	0.07626721911101786
1.6899999999993762	0.0761939178309523
1.6909999999993692	0.07612064404394414
1.6919999999993625	0.07604739877500255
1.6929999999993555	0.07597418220427576
1.6939999999993485	0.07590099536473016
1.6949999999993415	0.07582783676240223
1.6959999999993345	0.07575470709328913
1.6969999999993277	0.07568160748189556
1.6979999999993207	0.07560853491656294
1.6989999999993137	0.07553549530506598
1.6999999999993067	0.07546248276023737
1.7009999999993	0.075389499648429
1.701999999999293	0.07531654695702483
1.702999999999286	0.07524362316339095
1.703999999999279	0.07517072824457272
1.7049999999992722	0.07509786351330106
1.7059999999992652	0.07502502813906808
1.7069999999992582	0.07495222305379534
1.7079999999992515	0.07487944800914392
1.7089999999992442	0.07480670228954389
1.7099999999992375	0.07473398615350813
1.7109999999992305	0.07466130013058558
1.7119999999992235	0.0745886443049183
1.7129999999992167	0.07451601844120048
1.7139999999992095	0.07444342270550319
1.7149999999992027	0.07437085692236234
1.7159999999991957	0.07429832124229563
1.7169999999991887	0.07422581600106226
1.717999999999182	0.07415334108826377
1.718999999999175	0.07408089644343474
1.719999999999168	0.07400848230526158
1.720999999999161	0.07393609872009832
1.721999999999154	0.07386374540276863
1.7229999999991472	0.07379142249470783
1.7239999999991402	0.07371913019210041
1.7249999999991332	0.07364686934373732
1.7259999999991265	0.07357463876142833
1.7269999999991195	0.07350243798083622
1.7279999999991125	0.07343026857167145
1.7289999999991055	0.0733581305323947
1.7299999999990985	0.07328602340808121
1.7309999999990917	0.07321394737781461
1.7319999999990847	0.07314190212338723
1.7329999999990777	0.07306988772742284
1.7339999999990707	0.07299790422684116
1.7349999999990655	0.07292595196389551
1.7359999999990614	0.07285403092528508
1.7369999999990573	0.07278214159968432
1.7379999999990532	0.07271028341640118
1.7389999999990489	0.0726384565499163
1.7399999999990448	0.07256666097125963
1.7409999999990406	0.07249489673501108
1.7419999999990363	0.07242316388622871
1.7429999999990322	0.07235146252556612
1.743999999999028	0.07227979369081439
1.744999999999024	0.07220815627102184
1.74599999999902	0.07213654986433027
1.7469999999990156	0.07206497553874036
1.7479999999990115	0.07199343342481745
1.7489999999990071	0.07192192295336541
1.749999999999003	0.07185044421951403
1.7509999999990045	0.0717789976401656
1.751999999999006	0.07170758326461779
1.7529999999990071	0.0716362007776088
1.7539999999990086	0.07156485008429614
1.75499999999901	0.07149353164260219
1.7559999999990115	0.07142224561650701
1.756999999999013	0.07135099030695846
1.7579999999990141	0.07127977018120157
1.7589999999990156	0.07120858137167907
1.759999999999017	0.07113742471635787
1.7609999999990182	0.07106629959480903
1.7619999999990197	0.07099520680938487
1.7629999999990211	0.07092414732531072
1.7639999999990226	0.07085312079027473
1.7649999999990238	0.07078212659346306
1.7659999999990263	0.07071116506499164
1.7669999999990305	0.07064023625673366
1.7679999999990346	0.07056934033089857
1.7689999999990387	0.07049847719150071
1.769999999999043	0.07042764676908964
1.7709999999990471	0.07035684910815299
1.7719999999990512	0.07028608437842199
1.7729999999990556	0.07021535252816591
1.7739999999990597	0.0701446538771332
1.7749999999990638	0.07007398912036977
1.7759999999990679	0.07000335716352846
1.776999999999072	0.06993275800083687
1.7779999999990763	0.06986219177998987
1.7789999999990804	0.06979165874090931
1.7799999999990845	0.06972115982634741
1.7809999999990886	0.06965069443701011
1.781999999999093	0.06958026247307003
1.782999999999097	0.06950986350311072
1.7839999999991012	0.06943949750651857
1.7849999999991053	0.06936916514388636
1.7859999999991096	0.06929886623824011
1.7869999999991137	0.069228601764602
1.7879999999991179	0.06915837100640831
1.788999999999122	0.06908817366212316
1.789999999999126	0.06901801017844644
1.7909999999991304	0.0689478805695003
1.7919999999991345	0.06887778480926832
1.7929999999991386	0.06880772286522552
1.7939999999991427	0.06873769461302959
1.794999999999147	0.06866770052322291
1.7959999999991512	0.06859774034759325
1.7969999999991553	0.06852781477258041
1.7979999999991594	0.06845792317553212
1.7989999999991637	0.06838806521946261
1.7999999999991678	0.06831824121485519
1.800999999999172	0.06824845166939608
1.801999999999176	0.06817869703738522
1.8029999999991801	0.06810897676820615
1.8039999999991845	0.06803929099686168
1.8049999999991886	0.06796963919197263
1.8059999999991927	0.06790002016648022
1.8069999999991968	0.06783043882843098
1.8079999999992011	0.06776089066189472
1.8089999999992052	0.06769137688720328
1.8099999999992094	0.06762189782131167
1.8109999999992135	0.06755245395688292
1.8119999999992178	0.06748304456202447
1.812999999999222	0.06741366811733174
1.813999999999226	0.06734432895926301
1.8149999999992301	0.06727502403993624
1.8159999999992344	0.06720575404346285
1.8169999999992386	0.06713651899320205
1.8179999999992427	0.06706731856038939
1.8189999999992468	0.06699815276081678
1.819999999999251	0.06692902224445652
1.8209999999992552	0.06685992653865569
1.8219999999992593	0.06679086642069199
1.8229999999992634	0.06672184210405674
1.8239999999992675	0.06665285267842225
1.8249999999992719	0.06658389812622456
1.825999999999276	0.06651497866721356
1.82699999999928	0.0664460948620762
1.8279999999992842	0.06637724631430142
1.8289999999992885	0.06630843318505952
1.8299999999992926	0.066239655580553
1.8309999999992967	0.06617091342614279
1.8319999999993009	0.06610220702894298
1.8329999999993052	0.06603353624432373
1.8339999999993093	0.06596489997961164
1.8349999999993134	0.06589630178844674
1.8359999999993175	0.0658277383155228
1.8369999999993218	0.06575920969818494
1.837999999999326	0.06569071719463193
1.83899999999933	0.06562226059518239
1.8399999999993342	0.06555384021376609
1.8409999999993385	0.06548545534355332
1.8419999999993426	0.06541710608196694
1.8429999999993467	0.06534879287837769
1.8439999999993508	0.06528051577844618
1.844999999999355	0.06521227458231815
1.8459999999993593	0.06514406949975016
1.8469999999993634	0.06507590124315799
1.8479999999993675	0.06500776909345762
1.8489999999993716	0.06493967291683245
1.849999999999376	0.06487161288770205
1.85099999999938	0.06480358922169893
1.8519999999993841	0.06473560155925906
1.8529999999993882	0.06466765017514076
1.8539999999993926	0.06459973530599461
1.8549999999993967	0.06453185689581264
1.8559999999994008	0.06446401503256993
1.856999999999405	0.06439620990929806
1.857999999999409	0.0643284417502894
1.8589999999994133	0.06426070975729037
1.8599999999994175	0.06419301388706145
1.8609999999994216	0.0641253550856895
1.861999999999426	0.06405773293453065
1.86299999999943	0.06399014758811494
1.863999999999434	0.06392259904510122
1.8649999999994382	0.0638550869707597
1.8659999999994423	0.06378761181468617
1.8669999999994467	0.06372017358852577
1.8679999999994508	0.0636527721981226
1.8689999999994549	0.06358540779944744
1.869999999999459	0.06351808049172403
1.870999999999463	0.06345079033354684
1.8719999999994674	0.0633835373254773
1.8729999999994715	0.06331632105723317
1.8739999999994756	0.063249142015117
1.87499999999948	0.0631820000494534
1.875999999999484	0.06311489552198779
1.8769999999994882	0.0630478280041229
1.8779999999994923	0.0629807977156508
1.8789999999994964	0.06291380484105513
1.8799999999995007	0.0628468491057621
1.8809999999995048	0.06277993085629385
1.881999999999509	0.0627130500879709
1.882999999999513	0.06264620728372561
1.8839999999995174	0.06257940163131182
1.8849999999995215	0.06251263317420419
1.8859999999995256	0.06244590206708078
1.8869999999995297	0.06237920860607593
1.887999999999534	0.06231255301716765
1.8889999999995382	0.062245934869900266
1.8899999999995423	0.06217935481338577
1.8909999999995464	0.06211281258389856
1.8919999999995505	0.06204630764427066
1.8929999999995548	0.061979840552729426
1.893999999999559	0.06191341140679252
1.894999999999563	0.061847020117871576
1.8959999999995671	0.06178066668372839
1.8969999999995715	0.06171435125285907
1.8979999999995756	0.06164807348632295
1.8989999999995797	0.06158183311397236
1.8999999999995838	0.06151563036522001
1.9009999999995881	0.061449468303003796
1.9019999999995922	0.061383343219163056
1.9029999999995963	0.06131725557858214
1.9039999999996005	0.061251206151988646
1.9049999999996048	0.061185195200040066
1.905999999999609	0.061119222356913694
1.906999999999613	0.061053287730948425
1.9079999999996171	0.06098739114297136
1.9089999999996214	0.06092153291404334
1.9099999999996256	0.06085571287416491
1.9109999999996297	0.060789931565254474
1.9119999999996338	0.060724188735596596
1.9129999999996379	0.06065848428197307
1.9139999999996422	0.060592818126832926
1.9149999999996463	0.06052719043501298
1.9159999999996504	0.06046160172055848
1.9169999999996545	0.060396051804936235
1.9179999999996589	0.060330540130993926
1.918999999999663	0.060265066664441536
1.919999999999667	0.06019963188345889
1.9209999999996712	0.060134235611211784
1.9219999999996755	0.06006887811113226
1.9229999999996796	0.06000355948333369
1.9239999999996837	0.05993827987313327
1.9249999999996878	0.05987303877876715
1.9259999999996922	0.05980783676204138
1.9269999999996963	0.05974267375940456
1.9279999999997004	0.05967754956853155
1.9289999999997045	0.05961246421558508
1.9299999999997088	0.05954741774361416
1.930999999999713	0.05948240975782604
1.931999999999717	0.05941744179101205
1.9329999999997212	0.059352512137879954
1.9339999999997253	0.059287621762450615
1.9349999999997296	0.059222770121087676
1.9359999999997337	0.059157957793983584
1.9369999999997378	0.059093184858702186
1.937999999999742	0.0590284513510293
1.9389999999997463	0.058963756966922576
1.9399999999997504	0.05889910151921196
1.9409999999997545	0.05883448489539611
1.9419999999997586	0.058769907973702185
1.942999999999763	0.058705370118020794
1.943999999999767	0.058640872059739335
1.9449999999997711	0.058576413328777055
1.9459999999997752	0.05851199411322261
1.9469999999997794	0.0584476142264958
1.9479999999997837	0.058383273802084634
1.9489999999997878	0.058318972987735584
1.949999999999792	0.058254711620267186
1.950999999999796	0.058190489476659835
1.9519999999998003	0.05812630720776135
1.9529999999998044	0.05806216428142963
1.9539999999998086	0.057998061039724824
1.9549999999998127	0.05793399739400351
1.955999999999817	0.057869973638685734
1.956999999999821	0.0578059895435491
1.9579999999998252	0.057742045740110104
1.9589999999998293	0.05767814102360147
1.9599999999998337	0.05761427620079107
1.9609999999998378	0.057550451246053624
1.9619999999998419	0.05748666626959009
1.962999999999846	0.05742292145254624
1.9639999999998503	0.057359216226014254
1.9649999999998544	0.05729555084170146
1.9659999999998585	0.05723192533034216
1.9669999999998626	0.05716833981926572
1.9679999999998667	0.057104794423909255
1.968999999999871	0.05704128903848327
1.9699999999998752	0.05697782365378912
1.9709999999998793	0.05691439824916744
1.9719999999998834	0.0568510133218908
1.9729999999998877	0.05678766912145217
1.9739999999998918	0.05672436420358018
1.974999999999896	0.05666109960766619
1.9759999999999	0.056597874661600156
1.9769999999999044	0.05653469060033922
1.9779999999999085	0.05647154703192003
1.9789999999999126	0.05640844358455188
1.9799999999999167	0.05634538061782157
1.980999999999921	0.056282357842605824
1.9819999999999252	0.05621937493989859
1.9829999999999293	0.056156432273294365
1.9839999999999334	0.05609353008184503
1.9849999999999375	0.05603066875526663
1.9859999999999418	0.0559678478225859
1.986999999999946	0.055905067503133066
1.98799999999995	0.055842327600651886
1.9889999999999541	0.055779627639145346
1.9899999999999585	0.05571696860091713
1.9909999999999626	0.05565435043948652
1.9919999999999667	0.05559177343678989
1.9929999999999708	0.05552923669334542
1.9939999999999751	0.05546674051680078
1.9949999999999792	0.055404284515307545
1.9959999999999833	0.05534186910295236
1.9969999999999875	0.055279494399381846
1.9979999999999918	0.055217160149995115
1.998999999999996	0.05515486775242462
2.0	0.05509261503059526
2.0010279404845495	0.05502866548845442
2.0021217900815715	0.05496066365948116
2.0032857751923165	0.05488835507367207
2.004524391841744	0.054811470354866665
2.005842426366887	0.05472972505511353
2.007244970197923	0.05464281569946816
2.0087374418720856	0.05455042337123617
2.0103256076664273	0.05445220813220275
2.0120156028936726	0.054347808383642615
2.013813957200875	0.054236844071569035
2.0157276178435577	0.054118912012490084
2.0177639781367303	0.05399358213991445
2.019930905358886	0.05386040274879922
2.0222367711443985	0.053718895734188754
2.024690484011897	0.05356855893481405
2.027301523572695	0.0534088540120613
2.0300799770731848	0.053239219788008385
2.033036578410754	0.05305906183997344
2.036182751117039	0.05286774918393111
2.039530649180409	0.05266462067190314
2.043093206833892	0.05244898126774955
2.046884188175661	0.052220094631798664
2.050918238233338	0.05197718916326066
2.0552109433735133	0.05171945702374603
2.059778886913171	0.051446052398089304
2.0646397170403086	0.051156076536267525
2.0698122132469665	0.050848601695752116
2.0753163565584574	0.05052266446055975
2.081173414838828	0.05017721416980969
2.0874060143976347	0.04981119844808246
2.094038234979271	0.04942355142756405
2.1010956980169606	0.04901306881534995
2.1086056699538682	0.04857859972334366
2.116597165034399	0.04811894797866567
2.125101056786564	0.04763284655329836
2.1341501990307465	0.0471189309198341
2.143779554474847	0.046575889923514247
2.1540263207146424	0.04600246677512576
2.1649300857539027	0.04539727597450871
2.1765329774064615	0.044758938892469624
2.1888798204423576	0.04408599488338749
2.2020183144046843	0.04337719725268463
2.2159992202680474	0.042631301195626525
2.2308765524295735	0.04184684895992841
2.246707783705272	0.041022517836932004
2.263554079768369	0.040157475380532937
2.2814805235907363	0.03925065800225913
2.3005563724108544	0.03830093077919505
2.320855322320133	0.03730765636508815
2.3424557929209753	0.03627053294854288
2.3654412374910825	0.03518901130570773
2.389900455657507	0.034062970912500434
2.41592795027163	0.032893132449041906
2.44362426638729	0.031680193103288956
2.473096411506492	0.030425510120989596
2.5044582437089975	0.02913045611432863
2.537830924630887	0.027797148827608975
2.5733433911797423	0.026428232942495966
2.611132843166974	0.025027780549351397
2.6513452603475027	0.023599174313128635
2.6941360153529494	0.022149106729175694
2.739670418177515	0.020681999930162176
2.788124380079947	0.019205229069279794
2.839685109337027	0.01772614585470611
2.894551789617174	0.016253322472791876
2.9529364084026577	0.014794689242424441
3.0150645170164534	0.013360954373864975
3.0811761422888653	0.011962721261999154
3.1515266965252042	0.0106102575634055
3.226387989377641	0.009311547981453172
3.30604919671757	0.008080973790934864
3.39081811677136	0.0069223325915965805
3.4810222154328754	0.005849221919909775
3.577010018652917	0.004869071276667358
3.6791523315125145	0.00398594668707053
3.7878438030764574	0.0032030897555264115
3.9035043177534527	0.002522480109544478
4.02658072998157	0.0019420400108371982
4.157548527011607	0.0014589019797003333
4.296913682346355	0.001065372329839942
4.445214635465608	0.0007549087824511025
4.603024347307951	0.000517179304519555
4.770952424745148	0.00034098193428488965
4.9496476786701376	0.00021604495329063944
5.139800459354712	0.00013079364578827413
5.342145448462832	7.488080643980322e-05
5.557464321076707	4.0504215574888036e-05
5.786588991858403	2.0520739830942603e-05
6.03040459644804	9.633663574981632e-06
6.289853138906711	4.173293071008111e-06
6.565936951835777	1.6446218140675484e-06
6.859722633511745	5.784501162509059e-07
7.172345245053396	1.8164020287869675e-07
7.505012494394354	4.811118892167343e-08
7.859009576011049	1.0884542267497466e-08
8.23570422033976	1.965553941829512e-09
8.636551628113326	2.5444757412174113e-10
9.063100564489073	3.022593286772235e-11
9.516998831091398	1.0651479698253752e-12
10.0	-6.763478666016454e-13
