0.0	1.0000784291351736
0.0010000000000041087	0.9999984079014304
0.0020000000000082174	0.9999532516470224
0.003000000000012548	0.9999771466777947
0.004000000000016657	0.9999814287741953
0.005000000000020766	0.9999360251780494
0.006000000000024874	0.999960431363352
0.007000000000029205	0.9999675289690659
0.008000000000033314	1.0000100434901515
0.009000000000037423	1.0000323143222032
0.010000000000041753	1.0000429901398529
0.011000000000045862	1.0000126679949544
0.01200000000004997	1.0000855194629632
0.01300000000005408	1.0000328965292722
0.01400000000005841	0.9999881118244422
0.015000000000062519	0.9999491559488985
0.016000000000066406	0.9999929308184865
0.017000000000070736	0.9999763028611336
0.018000000000074845	0.9999881530758461
0.019000000000078954	0.9999897179447287
0.020000000000083062	1.0000242279694251
0.021000000000087393	1.0000645981099794
0.022000000000091502	1.0000507028721708
0.02300000000009561	1.0000739597645738
0.02400000000009972	0.9999218912902623
0.02500000000010405	0.9999949945717508
0.02600000000010816	1.0000119093786386
0.027000000000112268	0.9998859319509849
0.0280000000001166	0.9998760555955106
0.029000000000120707	0.9999464018197339
0.030000000000124816	0.9999434723539351
0.031000000000128924	1.0000700530706568
0.032000000000133255	1.0000936653105181
0.033000000000137364	1.0000252754132521
0.03400000000014147	1.000035332791619
0.0350000000001458	0.9999958698273148
0.03600000000014991	0.9999302891987508
0.03700000000015402	0.9999706206742378
0.03800000000015813	1.0000049223880585
0.03900000000016246	1.0001409672684336
0.04000000000016657	1.0001456223493936
0.04100000000017068	0.9999240161597291
0.04200000000017501	0.999675790073203
0.04300000000017912	0.999547349020455
0.044000000000183226	0.9994569812221268
0.045000000000187335	0.9992787678144576
0.046000000000191665	0.998925603684606
0.04700000000019555	0.9982925256758475
0.04800000000019966	0.9976180845589642
0.04900000000020399	0.9964329686111526
0.0500000000002081	0.9946215047141996
0.05100000000021221	0.9916252637260294
0.05200000000021632	0.9876651875666657
0.05300000000022065	0.9822237707835244
0.05400000000022476	0.9747791687548576
0.055000000000228866	0.9653365537589529
0.0560000000002332	0.9530267141486133
0.057000000000237305	0.9376602862484462
0.058000000000241414	0.9190214667078459
0.05900000000024552	0.8962853836175391
0.060000000000249853	0.8689752465496403
0.06100000000025396	0.8375373522827338
0.06200000000025807	0.8012186286932981
0.0630000000002624	0.7602443606441966
0.06400000000026651	0.7155785071725161
0.06500000000027062	0.6670851877502307
0.06600000000027473	0.6162973708944838
0.06700000000027906	0.5637253697740288
0.06800000000028317	0.5101306150767801
0.06900000000028728	0.4568544248701648
0.0700000000002916	0.40467883601097165
0.07100000000029572	0.3544108479088066
0.07200000000029982	0.3068235493967759
0.07300000000030393	0.2623569614087954
0.07400000000030826	0.22118232535489135
0.07500000000031237	0.18376977795851634
0.07600000000031648	0.15018856617738896
0.07700000000032081	0.12085446104533815
0.0780000000003247	0.0952563766699056
0.07900000000032881	0.07394519377311459
0.08000000000033292	0.05594326128112703
0.08100000000033725	0.04139694028352192
0.08200000000034136	0.030378438961969234
0.08300000000034546	0.021211952516711263
0.0840000000003498	0.014745756644338748
0.0850000000003539	0.010101018169885623
0.08600000000035801	0.006661567439573024
0.08700000000036212	0.004286248688397887
0.08800000000036645	0.0027894607183606146
0.08900000000037056	0.001714295016563061
0.09000000000037467	0.001056540496071956
0.091000000000379	0.0005561018912934035
0.09200000000038311	0.0003852923133522701
0.09300000000038722	0.00021828489823327857
0.09400000000039133	0.00019727599548824415
0.09500000000039566	0.00017354382198053742
0.09600000000039977	0.0001339215262025073
0.09700000000040387	0.0001269311939494644
0.0980000000004082	7.082408332914625e-05
0.09900000000041231	3.782018913101037e-05
0.10000000000041642	-4.222183083801845e-05
0.10100000000042053	-0.00016776883677316334
0.10200000000042486	-0.0002586093054690597
0.10300000000042897	-0.00019403046872334961
0.10400000000043308	-9.689851059047072e-05
0.10500000000043741	-6.203326599596437e-05
0.10600000000044152	7.640410664921937e-05
0.10700000000044563	0.00019511733165988865
0.10800000000044951	0.0002178452428247546
0.10900000000045384	0.0003321176458641606
0.11000000000045795	0.0003229908528346037
0.11100000000046206	0.00023568819682717734
0.1120000000004664	0.0001713130776773708
0.1130000000004705	0.0001435339159827631
0.11400000000047461	0.00014739646192696298
0.11500000000047872	0.00013481436618978382
0.11600000000048305	0.0001636204461197277
0.11700000000048716	0.00013711274307803833
0.11800000000049127	5.0688287236644314e-05
0.1190000000004956	-1.4655874397195845e-05
0.12000000000049971	-0.00010241645956021728
0.12100000000050382	-0.00019076807519624595
0.12200000000050792	-0.0002581846244478214
0.12300000000051226	-0.0002858497738849053
0.12400000000051636	-0.00026778253741888136
0.12500000000052047	-0.0002531977367183913
0.1260000000005248	-0.00022098556505545375
0.1270000000005289	-9.170428870719505e-05
0.12800000000053302	2.9045995290966076e-05
0.12900000000053713	0.00019111082779832422
0.13000000000054146	0.00029328178864262977
0.13100000000054557	0.0002836625243947122
0.13200000000054968	0.00028691084718268645
0.133000000000554	0.00022882361595510936
0.13400000000055812	0.00012499245882025
0.13500000000056223	1.4470565041779793e-06
0.13600000000056633	-0.00011911434090272621
0.13700000000057067	-0.00019989231932027174
0.13800000000057477	-0.00028215810273612973
0.13900000000057866	-0.0003627889583528443
0.140000000000583	-0.00037716659204156677
0.1410000000005871	-0.0003433762681444019
0.1420000000005912	-0.00029459689405664236
0.14300000000059532	-0.00022511372050515455
0.14400000000059965	-0.00014343088056167907
0.14500000000060376	-7.090368590390028e-05
0.14600000000060787	1.8097009163886568e-05
0.1470000000006122	0.00011514605106566211
0.1480000000006163	0.00023767805182395296
0.14900000000062041	0.0003644137211964438
0.15000000000062452	0.00047099267097538977
0.15100000000062885	0.0005281686339528857
0.15200000000063296	0.0005244136958209022
0.15300000000063707	0.0004725751580483273
0.1540000000006414	0.00039456522820868756
0.1550000000006455	0.0002957183487951598
0.15600000000064962	0.00020752265373547019
0.15700000000065373	0.0001286742751491765
0.15800000000065806	5.8731273002377016e-05
0.15900000000066217	-4.079920205479759e-05
0.16000000000066628	-0.00015168516201469195
0.16100000000067038	-0.00026961747185327845
0.16200000000067472	-0.000367546776381511
0.16300000000067882	-0.0004436988202822789
0.16400000000068293	-0.0004705991628732864
0.16500000000068726	-0.0004612818066338509
0.16600000000069137	-0.00041914910462526045
0.16700000000069548	-0.00032939724815483906
0.1680000000006996	-0.00021784541539981994
0.16900000000070392	-8.519304034892983e-05
0.1700000000007078	4.171517106033029e-05
0.17100000000071192	0.00017312891847209855
0.17200000000071625	0.00029560527914029855
0.17300000000072036	0.0003901784335884617
0.17400000000072446	0.0004428989238746128
0.17500000000072857	0.0004717196579591132
0.1760000000007329	0.000467823695167624
0.177000000000737	0.00042415959571828754
0.17800000000074112	0.00034506361437558475
0.17900000000074545	0.0002350065745269081
0.18000000000074956	0.00013265667283923754
0.18100000000075367	4.480530670680771e-05
0.18200000000075778	-3.5607392552927664e-05
0.1830000000007621	-0.00010307176617918579
0.18400000000076622	-0.0001397923605339635
0.18500000000077033	-0.0001378868927717214
0.18600000000077466	-0.00011408476043794913
0.18700000000077877	-7.735120328655753e-05
0.18800000000078287	-4.184083404612515e-05
0.18900000000078698	-1.0573203710118051e-05
0.1900000000007913	8.224838932591183e-06
0.19100000000079542	8.877239952020943e-07
0.19200000000079953	-2.9581857751148632e-05
0.19300000000080386	-7.427559834916053e-05
0.19400000000080797	-0.00013212196782541596
0.19500000000081208	-0.00019909377139493145
0.1960000000008162	-0.0002513678744056058
0.19700000000082052	-0.0002847601515474363
0.19800000000082463	-0.000288568260380373
0.19900000000082874	-0.00025977909650332087
0.20000000000083307	-0.00020334692528001241
0.20100000000083695	-0.00013270615917759798
0.20200000000084106	-7.303567098082553e-05
0.20300000000084517	-1.7411485906837498e-05
0.2040000000008495	3.662148520044983e-05
0.2050000000008536	9.140225009041103e-05
0.20600000000085772	0.00013343478529603825
0.20700000000086205	0.00015329032043920332
0.20800000000086616	0.00015308370294686569
0.20900000000087027	0.00013312941730503347
0.21000000000087438	0.00010310727221518601
0.2110000000008787	6.387675314956098e-05
0.21200000000088282	2.6881372084175403e-05
0.21300000000088692	-8.240546279347782e-06
0.21400000000089126	-2.8623711893382975e-05
0.21500000000089536	-4.4914575199506146e-05
0.21600000000089947	-5.829440726889956e-05
0.21700000000090358	-5.5360818226768416e-05
0.2180000000009079	-4.0114646152389355e-05
0.21900000000091202	-1.3324699987382616e-05
0.22000000000091613	1.3851108172424631e-05
0.22100000000092046	4.163620984731775e-05
0.22200000000092457	6.763609862669995e-05
0.22300000000092868	9.382412172631582e-05
0.2240000000009328	0.00011851681244468004
0.22500000000093712	0.0001406109373280895
0.22600000000094123	0.00015438442280957254
0.22700000000094533	0.00015838035198556533
0.22800000000094967	0.000156150473880734
0.22900000000095377	0.0001514651490044372
0.23000000000095788	0.00014349577131189672
0.23100000000096177	0.00013154083846977915
0.2320000000009661	0.00011485091781981982
0.2330000000009702	9.431723479158549e-05
0.23400000000097432	7.424012388579371e-05
0.23500000000097865	4.951012582610215e-05
0.23600000000098276	2.3106524763893965e-05
0.23700000000098687	-5.285345195282787e-06
0.23800000000099097	-2.9309478014383217e-05
0.2390000000009953	-4.4076509992718726e-05
0.24000000000099941	-4.8283947437166574e-05
0.24100000000100352	-4.088768977883461e-05
0.24200000000100785	-3.090479209655328e-05
0.24300000000101196	-2.0792753076204207e-05
0.24400000000101607	-1.543228949563158e-05
0.24500000000102018	-1.148635158010336e-05
0.2460000000010245	-1.0609589392363006e-05
0.24700000000102862	-1.3724852154561873e-05
0.24800000000103273	-1.943417183669638e-05
0.24900000000103706	-2.6241526502435164e-05
0.25000000000104117	-2.7686469074250653e-05
0.2510000000010453	-2.1810708957792357e-05
0.2520000000010494	-8.490594417098762e-06
0.2530000000010537	8.846625566549804e-06
0.2540000000010578	2.738607798935533e-05
0.25500000000106193	4.1043310037292e-05
0.25600000000106626	4.762405761682409e-05
0.25700000000107037	4.885581459679322e-05
0.2580000000010745	4.673750127970333e-05
0.2590000000010786	4.237248328964327e-05
0.2600000000010829	3.4597713430395416e-05
0.26100000000108703	2.6302460404137307e-05
0.2620000000010909	1.970980304044634e-05
0.26300000000109525	1.5800661521292447e-05
0.26400000000109936	1.057146259741959e-05
0.26500000000110346	3.5987019308958423e-07
0.2660000000011076	-1.343113350493752e-05
0.2670000000011119	-2.7164154418057862e-05
0.268000000001116	-3.70024643834288e-05
0.2690000000011201	-4.2861845240826923e-05
0.27000000000112445	-4.472345733108618e-05
0.27100000000112856	-4.659844079024644e-05
0.27200000000113267	-5.0433766956237136e-05
0.2730000000011368	-5.499310987699957e-05
0.2740000000011411	-5.54736864035732e-05
0.2750000000011452	-5.031673248345747e-05
0.2760000000011493	-3.7846430241961215e-05
0.27700000000115366	-2.056426832242053e-05
0.27800000000115777	-6.577778440153281e-06
0.2790000000011619	-1.6667766478128954e-07
0.280000000001166	-1.9083016711274325e-06
0.2810000000011703	-9.482067784727377e-06
0.2820000000011744	-1.9338420305992088e-05
0.28300000000117853	-2.8841349493546886e-05
0.28400000000118286	-3.4896520088478766e-05
0.28500000000118697	-3.786255175342035e-05
0.2860000000011911	-3.41363582556653e-05
0.2870000000011952	-2.3292750839232212e-05
0.2880000000011995	-4.986123558259337e-06
0.2890000000012036	1.9472768632344817e-05
0.29000000000120774	4.766869190597767e-05
0.29100000000121207	7.56959938881252e-05
0.2920000000012162	0.00010045567456595794
0.29300000000122006	0.00011822927980287279
0.29400000000122417	0.00012643672640044734
0.2950000000012285	0.0001238628701275557
0.2960000000012326	0.00011040751194579812
0.2970000000012367	8.598081227906285e-05
0.29800000000124083	5.4653701953899514e-05
0.29900000000124516	2.135120688273595e-05
0.30000000000124927	-1.181731031896227e-05
0.3010000000012534	-4.610047738284884e-05
0.3020000000012577	-8.536634197486848e-05
0.3030000000012618	-0.00012644912490178406
0.3040000000012659	-0.0001618307082522641
0.30500000000127003	-0.0001862696632264349
0.30600000000127436	-0.0001970975295590982
0.3070000000012785	-0.00019422003442937097
0.3080000000012826	-0.00017886823121182616
0.3090000000012869	-0.0001529572178673444
0.310000000001291	-0.00012482520988266188
0.31100000000129513	-0.00010038355366237539
0.31200000000129924	-7.990141392677508e-05
0.31300000000130357	-6.582483043793275e-05
0.3140000000013077	-5.522906094679314e-05
0.3150000000013118	-4.576096758523995e-05
0.3160000000013161	-3.683407397492289e-05
0.3170000000013202	-3.0188021124422093e-05
0.31800000000132433	-2.6624236511008093e-05
0.31900000000132844	-2.4040959319959754e-05
0.3200000000013328	-2.3456600063420652e-05
0.3210000000013369	-2.5962660719303088e-05
0.322000000001341	-3.417480567358133e-05
0.3230000000013453	-4.4652273686329735e-05
0.3240000000013492	-5.522864493201496e-05
0.3250000000013533	-6.622094677477541e-05
0.3260000000013574	-7.687046346838144e-05
0.32700000000136176	-8.329375573357112e-05
0.32800000000136587	-8.413545654684107e-05
0.32900000000137	-7.956764295347085e-05
0.3300000000013743	-7.102869826347558e-05
0.3310000000013784	-5.723031541804424e-05
0.3320000000013825	-3.664992197860428e-05
0.33300000000138663	-9.830451310754995e-06
0.33400000000139096	2.2586079378994484e-05
0.33500000000139507	5.582537635751006e-05
0.3360000000013992	9.13210024080513e-05
0.3370000000014035	0.00012590837727965987
0.3380000000014076	0.00015637078703911733
0.3390000000014117	0.00018100471703297316
0.34000000000141584	0.0002007839274078549
0.34100000000142017	0.00021650451638077772
0.3420000000014243	0.00022633863912602248
0.3430000000014284	0.0002319769541139216
0.3440000000014327	0.00023399273929924913
0.3450000000014368	0.0002318199178998892
0.34600000000144093	0.00022499576242274166
0.34700000000144504	0.00021087478177628238
0.34800000000144937	0.0001907208100837554
0.3490000000014535	0.00016682680585444754
0.3500000000014576	0.00014057760656316365
0.3510000000014619	0.0001134299519179871
0.35200000000146603	8.665801982465915e-05
0.35300000000147014	6.0470307255089395e-05
0.35400000000147425	3.582341350982787e-05
0.35500000000147836	1.345672308672441e-05
0.35600000000148246	-8.537396151142573e-06
0.3570000000014866	-2.900546641892987e-05
0.3580000000014909	-4.734652031657127e-05
0.359000000001495	-6.364064382702317e-05
0.3600000000014991	-7.741737539657123e-05
0.36100000000150323	-8.946849859237105e-05
0.36200000000150756	-9.993932653484805e-05
0.36300000000151167	-0.00010996401608220907
0.3640000000015158	-0.00011627738308916946
0.3650000000015201	-0.00011539982909525293
0.3660000000015242	-0.00010827249296818664
0.3670000000015283	-9.486125274804635e-05
0.36800000000153243	-7.292652187551596e-05
0.36900000000153677	-4.307113908930127e-05
0.3700000000015409	-6.3771846348092964e-06
0.371000000001545	3.5874973388194675e-05
0.3720000000015493	8.024033878217818e-05
0.3730000000015534	0.00012648513177027088
0.37400000000155753	0.00017238729897439686
0.37500000000156164	0.00021551964781718613
0.37600000000156597	0.00025668847350279744
0.3770000000015701	0.0002906522741317197
0.3780000000015742	0.00031506206446241247
0.3790000000015785	0.0003305011969489957
0.3800000000015826	0.00033622862359461436
0.38100000000158674	0.0003311056614450081
0.38200000000159084	0.0003174426834042787
0.3830000000015952	0.00029233386847915543
0.3840000000015993	0.00025626053216076805
0.3850000000016034	0.00020973349923503193
0.3860000000016075	0.00015612966783107307
0.3870000000016116	0.00010079344256841427
0.3880000000016157	4.914900192320992e-05
0.38900000000161983	-1.2513651626022693e-07
0.39000000000162416	-4.688734944036099e-05
0.39100000000162827	-9.06279210997063e-05
0.3920000000016324	-0.0001295557468012909
0.3930000000016367	-0.0001605355433076383
0.3940000000016408	-0.00018268934207887888
0.3950000000016449	-0.00019555803105220093
0.39600000000164903	-0.00019735508855545092
0.39700000000165336	-0.00019059197256465765
0.3980000000016575	-0.00017799495920356456
0.3990000000016616	-0.00016410989492943173
0.4000000000016659	-0.00015088755783088104
0.40100000000167	-0.000139305860616723
0.40200000000167413	-0.0001306007455701419
0.40300000000167824	-0.0001234141173656056
0.40400000000168257	-0.0001168056295648423
0.4050000000016867	-0.00011000266031202521
0.4060000000016908	-0.00010336273906830229
0.4070000000016951	-9.675878657766646e-05
0.4080000000016992	-9.13912931022054e-05
0.40900000000170333	-8.7157905922286e-05
0.41000000000170744	-8.332083776219079e-05
0.4110000000017118	-7.952547520373443e-05
0.4120000000017159	-7.576858790425689e-05
0.41300000000172	-7.208801025226919e-05
0.4140000000017243	-6.793108609315368e-05
0.41500000000172843	-6.275442174730195e-05
0.41600000000173254	-5.621961714030732e-05
0.4170000000017364	-4.750963758204385e-05
0.41800000000174076	-3.6502142121142e-05
0.41900000000174487	-2.4220477857328504e-05
0.420000000001749	-1.122602283976093e-05
0.4210000000017533	1.868133321814014e-06
0.4220000000017574	1.4571318812106604e-05
0.4230000000017615	2.756604180798039e-05
0.42400000000176563	4.243438325235438e-05
0.42500000000176996	5.743884276732114e-05
0.42600000000177407	7.051885621045528e-05
0.4270000000017782	8.027923925468805e-05
0.4280000000017825	8.491152349709985e-05
0.4290000000017866	8.480530831744826e-05
0.4300000000017907	8.091467461734947e-05
0.43100000000179484	7.348748571589514e-05
0.43200000000179917	6.310293160283198e-05
0.4330000000018033	5.056390215774087e-05
0.4340000000018074	3.7508549831866134e-05
0.4350000000018115	2.3811319070032866e-05
0.4360000000018158	9.053937422232039e-06
0.43700000000181993	-5.122773728105656e-06
0.43800000000182404	-1.6853045619491525e-05
0.43900000000182837	-2.6402498395361462e-05
0.4400000000018325	-3.3326512330456026e-05
0.4410000000018366	-3.8927210434636095e-05
0.4420000000018407	-4.457727410778212e-05
0.44300000000184503	-5.174044691758084e-05
0.44400000000184914	-6.01833430711185e-05
0.44500000000185325	-6.903779698852475e-05
0.4460000000018576	-7.592994230076755e-05
0.4470000000018617	-7.956168611822356e-05
0.4480000000018656	-8.009418367427301e-05
0.4490000000018697	-7.607637360118602e-05
0.450000000001874	-6.746616225572488e-05
0.4510000000018781	-5.5939596545817594e-05
0.45200000000188223	-4.223987055418377e-05
0.45300000000188656	-2.6621284669126055e-05
0.45400000000189067	-8.836620941199413e-06
0.4550000000018948	9.182874912916361e-06
0.4560000000018989	2.680910306485096e-05
0.4570000000019032	4.3011583982011103e-05
0.4580000000019073	5.825612302978733e-05
0.45900000000191143	7.302772814166136e-05
0.46000000000191577	8.699071820972293e-05
0.4610000000019199	9.921676429347492e-05
0.462000000001924	0.00010897449989499819
0.4630000000019281	0.00011539800241633369
0.4640000000019324	0.00011770146072787036
0.46500000000193653	0.00011733414135961517
0.46600000000194064	0.00011577283492913981
0.46700000000194497	0.00011374330004498834
0.4680000000019491	0.00011248957185794328
0.4690000000019532	0.0001118857770849857
0.4700000000019573	0.00011196868750085187
0.4710000000019616	0.00011081961823378172
0.47200000000196574	0.00010689337264213616
0.47300000000196984	0.00010012700818462505
0.4740000000019742	9.034503455085385e-05
0.4750000000019783	7.906306042915201e-05
0.4760000000019824	6.84971351774255e-05
0.4770000000019865	6.0191722380364965e-05
0.47800000000199083	5.375498612725238e-05
0.4790000000019947	4.819174488379652e-05
0.48000000000199883	4.383162170129573e-05
0.48100000000200316	4.015789650912982e-05
0.48200000000200727	3.6393443886728605e-05
0.4830000000020114	3.333755551060413e-05
0.4840000000020155	3.0589071883579955e-05
0.4850000000020198	2.8570802821814567e-05
0.4860000000020239	2.7640438366116626e-05
0.48700000000202803	2.7822187266157705e-05
0.48800000000203236	2.9383940058247404e-05
0.4890000000020365	3.226556595226082e-05
0.4900000000020406	3.562454618366573e-05
0.4910000000020447	3.920287558489832e-05
0.492000000002049	4.1903851393243485e-05
0.49300000000205313	4.3056202514879516e-05
0.49400000000205724	4.3113387867776964e-05
0.49500000000206157	4.2046311889532006e-05
0.4960000000020657	4.024317883122297e-05
0.4970000000020698	3.784357660852056e-05
0.4980000000020739	3.460852405912096e-05
0.4990000000020782	3.076287092762531e-05
0.5000000000020823	2.7173123168133806e-05
0.5010000000020864	2.5095533245478308e-05
0.5020000000020908	2.3942849055602622e-05
0.5030000000020949	2.267426140856177e-05
0.504000000002099	2.1645362033528848e-05
0.5050000000021031	2.123283731980674e-05
0.5060000000021074	2.1578382408904417e-05
0.5070000000021115	2.2256808563048125e-05
0.5080000000021156	2.2920374904256136e-05
0.50900000000212	2.3686046205950717e-05
0.5100000000021239	2.4069979613017267e-05
0.511000000002128	2.3359938203237895e-05
0.5120000000021321	2.1341556773357695e-05
0.5130000000021364	1.8159284490670835e-05
0.5140000000021405	1.468153488670687e-05
0.5150000000021446	1.1309673195958325e-05
0.516000000002149	7.620778439076936e-06
0.5170000000021531	3.2919426213862124e-06
0.5180000000021572	-1.7346464695755515e-06
0.5190000000021613	-7.442669182067263e-06
0.5200000000021656	-1.3708805647771882e-05
0.5210000000021697	-2.0969846294294214e-05
0.5220000000021738	-3.0200539417046812e-05
0.5230000000021782	-4.084837364737304e-05
0.5240000000021823	-5.25675988232166e-05
0.5250000000021864	-6.479462487885002e-05
0.5260000000021905	-7.609113205919726e-05
0.5270000000021948	-8.599597831437933e-05
0.5280000000021989	-9.358925585334354e-05
0.529000000002203	-9.906616184984784e-05
0.5300000000022074	-0.00010338042033875006
0.5310000000022115	-0.00010715341967326708
0.5320000000022156	-0.00010931056095242475
0.5330000000022197	-0.00010973595538765757
0.534000000002224	-0.0001093196231769511
0.5350000000022281	-0.00010864011305611321
0.5360000000022322	-0.00010856555093519127
0.5370000000022366	-0.00010905362796465035
0.5380000000022407	-0.00010976249732097543
0.5390000000022448	-0.00011083594233696203
0.5400000000022487	-0.00011254370281932324
0.541000000002253	-0.00011515945321982635
0.5420000000022571	-0.00011858752283600005
0.5430000000022612	-0.00012184692791095131
0.5440000000022656	-0.00012392572291264337
0.5450000000022697	-0.00012356389583345617
0.5460000000022738	-0.00012104461613793305
0.5470000000022779	-0.0001179678601361811
0.5480000000022822	-0.00011431910472636808
0.5490000000022863	-0.00010968442356440455
0.5500000000022904	-0.00010320511977690572
0.5510000000022948	-9.452887409522326e-05
0.5520000000022989	-8.417921829595443e-05
0.553000000002303	-7.294060464735352e-05
0.5540000000023071	-6.125357481767679e-05
0.5550000000023114	-4.9084503649377e-05
0.5560000000023155	-3.630024005163435e-05
0.5570000000023196	-2.287398764555526e-05
0.558000000002324	-9.054934337893172e-06
0.5590000000023281	5.487790446290219e-06
0.5600000000023322	2.0962894445863967e-05
0.5610000000023363	3.7676521947638264e-05
0.5620000000023406	5.5075613614397056e-05
0.5630000000023447	7.191983228160836e-05
0.5640000000023488	8.78857427151214e-05
0.5650000000023532	0.0001024058236755998
0.5660000000023573	0.00011553615362047687
0.5670000000023614	0.0001278412907894655
0.5680000000023655	0.00013946395193209504
0.5690000000023698	0.00015095193079339708
0.5700000000023739	0.0001623853653976992
0.5710000000023778	0.00017359125457439006
0.5720000000023819	0.00018438824019673117
0.5730000000023863	0.00019486774962174103
0.5740000000023904	0.0002047565928795514
0.5750000000023945	0.0002131188267320283
0.5760000000023988	0.00021913179246901837
0.5770000000024029	0.00022270142097102763
0.578000000002407	0.00022472514446081338
0.5790000000024111	0.00022529993769093704
0.5800000000024155	0.00022426890165316848
0.5810000000024196	0.00022224908624424167
0.5820000000024237	0.00021924058084610287
0.583000000002428	0.00021469068743251718
0.5840000000024321	0.0002085270209724044
0.5850000000024362	0.00020111772304687303
0.5860000000024403	0.0001920147639745684
0.5870000000024447	0.0001822924987218144
0.5880000000024488	0.00017235934431436561
0.5890000000024529	0.00016237444860001116
0.5900000000024572	0.00015225791052364546
0.5910000000024613	0.00014106996395102378
0.5920000000024654	0.00012864972856063694
0.5930000000024696	0.00011542215042759096
0.5940000000024739	0.00010222955110761323
0.595000000002478	8.932738008049501e-05
0.5960000000024821	7.630180322459879e-05
0.5970000000024864	6.283135098006376e-05
0.5980000000024905	4.820335047017732e-05
0.5990000000024946	3.2291755335367434e-05
0.6000000000024988	1.5516122036540736e-05
0.6010000000025031	-1.4430026760159365e-06
0.602000000002507	-1.688956126488783e-05
0.6030000000025111	-3.064099753413707e-05
0.6040000000025154	-4.292705873676361e-05
0.6050000000025195	-5.4319037599226405e-05
0.6060000000025236	-6.496563991076343e-05
0.6070000000025277	-7.394674256122613e-05
0.6080000000025321	-8.097489283809267e-05
0.6090000000025362	-8.625108510340596e-05
0.6100000000025403	-8.959571061950555e-05
0.6110000000025446	-9.150411446556816e-05
0.6120000000025487	-9.260227879548388e-05
0.6130000000025528	-9.320449591343483e-05
0.614000000002557	-9.336914440982724e-05
0.6150000000025613	-9.274027610417512e-05
0.6160000000025654	-9.074679430298715e-05
0.6170000000025695	-8.765512875630321e-05
0.6180000000025738	-8.455690865583065e-05
0.6190000000025779	-8.21263221870705e-05
0.620000000002582	-8.06055352642332e-05
0.6210000000025861	-7.969284090192374e-05
0.6220000000025905	-7.949060868028823e-05
0.6230000000025946	-7.944530440706643e-05
0.6240000000025987	-7.885471006408018e-05
0.625000000002603	-7.685332064211181e-05
0.6260000000026071	-7.274547490010441e-05
0.6270000000026112	-6.705795072781129e-05
0.6280000000026154	-6.040827637754376e-05
0.6290000000026197	-5.350999974518267e-05
0.6300000000026238	-4.7150626799830064e-05
0.6310000000026279	-4.2887378747913374e-05
0.6320000000026322	-4.0550902217662e-05
0.6330000000026361	-3.9252505329434584e-05
0.6340000000026402	-3.8262936169486395e-05
0.6350000000026443	-3.69899994439038e-05
0.6360000000026487	-3.492376944502773e-05
0.6370000000026528	-3.159384014361777e-05
0.6380000000026569	-2.7275531317982882e-05
0.6390000000026612	-2.1638791102285282e-05
0.6400000000026653	-1.4570276242853453e-05
0.6410000000026694	-5.981332481752588e-06
0.6420000000026735	3.638227932367677e-06
0.6430000000026779	1.2982436613073745e-05
0.644000000002682	2.1312145094487533e-05
0.6450000000026861	2.8021683879497772e-05
0.6460000000026904	3.375275826522639e-05
0.6470000000026945	3.89595571754775e-05
0.6480000000026986	4.39312941260539e-05
0.6490000000027027	4.782268538683354e-05
0.6500000000027071	5.079507255911775e-05
0.6510000000027112	5.3359671749131365e-05
0.6520000000027153	5.629704100706956e-05
0.6530000000027196	5.9241197838399984e-05
0.6540000000027237	6.247725925279113e-05
0.6550000000027278	6.588135361240699e-05
0.656000000002732	6.984974165835656e-05
0.6570000000027363	7.45601993691336e-05
0.6580000000027404	7.969233428184452e-05
0.6590000000027445	8.455530180662141e-05
0.6600000000027488	8.845424810222102e-05
0.6610000000027529	9.180179747758643e-05
0.662000000002757	9.462841254537224e-05
0.6630000000027612	9.704110177188863e-05
0.6640000000027653	9.882140852135457e-05
0.6650000000027694	9.939147991488984e-05
0.6660000000027735	9.85987595287785e-05
0.6670000000027778	9.679433664422366e-05
0.6680000000027819	9.398664806647972e-05
0.669000000002786	9.064959967042263e-05
0.6700000000027901	8.714945927146278e-05
0.6710000000027945	8.30469187468319e-05
0.6720000000027986	7.813876354856308e-05
0.6730000000028027	7.243192894845762e-05
0.674000000002807	6.581670898042624e-05
0.6750000000028111	5.8538458604262544e-05
0.6760000000028152	5.1573455345788055e-05
0.6770000000028193	4.5452263671474924e-05
0.6780000000028237	3.978995948417108e-05
0.6790000000028278	3.4245525990073133e-05
0.6800000000028319	2.8935842245503274e-05
0.6810000000028362	2.3805841466884026e-05
0.6820000000028403	1.8549412903690055e-05
0.6830000000028444	1.3250314757184967e-05
0.6840000000028486	7.901216874772743e-06
0.6850000000028529	2.880072948574508e-06
0.686000000002857	-1.1135835367159785e-06
0.6870000000028611	-4.100294305642294e-06
0.6880000000028654	-6.231735842465724e-06
0.6890000000028695	-7.673052797363411e-06
0.6900000000028736	-8.827218106244317e-06
0.6910000000028778	-9.853049881769493e-06
0.6920000000028821	-1.0911542883018654e-05
0.6930000000028862	-1.1895925765781357e-05
0.6940000000028901	-1.317301914038893e-05
0.6950000000028944	-1.518833942215636e-05
0.6960000000028985	-1.7791470577899204e-05
0.6970000000029026	-2.0466353444881236e-05
0.6980000000029067	-2.3186029145305653e-05
0.6990000000029111	-2.6260240055808737e-05
0.7000000000029152	-2.9755214162818788e-05
0.7010000000029193	-3.326153843996593e-05
0.7020000000029236	-3.634082671477579e-05
0.7030000000029277	-3.8696330364240694e-05
0.7040000000029318	-4.045600763635804e-05
0.705000000002936	-4.172823279158244e-05
0.7060000000029403	-4.250565825092423e-05
0.7070000000029444	-4.303913739756027e-05
0.7080000000029485	-4.357322539672026e-05
0.7090000000029526	-4.4278121211105415e-05
0.7100000000029569	-4.471150850759997e-05
0.711000000002961	-4.447338151813973e-05
0.7120000000029651	-4.321753973934861e-05
0.7130000000029695	-4.0966930358043996e-05
0.7140000000029736	-3.8153074770175266e-05
0.7150000000029777	-3.5115689360321056e-05
0.7160000000029818	-3.215307031645409e-05
0.7170000000029861	-2.932026599422599e-05
0.7180000000029902	-2.6625892240117466e-05
0.7190000000029944	-2.370597293777088e-05
0.7200000000029987	-1.997900278993825e-05
0.7210000000030028	-1.5212450430679425e-05
0.7220000000030069	-9.489752381686145e-06
0.723000000003011	-3.5608625108540792e-06
0.7240000000030153	2.0904488813311417e-06
0.7250000000030195	6.998805835545241e-06
0.7260000000030233	1.1114348567042853e-05
0.7270000000030277	1.4523440836855528e-05
0.7280000000030318	1.68890918181841e-05
0.7290000000030359	1.8463635228949116e-05
0.73000000000304	1.9449765355394888e-05
0.7310000000030443	2.0636141725205448e-05
0.7320000000030484	2.2257769287881146e-05
0.7330000000030525	2.4637447900488496e-05
0.7340000000030569	2.805810469519443e-05
0.735000000003061	3.236841792542133e-05
0.7360000000030651	3.747936016407216e-05
0.7370000000030692	4.329143538428504e-05
0.7380000000030735	4.916482668626543e-05
0.7390000000030776	5.4713005771755974e-05
0.7400000000030817	5.986709773442289e-05
0.7410000000030861	6.468745548426913e-05
0.7420000000030902	6.916335523776684e-05
0.7430000000030943	7.340586247672753e-05
0.7440000000030984	7.749528859901655e-05
0.7450000000031027	8.162057921878851e-05
0.7460000000031068	8.559121279916315e-05
0.747000000003111	8.939046237033121e-05
0.7480000000031153	9.317194374858229e-05
0.7490000000031194	9.711623991481844e-05
0.7500000000031235	0.00010146413470502047
0.7510000000031276	0.00010582245210544183
0.7520000000031319	0.00011038370813210019
0.753000000003136	0.00011472072352713969
0.7540000000031402	0.00011828067618746552
0.7550000000031445	0.00012080028645156116
0.7560000000031484	0.00012221015986813022
0.7570000000031525	0.00012269002784559557
0.7580000000031566	0.00012232555811275692
0.7590000000031609	0.00012147945621321377
0.760000000003165	0.0001203253444671537
0.7610000000031691	0.00011892042416383752
0.7620000000031735	0.00011721041646373109
0.7630000000031776	0.00011511930998020503
0.7640000000031817	0.00011273564368152744
0.7650000000031858	0.00011071060920997411
0.7660000000031901	0.00010906729818360716
0.7670000000031942	0.00010762781331397075
0.7680000000031983	0.00010606489739117819
0.7690000000032027	0.00010398700608216238
0.7700000000032068	0.00010143570574294714
0.7710000000032109	9.832352268124289e-05
0.772000000003215	9.488185540218463e-05
0.7730000000032193	9.112160419011417e-05
0.7740000000032234	8.69388826235662e-05
0.7750000000032276	8.192662025385822e-05
0.7760000000032319	7.602607607748446e-05
0.777000000003236	6.941507785929169e-05
0.7780000000032401	6.22479359682071e-05
0.7790000000032442	5.4573819346037666e-05
0.7800000000032485	4.659477729718198e-05
0.7810000000032526	3.851982932023823e-05
0.7820000000032568	3.0421412427039662e-05
0.7830000000032611	2.2698462909032102e-05
0.7840000000032652	1.5369489663075164e-05
0.7850000000032693	8.473433547262488e-06
0.7860000000032734	1.7620093981651763e-06
0.7870000000032777	-5.05274881335005e-06
0.7880000000032816	-1.1827154596577572e-05
0.7890000000032857	-1.8619880300718705e-05
0.7900000000032901	-2.5261114808383667e-05
0.7910000000032942	-3.1739748518555544e-05
0.7920000000032983	-3.75908604599573e-05
0.7930000000033024	-4.29352564257357e-05
0.7940000000033067	-4.798634166758298e-05
0.7950000000033108	-5.281130465628614e-05
0.796000000003315	-5.7431622276782335e-05
0.7970000000033193	-6.19360657763135e-05
0.7980000000033234	-6.639909227001972e-05
0.7990000000033275	-7.10752845156648e-05
0.8000000000033316	-7.588000343572432e-05
0.8010000000033359	-8.061406323811582e-05
0.80200000000334	-8.513218058836536e-05
0.8030000000033441	-8.942198326034045e-05
0.8040000000033485	-9.344204879768725e-05
0.8050000000033526	-9.71721845408613e-05
0.8060000000033567	-0.00010075239050100215
0.8070000000033608	-0.00010393444265410778
0.8080000000033651	-0.00010665502968620899
0.8090000000033692	-0.00010911625828868843
0.8100000000033734	-0.00011137392162985371
0.8110000000033777	-0.00011326774866349254
0.8120000000033818	-0.00011441783186527665
0.8130000000033859	-0.00011495822306795134
0.81400000000339	-0.00011490491059884533
0.8150000000033943	-0.00011423290285161869
0.8160000000033985	-0.00011289146359905189
0.8170000000034026	-0.00011084616494683175
0.8180000000034067	-0.00010814985156648582
0.8190000000034108	-0.00010516114298853019
0.8200000000034149	-0.00010193983680606422
0.821000000003419	-9.837565805925763e-05
0.8220000000034233	-9.446485282427197e-05
0.8230000000034274	-8.99917157819452e-05
0.8240000000034315	-8.498065718476333e-05
0.8250000000034359	-7.967864970082061e-05
0.82600000000344	-7.42072835215879e-05
0.8270000000034441	-6.860995170399065e-05
0.8280000000034482	-6.290686004417623e-05
0.8290000000034525	-5.6966155528748175e-05
0.8300000000034566	-5.0547048590532384e-05
0.8310000000034607	-4.3453051856934266e-05
0.8320000000034651	-3.580516424084301e-05
0.8330000000034692	-2.776389413150504e-05
0.8340000000034733	-1.9568269914227443e-05
0.8350000000034774	-1.149637656494562e-05
0.8360000000034817	-3.786702977848222e-06
0.8370000000034858	3.38615146455723e-06
0.83800000000349	9.98183628009297e-06
0.8390000000034943	1.5865732416742162e-05
0.8400000000034984	2.111445381669519e-05
0.8410000000035025	2.5852530310732647e-05
0.8420000000035066	3.0303079735283234e-05
0.8430000000035109	3.4383361849799066e-05
0.844000000003515	3.7931979223415624e-05
0.8450000000035192	4.0830885952081175e-05
0.8460000000035233	4.3187460836091596e-05
0.8470000000035276	4.538551690425052e-05
0.8480000000035317	4.733304246207215e-05
0.8490000000035356	4.878137654773518e-05
0.8500000000035399	4.989521684028997e-05
0.851000000003544	5.0890244979173715e-05
0.8520000000035481	5.2024926857408005e-05
0.8530000000035523	5.357344323875246e-05
0.8540000000035566	5.5405013611786735e-05
0.8550000000035607	5.757503308378986e-05
0.8560000000035648	6.0031369100155274e-05
0.8570000000035691	6.269573508999038e-05
0.8580000000035732	6.541475358490256e-05
0.8590000000035773	6.81297454206975e-05
0.8600000000035815	7.082400769053976e-05
0.8610000000035858	7.363857773667881e-05
0.8620000000035899	7.649434843959302e-05
0.863000000003594	7.911951327899125e-05
0.8640000000035983	8.14286049892754e-05
0.8650000000036024	8.345454250457962e-05
0.8660000000036066	8.5144228810341e-05
0.8670000000036107	8.645994655265277e-05
0.868000000003615	8.740199910473034e-05
0.8690000000036191	8.794550360313735e-05
0.8700000000036232	8.833225916937693e-05
0.8710000000036275	8.852039217499552e-05
0.8720000000036316	8.818456142845044e-05
0.8730000000036358	8.710460650462881e-05
0.8740000000036399	8.559915903694204e-05
0.8750000000036442	8.403313793259315e-05
0.8760000000036483	8.259909202190663e-05
0.8770000000036524	8.098846778015201e-05
0.8780000000036567	7.903498373584839e-05
0.8790000000036609	7.686083098368268e-05
0.8800000000036647	7.455626523777958e-05
0.8810000000036688	7.216815559318857e-05
0.8820000000036732	6.98002659420549e-05
0.8830000000036773	6.75337731889103e-05
0.8840000000036814	6.540435665547406e-05
0.8850000000036857	6.357484169861038e-05
0.8860000000036898	6.203543964755642e-05
0.887000000003694	6.055067397292557e-05
0.888000000003698	5.913231136112085e-05
0.8890000000037024	5.798250362609725e-05
0.8900000000037065	5.719158561601212e-05
0.8910000000037106	5.670987730321819e-05
0.8920000000037149	5.6484317247473825e-05
0.893000000003719	5.6497068094296665e-05
0.8940000000037231	5.65881358157716e-05
0.8950000000037273	5.6543257912156086e-05
0.8960000000037316	5.644519613656751e-05
0.8970000000037357	5.63144607830246e-05
0.8980000000037398	5.623122492859345e-05
0.8990000000037441	5.623587374370409e-05
0.9000000000037482	5.6277646886648824e-05
0.9010000000037524	5.611762173374224e-05
0.9020000000037565	5.5742959478077836e-05
0.9030000000037608	5.536895686408805e-05
0.9040000000037649	5.505729160870665e-05
0.905000000003769	5.4651705617914104e-05
0.9060000000037733	5.398431083170063e-05
0.9070000000037775	5.317300314056084e-05
0.9080000000037816	5.233650671776502e-05
0.9090000000037857	5.123941474094451e-05
0.91000000000379	4.9868558964827336e-05
0.9110000000037939	4.8334517451453785e-05
0.912000000003798	4.658730260220789e-05
0.9130000000038023	4.467708596855857e-05
0.9140000000038064	4.2622914470658024e-05
0.9150000000038105	4.037370350962188e-05
0.9160000000038147	3.786325098198429e-05
0.917000000003819	3.5184907048124714e-05
0.9180000000038231	3.258093226721215e-05
0.9190000000038272	3.0123246494317968e-05
0.9200000000038315	2.7647518468398857e-05
0.9210000000038356	2.5046263953276693e-05
0.9220000000038397	2.2420361662556232e-05
0.9230000000038439	1.9899815293378254e-05
0.9240000000038482	1.7539730931326325e-05
0.9250000000038523	1.5165135575201383e-05
0.9260000000038564	1.2737335835844021e-05
0.9270000000038607	1.0422327350601002e-05
0.9280000000038648	8.339218579012098e-06
0.929000000003869	6.38414625653283e-06
0.9300000000038731	4.430236557051437e-06
0.9310000000038774	2.557655280788218e-06
0.9320000000038815	7.811722249062569e-07
0.9330000000038856	-8.914642009028029e-07
0.9340000000038899	-2.4498001984785134e-06
0.935000000003894	-3.7209178027630685e-06
0.9360000000038982	-4.8222048292245745e-06
0.9370000000039023	-5.840441223092796e-06
0.9380000000039066	-6.736611426472194e-06
0.9390000000039107	-7.445419514917617e-06
0.9400000000039148	-7.863810339570065e-06
0.9410000000039191	-8.009303138489798e-06
0.942000000003923	-8.072436400663463e-06
0.9430000000039271	-8.074956558967727e-06
0.9440000000039312	-7.94558857464267e-06
0.9450000000039356	-7.6622390938752e-06
0.9460000000039397	-7.3341927706582766e-06
0.9470000000039438	-7.036501897150771e-06
0.9480000000039481	-6.786280148274315e-06
0.9490000000039522	-6.646612142224839e-06
0.9500000000039563	-6.518198331306735e-06
0.9510000000039605	-6.242668403100282e-06
0.9520000000039648	-5.725882143980954e-06
0.9530000000039689	-5.082835740299885e-06
0.954000000003973	-4.335935611443631e-06
0.9550000000039773	-3.49525057119493e-06
0.9560000000039814	-2.6081039954384266e-06
0.9570000000039856	-1.6229576360604625e-06
0.9580000000039897	-6.041495961284227e-07
0.959000000003994	3.2299846230987583e-07
0.9600000000039981	1.1908116073211517e-06
0.9610000000040022	1.938381777200071e-06
0.9620000000040065	2.518266259077251e-06
0.9630000000040106	3.029090838491122e-06
0.9640000000040148	3.682575253405318e-06
0.9650000000040189	4.349457303987059e-06
0.9660000000040232	4.876382790119926e-06
0.9670000000040273	5.219338356399206e-06
0.9680000000040314	5.536873173173085e-06
0.9690000000040357	5.742840412659156e-06
0.9700000000040399	5.673893165303312e-06
0.9710000000040437	5.446628341898574e-06
0.9720000000040478	5.121540254893198e-06
0.9730000000040522	4.681703224873601e-06
0.9740000000040563	4.222471230441727e-06
0.9750000000040604	3.862644444296848e-06
0.9760000000040647	3.5500152402168084e-06
0.9770000000040688	3.058116936571764e-06
0.978000000004073	2.4174854142966495e-06
0.979000000004077	1.7781136063543812e-06
0.9800000000040812	1.0980895268630775e-06
0.9810000000040855	2.8433984078368724e-07
0.9820000000040896	-6.252311044452341e-07
0.9830000000040937	-1.4986606771127953e-06
0.984000000004098	-2.3664497170727827e-06
0.9850000000041004	-3.24261428374939e-06
0.9860000000041018	-4.119310733408099e-06
0.987000000004103	-4.979172224084394e-06
0.9880000000041045	-5.958152619944812e-06
0.9890000000041059	-7.039813921139171e-06
0.9900000000041072	-8.170957697561931e-06
0.9910000000041086	-9.370414251641535e-06
0.99200000000411	-1.0699182643625349e-05
0.9930000000041115	-1.2128359739627115e-05
0.9940000000041127	-1.3605692127161007e-05
0.9950000000041141	-1.5113112368458914e-05
0.9960000000041156	-1.664901376274841e-05
0.997000000004117	-1.813896719604635e-05
0.9980000000041185	-1.9566163990347718e-05
0.9990000000041197	-2.092261706887477e-05
1.0000000000041211	-2.221377033251315e-05
1.001000000004117	-2.3422521610250158e-05
1.002000000004113	-2.4644203546531074e-05
1.0030000000041086	-2.589099858685273e-05
1.0040000000041045	-2.707484839881147e-05
1.0050000000041002	-2.811881824293927e-05
1.006000000004096	-2.8983027748452628e-05
1.007000000004092	-2.966390483005732e-05
1.0080000000040878	-3.0262314663520584e-05
1.0090000000040837	-3.0836037145265394e-05
1.0100000000040794	-3.136633439959624e-05
1.0110000000040753	-3.179086051741109e-05
1.012000000004071	-3.2106863458336576e-05
1.0130000000040669	-3.23792132448375e-05
1.0140000000040628	-3.25660249735904e-05
1.0150000000040587	-3.265222847614879e-05
1.0160000000040534	-3.278217568336572e-05
1.0170000000040464	-3.3084929099036486e-05
1.0180000000040397	-3.3524071747059736e-05
1.0190000000040325	-3.3971496031348636e-05
1.0200000000040257	-3.4382865167659205e-05
1.021000000004019	-3.480180655501819e-05
1.0220000000040117	-3.532830251429253e-05
1.023000000004005	-3.591999249996647e-05
1.0240000000039977	-3.6486072787278445e-05
1.025000000003991	-3.705450086632922e-05
1.026000000003984	-3.765502525299169e-05
1.027000000003977	-3.8336544870842815e-05
1.0280000000039702	-3.9083711547593936e-05
1.0290000000039632	-3.9808404490138116e-05
1.0300000000039562	-4.04389463337651e-05
1.0310000000039494	-4.098284628151205e-05
1.0320000000039424	-4.1514101838391326e-05
1.0330000000039354	-4.2037050914878193e-05
1.0340000000039287	-4.2530930047579574e-05
1.0350000000039217	-4.301367172643289e-05
1.0360000000039147	-4.350370465111553e-05
1.0370000000039077	-4.3987314880533646e-05
1.0380000000039007	-4.443901445894127e-05
1.039000000003894	-4.4702763619008934e-05
1.0400000000038867	-4.471202190847734e-05
1.04100000000388	-4.463118457564974e-05
1.0420000000038732	-4.455846246376183e-05
1.043000000003866	-4.444005325354716e-05
1.0440000000038592	-4.426593936046608e-05
1.0450000000038522	-4.412690097654881e-05
1.0460000000038452	-4.403058649971037e-05
1.0470000000038384	-4.3947847810477114e-05
1.0480000000038314	-4.386566382708068e-05
1.0490000000038244	-4.3771182082208426e-05
1.0500000000038174	-4.3678296518967485e-05
1.0510000000038104	-4.3591296134293245e-05
1.0520000000038037	-4.352256918682684e-05
1.0530000000037967	-4.3520311262312816e-05
1.0540000000037897	-4.3583545129122214e-05
1.055000000003783	-4.363610928082018e-05
1.056000000003776	-4.368832039203241e-05
1.057000000003769	-4.378710801966612e-05
1.0580000000037622	-4.395169607906979e-05
1.059000000003755	-4.4136973667896484e-05
1.0600000000037482	-4.4309633930872394e-05
1.0610000000037412	-4.451390501358787e-05
1.0620000000037342	-4.4679330576835596e-05
1.0630000000037274	-4.4707290294487834e-05
1.0640000000037202	-4.455983528806051e-05
1.0650000000037134	-4.420671674099097e-05
1.0660000000037064	-4.364837705983504e-05
1.0670000000036994	-4.294151954775671e-05
1.0680000000036927	-4.2118359260046034e-05
1.0690000000036857	-4.128984757123533e-05
1.0700000000036787	-4.0475975164877553e-05
1.071000000003672	-3.972174895983116e-05
1.072000000003665	-3.899883494962175e-05
1.073000000003658	-3.819254734116484e-05
1.0740000000036511	-3.725805557430739e-05
1.075000000003644	-3.6174573318170644e-05
1.0760000000036372	-3.495956335908268e-05
1.0770000000036304	-3.3618761303699785e-05
1.0780000000036232	-3.209145398042068e-05
1.0790000000036164	-3.0417274907490466e-05
1.0800000000036092	-2.8677601354498705e-05
1.0810000000036024	-2.6830285178913726e-05
1.0820000000035954	-2.48130630526866e-05
1.0830000000035884	-2.2704358999092733e-05
1.0840000000035817	-2.057785773135201e-05
1.0850000000035747	-1.8436456997061867e-05
1.0860000000035677	-1.6302359562292423e-05
1.087000000003561	-1.4192325505257841e-05
1.088000000003554	-1.2139789566711912e-05
1.089000000003547	-1.0103747807299612e-05
1.0900000000035401	-8.056517522447848e-06
1.091000000003533	-5.96984456668892e-06
1.0920000000035262	-3.867837711002409e-06
1.0930000000035192	-1.7982186806264622e-06
1.0940000000035122	1.993350725593146e-07
1.0950000000035054	2.0558670861259287e-06
1.0960000000034982	3.717803597869107e-06
1.0970000000034914	5.170516412356108e-06
1.0980000000034844	6.4411342034498276e-06
1.0990000000034774	7.505256691686668e-06
1.1000000000034706	8.419443382035041e-06
1.1010000000034637	9.185920351595378e-06
1.1020000000034567	9.980527464925615e-06
1.1030000000034499	1.0768464822286106e-05
1.104000000003443	1.1524020975484106e-05
1.105000000003436	1.2255403091243622e-05
1.106000000003429	1.2972931213939276e-05
1.107000000003422	1.3706266318802562e-05
1.1080000000034151	1.4535825463291019e-05
1.1090000000034081	1.5552582455335973e-05
1.1100000000034012	1.6766285690583693e-05
1.1110000000033944	1.8138078834217808e-05
1.1120000000033872	1.9652157732252817e-05
1.1130000000033804	2.1194963509385545e-05
1.1140000000033736	2.265000130685646e-05
1.1150000000033664	2.4014943588945847e-05
1.1160000000033596	2.5263798957175787e-05
1.1170000000033526	2.6394737004498126e-05
1.1180000000033457	2.748390123863409e-05
1.1190000000033387	2.8573438399459583e-05
1.1200000000033317	2.9686977720544405e-05
1.121000000003325	3.082532352238765e-05
1.122000000003318	3.192963638198876e-05
1.123000000003311	3.301994454041335e-05
1.1240000000033041	3.408640387092543e-05
1.1250000000032971	3.511153965718439e-05
1.1260000000032901	3.6094108080253484e-05
1.1270000000032834	3.699455464523105e-05
1.1280000000032764	3.783315983973967e-05
1.1290000000032694	3.86496271375103e-05
1.1300000000032626	3.9491826385296136e-05
1.1310000000032554	4.033678451254019e-05
1.1320000000032486	4.1113495204192496e-05
1.1330000000032414	4.178686730405001e-05
1.1340000000032346	4.234462255814364e-05
1.1350000000032279	4.276435821093383e-05
1.1360000000032207	4.305531283910202e-05
1.1370000000032139	4.329558387450305e-05
1.138000000003207	4.348447318092141e-05
1.1390000000032	4.353725201511338e-05
1.1400000000031931	4.34791859561523e-05
1.1410000000031861	4.3381481818594025e-05
1.1420000000031791	4.321717675481729e-05
1.1430000000031724	4.30037289844698e-05
1.1440000000031654	4.268553008823783e-05
1.1450000000031584	4.2307750051207016e-05
1.1460000000031516	4.190725594854783e-05
1.1470000000031444	4.145635105012868e-05
1.1480000000031376	4.092797973664908e-05
1.1490000000031304	4.0338379632909316e-05
1.1500000000031236	3.967883471744926e-05
1.1510000000031169	3.8975172238719935e-05
1.1520000000031096	3.825622896491687e-05
1.1530000000031029	3.7499841243904264e-05
1.1540000000030959	3.667096179760243e-05
1.155000000003089	3.57005505143837e-05
1.1560000000030821	3.4630919920397574e-05
1.1570000000030751	3.352584274274317e-05
1.1580000000030681	3.23755225845046e-05
1.1590000000030614	3.117115603423759e-05
1.1600000000030544	2.9910819113410092e-05
1.1610000000030474	2.8600059698069558e-05
1.1620000000030404	2.7225290897714416e-05
1.1630000000030334	2.5834861616891303e-05
1.1640000000030266	2.4467837559161154e-05
1.1650000000030196	2.3083852984773223e-05
1.1660000000030126	2.162956468865218e-05
1.1670000000030059	2.0114547349514567e-05
1.1680000000029986	1.8586229288963807e-05
1.1690000000029919	1.7074612845391357e-05
1.1700000000029849	1.552137765681305e-05
1.1710000000029779	1.3902134770704677e-05
1.172000000002971	1.2277307520847103e-05
1.1730000000029641	1.0675190448061755e-05
1.1740000000029571	9.064687665150117e-06
1.1750000000029501	7.469872170817737e-06
1.1760000000029431	5.93473293419855e-06
1.1770000000029364	4.466975154659991e-06
1.1780000000029294	3.015836588682319e-06
1.1790000000029224	1.5759495122225076e-06
1.1800000000029156	1.2900853529895784e-07
1.1810000000029086	-1.3177668685138144e-06
1.1820000000029016	-2.758186357532111e-06
1.1830000000028948	-4.235817217423943e-06
1.1840000000028876	-5.729038791812968e-06
1.1850000000028809	-7.270665017822253e-06
1.186000000002874	-8.897609628855108e-06
1.1870000000028669	-1.0634928812702782e-05
1.18800000000286	-1.2502090093846618e-05
1.1890000000028529	-1.4441854127911213e-05
1.1900000000028461	-1.6421980864489427e-05
1.1910000000028391	-1.8435613647671545e-05
1.1920000000028321	-2.0437318246635527e-05
1.1930000000028254	-2.2376757836450878e-05
1.1940000000028184	-2.427170671470691e-05
1.1950000000028114	-2.6155590686860464e-05
1.1960000000028046	-2.8012759369699936e-05
1.1970000000027976	-2.9810364466031913e-05
1.1980000000027906	-3.151932007727787e-05
1.1990000000027838	-3.315933400704907e-05
1.2000000000027768	-3.474519386914565e-05
1.2010000000027699	-3.618172188302182e-05
1.2020000000027629	-3.752765623810106e-05
1.2030000000027559	-3.882323409065691e-05
1.204000000002749	-4.0062530207496394e-05
1.2050000000027419	-4.125195390325409e-05
1.206000000002735	-4.231263337439728e-05
1.2070000000027283	-4.323114566462394e-05
1.2080000000027211	-4.398730703081277e-05
1.2090000000027143	-4.45681814362775e-05
1.2100000000027074	-4.5051748048585694e-05
1.2110000000027004	-4.546457832677042e-05
1.2120000000026936	-4.5825254699094486e-05
1.2130000000026866	-4.6095757404218674e-05
1.2140000000026796	-4.6245431943425785e-05
1.2150000000026726	-4.628481775736937e-05
1.2160000000026656	-4.6196618263438793e-05
1.2170000000026588	-4.60520004030851e-05
1.2180000000026519	-4.587696626412452e-05
1.2190000000026449	-4.5657578751745476e-05
1.220000000002638	-4.5378309198484956e-05
1.2210000000026309	-4.5056426577705366e-05
1.222000000002624	-4.4644594954679206e-05
1.2230000000026173	-4.415564004167649e-05
1.2240000000026101	-4.354683995488884e-05
1.2250000000026033	-4.2816376501608744e-05
1.2260000000025963	-4.205862423911633e-05
1.2270000000025894	-4.131012794106326e-05
1.2280000000025826	-4.0569895861430894e-05
1.2290000000025754	-3.9811333063966003e-05
1.2300000000025686	-3.8989698548874685e-05
1.2310000000025616	-3.813204664093739e-05
1.2320000000025546	-3.717502770417269e-05
1.2330000000025478	-3.607795860527396e-05
1.2340000000025408	-3.492137597937983e-05
1.2350000000025338	-3.3727097303648534e-05
1.236000000002527	-3.246352215557913e-05
1.23700000000252	-3.1157234089862484e-05
1.238000000002513	-2.985902096219739e-05
1.2390000000025063	-2.8576539673697e-05
1.240000000002499	-2.7282890763258294e-05
1.2410000000024923	-2.6022245174006642e-05
1.2420000000024853	-2.4811760240828207e-05
1.2430000000024783	-2.3641329855994542e-05
1.2440000000024716	-2.2543474336167435e-05
1.2450000000024644	-2.149848267074539e-05
1.2460000000024576	-2.0451920482278396e-05
1.2470000000024506	-1.9428700249513042e-05
1.2480000000024436	-1.844566619801924e-05
1.2490000000024368	-1.744390802960183e-05
1.2500000000024298	-1.6440699389885793e-05
1.2510000000024228	-1.5412324741559402e-05
1.252000000002416	-1.4380130363367272e-05
1.253000000002409	-1.335202784868983e-05
1.254000000002402	-1.2319569400620622e-05
1.2550000000023953	-1.128399574645833e-05
1.256000000002388	-1.0237514908473244e-05
1.2570000000023813	-9.203904366206217e-06
1.2580000000023743	-8.145662638625595e-06
1.2590000000023673	-6.996483235433004e-06
1.2600000000023606	-5.7797828612038415e-06
1.2610000000023533	-4.548590652575513e-06
1.2620000000023466	-3.296195621338427e-06
1.2630000000023396	-1.997774744078029e-06
1.2640000000023326	-6.369411040818562e-07
1.2650000000023258	7.480861263786664e-07
1.2660000000023188	2.1294515256675695e-06
1.2670000000023118	3.5333854786490093e-06
1.268000000002305	4.9587843626852646e-06
1.269000000002298	6.414948688249211e-06
1.270000000002291	7.8671243798345e-06
1.271000000002284	9.284224803396413e-06
1.272000000002277	1.0657482720000111e-05
1.2730000000022703	1.198481661845996e-05
1.2740000000022633	1.3255245451482267e-05
1.2750000000022563	1.4429953325789668e-05
1.2760000000022496	1.5528370302497763e-05
1.2770000000022423	1.6577435744569158e-05
1.2780000000022356	1.758958454300963e-05
1.2790000000022288	1.856896432594901e-05
1.2800000000022216	1.9505308496925444e-05
1.2810000000022148	2.0431961546663047e-05
1.2820000000022078	2.140379185600061e-05
1.2830000000022008	2.2406430243648856e-05
1.2840000000021938	2.3438879651171973e-05
1.2850000000021868	2.448283239475657e-05
1.28600000000218	2.550522533639743e-05
1.287000000002173	2.6509447711875467e-05
1.288000000002166	2.7507726337416827e-05
1.2890000000021593	2.850990950098442e-05
1.2900000000021523	2.9489453897690865e-05
1.2910000000021453	3.03897982177892e-05
1.2920000000021385	3.121823519292022e-05
1.2930000000021313	3.1981757866672567e-05
1.2940000000021246	3.26827988765821e-05
1.2950000000021178	3.33482491293724e-05
1.2960000000021106	3.398901417828171e-05
1.2970000000021038	3.457329576150858e-05
1.2980000000020966	3.509008577839978e-05
1.2990000000020898	3.5564686266309486e-05
1.3000000000020828	3.6029091820544146e-05
1.3010000000020758	3.650171466074159e-05
1.302000000002069	3.6977654981784625e-05
1.303000000002062	3.744741728173295e-05
1.304000000002055	3.79166279828036e-05
1.3050000000020483	3.838466571026711e-05
1.3060000000020413	3.884852181867959e-05
1.3070000000020343	3.931992690975328e-05
1.3080000000020275	3.9791969075331224e-05
1.3090000000020205	4.0233698490155234e-05
1.3100000000020136	4.063765368544914e-05
1.3110000000020068	4.100910143489678e-05
1.3120000000019996	4.1292635086787044e-05
1.3130000000019928	4.147699679135641e-05
1.3140000000019856	4.159197324793418e-05
1.3150000000019788	4.165817754575585e-05
1.316000000001972	4.1700450784887266e-05
1.3170000000019648	4.175560375729859e-05
1.318000000001958	4.1825608926959745e-05
1.319000000001951	4.189595742076779e-05
1.320000000001944	4.195602057066594e-05
1.3210000000019373	4.201696374361852e-05
1.3220000000019303	4.208958077955849e-05
1.3230000000019233	4.216739588536189e-05
1.3240000000019165	4.222845848800283e-05
1.3250000000019095	4.225158374016047e-05
1.3260000000019025	4.2253935743086224e-05
1.3270000000018956	4.225695832404952e-05
1.3280000000018886	4.2290254500088054e-05
1.3290000000018818	4.2351175169930144e-05
1.3300000000018748	4.240797468035851e-05
1.3310000000018678	4.245065053298802e-05
1.332000000001861	4.251397810473012e-05
1.3330000000018538	4.2608953279343886e-05
1.334000000001847	4.275281853627355e-05
1.33500000000184	4.29077565855529e-05
1.336000000001833	4.3035090821597066e-05
1.3370000000018263	4.3108756643595036e-05
1.3380000000018193	4.3141749904718196e-05
1.3390000000018123	4.3128014354687494e-05
1.3400000000018053	4.302225897667711e-05
1.3410000000017983	4.283223576262429e-05
1.3420000000017915	4.257442410371404e-05
1.3430000000017845	4.2237451167270734e-05
1.3440000000017776	4.183423669434916e-05
1.3450000000017708	4.1393194159633495e-05
1.3460000000017638	4.094000228693773e-05
1.3470000000017568	4.051243354630252e-05
1.34800000000175	4.012576793410716e-05
1.3490000000017428	3.973857084071941e-05
1.350000000001736	3.93079245541994e-05
1.3510000000017293	3.8815780722845084e-05
1.352000000001722	3.823909235078915e-05
1.3530000000017153	3.760586473955385e-05
1.354000000001708	3.69153999939531e-05
1.3550000000017013	3.615905305931477e-05
1.3560000000016943	3.543168210629055e-05
1.3570000000016873	3.4812745822287994e-05
1.3580000000016805	3.429702416091196e-05
1.3590000000016735	3.384344259127481e-05
1.3600000000016665	3.341121139066594e-05
1.3610000000016598	3.30379953821236e-05
1.3620000000016528	3.2751804883712765e-05
1.3630000000016458	3.2580677409188574e-05
1.364000000001639	3.2494621830414516e-05
1.3650000000016318	3.24719497601933e-05
1.366000000001625	3.246574562598692e-05
1.367000000001618	3.2426644633432034e-05
1.368000000001611	3.2354020637170855e-05
1.3690000000016043	3.233059898788415e-05
1.370000000001597	3.2397421711571894e-05
1.3710000000015903	3.251714691843155e-05
1.3720000000015833	3.270885991835115e-05
1.3730000000015763	3.292818074429604e-05
1.3740000000015695	3.3241679650908296e-05
1.3750000000015625	3.361986766825531e-05
1.3760000000015555	3.408249653780171e-05
1.3770000000015488	3.460151150136426e-05
1.3780000000015418	3.510378658599933e-05
1.3790000000015348	3.5514605232545016e-05
1.3800000000015278	3.580071481767977e-05
1.3810000000015208	3.601516580253872e-05
1.382000000001514	3.619552838940443e-05
1.383000000001507	3.63501715209269e-05
1.3840000000015	3.6425220921953994e-05
1.3850000000014933	3.641568956491703e-05
1.386000000001486	3.633127729174568e-05
1.3870000000014793	3.626500875208993e-05
1.3880000000014725	3.624365421162068e-05
1.3890000000014653	3.622346693121781e-05
1.3900000000014585	3.6168697455041254e-05
1.3910000000014515	3.607281902351378e-05
1.3920000000014445	3.59212925631347e-05
1.3930000000014378	3.5704263553815174e-05
1.3940000000014305	3.544104533959036e-05
1.3950000000014238	3.518529831958439e-05
1.3960000000014168	3.50088753936495e-05
1.3970000000014098	3.491534806099317e-05
1.398000000001403	3.4864219016883524e-05
1.399000000001396	3.481896862644884e-05
1.400000000001389	3.478206803975148e-05
1.4010000000013823	3.475962159882329e-05
1.4020000000013753	3.4686423125762644e-05
1.4030000000013683	3.456164424231467e-05
1.4040000000013615	3.4400981248738915e-05
1.4050000000013543	3.420285213295848e-05
1.4060000000013475	3.3966451478573134e-05
1.4070000000013405	3.369722882595738e-05
1.4080000000013335	3.343797887678246e-05
1.4090000000013267	3.320120871053156e-05
1.4100000000013195	3.296176009526253e-05
1.4110000000013128	3.273662233294061e-05
1.4120000000013058	3.251023707617762e-05
1.4130000000012988	3.221820751553306e-05
1.414000000001292	3.1876795301366556e-05
1.415000000001285	3.1492618604578304e-05
1.416000000001278	3.104774827866752e-05
1.4170000000012712	3.054137238411858e-05
1.4180000000012642	2.9984788775472282e-05
1.4190000000012573	2.939740344487518e-05
1.4200000000012505	2.8764769608224938e-05
1.4210000000012433	2.811583271911111e-05
1.4220000000012365	2.7497471464021928e-05
1.4230000000012293	2.6914800721478116e-05
1.4240000000012225	2.6401100422956958e-05
1.4250000000012157	2.592147619151497e-05
1.4260000000012085	2.5411700747102195e-05
1.4270000000012018	2.487537794615413e-05
1.4280000000011948	2.4333511160823385e-05
1.4290000000011878	2.3799814017233523e-05
1.430000000001181	2.3299399519172148e-05
1.431000000001174	2.280413513933155e-05
1.432000000001167	2.225180549864092e-05
1.4330000000011602	2.1720252909140925e-05
1.4340000000011532	2.1260476754103586e-05
1.4350000000011462	2.081536283804475e-05
1.4360000000011393	2.0384281501195645e-05
1.4370000000011323	1.99676789194303e-05
1.4380000000011255	1.949104036813587e-05
1.4390000000011185	1.896120054400985e-05
1.4400000000011115	1.84047535392029e-05
1.4410000000011047	1.7845384157055832e-05
1.4420000000010975	1.7308519987491167e-05
1.4430000000010907	1.6759813281974623e-05
1.4440000000010837	1.6148180994379757e-05
1.4450000000010768	1.54729371654172e-05
1.44600000000107	1.4737314557478065e-05
1.447000000001063	1.3896975727512029e-05
1.448000000001056	1.2958150262365464e-05
1.449000000001049	1.1988307745069982e-05
1.450000000001042	1.0988325439997837e-05
1.4510000000010352	9.958136054866173e-06
1.4520000000010282	8.887113551070414e-06
1.4530000000010213	7.815239462916068e-06
1.4540000000010145	6.776434951616395e-06
1.4550000000010075	5.780836241808807e-06
1.4560000000010005	4.821449027581082e-06
1.4570000000009937	3.882139336441881e-06
1.4580000000009865	2.9470835606337786e-06
1.4590000000009797	1.982185780957657e-06
1.460000000000973	9.499685313940631e-07
1.4610000000009657	-1.404139027272322e-07
1.462000000000959	-1.2615298328189084e-06
1.4630000000009518	-2.385846648245149e-06
1.464000000000945	-3.4943448323776494e-06
1.465000000000938	-4.578860324899736e-06
1.466000000000931	-5.6437453292979e-06
1.4670000000009242	-6.704971956317252e-06
1.4680000000009172	-7.753518988629082e-06
1.4690000000009102	-8.789571182665767e-06
1.4700000000009035	-9.820017586203988e-06
1.4710000000008965	-1.0822868659055018e-05
1.4720000000008895	-1.175178096479712e-05
1.4730000000008827	-1.2601894761488097e-05
1.4740000000008757	-1.3389970704436038e-05
1.4750000000008687	-1.4089418829854594e-05
1.476000000000862	-1.4750248169104196e-05
1.4770000000008547	-1.539451820486981e-05
1.478000000000848	-1.60241638629266e-05
1.4790000000008408	-1.6673364077401942e-05
1.480000000000834	-1.735994467733093e-05
1.4810000000008272	-1.8060929801722025e-05
1.48200000000082	-1.8740933730887477e-05
1.4830000000008132	-1.940604512706834e-05
1.4840000000008062	-2.005532645732444e-05
1.4850000000007992	-2.0676102490346793e-05
1.4860000000007925	-2.1249802421685615e-05
1.4870000000007855	-2.1757609079742224e-05
1.4880000000007785	-2.2194544399667393e-05
1.4890000000007717	-2.259974624463368e-05
1.4900000000007645	-2.3004262702741585e-05
1.4910000000007577	-2.3416054189429047e-05
1.4920000000007507	-2.383819547291388e-05
1.4930000000007437	-2.42722029932807e-05
1.494000000000737	-2.4705245899259154e-05
1.49500000000073	-2.5127693766835435e-05
1.496000000000723	-2.5526809204645673e-05
1.497000000000716	-2.5889005060619752e-05
1.498000000000709	-2.620089764127087e-05
1.4990000000007022	-2.6451537771032818e-05
1.5000000000006952	-2.6660519396148885e-05
1.5010000000006882	-2.6857988973283398e-05
1.5020000000006815	-2.705271393610431e-05
1.5030000000006745	-2.7230472201322797e-05
1.5040000000006675	-2.739954844988013e-05
1.5050000000006605	-2.7557520978049865e-05
1.5060000000006535	-2.769458589657603e-05
1.5070000000006467	-2.7792786784663903e-05
1.5080000000006397	-2.7880150332615372e-05
1.5090000000006327	-2.7976792835282538e-05
1.5100000000006257	-2.8063760742380595e-05
1.5110000000006187	-2.8130798634729004e-05
1.512000000000612	-2.8161793646619415e-05
1.513000000000605	-2.8157803150907768e-05
1.514000000000598	-2.811998426666129e-05
1.5150000000005912	-2.804589067517682e-05
1.5160000000005842	-2.7955073744312386e-05
1.5170000000005772	-2.783936482653182e-05
1.5180000000005702	-2.766376558782646e-05
1.5190000000005632	-2.7440136235012957e-05
1.5200000000005565	-2.7162497118204953e-05
1.5210000000005495	-2.6855671947600968e-05
1.5220000000005425	-2.6521768848430938e-05
1.5230000000005357	-2.614339941819921e-05
1.5240000000005285	-2.5737217992372052e-05
1.5250000000005217	-2.5320166373132835e-05
1.5260000000005147	-2.4915064372521556e-05
1.5270000000005077	-2.4485945614660665e-05
1.528000000000501	-2.404494309149463e-05
1.529000000000494	-2.359556963948961e-05
1.530000000000487	-2.313160316447238e-05
1.53100000000048	-2.262444370715322e-05
1.532000000000473	-2.210294970117488e-05
1.5330000000004662	-2.155754058597026e-05
1.5340000000004592	-2.100218798095632e-05
1.5350000000004522	-2.0419446132180497e-05
1.5360000000004455	-1.9833948261993584e-05
1.5370000000004385	-1.929422454982621e-05
1.5380000000004315	-1.874841077542655e-05
1.5390000000004245	-1.8153397312925534e-05
1.5400000000004175	-1.7520200120246798e-05
1.5410000000004107	-1.6863758999452472e-05
1.5420000000004037	-1.61841299282095e-05
1.5430000000003967	-1.5521630118975338e-05
1.5440000000003897	-1.489271594223851e-05
1.5450000000003827	-1.4295815838893944e-05
1.546000000000376	-1.3686695957471073e-05
1.547000000000369	-1.3029979574419315e-05
1.548000000000362	-1.233503069419939e-05
1.549000000000355	-1.1619528914152966e-05
1.5500000000003482	-1.0886833937684415e-05
1.5510000000003412	-1.0099408207508986e-05
1.5520000000003342	-9.280317534221538e-06
1.5530000000003272	-8.433869958412998e-06
1.5540000000003205	-7.6009178020530754e-06
1.5550000000003135	-6.809360782789042e-06
1.5560000000003065	-6.013957773332024e-06
1.5570000000002997	-5.149973117735129e-06
1.5580000000002925	-4.1930981657944955e-06
1.5590000000002857	-3.1897897332378022e-06
1.5600000000002787	-2.1584264835450284e-06
1.5610000000002717	-1.1567137199186561e-06
1.5620000000002647	-2.005075594446737e-07
1.5630000000002577	7.205637264640075e-07
1.564000000000251	1.6326225034113406e-06
1.565000000000244	2.5248391390952918e-06
1.566000000000237	3.392834782012244e-06
1.5670000000002302	4.251041178182646e-06
1.5680000000002232	5.102517433352993e-06
1.5690000000002162	5.9778965922907545e-06
1.5700000000002092	6.874858200500711e-06
1.5710000000002025	7.762149194734391e-06
1.5720000000001955	8.68890244032361e-06
1.5730000000001885	9.650445946585151e-06
1.5740000000001815	1.0579034133373355e-05
1.5750000000001747	1.1484950790396908e-05
1.5760000000001675	1.2413877976569232e-05
1.5770000000001607	1.32798011431845e-05
1.5780000000001537	1.4115451761442799e-05
1.5790000000001467	1.4875307007722327e-05
1.58000000000014	1.5583635088578518e-05
1.581000000000133	1.6274502616653308e-05
1.582000000000126	1.69230181756852e-05
1.583000000000119	1.7554527124818975e-05
1.584000000000112	1.8154878330789437e-05
1.5850000000001052	1.8716387539474688e-05
1.5860000000000982	1.9244503767668064e-05
1.5870000000000912	1.9735076277949126e-05
1.5880000000000845	2.0208514548203382e-05
1.5890000000000775	2.0651786102221514e-05
1.5900000000000705	2.1070863992056488e-05
1.5910000000000635	2.1460889168545272e-05
1.5920000000000565	2.18346112409451e-05
1.5930000000000497	2.2207405005025826e-05
1.5940000000000427	2.2580079409140197e-05
1.5950000000000357	2.2966224075826602e-05
1.5960000000000287	2.3336335596590985e-05
1.5970000000000217	2.3684503890120112e-05
1.598000000000015	2.4009580554262833e-05
1.599000000000008	2.4305350199260722e-05
1.600000000000001	2.4565891714956045e-05
1.6009999999999942	2.4805911512659762e-05
1.6019999999999872	2.502391731917797e-05
1.6029999999999802	2.522613739786017e-05
1.6039999999999732	2.54189942737737e-05
1.6049999999999662	2.5577766021633863e-05
1.6059999999999595	2.5706823580717852e-05
1.6069999999999525	2.580183580636053e-05
1.6079999999999455	2.58860594247734e-05
1.6089999999999387	2.5970385768903093e-05
1.6099999999999315	2.607977096080738e-05
1.6109999999999247	2.618535309939496e-05
1.6119999999999177	2.626979840625321e-05
1.6129999999999107	2.6350625816573547e-05
1.6139999999999037	2.6436570816801286e-05
1.614999999999897	2.6526759560274726e-05
1.61599999999989	2.6612761017563713e-05
1.616999999999883	2.670948297978093e-05
1.617999999999876	2.6818326490984923e-05
1.6189999999998692	2.694765491795259e-05
1.6199999999998622	2.7068375642924636e-05
1.6209999999998552	2.7182485308308024e-05
1.6219999999998485	2.729835503578748e-05
1.6229999999998415	2.7416854259665335e-05
1.6239999999998345	2.7576325135170165e-05
1.6249999999998275	2.7749016969114138e-05
1.6259999999998205	2.7943744795755343e-05
1.6269999999998137	2.8140850347746493e-05
1.6279999999998067	2.8336767458170264e-05
1.6289999999997997	2.851062388820047e-05
1.6299999999997927	2.8666526357801203e-05
1.6309999999997857	2.8822855138610493e-05
1.631999999999779	2.895027692217944e-05
1.632999999999772	2.9033238493902935e-05
1.633999999999765	2.9051912750155395e-05
1.634999999999758	2.9025662620751902e-05
1.6359999999997512	2.9038889612476027e-05
1.6369999999997442	2.9101801742648092e-05
1.6379999999997372	2.917231725341196e-05
1.6389999999997302	2.9219702468608055e-05
1.6399999999997235	2.9231953367903074e-05
1.6409999999997165	2.9234620260609745e-05
1.6419999999997095	2.9215091566725526e-05
1.6429999999997025	2.9207345390247497e-05
1.6439999999996955	2.9234548964529594e-05
1.6449999999996887	2.9212138726086856e-05
1.6459999999996817	2.9114426393750392e-05
1.6469999999996747	2.8984009658117316e-05
1.6479999999996677	2.883499803274514e-05
1.6489999999996607	2.8662701238246768e-05
1.649999999999654	2.8435592737574567e-05
1.650999999999647	2.8224364432727356e-05
1.65199999999964	2.8034920364516935e-05
1.6529999999996332	2.7831853158133413e-05
1.6539999999996262	2.7703636283238353e-05
1.6549999999996192	2.7627479396663546e-05
1.6559999999996122	2.7606954749792578e-05
1.6569999999996052	2.7594676514919314e-05
1.6579999999995985	2.750591215150422e-05
1.6589999999995915	2.737496174676224e-05
1.6599999999995845	2.721937787586448e-05
1.6609999999995777	2.703743679766113e-05
1.6619999999995705	2.6818898582359196e-05
1.6629999999995637	2.6571641204897745e-05
1.6639999999995567	2.63010118026763e-05
1.6649999999995497	2.6033472577347005e-05
1.665999999999543	2.5782662996798322e-05
1.666999999999536	2.554809249799561e-05
1.667999999999529	2.5324837718332383e-05
1.668999999999522	2.5106715140110758e-05
1.669999999999515	2.4902577301144646e-05
1.6709999999995082	2.4675721347677815e-05
1.6719999999995012	2.4425595342991713e-05
1.6729999999994942	2.415367724339923e-05
1.6739999999994875	2.3854534348721756e-05
1.6749999999994805	2.3529223402762867e-05
1.6759999999994735	2.318417431101949e-05
1.6769999999994665	2.284525710993801e-05
1.6779999999994595	2.2513686201652838e-05
1.6789999999994527	2.22019774595017e-05
1.6799999999994457	2.1889631704574697e-05
1.6809999999994387	2.1589206160133045e-05
1.6819999999994317	2.1280336654383447e-05
1.6829999999994247	2.096008338359212e-05
1.683999999999418	2.0603685549014372e-05
1.684999999999411	2.0202593182805373e-05
1.685999999999404	1.9790378313344625e-05
1.6869999999993972	1.934369400102831e-05
1.6879999999993902	1.887708280334799e-05
1.6889999999993832	1.8410264581047997e-05
1.6899999999993762	1.7940516288561525e-05
1.6909999999993692	1.7441127119210975e-05
1.6919999999993625	1.6952512007284426e-05
1.6929999999993555	1.6451987803645096e-05
1.6939999999993485	1.5981317319280208e-05
1.6949999999993415	1.554269108838824e-05
1.6959999999993345	1.5087541206493249e-05
1.6969999999993277	1.464602158707251e-05
1.6979999999993207	1.4212222152254483e-05
1.6989999999993137	1.3817809508598344e-05
1.6999999999993067	1.3430101275968553e-05
1.7009999999993	1.3018367433503819e-05
1.701999999999293	1.263022904463007e-05
1.702999999999286	1.2252986660632459e-05
1.703999999999279	1.1883872163886977e-05
1.7049999999992722	1.1514220929154106e-05
1.7059999999992652	1.113196733659727e-05
1.7069999999992582	1.0705927038667795e-05
1.7079999999992515	1.0290683123082012e-05
1.7089999999992442	9.810152568623387e-06
1.7099999999992375	9.324562672219372e-06
1.7109999999992305	8.867041131899178e-06
1.7119999999992235	8.404638975223477e-06
1.7129999999992167	7.911054524689654e-06
1.7139999999992095	7.410490107329082e-06
1.7149999999992027	6.9552820851637165e-06
1.7159999999991957	6.540867806714701e-06
1.7169999999991887	6.191294734447794e-06
1.717999999999182	5.863509153547497e-06
1.718999999999175	5.562845307283126e-06
1.719999999999168	5.3286521923823216e-06
1.720999999999161	5.1333294696087606e-06
1.721999999999154	4.945746997497835e-06
1.7229999999991472	4.7553013600154515e-06
1.7239999999991402	4.567188307325054e-06
1.7249999999991332	4.3822306630136865e-06
1.7259999999991265	4.208348459155964e-06
1.7269999999991195	4.017947270895661e-06
1.7279999999991125	3.848602544875845e-06
1.7289999999991055	3.710280385704756e-06
1.7299999999990985	3.5553468326066096e-06
1.7309999999990917	3.4182289915252184e-06
1.7319999999990847	3.300860802468719e-06
1.7329999999990777	3.1912555892299466e-06
1.7339999999990707	3.0700800165428532e-06
1.7349999999990655	2.914208339865887e-06
1.7359999999990614	2.747798804048074e-06
1.7369999999990573	2.6117820569604433e-06
1.7379999999990532	2.4795666302424024e-06
1.7389999999990489	2.3445123897847253e-06
1.7399999999990448	2.2377242541171682e-06
1.7409999999990406	2.19529654321704e-06
1.7419999999990363	2.19542329971123e-06
1.7429999999990322	2.24044712326954e-06
1.743999999999028	2.305017362536077e-06
1.744999999999024	2.4103390607876918e-06
1.74599999999902	2.5810151486060917e-06
1.7469999999990156	2.784317607362752e-06
1.7479999999990115	2.9791978426452204e-06
1.7489999999990071	3.1476052857470904e-06
1.749999999999003	3.2885006606697686e-06
1.7509999999990045	3.4179107305520873e-06
1.751999999999006	3.5399884529274672e-06
1.7529999999990071	3.666836605242807e-06
1.7539999999990086	3.7661000386046695e-06
1.75499999999901	3.843542627279817e-06
1.7559999999990115	3.916986791141497e-06
1.756999999999013	4.018493664936784e-06
1.7579999999990141	4.160571983713446e-06
1.7589999999990156	4.270459941002613e-06
1.759999999999017	4.334207378331456e-06
1.7609999999990182	4.356005170680355e-06
1.7619999999990197	4.414084322834633e-06
1.7629999999990211	4.552304910587779e-06
1.7639999999990226	4.710342752733965e-06
1.7649999999990238	4.8620060677517785e-06
1.7659999999990263	4.978123913423893e-06
1.7669999999990305	5.06614327600019e-06
1.7679999999990346	5.173813461212262e-06
1.7689999999990387	5.288490407373558e-06
1.769999999999043	5.393911720608102e-06
1.7709999999990471	5.514222278568681e-06
1.7719999999990512	5.663274534883911e-06
1.7729999999990556	5.794284976268216e-06
1.7739999999990597	5.907511122726916e-06
1.7749999999990638	6.033961568507884e-06
1.7759999999990679	6.134000427260311e-06
1.776999999999072	6.2188627198978e-06
1.7779999999990763	6.308614760586195e-06
1.7789999999990804	6.43198385441579e-06
1.7799999999990845	6.5867370852013e-06
1.7809999999990886	6.707984145259971e-06
1.781999999999093	6.780558027164041e-06
1.782999999999097	6.8249921143515024e-06
1.7839999999991012	6.880794487962305e-06
1.7849999999991053	6.930343099842418e-06
1.7859999999991096	6.97868998433826e-06
1.7869999999991137	7.038021264671457e-06
1.7879999999991179	7.106018816593895e-06
1.788999999999122	7.20880028126647e-06
1.789999999999126	7.356349068121659e-06
1.7909999999991304	7.4995311351022664e-06
1.7919999999991345	7.640250395013481e-06
1.7929999999991386	7.760543705326306e-06
1.7939999999991427	7.852049032530672e-06
1.794999999999147	7.89970776360338e-06
1.7959999999991512	7.889036825470264e-06
1.7969999999991553	7.871327058817101e-06
1.7979999999991594	7.86084316750646e-06
1.7989999999991637	7.869027307760845e-06
1.7999999999991678	7.866975227699413e-06
1.800999999999172	7.852814077891068e-06
1.801999999999176	7.814105759007539e-06
1.8029999999991801	7.694115356615683e-06
1.8039999999991845	7.567736974189998e-06
1.8049999999991886	7.404612132555499e-06
1.8059999999991927	7.20601347725669e-06
1.8069999999991968	6.975462540581567e-06
1.8079999999992011	6.750306411174023e-06
1.8089999999992052	6.550085365653047e-06
1.8099999999992094	6.371162219243054e-06
1.8109999999992135	6.219732674228595e-06
1.8119999999992178	6.061992287142992e-06
1.812999999999222	5.92026853041272e-06
1.813999999999226	5.776896603970627e-06
1.8149999999992301	5.60621410894413e-06
1.8159999999992344	5.434014909377893e-06
1.8169999999992386	5.253994849740984e-06
1.8179999999992427	5.070272374063656e-06
1.8189999999992468	4.93743917184819e-06
1.819999999999251	4.844042593044051e-06
1.8209999999992552	4.767048763731907e-06
1.8219999999992593	4.710103690852563e-06
1.8229999999992634	4.6697978867138445e-06
1.8239999999992675	4.64554437529241e-06
1.8249999999992719	4.587896072383302e-06
1.825999999999276	4.5338332874678144e-06
1.82699999999928	4.479528921019771e-06
1.8279999999992842	4.411249201474732e-06
1.8289999999992885	4.331799370982381e-06
1.8299999999992926	4.24172189028571e-06
1.8309999999992967	4.165358734931068e-06
1.8319999999993009	4.111886591329217e-06
1.8329999999993052	4.0910331478016815e-06
1.8339999999993093	4.087353456583287e-06
1.8349999999993134	4.058749898394609e-06
1.8359999999993175	3.996514597592871e-06
1.8369999999993218	3.9147051530408206e-06
1.837999999999326	3.7908133042607872e-06
1.83899999999933	3.6485578831513266e-06
1.8399999999993342	3.5139488573365796e-06
1.8409999999993385	3.3613069470028734e-06
1.8419999999993426	3.202080064435009e-06
1.8429999999993467	3.0533588352144037e-06
1.8439999999993508	2.9139233562736067e-06
1.844999999999355	2.8076168160362514e-06
1.8459999999993593	2.7233872986753838e-06
1.8469999999993634	2.6100191792277627e-06
1.8479999999993675	2.506165529325699e-06
1.8489999999993716	2.43055215065624e-06
1.849999999999376	2.320701249947099e-06
1.85099999999938	2.1974504296196073e-06
1.8519999999993841	2.0678272273366716e-06
1.8529999999993882	1.9240436419654117e-06
1.8539999999993926	1.7806066138215115e-06
1.8549999999993967	1.6115325018883908e-06
1.8559999999994008	1.4381362576365575e-06
1.856999999999405	1.303514588935073e-06
1.857999999999409	1.136604777851602e-06
1.8589999999994133	9.519684336378731e-07
1.8599999999994175	8.028763119893867e-07
1.8609999999994216	6.864889552371523e-07
1.861999999999426	5.914805880635754e-07
1.86299999999943	4.6497113515009403e-07
1.863999999999434	3.8929299939205464e-07
1.8649999999994382	3.5188451064094295e-07
1.8659999999994423	3.4387262770607663e-07
1.8669999999994467	3.934470134137058e-07
1.8679999999994508	4.4455467729243026e-07
1.8689999999994549	4.867210097181385e-07
1.869999999999459	5.306323080933595e-07
1.870999999999463	6.359355586571525e-07
1.8719999999994674	7.640465016223175e-07
1.8729999999994715	8.512754015033153e-07
1.8739999999994756	9.487363696880635e-07
1.87499999999948	1.0075287062427662e-06
1.875999999999484	1.075032209807425e-06
1.8769999999994882	1.1918405414812483e-06
1.8779999999994923	1.2750723323851076e-06
1.8789999999994964	1.30220346084009e-06
1.8799999999995007	1.3051740516134558e-06
1.8809999999995048	1.264880307827454e-06
1.881999999999509	1.2782200049521464e-06
1.882999999999513	1.3520781483311595e-06
1.8839999999995174	1.4191131036955795e-06
1.8849999999995215	1.490447936403072e-06
1.8859999999995256	1.5762065570523731e-06
1.8869999999995297	1.6875621375866956e-06
1.887999999999534	1.8043930545275089e-06
1.8889999999995382	1.917065502010651e-06
1.8899999999995423	2.104712303330203e-06
1.8909999999995464	2.286138497509249e-06
1.8919999999995505	2.4842795038892973e-06
1.8929999999995548	2.6732692118836e-06
1.893999999999559	2.9324298195243514e-06
1.894999999999563	3.2280362758374537e-06
1.8959999999995671	3.594824050878742e-06
1.8969999999995715	3.947303769957777e-06
1.8979999999995756	4.220865304938037e-06
1.8989999999995797	4.577163319696709e-06
1.8999999999995838	4.763974020272066e-06
1.9009999999995881	5.005867983021162e-06
1.9019999999995922	5.139324608438578e-06
1.9029999999995963	5.35247769484215e-06
1.9039999999996005	5.67798731343494e-06
1.9049999999996048	5.875648248498955e-06
1.905999999999609	6.191353178253145e-06
1.906999999999613	6.412958273083191e-06
1.9079999999996171	6.690706991996365e-06
1.9089999999996214	6.934260580959695e-06
1.9099999999996256	7.034150346529877e-06
1.9109999999996297	7.028891938265502e-06
1.9119999999996338	7.151074467137697e-06
1.9129999999996379	7.134869409841649e-06
1.9139999999996422	7.078964191387094e-06
1.9149999999996463	7.236620114703385e-06
1.9159999999996504	7.411313476701764e-06
1.9169999999996545	7.493280182235829e-06
1.9179999999996589	7.5719747627545075e-06
1.918999999999663	7.872251494123184e-06
1.919999999999667	8.047050342741002e-06
1.9209999999996712	8.183421423613169e-06
1.9219999999996755	8.426799460448109e-06
1.9229999999996796	8.654431984833622e-06
1.9239999999996837	8.689898136626795e-06
1.9249999999996878	8.842043241807929e-06
1.9259999999996922	8.961434884602326e-06
1.9269999999996963	8.972699276021956e-06
1.9279999999997004	8.959750098069819e-06
1.9289999999997045	8.953632662289657e-06
1.9299999999997088	8.990490855897981e-06
1.930999999999713	9.04476669627563e-06
1.931999999999717	9.194258274503042e-06
1.9329999999997212	9.389981158181016e-06
1.9339999999997253	9.496732196079272e-06
1.9349999999997296	9.329419565329289e-06
1.9359999999997337	9.303961483908552e-06
1.9369999999997378	9.373752556274262e-06
1.937999999999742	9.445457934242896e-06
1.9389999999997463	9.492086835649616e-06
1.9399999999997504	9.305856969787918e-06
1.9409999999997545	9.282755862760617e-06
1.9419999999997586	9.35847378946697e-06
1.942999999999763	9.243857164720204e-06
1.943999999999767	9.139967364180102e-06
1.9449999999997711	9.242129802689014e-06
1.9459999999997752	9.5565374113038e-06
1.9469999999997794	9.725867368248764e-06
1.9479999999997837	9.767428463924865e-06
1.9489999999997878	9.727351895971736e-06
1.949999999999792	9.88779463062528e-06
1.950999999999796	1.0108628378246998e-05
1.9519999999998003	1.0241082023076942e-05
1.9529999999998044	1.013519665715723e-05
1.9539999999998086	1.0137987551672722e-05
1.9549999999998127	1.0167623095358458e-05
1.955999999999817	1.0353553556941009e-05
1.956999999999821	1.0572325742419508e-05
1.9579999999998252	1.055255192761173e-05
1.9589999999998293	1.0215831364623895e-05
1.9599999999998337	9.875981627605057e-06
1.9609999999998378	9.784513688937402e-06
1.9619999999998419	9.908184604778825e-06
1.962999999999846	1.0170774376372371e-05
1.9639999999998503	1.0020601659999073e-05
1.9649999999998544	9.99393007972138e-06
1.9659999999998585	9.792223338411787e-06
1.9669999999998626	9.501984295834376e-06
1.9679999999998667	9.323788647597198e-06
1.968999999999871	9.417772281805625e-06
1.9699999999998752	9.301842519682246e-06
1.9709999999998793	8.77641948759944e-06
1.9719999999998834	8.747590204638556e-06
1.9729999999998877	9.242471123105389e-06
1.9739999999998918	9.576106707709364e-06
1.974999999999896	9.458556586627864e-06
1.9759999999999	9.312926472437866e-06
1.9769999999999044	8.92032040888946e-06
1.9779999999999085	8.52870078993373e-06
1.9789999999999126	8.762295679476395e-06
1.9799999999999167	9.427870968581331e-06
1.980999999999921	1.0033111741858391e-05
1.9819999999999252	1.0269921427941142e-05
1.9829999999999293	1.013043316877571e-05
1.9839999999999334	9.77935888935022e-06
1.9849999999999375	1.0064898305905956e-05
1.9859999999999418	1.0580406680005261e-05
1.986999999999946	1.0991559294737385e-05
1.98799999999995	1.1176842778293228e-05
1.9889999999999541	1.1262227846642325e-05
1.9899999999999585	1.1276504102708529e-05
1.9909999999999626	1.1337396949695489e-05
1.9919999999999667	1.1146897886726848e-05
1.9929999999999708	1.1084028180396999e-05
1.9939999999999751	1.11608851112166e-05
1.9949999999999792	1.124114814632371e-05
1.9959999999999833	1.1312759093717872e-05
1.9969999999999875	1.1172970967976426e-05
1.9979999999999918	1.0650703015979701e-05
1.998999999999996	1.0177524686794115e-05
2.0	1.0304098697178077e-05
2.0010279404845495	1.0320428355470312e-05
2.0021217900815715	1.0433620267091825e-05
2.0032857751923165	1.0463598728138734e-05
2.004524391841744	1.0149940387726986e-05
2.005842426366887	9.962357659265564e-06
2.007244970197923	9.637059437461737e-06
2.0087374418720856	8.647968713360044e-06
2.0103256076664273	7.90213540735607e-06
2.0120156028936726	7.098302538310897e-06
2.013813957200875	6.617587283486159e-06
2.0157276178435577	6.634712676811816e-06
2.0177639781367303	7.032616541668979e-06
2.019930905358886	6.901725234431666e-06
2.0222367711443985	4.942244831718234e-06
2.024690484011897	3.723391518328789e-06
2.027301523572695	2.6432793391872877e-06
2.0300799770731848	1.873143969266522e-06
2.033036578410754	1.6542354698279027e-06
2.036182751117039	8.020032866706828e-07
2.039530649180409	-2.0180776707512393e-06
2.043093206833892	-5.8336133677006075e-06
2.046884188175661	-7.772411010797953e-06
2.050918238233338	-8.582280847324597e-06
2.0552109433735133	-9.782196437102542e-06
2.059778886913171	-1.1897716051922913e-05
2.0646397170403086	-1.432444647386788e-05
2.0698122132469665	-1.5645705128575216e-05
2.0753163565584574	-1.4608062176790781e-05
2.081173414838828	-1.549644256981786e-05
2.0874060143976347	-1.4848318408589023e-05
2.094038234979271	-1.1717960283874618e-05
2.1010956980169606	-9.633900877936696e-06
2.1086056699538682	-7.172378042819005e-06
2.116597165034399	-8.931921664512288e-07
2.125101056786564	9.28438015357358e-06
2.1341501990307465	1.762760062795632e-05
2.143779554474847	2.341981812048477e-05
2.1540263207146424	3.0499896813029892e-05
2.1649300857539027	3.617850422665825e-05
2.1765329774064615	3.6543713728187655e-05
2.1888798204423576	3.394717290150506e-05
2.2020183144046843	3.0029009022380926e-05
2.2159992202680474	2.7733944531593835e-05
2.2308765524295735	2.3652568040710698e-05
2.246707783705272	1.079289351113566e-05
2.263554079768369	-1.1332505645000879e-06
2.2814805235907363	-8.162784555398872e-06
2.3005563724108544	-1.6856999146774854e-05
2.320855322320133	-2.7033942989085347e-05
2.3424557929209753	-3.5727812191854724e-05
2.3654412374910825	-3.7389487382633035e-05
2.389900455657507	-2.8724664963730717e-05
2.41592795027163	-1.0880938118518202e-05
2.44362426638729	-8.350553384328663e-06
2.473096411506492	-2.96261032417533e-06
2.5044582437089975	4.309012403003187e-06
2.537830924630887	7.0504377537305984e-06
2.5733433911797423	-2.6584044576782873e-06
2.611132843166974	-1.1459833963112231e-05
2.6513452603475027	-2.4024302887948323e-05
2.6941360153529494	-1.5264435387241093e-05
2.739670418177515	3.9534096574200817e-07
2.788124380079947	5.451709776060909e-06
2.839685109337027	1.3848508554348271e-05
2.894551789617174	1.1228151107878226e-05
2.9529364084026577	9.710100084214801e-06
3.0150645170164534	-2.064126488843243e-06
3.0811761422888653	-7.413689563584569e-06
3.1515266965252042	1.910221753109731e-05
3.226387989377641	1.1790525936250518e-05
3.30604919671757	-2.1153853815958357e-05
3.39081811677136	-2.62087354752083e-06
3.4810222154328754	1.5640316730292092e-05
3.577010018652917	1.6064440216734255e-05
3.6791523315125145	-6.719143295974561e-06
3.7878438030764574	1.0155709733172813e-06
3.9035043177534527	-3.5829678082244243e-06
4.02658072998157	9.067934755413454e-06
4.157548527011607	9.075371960598488e-06
4.296913682346355	-1.7006758829651858e-05
4.445214635465608	1.2366228469007368e-06
4.603024347307951	2.933579606789749e-06
4.770952424745148	-8.722359822854742e-06
4.9496476786701376	2.239212286259118e-06
5.139800459354712	1.9391998098416963e-06
5.342145448462832	-8.591161221316312e-06
5.557464321076707	5.318604775372826e-06
5.786588991858403	-3.588336559223748e-06
6.03040459644804	-7.407221111366269e-06
6.289853138906711	-1.1946834603815404e-06
6.565936951835777	1.18814260885447e-06
6.859722633511745	-1.48324972948366e-06
7.172345245053396	-4.739880516302364e-06
7.505012494394354	3.868551433638956e-07
7.859009576011049	1.862925849138719e-06
8.23570422033976	5.607113857775126e-06
8.636551628113326	-1.1824295478302105e-06
9.063100564489073	-1.3874911304334603e-06
9.516998831091398	3.208684628552838e-06
10.0	3.854008500336903e-06
