0.0	0.400234045136868
0.0010000000000041087	0.4002309902602246
0.0020000000000082174	0.4002228650079841
0.003000000000012548	0.400209906121878
0.004000000000016657	0.40019221116544
0.005000000000020766	0.40016905957368953
0.006000000000024874	0.4001411433429889
0.007000000000029205	0.400107988013485
0.008000000000033314	0.4000697244551211
0.009000000000037423	0.4000266157940179
0.010000000000041753	0.39997825641729623
0.011000000000045862	0.3999248009499696
0.01200000000004997	0.3998663208570745
0.01300000000005408	0.3998026640068928
0.01400000000005841	0.39973421302171186
0.015000000000062519	0.3996605891352969
0.016000000000066406	0.3995816459349749
0.017000000000070736	0.399497935896852
0.018000000000074845	0.39940915320211945
0.019000000000078954	0.39931510813238913
0.020000000000083062	0.39921619489028803
0.021000000000087393	0.3991121666536064
0.022000000000091502	0.39900304973110023
0.02300000000009561	0.3988891601858904
0.02400000000009972	0.39876980097733894
0.02500000000010405	0.39864576975280996
0.02600000000010816	0.3985166497101488
0.027000000000112268	0.3983823024140225
0.0280000000001166	0.3982430572239034
0.029000000000120707	0.3980989961103307
0.030000000000124816	0.3979497072424236
0.031000000000128924	0.3977954570536316
0.032000000000133255	0.39763629109130805
0.033000000000137364	0.39747194986584466
0.03400000000014147	0.3973027991698965
0.0350000000001458	0.3971287582785288
0.03600000000014991	0.3969495521908276
0.03700000000015402	0.3967654708263133
0.03800000000015813	0.3965764476422805
0.03900000000016246	0.39638254844012544
0.04000000000016657	0.3961835134798136
0.04100000000017068	0.3959796251242361
0.04200000000017501	0.3957709139797213
0.04300000000017912	0.3955572463254944
0.044000000000183226	0.3953386685254572
0.045000000000187335	0.3951150224176596
0.046000000000191665	0.39488677290763197
0.04700000000019555	0.3946536064061896
0.04800000000019966	0.3944152755710396
0.04900000000020399	0.3941723269560776
0.0500000000002081	0.393924460640352
0.05100000000021221	0.39367169754107045
0.05200000000021632	0.39341431447596453
0.05300000000022065	0.3931519923964779
0.05400000000022476	0.39288466192429805
0.055000000000228866	0.392612817409431
0.0560000000002332	0.39233604621670115
0.057000000000237305	0.3920543385172467
0.058000000000241414	0.3917681906812873
0.05900000000024552	0.391477097434036
0.060000000000249853	0.39118113779666297
0.06100000000025396	0.39088072295725085
0.06200000000025807	0.3905753328291205
0.0630000000002624	0.3902653021975159
0.06400000000026651	0.38995065468307855
0.06500000000027062	0.38963128981774964
0.06600000000027473	0.38930712788383004
0.06700000000027906	0.38897827465539936
0.06800000000028317	0.3886449351948431
0.06900000000028728	0.3883070132921457
0.0700000000002916	0.3879641094577062
0.07100000000029572	0.38761691418295485
0.07200000000029982	0.3872650643549138
0.07300000000030393	0.38690844153393544
0.07400000000030826	0.3865474564075023
0.07500000000031237	0.38618187333052245
0.07600000000031648	0.3858115150204645
0.07700000000032081	0.3854368798339244
0.0780000000003247	0.3850576206156717
0.07900000000032881	0.3846738360755382
0.08000000000033292	0.3842856377670998
0.08100000000033725	0.3838928825365242
0.08200000000034136	0.3834956982831673
0.08300000000034546	0.38309406795160617
0.0840000000003498	0.3826880566787435
0.0850000000003539	0.38227757264392137
0.08600000000035801	0.38186270815132306
0.08700000000036212	0.3814433917140806
0.08800000000036645	0.38101972553210395
0.08900000000037056	0.38059163020745634
0.09000000000037467	0.3801593864342755
0.091000000000379	0.3797228119607794
0.09200000000038311	0.3792816711396251
0.09300000000038722	0.37883645601614246
0.09400000000039133	0.37838698063608656
0.09500000000039566	0.37793297079317567
0.09600000000039977	0.37747508792419193
0.09700000000040387	0.37701295083752173
0.0980000000004082	0.37654640634749914
0.09900000000041231	0.37607565711802327
0.10000000000041642	0.3756006489102912
0.10100000000042053	0.3751216867812681
0.10200000000042486	0.37463868596081573
0.10300000000042897	0.37415167103900937
0.10400000000043308	0.3736602681721677
0.10500000000043741	0.3731645677118225
0.10600000000044152	0.3726652107415056
0.10700000000044563	0.37216166712324883
0.10800000000044951	0.3716541202284507
0.10900000000045384	0.3711426187911102
0.11000000000045795	0.3706268226277759
0.11100000000046206	0.37010735382746807
0.1120000000004664	0.3695839720160984
0.1130000000004705	0.3690565277850115
0.11400000000047461	0.36852515795709595
0.11500000000047872	0.3679899294900131
0.11600000000048305	0.36745081975891813
0.11700000000048716	0.36690786101656725
0.11800000000049127	0.36636105907156946
0.1190000000004956	0.3658104304951899
0.12000000000049971	0.36525600295997496
0.12100000000050382	0.3646978220156726
0.12200000000050792	0.3641358698898637
0.12300000000051226	0.3635701877578684
0.12400000000051636	0.3630007847363237
0.12500000000052047	0.36242768325179053
0.1260000000005248	0.36185092572919064
0.1270000000005289	0.36127049636731656
0.12800000000053302	0.3606864464817128
0.12900000000053713	0.3600987792753094
0.13000000000054146	0.35950752623602344
0.13100000000054557	0.3589126801331609
0.13200000000054968	0.35831414580292975
0.133000000000554	0.3577123669601734
0.13400000000055812	0.35710716736969284
0.13500000000056223	0.3564980920163674
0.13600000000056633	0.3558857288890993
0.13700000000057067	0.35526993660305006
0.13800000000057477	0.35465073843154704
0.13900000000057866	0.35402807501859956
0.140000000000583	0.3534021835121772
0.1410000000005871	0.35277274461202734
0.1420000000005912	0.35214013618463735
0.14300000000059532	0.3515040771137775
0.14400000000059965	0.35086488195195786
0.14500000000060376	0.35022240667754356
0.14600000000060787	0.3495765640117494
0.1470000000006122	0.34892754842161255
0.1480000000006163	0.34827540593183626
0.14900000000062041	0.3476200153877611
0.15000000000062452	0.34696153222537696
0.15100000000062885	0.3462998569874346
0.15200000000063296	0.3456351223942473
0.15300000000063707	0.3449672892710779
0.1540000000006414	0.34429644370409007
0.1550000000006455	0.3436225064275732
0.15600000000064962	0.34294558440192646
0.15700000000065373	0.34226566617871357
0.15800000000065806	0.34158280666095897
0.15900000000066217	0.3408969783886868
0.16000000000066628	0.3402082451457744
0.16100000000067038	0.3395166381449286
0.16200000000067472	0.3388220970296899
0.16300000000067882	0.33812466181069845
0.16400000000068293	0.3374245379887503
0.16500000000068726	0.336721586154213
0.16600000000069137	0.3360158775570936
0.16700000000069548	0.3353073397812377
0.1680000000006996	0.33459614440379337
0.16900000000070392	0.33388212621851887
0.1700000000007078	0.3331654954305945
0.17100000000071192	0.3324462764313715
0.17200000000071625	0.3317243745454552
0.17300000000072036	0.33099973957977213
0.17400000000072446	0.33027282262989877
0.17500000000072857	0.3295432624073973
0.1760000000007329	0.32881094588477144
0.177000000000737	0.32807625809800856
0.17800000000074112	0.3273390473848232
0.17900000000074545	0.32659945186035855
0.18000000000074956	0.325857337819196
0.18100000000075367	0.3251128394121481
0.18200000000075778	0.32436594631439486
0.1830000000007621	0.323616761011309
0.18400000000076622	0.3228651972798048
0.18500000000077033	0.3221113123063746
0.18600000000077466	0.3213550864301531
0.18700000000077877	0.3205967405171355
0.18800000000078287	0.3198360597622586
0.18900000000078698	0.3190730943124974
0.1900000000007913	0.3183080534640168
0.19100000000079542	0.3175407767128602
0.19200000000079953	0.31677142615450604
0.19300000000080386	0.31599990047461013
0.19400000000080797	0.31522626722243763
0.19500000000081208	0.31445064637794695
0.1960000000008162	0.3136730043403566
0.19700000000082052	0.3128932744479601
0.19800000000082463	0.31211154273695896
0.19900000000082874	0.3113279026177077
0.20000000000083307	0.31054227036725324
0.20100000000083695	0.3097547662514003
0.20200000000084106	0.30896531810928485
0.20300000000084517	0.308174108039278
0.2040000000008495	0.3073809765918971
0.2050000000008536	0.30658601865825197
0.20600000000085772	0.3057893158991398
0.20700000000086205	0.3049908062700627
0.20800000000086616	0.3041905894271584
0.20900000000087027	0.3033886263685608
0.21000000000087438	0.3025850201620557
0.2110000000008787	0.3017797139260623
0.21200000000088282	0.30097276056482714
0.21300000000088692	0.30016421531134696
0.21400000000089126	0.29935405912159796
0.21500000000089536	0.2985423549099494
0.21600000000089947	0.2977290904619525
0.21700000000090358	0.29691434037903264
0.2180000000009079	0.2960980745912368
0.21900000000091202	0.2952803438838413
0.22000000000091613	0.2944611817326682
0.22100000000092046	0.29364060114508217
0.22200000000092457	0.29281862146444226
0.22300000000092868	0.29199529161671545
0.2240000000009328	0.29117059976569903
0.22500000000093712	0.29034462362745095
0.22600000000094123	0.2895173269713638
0.22700000000094533	0.28868874603999495
0.22800000000094967	0.28785895311544674
0.22900000000095377	0.2870279398912543
0.23000000000095788	0.2861957322585431
0.23100000000096177	0.28536235150606337
0.2320000000009661	0.28452782390523723
0.2330000000009702	0.2836921558910761
0.23400000000097432	0.2828554062819869
0.23500000000097865	0.2820176903809394
0.23600000000098276	0.2811788438863495
0.23700000000098687	0.2803388288061007
0.23800000000099097	0.27949799493206207
0.2390000000009953	0.27865612623039293
0.24000000000099941	0.2778133911463525
0.24100000000100352	0.276969759556169
0.24200000000100785	0.2761249957567906
0.24300000000101196	0.275279559487021
0.24400000000101607	0.2744332549567754
0.24500000000102018	0.27358601091709467
0.2460000000010245	0.27273800629275546
0.24700000000102862	0.2718892971788518
0.24800000000103273	0.27103978183420563
0.24900000000103706	0.27018953844170024
0.25000000000104117	0.2693385902303145
0.2510000000010453	0.2684869646723801
0.2520000000010494	0.2676346371172038
0.2530000000010537	0.26678169580184397
0.2540000000010578	0.2659281561822583
0.25500000000106193	0.26507403487991266
0.25600000000106626	0.26421933880570736
0.25700000000107037	0.26336410380478337
0.2580000000010745	0.26250831201296754
0.2590000000010786	0.2616520969445263
0.2600000000010829	0.26079533564106816
0.26100000000108703	0.25993816422284244
0.2620000000010909	0.25908055089283033
0.26300000000109525	0.25822254590716764
0.26400000000109936	0.25736416058365186
0.26500000000110346	0.2565054063251576
0.2660000000011076	0.2556463432470989
0.2670000000011119	0.2547870101213291
0.268000000001116	0.253927307922331
0.2690000000011201	0.2530672719090704
0.27000000000112445	0.2522070765118287
0.27100000000112856	0.2513467534238968
0.27200000000113267	0.25048624032066047
0.2730000000011368	0.2496254244924626
0.2740000000011411	0.2487643988005772
0.2750000000011452	0.2479034029456465
0.2760000000011493	0.2470422467680865
0.27700000000115366	0.2461809175881694
0.27800000000115777	0.24531966393603533
0.2790000000011619	0.2444583301227048
0.280000000001166	0.24359689060091783
0.2810000000011703	0.24273550118639742
0.2820000000011744	0.24187419933568544
0.28300000000117853	0.2410128353360732
0.28400000000118286	0.2401515824552023
0.28500000000118697	0.2392904638569473
0.2860000000011911	0.23842941444713894
0.2870000000011952	0.23756850093158344
0.2880000000011995	0.23670772108225124
0.2890000000012036	0.23584712971075072
0.29000000000120774	0.2349867408952111
0.29100000000121207	0.23412655055719955
0.2920000000012162	0.23326660102943186
0.29300000000122006	0.23240691690727033
0.29400000000122417	0.23154750350706887
0.2950000000012285	0.23068838343077536
0.2960000000012326	0.22982959270324654
0.2970000000012367	0.22897113475067643
0.29800000000124083	0.2281130341526496
0.29900000000124516	0.22725531864633353
0.30000000000124927	0.22639800087654804
0.3010000000012534	0.22554110406080718
0.3020000000012577	0.22468464625530937
0.3030000000012618	0.2238286441935421
0.3040000000012659	0.2229731283333275
0.30500000000127003	0.2221181097071534
0.30600000000127436	0.22126360563071756
0.3070000000012785	0.22040964534698682
0.3080000000012826	0.21955624107418237
0.3090000000012869	0.21870340989340054
0.310000000001291	0.21785118110242374
0.31100000000129513	0.21699956606934867
0.31200000000129924	0.2161485844355262
0.31300000000130357	0.21529825239600398
0.3140000000013077	0.21444859551932038
0.3150000000013118	0.21359963114869362
0.3160000000013161	0.21275137394991672
0.3170000000013202	0.21190384562025832
0.31800000000132433	0.21105706083757836
0.31900000000132844	0.21021103626941084
0.3200000000013328	0.2093658059686535
0.3210000000013369	0.2085213683078586
0.322000000001341	0.20767774347289025
0.3230000000013453	0.2068349668110252
0.3240000000013492	0.20599304153028375
0.3250000000013533	0.20515197564548182
0.3260000000013574	0.20431182101389722
0.32700000000136176	0.20347258467868024
0.32800000000136587	0.2026342238902008
0.32900000000137	0.20179680034128689
0.3300000000013743	0.20096040912457724
0.3310000000013784	0.20012492595623288
0.3320000000013825	0.19929042988499823
0.33300000000138663	0.19845701642925395
0.33400000000139096	0.19762456571308584
0.33500000000139507	0.1967931734792061
0.3360000000013992	0.19596285432660543
0.3370000000014035	0.19513354880075917
0.3380000000014076	0.19430540981929623
0.3390000000014117	0.19347837211423002
0.34000000000141584	0.19265240906050218
0.34100000000142017	0.1918276048240053
0.3420000000014243	0.1910039565003847
0.3430000000014284	0.19018148907312726
0.3440000000014327	0.18936019988408082
0.3450000000014368	0.1885401106115112
0.34600000000144093	0.1877212450712823
0.34700000000144504	0.18690360267497863
0.34800000000144937	0.186087212490595
0.3490000000014535	0.18527208245689364
0.3500000000014576	0.18445823016127727
0.3510000000014619	0.18364566757954282
0.35200000000146603	0.18283441157066527
0.35300000000147014	0.18202447646574704
0.35400000000147425	0.18121587583254295
0.35500000000147836	0.18040862459027596
0.35600000000148246	0.17960273669450366
0.3570000000014866	0.17879822614534513
0.3580000000014909	0.17799510695055742
0.359000000001495	0.1771933923549459
0.3600000000014991	0.17639309698309003
0.36100000000150323	0.17559423464576307
0.36200000000150756	0.17479681611112852
0.36300000000151167	0.17400085543395394
0.3640000000015158	0.17320636943292478
0.3650000000015201	0.1724133667655967
0.3660000000015242	0.17162186403836444
0.3670000000015283	0.17083187035061043
0.36800000000153243	0.17004340266903573
0.36900000000153677	0.16925647067554683
0.3700000000015409	0.1684710918490563
0.371000000001545	0.16768727444718667
0.3720000000015493	0.16690502584168176
0.3730000000015534	0.16612436708595346
0.37400000000155753	0.1653453063732051
0.37500000000156164	0.16456784386005274
0.37600000000156597	0.16379193765686662
0.3770000000015701	0.16301781729367082
0.3780000000015742	0.1622452627406853
0.3790000000015785	0.1614743645916723
0.3800000000015826	0.1607051444224774
0.38100000000158674	0.15993759586410272
0.38200000000159084	0.15917173275857577
0.3830000000015952	0.1584074945127446
0.3840000000015993	0.15764510116143116
0.3850000000016034	0.15688438977653418
0.3860000000016075	0.15612539366275868
0.3870000000016116	0.15536812659821186
0.3880000000016157	0.1546126204838696
0.38900000000161983	0.15385887263955755
0.39000000000162416	0.1531069194353155
0.39100000000162827	0.1523567575961201
0.3920000000016324	0.15160837933272953
0.3930000000016367	0.15086179659541255
0.3940000000016408	0.15011702365387425
0.3950000000016449	0.1493740915934223
0.39600000000164903	0.14863299664135154
0.39700000000165336	0.14789374210012407
0.3980000000016575	0.1471563169272634
0.3990000000016616	0.1464207477154903
0.4000000000016659	0.14568706828914801
0.40100000000167	0.14495525766693296
0.40200000000167413	0.14422533473929378
0.40300000000167824	0.14349730826385954
0.40400000000168257	0.14277118760112728
0.4050000000016867	0.14204698057252418
0.4060000000016908	0.14132469863566255
0.4070000000016951	0.14060434775558606
0.4080000000016992	0.13988591720919585
0.40900000000170333	0.13916943289838335
0.41000000000170744	0.1384549067426729
0.4110000000017118	0.13774234818455033
0.4120000000017159	0.13703170802368647
0.41300000000172	0.13632313626654846
0.4140000000017243	0.13561649406755172
0.41500000000172843	0.13491179252063268
0.41600000000173254	0.13420917923608922
0.4170000000017364	0.13350854006128987
0.41800000000174076	0.13280989697407153
0.41900000000174487	0.1321132731347071
0.420000000001749	0.13141867586868905
0.4210000000017533	0.13072611066825635
0.4220000000017574	0.1300355840272186
0.4230000000017615	0.1293471038700491
0.42400000000176563	0.12866067472650045
0.42500000000176996	0.12797628287333485
0.42600000000177407	0.12729393199302075
0.4270000000017782	0.12661371770230745
0.4280000000017825	0.12593555757538455
0.4290000000017866	0.12525946343461036
0.4300000000017907	0.12458545492542195
0.43100000000179484	0.12391354390080545
0.43200000000179917	0.12324370128080386
0.4330000000018033	0.1225759471981962
0.4340000000018074	0.1219103588172542
0.4350000000018115	0.12124687120973099
0.4360000000018158	0.12058548907788791
0.43700000000181993	0.11992621987850949
0.43800000000182404	0.11926907701700418
0.43900000000182837	0.11861405141190973
0.4400000000018325	0.11796115574496802
0.4410000000018366	0.11731044312978334
0.4420000000018407	0.11666185345711566
0.44300000000184503	0.1160154194546339
0.44400000000184914	0.1153711264665731
0.44500000000185325	0.11472898185025482
0.4460000000018576	0.11408901472842181
0.4470000000018617	0.11345119481310251
0.4480000000018656	0.11281554284461803
0.4490000000018697	0.11218207554405235
0.450000000001874	0.11155077007781877
0.4510000000018781	0.11092164486434464
0.45200000000188223	0.11029471578213768
0.45300000000188656	0.10966995491376275
0.45400000000189067	0.1090474036460023
0.4550000000018948	0.10842703124063868
0.4560000000018989	0.1078088274443103
0.4570000000019032	0.10719279021571304
0.4580000000019073	0.10657902240233774
0.45900000000191143	0.10596745576319178
0.46000000000191577	0.10535807051984702
0.4610000000019199	0.10475088703394486
0.462000000001924	0.10414590538575597
0.4630000000019281	0.10354313414272776
0.4640000000019324	0.10294257849903055
0.46500000000193653	0.1023442469841418
0.46600000000194064	0.10174813098422897
0.46700000000194497	0.10115422374830896
0.4680000000019491	0.10056254027857758
0.4690000000019532	0.09997307908709308
0.4700000000019573	0.09938584143316387
0.4710000000019616	0.09880082841903626
0.47200000000196574	0.09821804187041772
0.47300000000196984	0.097637483324021
0.4740000000019742	0.09705915305854473
0.4750000000019783	0.09648305160914561
0.4760000000019824	0.09590918232831214
0.4770000000019865	0.09533755003997757
0.47800000000199083	0.09476814606098594
0.4790000000019947	0.0942009559728958
0.48000000000199883	0.09363600683500461
0.48100000000200316	0.09307329258404584
0.48200000000200727	0.09251282793216153
0.4830000000020114	0.09195459053710431
0.4840000000020155	0.09139859027970831
0.4850000000020198	0.0908448047539383
0.4860000000020239	0.09029328360114186
0.48700000000202803	0.0897439855325276
0.48800000000203236	0.08919694742472228
0.4890000000020365	0.08865211658134675
0.4900000000020406	0.0881095213829548
0.4910000000020447	0.0875691636216902
0.492000000002049	0.08703101686296111
0.49300000000205313	0.08649513818838916
0.49400000000205724	0.08596147744378646
0.49500000000206157	0.08543008152982601
0.4960000000020657	0.08490088981531496
0.4970000000020698	0.08437392757998796
0.4980000000020739	0.08384919511345679
0.4990000000020782	0.08332669940525461
0.5000000000020823	0.08280641323520754
0.5010000000020864	0.08228837468417494
0.5020000000020908	0.08177256848800807
0.5030000000020949	0.08125897275671867
0.504000000002099	0.08074760447374829
0.5050000000021031	0.08023846005493274
0.5060000000021074	0.0797315368614343
0.5070000000021115	0.07922683330418301
0.5080000000021156	0.07872434754553959
0.50900000000212	0.07822407766482897
0.5100000000021239	0.07772602180276444
0.511000000002128	0.07723017856255276
0.5120000000021321	0.07673654904778182
0.5130000000021364	0.07624513704387936
0.5140000000021405	0.07575591801357384
0.5150000000021446	0.07526888061637038
0.516000000002149	0.07478406076093336
0.5170000000021531	0.07430146252015557
0.5180000000021572	0.0738210589217394
0.5190000000021613	0.07334283673711106
0.5200000000021656	0.07286681070530032
0.5210000000021697	0.0723929738004514
0.5220000000021738	0.0719213374088693
0.5230000000021782	0.07145190162792536
0.5240000000021823	0.07098460924828676
0.5250000000021864	0.07051951492339581
0.5260000000021905	0.07005658829059835
0.5270000000021948	0.06959583655620427
0.5280000000021989	0.06913725809141014
0.529000000002203	0.0686808478811829
0.5300000000022074	0.06822660590192897
0.5310000000022115	0.06777453087281848
0.5320000000022156	0.06732461814108703
0.5330000000022197	0.0668768494719264
0.534000000002224	0.06643122711039673
0.5350000000022281	0.06598780354523492
0.5360000000022322	0.06554644295832679
0.5370000000022366	0.06510729971134532
0.5380000000022407	0.06467024293896428
0.5390000000022448	0.06423534020218047
0.5400000000022487	0.06380257200792716
0.541000000002253	0.06337193556763432
0.5420000000022571	0.06294340271443055
0.5430000000022612	0.06251701630258244
0.5440000000022656	0.06209272227924989
0.5450000000022697	0.06167056372413182
0.5460000000022738	0.06125049154740725
0.5470000000022779	0.060832545688879525
0.5480000000022822	0.06041668931129207
0.5490000000022863	0.06000292684494535
0.5500000000022904	0.05959126635558065
0.5510000000022948	0.05918168623313058
0.5520000000022989	0.058774185569473114
0.553000000002303	0.058368766210845524
0.5540000000023071	0.0579654251897439
0.5550000000023114	0.05756415622180111
0.5560000000023155	0.057164954269066315
0.5570000000023196	0.05676781464682901
0.558000000002324	0.05637273269463339
0.5590000000023281	0.055979702479620475
0.5600000000023322	0.05558871803068288
0.5610000000023363	0.055199775039470045
0.5620000000023406	0.054812870189018814
0.5630000000023447	0.05442799943809218
0.5640000000023488	0.05404515762067208
0.5650000000023532	0.053664341434816354
0.5660000000023573	0.05328554620787884
0.5670000000023614	0.05290876529940802
0.5680000000023655	0.05253399393802316
0.5690000000023698	0.05216122781907184
0.5700000000023739	0.051790461631333384
0.5710000000023778	0.05142169020803866
0.5720000000023819	0.05105490750456343
0.5730000000023863	0.05069010735926094
0.5740000000023904	0.05032728554119559
0.5750000000023945	0.04996643741612028
0.5760000000023988	0.04960755906118253
0.5770000000024029	0.049250648715169265
0.578000000002407	0.048895700697401345
0.5790000000024111	0.04854269002563827
0.5800000000024155	0.048191630587490764
0.5810000000024196	0.047842515610390324
0.5820000000024237	0.047495337691225936
0.583000000002428	0.04715008317468361
0.5840000000024321	0.046806767043617636
0.5850000000024362	0.046465371874086836
0.5860000000024403	0.04612587903685739
0.5870000000024447	0.045788305493532855
0.5880000000024488	0.045452628269914364
0.5890000000024529	0.04511884747233075
0.5900000000024572	0.04478696368624002
0.5910000000024613	0.04445696464162996
0.5920000000024654	0.044128847269789495
0.5930000000024696	0.04380260477882281
0.5940000000024739	0.04347822778765975
0.595000000002478	0.04315571377706662
0.5960000000024821	0.04283505313217839
0.5970000000024864	0.0425162472504369
0.5980000000024905	0.042199283505896634
0.5990000000024946	0.04188416380462945
0.6000000000024988	0.04157086720058656
0.6010000000025031	0.04125941013409651
0.602000000002507	0.04094977202804162
0.6030000000025111	0.040641940133857246
0.6040000000025154	0.04033593218249876
0.6050000000025195	0.040031716202676426
0.6060000000025236	0.03972930797619256
0.6070000000025277	0.03942868032308733
0.6080000000025321	0.039129847667377815
0.6090000000025362	0.0388327877065654
0.6100000000025403	0.03853750733560646
0.6110000000025446	0.03824398575799293
0.6120000000025487	0.03795222149181998
0.6130000000025528	0.037662214597311006
0.614000000002557	0.03737395768421525
0.6150000000025613	0.03708744248034668
0.6160000000025654	0.036802662459466395
0.6170000000025695	0.03651961124922298
0.6180000000025738	0.036238282569460045
0.6190000000025779	0.03595867020067667
0.620000000002582	0.03568076793706709
0.6210000000025861	0.0354045696951768
0.6220000000025905	0.03513006976522948
0.6230000000025946	0.03485726188308269
0.6240000000025987	0.034586139559419804
0.625000000002603	0.03431669726908315
0.6260000000026071	0.03404892817366734
0.6270000000026112	0.03378281572464248
0.6280000000026154	0.03351836626381577
0.6290000000026197	0.03325556501520521
0.6300000000026238	0.03299441637766409
0.6310000000026279	0.03273490076202812
0.6320000000026322	0.0324770240738399
0.6330000000026361	0.03222077380290567
0.6340000000026402	0.03196614375508067
0.6350000000026443	0.0317131277468794
0.6360000000026487	0.03146171918961316
0.6370000000026528	0.031211911660487313
0.6380000000026569	0.030963699004525003
0.6390000000026612	0.030717074783593756
0.6400000000026653	0.030472029310477655
0.6410000000026694	0.030228553763312904
0.6420000000026735	0.02998665271889711
0.6430000000026779	0.029746303444468047
0.644000000002682	0.02950753081884061
0.6450000000026861	0.02927030272732256
0.6460000000026904	0.029034612998751763
0.6470000000026945	0.028800454227897898
0.6480000000026986	0.028567822512605923
0.6490000000027027	0.028336717880370732
0.6500000000027071	0.028107118747806137
0.6510000000027112	0.027879037536788553
0.6520000000027153	0.027652461977230036
0.6530000000027196	0.02742737221537439
0.6540000000027237	0.027203784718686785
0.6550000000027278	0.026981669716801937
0.656000000002732	0.026761041195856206
0.6570000000027363	0.026541872246516718
0.6580000000027404	0.026324174727332283
0.6590000000027445	0.026107924067588884
0.6600000000027488	0.025893130550592947
0.6610000000027529	0.025679772458630734
0.662000000002757	0.025467858211834393
0.6630000000027612	0.02525736927911204
0.6640000000027653	0.025048312203314937
0.6650000000027694	0.02484065900066723
0.6660000000027735	0.02463442713741959
0.6670000000027778	0.02442959723970406
0.6680000000027819	0.024226161708944427
0.669000000002786	0.024024119799325616
0.6700000000027901	0.023823460046734635
0.6710000000027945	0.02362417859797028
0.6720000000027986	0.023426266918832317
0.6730000000028027	0.02322972212144636
0.674000000002807	0.023034533786835287
0.6750000000028111	0.022840695629480323
0.6760000000028152	0.022648203593962912
0.6770000000028193	0.02245704894590772
0.6780000000028237	0.02226722800872427
0.6790000000028278	0.022078728893881516
0.6800000000028319	0.021891545536487422
0.6810000000028362	0.021705690399120736
0.6820000000028403	0.02152111926380218
0.6830000000028444	0.021337867435518687
0.6840000000028486	0.021155891885746847
0.6850000000028529	0.020975218456193434
0.686000000002857	0.020795807702035818
0.6870000000028611	0.020617689986036303
0.6880000000028654	0.020440816005048545
0.6890000000028695	0.02026522144779852
0.6900000000028736	0.02009086343749722
0.6910000000028778	0.01991776973885162
0.6920000000028821	0.019745900541827233
0.6930000000028862	0.019575292158635627
0.6940000000028901	0.01940588901921181
0.6950000000028944	0.01923771273339525
0.6960000000028985	0.019070756055238114
0.6970000000029026	0.018904986073575825
0.6980000000029067	0.0187404407345253
0.6990000000029111	0.018577093861312344
0.7000000000029152	0.01841492371181408
0.7010000000029193	0.018253952954835895
0.7020000000029236	0.018094145163241038
0.7030000000029277	0.017935521561681878
0.7040000000029318	0.017778052881883166
0.705000000002936	0.017621745442256254
0.7060000000029403	0.017466590861451303
0.7070000000029444	0.017312581977167674
0.7080000000029485	0.017159712207914457
0.7090000000029526	0.01700797610029192
0.7100000000029569	0.0168573660102318
0.711000000002961	0.016707878040268742
0.7120000000029651	0.016559504567406957
0.7130000000029695	0.016412238934506385
0.7140000000029736	0.016266078597481637
0.7150000000029777	0.01612101370774921
0.7160000000029818	0.0159770397428437
0.7170000000029861	0.015834146737468746
0.7180000000029902	0.015692336897349612
0.7190000000029944	0.0155515893529512
0.7200000000029987	0.015411926105128204
0.7210000000030028	0.015273302529891453
0.7220000000030069	0.015135733570194598
0.723000000003011	0.014999229149770255
0.7240000000030153	0.014863748544477473
0.7250000000030195	0.01472931073917183
0.7260000000030233	0.014595903487965578
0.7270000000030277	0.014463516932942677
0.7280000000030318	0.014332154580657508
0.7290000000030359	0.014201795220372793
0.73000000000304	0.014072446780507675
0.7310000000030443	0.013944101723314062
0.7320000000030484	0.013816738833829612
0.7330000000030525	0.013690366180085123
0.7340000000030569	0.013564984719188322
0.735000000003061	0.01344057549573785
0.7360000000030651	0.013317136900512505
0.7370000000030692	0.013194663204882384
0.7380000000030735	0.013073151011132156
0.7390000000030776	0.012952589748637222
0.7400000000030817	0.012832976043415711
0.7410000000030861	0.012714299728866951
0.7420000000030902	0.012596562301738001
0.7430000000030943	0.012479757870830666
0.7440000000030984	0.012363878231736125
0.7450000000031027	0.012248916190320425
0.7460000000031068	0.012134867947168337
0.747000000003111	0.012021727430780338
0.7480000000031153	0.011909488721248751
0.7490000000031194	0.011798146642493568
0.7500000000031235	0.011687696825793847
0.7510000000031276	0.011578123716780908
0.7520000000031319	0.011469439021992933
0.753000000003136	0.011361626857668172
0.7540000000031402	0.011254685132303544
0.7550000000031445	0.011148609849368496
0.7560000000031484	0.01104338551133599
0.7570000000031525	0.010939017709726828
0.7580000000031566	0.010835494286050462
0.7590000000031609	0.01073280746945171
0.760000000003165	0.010630965842697182
0.7610000000031691	0.010529955461498153
0.7620000000031735	0.010429765142191516
0.7630000000031776	0.0103303997632338
0.7640000000031817	0.010231834340632018
0.7650000000031858	0.010134112560431174
0.7660000000031901	0.010037157833993504
0.7670000000031942	0.009941027480590003
0.7680000000031983	0.009845674789944026
0.7690000000032027	0.009751115132761945
0.7700000000032068	0.009657345052789146
0.7710000000032109	0.009564354395655617
0.772000000003215	0.009472132049822335
0.7730000000032193	0.009380678148041777
0.7740000000032234	0.009289974259073963
0.7750000000032276	0.009200063208695597
0.7760000000032319	0.009110868188504373
0.777000000003236	0.009022443075869302
0.7780000000032401	0.00893475303840019
0.7790000000032442	0.00884780150813691
0.7800000000032485	0.008761584324950333
0.7810000000032526	0.008676095613774804
0.7820000000032568	0.008591328701261669
0.7830000000032611	0.00850728120339328
0.7840000000032652	0.008423950290575966
0.7850000000032693	0.008341314103782804
0.7860000000032734	0.008259394962761624
0.7870000000032777	0.008178173787491083
0.7880000000032816	0.008097629032018161
0.7890000000032857	0.008017806126270122
0.7900000000032901	0.007938632662330414
0.7910000000032942	0.007860170925998222
0.7920000000032983	0.007782356689848724
0.7930000000033024	0.007705226792265707
0.7940000000033067	0.0076287722888330745
0.7950000000033108	0.007552952161899329
0.796000000003315	0.007477796958995753
0.7970000000033193	0.007403307584448404
0.7980000000033234	0.007329455182975675
0.7990000000033275	0.007256247158779483
0.8000000000033316	0.007183677453873272
0.8010000000033359	0.007111731450391456
0.80200000000334	0.007040429116302649
0.8030000000033441	0.006969754402310624
0.8040000000033485	0.0068996826492413454
0.8050000000033526	0.006830237980641862
0.8060000000033567	0.006761389135628959
0.8070000000033608	0.006693164558232989
0.8080000000033651	0.006625534249487863
0.8090000000033692	0.006558499728733125
0.8100000000033734	0.006492067124506673
0.8110000000033777	0.00642621762009532
0.8120000000033818	0.006360958037596509
0.8130000000033859	0.006296268758165802
0.81400000000339	0.006232175515734184
0.8150000000033943	0.00616862987567024
0.8160000000033985	0.006105673939624245
0.8170000000034026	0.006043272447361914
0.8180000000034067	0.005981421997620862
0.8190000000034108	0.005920144523494875
0.8200000000034149	0.005859395248434707
0.821000000003419	0.0057992174475591796
0.8220000000034233	0.005739569282127932
0.8230000000034274	0.005680464258513762
0.8240000000034315	0.005621889200792984
0.8250000000034359	0.005563850178474605
0.82600000000344	0.00550634437407449
0.8270000000034441	0.005449356419191087
0.8280000000034482	0.005392884663548814
0.8290000000034525	0.005336929383430888
0.8300000000034566	0.005281487382590266
0.8310000000034607	0.0052265516887788355
0.8320000000034651	0.00517211951962504
0.8330000000034692	0.005118187243240868
0.8340000000034733	0.005064751967219561
0.8350000000034774	0.005011806980114275
0.8360000000034817	0.004959351052739036
0.8370000000034858	0.004907380649627036
0.83800000000349	0.0048558898014945395
0.8390000000034943	0.004804876320687379
0.8400000000034984	0.00475433655462143
0.8410000000035025	0.004704267476957291
0.8420000000035066	0.0046546635133077885
0.8430000000035109	0.0046055221705794125
0.844000000003515	0.004556840003433593
0.8450000000035192	0.004508612794371314
0.8460000000035233	0.004460836407721436
0.8470000000035276	0.004413512046051782
0.8480000000035317	0.004366628652225479
0.8490000000035356	0.00432018464923245
0.8500000000035399	0.0042741904726291136
0.851000000003544	0.004228614234098815
0.8520000000035481	0.004183474306972301
0.8530000000035523	0.004138758987508595
0.8540000000035566	0.004094470403402717
0.8550000000035607	0.004050604376500955
0.8560000000035648	0.00400715790804218
0.8570000000035691	0.003964123500504013
0.8580000000035732	0.00392149285807375
0.8590000000035773	0.003879274919277198
0.8600000000035815	0.003837459842597868
0.8610000000035858	0.0037960447798841557
0.8620000000035899	0.0037550281357637827
0.863000000003594	0.003714409891659609
0.8640000000035983	0.00367417682688842
0.8650000000036024	0.0036343268817859986
0.8660000000036066	0.003594867656838141
0.8670000000036107	0.0035557940045299885
0.868000000003615	0.003517089793483086
0.8690000000036191	0.003478767714700237
0.8700000000036232	0.0034408126017806406
0.8710000000036275	0.0034032260123064706
0.8720000000036316	0.0033660072523188367
0.8730000000036358	0.003329148599989451
0.8740000000036399	0.003292653740320506
0.8750000000036442	0.003256516496975892
0.8760000000036483	0.0032207313529967196
0.8770000000036524	0.00318530375882653
0.8780000000036567	0.003150214720065936
0.8790000000036609	0.003115470427682232
0.8800000000036647	0.003081068651258345
0.8810000000036688	0.0030470146354876215
0.8820000000036732	0.0030132877080282228
0.8830000000036773	0.0029798998262388077
0.8840000000036814	0.0029468406644184153
0.8850000000036857	0.0029141108402956917
0.8860000000036898	0.0028817048302675063
0.887000000003694	0.002849619779258017
0.888000000003698	0.0028178580317907986
0.8890000000037024	0.0027864126988870197
0.8900000000037065	0.002755280924356951
0.8910000000037106	0.0027244593258258787
0.8920000000037149	0.00269394830740588
0.893000000003719	0.002663742749571152
0.8940000000037231	0.0026338384205661924
0.8950000000037273	0.0026042386387586935
0.8960000000037316	0.002574931440336936
0.8970000000037357	0.0025459237223964815
0.8980000000037398	0.0025172094228123054
0.8990000000037441	0.0024887871773890957
0.9000000000037482	0.0024606514480405295
0.9010000000037524	0.0024328024783794033
0.9020000000037565	0.0024052356263140062
0.9030000000037608	0.002377947336041686
0.9040000000037649	0.002350942871024997
0.905000000003769	0.0023242083320045293
0.9060000000037733	0.002297745935826101
0.9070000000037775	0.002271555198142261
0.9080000000037816	0.002245635280635372
0.9090000000037857	0.002219983140886561
0.91000000000379	0.002194592306155596
0.9110000000037939	0.002169461480544088
0.912000000003798	0.0021445891666216355
0.9130000000038023	0.0021199785013346073
0.9140000000038064	0.0020956167429081463
0.9150000000038105	0.0020715104785985483
0.9160000000038147	0.0020476525766426334
0.917000000003819	0.002024040827604656
0.9180000000038231	0.002000676962476189
0.9190000000038272	0.001977555561671007
0.9200000000038315	0.001954672222220677
0.9210000000038356	0.0019320348996442194
0.9220000000038397	0.0019096222555260445
0.9230000000038439	0.001887456010448818
0.9240000000038482	0.001865516463170569
0.9250000000038523	0.001843807358044125
0.9260000000038564	0.0018223247182491686
0.9270000000038607	0.0018010718229722888
0.9280000000038648	0.0017800385496997695
0.929000000003869	0.0017592323689429312
0.9300000000038731	0.0017386412688384922
0.9310000000038774	0.0017182670754654072
0.9320000000038815	0.0016981138064586787
0.9330000000038856	0.001678173076026579
0.9340000000038899	0.0016584417111251692
0.935000000003894	0.00163892292901191
0.9360000000038982	0.0016196076117954705
0.9370000000039023	0.0016005005665679084
0.9380000000039066	0.0015815986185718778
0.9390000000039107	0.0015628991544746063
0.9400000000039148	0.0015443981686352748
0.9410000000039191	0.0015260990194252422
0.942000000003923	0.0015079890850194788
0.9430000000039271	0.0014900799035875156
0.9440000000039312	0.0014723602133430713
0.9450000000039356	0.0014548337876832962
0.9460000000039397	0.0014374948696267431
0.9470000000039438	0.0014203438869109242
0.9480000000039481	0.0014033750239595966
0.9490000000039522	0.0013865990787025329
0.9500000000039563	0.0013699927719857952
0.9510000000039605	0.001353577034675646
0.9520000000039648	0.0013373378698650074
0.9530000000039689	0.0013212754477267552
0.954000000003973	0.0013053831001079708
0.9550000000039773	0.0012896678834680708
0.9560000000039814	0.00127412837649854
0.9570000000039856	0.0012587491590148048
0.9580000000039897	0.001243547914484111
0.959000000003994	0.0012285154926745534
0.9600000000039981	0.0012136376363999224
0.9610000000040022	0.001198928235659591
0.9620000000040065	0.0011843827597439738
0.9630000000040106	0.0011699952056298812
0.9640000000040148	0.0011557695706713167
0.9650000000040189	0.0011416981591878539
0.9660000000040232	0.00112778700779248
0.9670000000040273	0.0011140252736017153
0.9680000000040314	0.0011004160147161102
0.9690000000040357	0.001086966170510295
0.9700000000040399	0.0010736562350442957
0.9710000000040437	0.0010605019078517852
0.9720000000040478	0.0010474907055396665
0.9730000000040522	0.0010346228655960799
0.9740000000040563	0.0010219065907091096
0.9750000000040604	0.0010093239482089622
0.9760000000040647	0.000996889146487323
0.9770000000040688	0.000984591760579856
0.978000000004073	0.0009724299458345742
0.979000000004077	0.0009604120554551621
0.9800000000040812	0.0009485209496561398
0.9810000000040855	0.0009367711921172139
0.9820000000040896	0.0009251519116171281
0.9830000000040937	0.0009136647095975281
0.984000000004098	0.0009023051685919103
0.9850000000041004	0.0008910767309301404
0.9860000000041018	0.0008799770533867157
0.987000000004103	0.000868998504522378
0.9880000000041045	0.0008581489635259842
0.9890000000041059	0.0008474261960100815
0.9900000000041072	0.0008368236877687174
0.9910000000041086	0.0008263387590383697
0.99200000000411	0.0008159743470959047
0.9930000000041115	0.0008057353875493556
0.9940000000041127	0.0007956082534544828
0.9950000000041141	0.0007855975211867872
0.9960000000041156	0.0007757055597297224
0.997000000004117	0.0007659243355851997
0.9980000000041185	0.0007562557604299247
0.9990000000041197	0.000746701786439985
1.0000000000041211	0.0007372558088345471
1.001000000004117	0.0007279196824045986
1.002000000004113	0.0007186936145884282
1.0030000000041086	0.0007095717453711181
1.0040000000041045	0.0007005582395342991
1.0050000000041002	0.0006916500386422442
1.006000000004096	0.000682842878090173
1.007000000004092	0.0006741405810201107
1.0080000000040878	0.0006655396773691535
1.0090000000040837	0.0006570395378250327
1.0100000000040794	0.0006486380945615045
1.0110000000040753	0.0006403353952820767
1.012000000004071	0.0006321303635397069
1.0130000000040669	0.0006240219912027056
1.0140000000040628	0.0006160086402091647
1.0150000000040587	0.0006080900538506517
1.0160000000040534	0.0006002649336714905
1.0170000000040464	0.0005925325120439418
1.0180000000040397	0.0005848909770146404
1.0190000000040325	0.0005773405010074395
1.0200000000040257	0.0005698788457477733
1.021000000004019	0.0005625052869593361
1.0220000000040117	0.0005552204640025815
1.023000000004005	0.0005480236871304722
1.0240000000039977	0.000540908974966503
1.025000000003991	0.0005338817230000625
1.026000000003984	0.0005269379359155169
1.027000000003977	0.0005200772654954111
1.0280000000039702	0.0005132987428612124
1.0290000000039632	0.0005066000733344733
1.0300000000039562	0.0004999839743272672
1.0310000000039494	0.0004934475431406238
1.0320000000039424	0.0004869870540976651
1.0330000000039354	0.00048060649069325834
1.0340000000039287	0.0004743021611093301
1.0350000000039217	0.0004680740805116379
1.0360000000039147	0.0004619210975559396
1.0370000000039077	0.0004558436435837532
1.0380000000039007	0.00044983858404146204
1.039000000003894	0.0004439068231080201
1.0400000000038867	0.00043804758612897565
1.04100000000388	0.00043225838635274627
1.0420000000038732	0.00042654076905657146
1.043000000003866	0.00042089284622504053
1.0440000000038592	0.0004153135744802139
1.0450000000038522	0.00040980215368213724
1.0460000000038452	0.0004043583840873666
1.0470000000038384	0.0003989815884484216
1.0480000000038314	0.0003936698673081551
1.0490000000038244	0.0003884244736230835
1.0500000000038174	0.0003832423199486845
1.0510000000038104	0.00037812541044257575
1.0520000000038037	0.0003730707870562844
1.0530000000037967	0.0003680785946842402
1.0540000000037897	0.00036314804486003993
1.055000000003783	0.0003582777687718419
1.056000000003776	0.00035347052750822616
1.057000000003769	0.0003487190611499713
1.0580000000037622	0.00034402836063185394
1.059000000003755	0.0003393970531393453
1.0600000000037482	0.0003348212486387059
1.0610000000037412	0.0003303033477681794
1.0620000000037342	0.0003258419075040653
1.0630000000037274	0.0003214351431495288
1.0640000000037202	0.0003170863885568753
1.0650000000037134	0.00031278816017787925
1.0660000000037064	0.0003085456895576266
1.0670000000036994	0.0003043581818943375
1.0680000000036927	0.00030021956221748525
1.0690000000036857	0.00029613570977227166
1.0700000000036787	0.00029210243382604695
1.071000000003672	0.0002881197339213992
1.072000000003665	0.0002841877919759206
1.073000000003658	0.0002803055368982843
1.0740000000036511	0.00027647111139528224
1.075000000003644	0.0002726865918216692
1.0760000000036372	0.0002689504539103993
1.0770000000036304	0.00026525918767705825
1.0780000000036232	0.0002616169499076726
1.0790000000036164	0.0002580212713729768
1.0800000000036092	0.0002544701270290606
1.0810000000036024	0.0002509650362914062
1.0820000000035954	0.00024750450046140404
1.0830000000035884	0.00024408762066763234
1.0840000000035817	0.00024071516000412352
1.0850000000035747	0.0002373850461161453
1.0860000000035677	0.00023409875677460334
1.087000000003561	0.00023085484733376127
1.088000000003554	0.00022765100761723556
1.089000000003547	0.00022448954090947826
1.0900000000035401	0.00022136954700413547
1.091000000003533	0.0002182876520526733
1.0920000000035262	0.00021524674259854049
1.0930000000035192	0.00021224587784274274
1.0940000000035122	0.00020928231455374924
1.0950000000035054	0.00020635796906076642
1.0960000000034982	0.00020347186343283585
1.0970000000034914	0.0002006223134348728
1.0980000000034844	0.00019781027807974638
1.0990000000034774	0.00019503486793914782
1.1000000000034706	0.00019229553955679712
1.1010000000034637	0.0001895924591535092
1.1020000000034567	0.00018692394971653314
1.1030000000034499	0.00018429054927504573
1.104000000003443	0.000181691671785833
1.105000000003436	0.00017912682569443117
1.106000000003429	0.00017659571137484953
1.107000000003422	0.0001740976549344797
1.1080000000034151	0.00017163256291441442
1.1090000000034081	0.00016919990066177615
1.1100000000034012	0.0001667992935590057
1.1110000000033944	0.00016443029101842477
1.1120000000033872	0.0001620926233105724
1.1130000000033804	0.0001597857933843816
1.1140000000033736	0.00015750968732552995
1.1150000000033664	0.0001552636567345722
1.1160000000033596	0.0001530472064878996
1.1170000000033526	0.00015086044659617937
1.1180000000033457	0.00014870315261195088
1.1190000000033387	0.00014657367857995318
1.1200000000033317	0.00014447298128583697
1.121000000003325	0.00014240034289803027
1.122000000003318	0.00014035568141101962
1.123000000003311	0.00013833762120962767
1.1240000000033041	0.00013634709159437985
1.1250000000032971	0.0001343832036970749
1.1260000000032901	0.00013244562349612465
1.1270000000032834	0.000130534055988063
1.1280000000032764	0.00012864825059277774
1.1290000000032694	0.0001267877937563
1.1300000000032626	0.00012495232995357597
1.1310000000032554	0.00012314165854487857
1.1320000000032486	0.00012135550586078736
1.1330000000032414	0.00011959346982859387
1.1340000000032346	0.00011785517786788713
1.1350000000032279	0.00011614068541765388
1.1360000000032207	0.00011444924116588151
1.1370000000032139	0.00011278071651366073
1.138000000003207	0.0001111354004135201
1.1390000000032	0.00010951204711084905
1.1400000000031931	0.0001079104607153436
1.1410000000031861	0.00010633118438951872
1.1420000000031791	0.00010477395437336057
1.1430000000031724	0.00010323672621748159
1.1440000000031654	0.00010172111154571617
1.1450000000031584	0.0001002270315388909
1.1460000000031516	9.875273912496318e-05
1.1470000000031444	9.729858262519375e-05
1.1480000000031376	9.58645204620634e-05
1.1490000000031304	9.445034182353762e-05
1.1500000000031236	9.305552717209231e-05
1.1510000000031169	9.168010278048921e-05
1.1520000000031096	9.032358310734345e-05
1.1530000000031029	8.898576611837683e-05
1.1540000000030959	8.766641596835711e-05
1.155000000003089	8.636573372522438e-05
1.1560000000030821	8.508260502537723e-05
1.1570000000030751	8.381752686803523e-05
1.1580000000030681	8.256994335020806e-05
1.1590000000030614	8.133976609436822e-05
1.1600000000030544	8.012679293756264e-05
1.1610000000030474	7.893036697959044e-05
1.1620000000030404	7.775109010577097e-05
1.1630000000030334	7.658810427535467e-05
1.1640000000030266	7.544137877202317e-05
1.1650000000030196	7.431080460040818e-05
1.1660000000030126	7.319589824705819e-05
1.1670000000030059	7.209669403041019e-05
1.1680000000029986	7.10130971121048e-05
1.1690000000029919	6.994455081132944e-05
1.1700000000029849	6.889112222840943e-05
1.1710000000029779	6.785257217156726e-05
1.172000000002971	6.68286491805059e-05
1.1730000000029641	6.581924810189488e-05
1.1740000000029571	6.482394778772882e-05
1.1750000000029501	6.384289245608965e-05
1.1760000000029431	6.287560658368996e-05
1.1770000000029364	6.192235091440068e-05
1.1780000000029294	6.098239610630163e-05
1.1790000000029224	6.005585370727484e-05
1.1800000000029156	5.9142482461194135e-05
1.1810000000029086	5.824210259253171e-05
1.1820000000029016	5.7354441886703356e-05
1.1830000000028948	5.647957672505477e-05
1.1840000000028876	5.561722314384454e-05
1.1850000000028809	5.476724150499379e-05
1.186000000002874	5.392964143380308e-05
1.1870000000028669	5.3103676344590234e-05
1.18800000000286	5.2289808002425886e-05
1.1890000000028529	5.148755065809141e-05
1.1900000000028461	5.0696857449850086e-05
1.1910000000028391	4.991751169947101e-05
1.1920000000028321	4.914936379130097e-05
1.1930000000028254	4.839235559062072e-05
1.1940000000028184	4.764633453480105e-05
1.1950000000028114	4.691102721932072e-05
1.1960000000028046	4.61863421672426e-05
1.1970000000027976	4.5472289995962534e-05
1.1980000000027906	4.476850439816271e-05
1.1990000000027838	4.407487716506786e-05
1.2000000000027768	4.3391502933309845e-05
1.2010000000027699	4.27180602762256e-05
1.2020000000027629	4.2054173393202277e-05
1.2030000000027559	4.140026265586627e-05
1.204000000002749	4.075590577268251e-05
1.2050000000027419	4.0120530113374464e-05
1.206000000002735	3.949497631139387e-05
1.2070000000027283	3.887837188421006e-05
1.2080000000027211	3.827079131524247e-05
1.2090000000027143	3.767216944450258e-05
1.2100000000027074	3.708229100718441e-05
1.2110000000027004	3.6501172778868884e-05
1.2120000000026936	3.592854916734112e-05
1.2130000000026866	3.536437479090271e-05
1.2140000000026796	3.480850090853416e-05
1.2150000000026726	3.4260844744782304e-05
1.2160000000026656	3.3721332098224366e-05
1.2170000000026588	3.318980247812853e-05
1.2180000000026519	3.266612297259108e-05
1.2190000000026449	3.215037934511944e-05
1.220000000002638	3.164213529482929e-05
1.2210000000026309	3.1141300822379314e-05
1.222000000002624	3.0648047188774896e-05
1.2230000000026173	3.016223591822964e-05
1.2240000000026101	2.9683641099564895e-05
1.2250000000026033	2.9212072676365608e-05
1.2260000000025963	2.8747662233152838e-05
1.2270000000025894	2.8290181056989105e-05
1.2280000000025826	2.7839516164362976e-05
1.2290000000025754	2.7395605231461673e-05
1.2300000000025686	2.6958372975838252e-05
1.2310000000025616	2.6527728895997527e-05
1.2320000000025546	2.610352150067552e-05
1.2330000000025478	2.568567463812066e-05
1.2340000000025408	2.5274221439941513e-05
1.2350000000025338	2.4868872861349978e-05
1.236000000002527	2.4469641801028175e-05
1.23700000000252	2.4076547504248147e-05
1.238000000002513	2.3689376378088767e-05
1.2390000000025063	2.3307942287331684e-05
1.240000000002499	2.2932338843428823e-05
1.2410000000024923	2.2562624050426194e-05
1.2420000000024853	2.2198428621611477e-05
1.2430000000024783	2.183962502222414e-05
1.2440000000024716	2.1486389218949853e-05
1.2450000000024644	2.1138559487043906e-05
1.2460000000024576	2.079600565030315e-05
1.2470000000024506	2.0458653449018094e-05
1.2480000000024436	2.0126479797877295e-05
1.2490000000024368	1.9799410180931787e-05
1.2500000000024298	1.9477341136386883e-05
1.2510000000024228	1.9160241359617025e-05
1.252000000002416	1.8847976569591474e-05
1.253000000002409	1.8540503814223896e-05
1.254000000002402	1.8237764626727326e-05
1.2550000000023953	1.793968464991469e-05
1.256000000002388	1.76462383689735e-05
1.2570000000023813	1.7357268448869867e-05
1.2580000000023743	1.7072755554070618e-05
1.2590000000023673	1.6792714195745795e-05
1.2600000000023606	1.651691052906301e-05
1.2610000000023533	1.624540341649272e-05
1.2620000000023466	1.597817637333243e-05
1.2630000000023396	1.5715022693374436e-05
1.2640000000023326	1.5455997555258172e-05
1.2650000000023258	1.5200950284843806e-05
1.2660000000023188	1.4949951445353271e-05
1.2670000000023118	1.4702837506819222e-05
1.268000000002305	1.4459539343758543e-05
1.269000000002298	1.4220114432417219e-05
1.270000000002291	1.3984339707562299e-05
1.271000000002284	1.3752303790859344e-05
1.272000000002277	1.352398149978562e-05
1.2730000000022703	1.3299103101660492e-05
1.2740000000022633	1.3077805258832065e-05
1.2750000000022563	1.286001184719332e-05
1.2760000000022496	1.2645608555961196e-05
1.2770000000022423	1.2434594997667858e-05
1.2780000000022356	1.2226912030288695e-05
1.2790000000022288	1.202243979425699e-05
1.2800000000022216	1.182130340793286e-05
1.2810000000022148	1.1623290737783343e-05
1.2820000000022078	1.1428420577330733e-05
1.2830000000022008	1.1236630481969989e-05
1.2840000000021938	1.104798109619054e-05
1.2850000000021868	1.0862158440261283e-05
1.28600000000218	1.0679365732957358e-05
1.287000000002173	1.0499488963144898e-05
1.288000000002166	1.0322472399071358e-05
1.2890000000021593	1.0148268925425086e-05
1.2900000000021523	9.976855905868831e-06
1.2910000000021453	9.808173239478357e-06
1.2920000000021385	9.642199735093726e-06
1.2930000000021313	9.47885490387712e-06
1.2940000000021246	9.318158430859924e-06
1.2950000000021178	9.159990406515384e-06
1.2960000000021106	9.004407038104567e-06
1.2970000000021038	8.851325414060973e-06
1.2980000000020966	8.700658963300967e-06
1.2990000000020898	8.552489042301659e-06
1.3000000000020828	8.406640396807497e-06
1.3010000000020758	8.263153193910355e-06
1.302000000002069	8.12200048860845e-06
1.303000000002062	7.983113406107023e-06
1.304000000002055	7.846518592979912e-06
1.3050000000020483	7.71206737737451e-06
1.3060000000020413	7.57985682997564e-06
1.3070000000020343	7.449786845192818e-06
1.3080000000020275	7.32181650175967e-06
1.3090000000020205	7.195881926325143e-06
1.3100000000020136	7.072049372558453e-06
1.3110000000020068	6.950221613455376e-06
1.3120000000019996	6.83038961701854e-06
1.3130000000019928	6.712507949591107e-06
1.3140000000019856	6.596543199677285e-06
1.3150000000019788	6.482471444968496e-06
1.316000000001972	6.370281410372769e-06
1.3170000000019648	6.2599362532500535e-06
1.318000000001958	6.151382044738973e-06
1.319000000001951	6.0446152380100315e-06
1.320000000001944	5.9396012468404535e-06
1.3210000000019373	5.836313277773897e-06
1.3220000000019303	5.7347386789308175e-06
1.3230000000019233	5.634844619462065e-06
1.3240000000019165	5.536580560461246e-06
1.3250000000019095	5.439945578999961e-06
1.3260000000019025	5.34490771175733e-06
1.3270000000018956	5.251446120069225e-06
1.3280000000018886	5.159540577892585e-06
1.3290000000018818	5.069146174374595e-06
1.3300000000018748	4.980265023490915e-06
1.3310000000018678	4.892844977844035e-06
1.332000000001861	4.806899974840739e-06
1.3330000000018538	4.722381301003331e-06
1.334000000001847	4.639239576831322e-06
1.33500000000184	4.557525871806689e-06
1.336000000001833	4.477158815463511e-06
1.3370000000018263	4.398135738936659e-06
1.3380000000018193	4.320442743122044e-06
1.3390000000018123	4.244011228005107e-06
1.3400000000018053	4.168933282922005e-06
1.3410000000017983	4.095044170759898e-06
1.3420000000017915	4.022426530858603e-06
1.3430000000017845	3.951043330507886e-06
1.3440000000017776	3.880844483550305e-06
1.3450000000017708	3.8118418166366297e-06
1.3460000000017638	3.744000244498835e-06
1.3470000000017568	3.6772948138752426e-06
1.34800000000175	3.6117175266081603e-06
1.3490000000017428	3.547253015212526e-06
1.350000000001736	3.4838781709511935e-06
1.3510000000017293	3.4215760527089856e-06
1.352000000001722	3.3603454214770068e-06
1.3530000000017153	3.3001379637909167e-06
1.354000000001708	3.240965295581155e-06
1.3550000000017013	3.1827804862771814e-06
1.3560000000016943	3.125608987408768e-06
1.3570000000016873	3.069400379640541e-06
1.3580000000016805	3.0141538676087265e-06
1.3590000000016735	2.9598621615889442e-06
1.3600000000016665	2.906476148312187e-06
1.3610000000016598	2.8540120451392426e-06
1.3620000000016528	2.802448707983629e-06
1.3630000000016458	2.751773783504774e-06
1.364000000001639	2.701969645357849e-06
1.3650000000016318	2.65301071511459e-06
1.366000000001625	2.604900267821897e-06
1.367000000001618	2.5576297251195257e-06
1.368000000001611	2.511162338514339e-06
1.3690000000016043	2.4654962935688474e-06
1.370000000001597	2.42062944255661e-06
1.3710000000015903	2.3765247907370224e-06
1.3720000000015833	2.333191454262362e-06
1.3730000000015763	2.2905942728135287e-06
1.3740000000015695	2.2487549421468245e-06
1.3750000000015625	2.2076350489896868e-06
1.3760000000015555	2.16720982781915e-06
1.3770000000015488	2.127525202899605e-06
1.3780000000015418	2.088504672981273e-06
1.3790000000015348	2.0501668190897604e-06
1.3800000000015278	2.012503437898161e-06
1.3810000000015208	1.975501174422689e-06
1.382000000001514	1.939137556861148e-06
1.383000000001507	1.9034087890279494e-06
1.3840000000015	1.868315783304375e-06
1.3850000000014933	1.8338339415890914e-06
1.386000000001486	1.7999518182598706e-06
1.3870000000014793	1.7666747370581604e-06
1.3880000000014725	1.7339659547088715e-06
1.3890000000014653	1.701841352508282e-06
1.3900000000014585	1.6702944436453038e-06
1.3910000000014515	1.639286322685507e-06
1.3920000000014445	1.6088303044226038e-06
1.3930000000014378	1.578912331101634e-06
1.3940000000014305	1.5495302987389437e-06
1.3950000000014238	1.520659670850577e-06
1.3960000000014168	1.492308568606937e-06
1.3970000000014098	1.4644571034727605e-06
1.398000000001403	1.4370913276051667e-06
1.399000000001396	1.41022708788352e-06
1.400000000001389	1.3838211228023312e-06
1.4010000000013823	1.3579112374539903e-06
1.4020000000013753	1.3324342101883602e-06
1.4030000000013683	1.3074358904408001e-06
1.4040000000013615	1.2828673791043244e-06
1.4050000000013543	1.2587457005608371e-06
1.4060000000013475	1.2350588678433638e-06
1.4070000000013405	1.2117947165712906e-06
1.4080000000013335	1.1889416711152734e-06
1.4090000000013267	1.16650476156277e-06
1.4100000000013195	1.1444634192558922e-06
1.4110000000013128	1.122826264188248e-06
1.4120000000013058	1.1015749448173295e-06
1.4130000000012988	1.0807069900087285e-06
1.414000000001292	1.0602163577067003e-06
1.415000000001285	1.0400910488428394e-06
1.416000000001278	1.0203330643721031e-06
1.4170000000012712	1.0009358465401519e-06
1.4180000000012642	9.81882555040059e-07
1.4190000000012573	9.631788622233017e-07
1.4200000000012505	9.448080712237683e-07
1.4210000000012433	9.267766654108556e-07
1.4220000000012365	9.090836592395846e-07
1.4230000000012293	8.916944301828877e-07
1.4240000000012225	8.746226780598221e-07
1.4250000000012157	8.578754833177271e-07
1.4260000000012085	8.414232017806e-07
1.4270000000012018	8.252696507282664e-07
1.4280000000011948	8.094185479645688e-07
1.4290000000011878	7.938559617448604e-07
1.430000000001181	7.785787597969218e-07
1.431000000001174	7.635807364181346e-07
1.432000000001167	7.488564345292659e-07
1.4330000000011602	7.344059145264481e-07
1.4340000000011532	7.202206540046774e-07
1.4350000000011462	7.062902545040828e-07
1.4360000000011393	6.926178286459361e-07
1.4370000000011323	6.792036583158634e-07
1.4380000000011255	6.660351239418105e-07
1.4390000000011185	6.531092593409227e-07
1.4400000000011115	6.404222607780952e-07
1.4410000000011047	6.279686289856201e-07
1.4420000000010975	6.15748453336451e-07
1.4430000000010907	6.037536605107974e-07
1.4440000000010837	5.919804240139825e-07
1.4450000000010768	5.804244387341839e-07
1.44600000000107	5.690878133179922e-07
1.447000000001063	5.57961242986238e-07
1.448000000001056	5.470411088559501e-07
1.449000000001049	5.363221166065912e-07
1.450000000001042	5.258060178370272e-07
1.4510000000010352	5.154869056056555e-07
1.4520000000010282	5.053633155283066e-07
1.4530000000010213	4.954225715225746e-07
1.4540000000010145	4.856750480675132e-07
1.4550000000010075	4.7610753306503995e-07
1.4560000000010005	4.667182185169594e-07
1.4570000000009937	4.575062411138475e-07
1.4580000000009865	4.48466768721012e-07
1.4590000000009797	4.3959918594183023e-07
1.460000000000973	4.309050769535361e-07
1.4610000000009657	4.223678928827468e-07
1.462000000000959	4.13988641922991e-07
1.4630000000009518	4.0577370330474594e-07
1.464000000000945	3.9771182192005483e-07
1.465000000000938	3.898065683571872e-07
1.466000000000931	3.8204641528150063e-07
1.4670000000009242	3.744356446011565e-07
1.4680000000009172	3.66970087650742e-07
1.4690000000009102	3.5964470213034616e-07
1.4700000000009035	3.5245888796442415e-07
1.4710000000008965	3.454129982038978e-07
1.4720000000008895	3.3849928171569843e-07
1.4730000000008827	3.317179912976087e-07
1.4740000000008757	3.2506675040622213e-07
1.4750000000008687	3.1854228732530743e-07
1.476000000000862	3.121410533379887e-07
1.4770000000008547	3.058664412858292e-07
1.478000000000848	2.997086174794106e-07
1.4790000000008408	2.936712879542114e-07
1.480000000000834	2.877509669430012e-07
1.4810000000008272	2.819423907673979e-07
1.48200000000082	2.7624485898769535e-07
1.4830000000008132	2.706599586677072e-07
1.4840000000008062	2.6518158513511025e-07
1.4850000000007992	2.598077044613234e-07
1.4860000000007925	2.5454076513220514e-07
1.4870000000007855	2.4937444598194247e-07
1.4880000000007785	2.443056592582593e-07
1.4890000000007717	2.3933784487617515e-07
1.4900000000007645	2.344678513566123e-07
1.4910000000007577	2.2968958179880872e-07
1.4920000000007507	2.2500729524033147e-07
1.4930000000007437	2.204133064953595e-07
1.494000000000737	2.159089445008533e-07
1.49500000000073	2.1149357087857368e-07
1.496000000000723	2.0716596815795185e-07
1.497000000000716	2.0292006019939635e-07
1.498000000000709	1.9875813128678033e-07
1.4990000000007022	1.9467812273354923e-07
1.5000000000006952	1.9067826606544713e-07
1.5010000000006882	1.8675690782732346e-07
1.5020000000006815	1.829127620478488e-07
1.5030000000006745	1.7914370198379714e-07
1.5040000000006675	1.7544923780477006e-07
1.5050000000006605	1.7182709666219154e-07
1.5060000000006535	1.6827703575028607e-07
1.5070000000006467	1.647961977990775e-07
1.5080000000006397	1.6138388836406392e-07
1.5090000000006327	1.5804068587144116e-07
1.5100000000006257	1.5476304260353402e-07
1.5110000000006187	1.515504169935511e-07
1.512000000000612	1.4840121254078298e-07
1.513000000000605	1.4531359482372608e-07
1.514000000000598	1.4228788947079352e-07
1.5150000000005912	1.3932362719071278e-07
1.5160000000005842	1.3641743890069336e-07
1.5170000000005772	1.3356936678921016e-07
1.5180000000005702	1.3077826765961476e-07
1.5190000000005632	1.2804151772183303e-07
1.5200000000005565	1.2536166804633098e-07
1.5210000000005495	1.2273572247423203e-07
1.5220000000005425	1.2016021067040583e-07
1.5230000000005357	1.1763720575430625e-07
1.5240000000005285	1.1516545672662915e-07
1.5250000000005217	1.1274272526673457e-07
1.5260000000005147	1.1036868197145111e-07
1.5270000000005077	1.0804340111469912e-07
1.528000000000501	1.0576362907688264e-07
1.529000000000494	1.0352993473627947e-07
1.530000000000487	1.0134213901391576e-07
1.53100000000048	9.919855503692787e-08
1.532000000000473	9.709845483207857e-08
1.5330000000004662	9.504053377629162e-08
1.5340000000004592	9.302358205953709e-08
1.5350000000004522	9.104788256664165e-08
1.5360000000004455	8.911368132302755e-08
1.5370000000004385	8.721758959495673e-08
1.5380000000004315	8.535992113145596e-08
1.5390000000004245	8.354053249171045e-08
1.5400000000004175	8.175775600971491e-08
1.5410000000004107	8.001188134265647e-08
1.5420000000004037	7.830186365964664e-08
1.5430000000003967	7.662634082805653e-08
1.5440000000003897	7.498554555063208e-08
1.5450000000003827	7.337819019070935e-08
1.546000000000376	7.18039583347263e-08
1.547000000000369	7.02614186831596e-08
1.548000000000362	6.875143643281234e-08
1.549000000000355	6.727197865430412e-08
1.5500000000003482	6.582265521526409e-08
1.5510000000003412	6.440426369991314e-08
1.5520000000003342	6.301410993003742e-08
1.5530000000003272	6.165291599469214e-08
1.5540000000003205	6.032011756751388e-08
1.5550000000003135	5.901413324682636e-08
1.5560000000003065	5.7736577185885096e-08
1.5570000000002997	5.6484236843346025e-08
1.5580000000002925	5.525858126631533e-08
1.5590000000002857	5.4058406084855903e-08
1.5600000000002787	5.288287685534243e-08
1.5610000000002717	5.173191952589917e-08
1.5620000000002647	5.0604855861280384e-08
1.5630000000002577	4.9501106880178725e-08
1.564000000000251	4.842116263503726e-08
1.565000000000244	4.736341097100194e-08
1.566000000000237	4.632707217844256e-08
1.5670000000002302	4.5312915974982104e-08
1.5680000000002232	4.432057709724546e-08
1.5690000000002162	4.33485887185725e-08
1.5700000000002092	4.23966071139148e-08
1.5710000000002025	4.1465055278244733e-08
1.5720000000001955	4.0553418623190396e-08
1.5730000000001885	3.966064598959207e-08
1.5740000000001815	3.8786791112244146e-08
1.5750000000001747	3.793082137271142e-08
1.5760000000001675	3.709348861402617e-08
1.5770000000001607	3.62735981251916e-08
1.5780000000001537	3.547154003857855e-08
1.5790000000001467	3.468615705770617e-08
1.58000000000014	3.391731240309781e-08
1.581000000000133	3.316482444226665e-08
1.582000000000126	3.2428315255295104e-08
1.583000000000119	3.170765716653534e-08
1.584000000000112	3.100226853014476e-08
1.5850000000001052	3.0311991250364656e-08
1.5860000000000982	2.963604228689576e-08
1.5870000000000912	2.8974659116443036e-08
1.5880000000000845	2.8327814538542384e-08
1.5890000000000775	2.7694548210277503e-08
1.5900000000000705	2.707454216377414e-08
1.5910000000000635	2.646833807684601e-08
1.5920000000000565	2.5874954179272436e-08
1.5930000000000497	2.5294066507974833e-08
1.5940000000000427	2.472588067625736e-08
1.5950000000000357	2.416999667076425e-08
1.5960000000000287	2.362610951323063e-08
1.5970000000000217	2.3093619350156303e-08
1.598000000000015	2.2573000468817384e-08
1.599000000000008	2.2063612270528665e-08
1.600000000000001	2.1564905638982168e-08
1.6009999999999942	2.1077231404653674e-08
1.6019999999999872	2.0600192662811878e-08
1.6029999999999802	2.013337729867004e-08
1.6039999999999732	1.9676662299517034e-08
1.6049999999999662	1.9229991155000903e-08
1.6059999999999595	1.8792945755130575e-08
1.6069999999999525	1.8365390985763952e-08
1.6079999999999455	1.794727888526637e-08
1.6089999999999387	1.753819733885109e-08
1.6099999999999315	1.7138067853750272e-08
1.6109999999999247	1.6746592557126405e-08
1.6119999999999177	1.636383273329045e-08
1.6129999999999107	1.5989539914329498e-08
1.6139999999999037	1.5623118576613138e-08
1.614999999999897	1.5265016806154108e-08
1.61599999999989	1.491479284521091e-08
1.616999999999883	1.4572071327378922e-08
1.617999999999876	1.4237070411482478e-08
1.6189999999998692	1.3909429164016274e-08
1.6199999999998622	1.3589008363013022e-08
1.6209999999998552	1.3275520793776252e-08
1.6219999999998485	1.2969325280387523e-08
1.6229999999998415	1.2669432725154195e-08
1.6239999999998345	1.2376391911317342e-08
1.6249999999998275	1.209003730462399e-08
1.6259999999998205	1.1809727862299724e-08
1.6269999999998137	1.15358720353953e-08
1.6279999999998067	1.1267980437601466e-08
1.6289999999997997	1.1006063282970047e-08
1.6299999999997927	1.0750080603472156e-08
1.6309999999997857	1.0499658698037706e-08
1.631999999999779	1.0254876281479142e-08
1.632999999999772	1.0015591134227009e-08
1.633999999999765	9.781716991952294e-09
1.634999999999758	9.553039914678152e-09
1.6359999999997512	9.329400918467456e-09
1.6369999999997442	9.110881160623308e-09
1.6379999999997372	8.897264591745113e-09
1.6389999999997302	8.688379349308661e-09
1.6399999999997235	8.48428982624938e-09
1.6409999999997165	8.28476021119684e-09
1.6419999999997095	8.089690806123429e-09
1.6429999999997025	7.89904663900387e-09
1.6439999999996955	7.71273955813001e-09
1.6449999999996887	7.530583268078317e-09
1.6459999999996817	7.3526316146654835e-09
1.6469999999996747	7.178650451855617e-09
1.6479999999996677	7.008585045653604e-09
1.6489999999996607	6.842501010240198e-09
1.649999999999654	6.680181297014087e-09
1.650999999999647	6.521486684007982e-09
1.65199999999964	6.366402738322563e-09
1.6529999999996332	6.214856962394322e-09
1.6539999999996262	6.066846691687999e-09
1.6549999999996192	5.922158763382868e-09
1.6559999999996122	5.780735889970856e-09
1.6569999999996052	5.642610489964284e-09
1.6579999999995985	5.507652334202362e-09
1.6589999999995915	5.375814682295754e-09
1.6599999999995845	5.246959977611709e-09
1.6609999999995777	5.121075674630049e-09
1.6619999999995705	4.998086611252006e-09
1.6629999999995637	4.8779575934077e-09
1.6639999999995567	4.760587812846495e-09
1.6649999999995497	4.645914319922895e-09
1.665999999999543	4.533903918968463e-09
1.666999999999536	4.424479005393778e-09
1.667999999999529	4.317582957824584e-09
1.668999999999522	4.2131500510578235e-09
1.669999999999515	4.1111635207258246e-09
1.6709999999995082	4.011527554581562e-09
1.6719999999995012	3.9142447061379926e-09
1.6729999999994942	3.819171978669544e-09
1.6739999999994875	3.7263521157626656e-09
1.6749999999994805	3.6357201693704155e-09
1.6759999999994735	3.547154348026993e-09
1.6769999999994665	3.460695285895099e-09
1.6779999999994595	3.3762288520478023e-09
1.6789999999994527	3.2937846894398604e-09
1.6799999999994457	3.2132332350442994e-09
1.6809999999994387	3.1345570583596327e-09
1.6819999999994317	3.057760822322564e-09
1.6829999999994247	2.9827671443882764e-09
1.683999999999418	2.909530838479668e-09
1.684999999999411	2.838029367069339e-09
1.685999999999404	2.7682200975931437e-09
1.6869999999993972	2.7000370828034193e-09
1.6879999999993902	2.6334596725519077e-09
1.6889999999993832	2.5685196192171134e-09
1.6899999999993762	2.5050443941410094e-09
1.6909999999993692	2.4431100476007828e-09
1.6919999999993625	2.382656516530801e-09
1.6929999999993555	2.3236343960064687e-09
1.6939999999993485	2.2659762954901908e-09
1.6949999999993415	2.209741167824575e-09
1.6959999999993345	2.1548429707252126e-09
1.6969999999993277	2.1011995476882817e-09
1.6979999999993207	2.048902048024104e-09
1.6989999999993137	1.9977925980185773e-09
1.6999999999993067	1.94795946040216e-09
1.7009999999993	1.8993255856969427e-09
1.701999999999293	1.8518159228264608e-09
1.702999999999286	1.8054606698569842e-09
1.703999999999279	1.7602450608222853e-09
1.7049999999992722	1.7160850518394e-09
1.7059999999992652	1.6730177243573507e-09
1.7069999999992582	1.6309744665932158e-09
1.7079999999992515	1.5899250804807252e-09
1.7089999999992442	1.549891881502674e-09
1.7099999999992375	1.5108363449201079e-09
1.7109999999992305	1.4727068453623815e-09
1.7119999999992235	1.4355205912863767e-09
1.7129999999992167	1.3992176306487636e-09
1.7139999999992095	1.3637947438027709e-09
1.7149999999992027	1.3292426048749917e-09
1.7159999999991957	1.295531681932971e-09
1.7169999999991887	1.262634663490303e-09
1.717999999999182	1.2305440000304202e-09
1.718999999999175	1.1992467019439346e-09
1.719999999999168	1.1687069090271507e-09
1.720999999999161	1.1389132970052174e-09
1.721999999999154	1.1098512109342096e-09
1.7229999999991472	1.0815011108888939e-09
1.7239999999991402	1.0538554473527029e-09
1.7249999999991332	1.0268738082075402e-09
1.7259999999991265	1.0005559714088008e-09
1.7269999999991195	9.749022700233922e-10
1.7279999999991125	9.498759556691994e-10
1.7289999999991055	9.254543797965198e-10
1.7299999999990985	9.016447588550136e-10
1.7309999999990917	8.784335481237804e-10
1.7319999999990847	8.557994313207473e-10
1.7329999999990777	8.33705104952287e-10
1.7339999999990707	8.121670003191639e-10
1.7349999999990655	7.91165688518447e-10
1.7359999999990614	7.706790761119464e-10
1.7369999999990573	7.507192645306304e-10
1.7379999999990532	7.312404015635821e-10
1.7389999999990489	7.122586964669608e-10
1.7399999999990448	6.937471708212684e-10
1.7409999999990406	6.756963877307953e-10
1.7419999999990363	6.581027944818629e-10
1.7429999999990322	6.409542896435028e-10
1.743999999999028	6.242214523055623e-10
1.744999999999024	6.079097225608621e-10
1.74599999999902	5.920204326770317e-10
1.7469999999990156	5.765300459259493e-10
1.7479999999990115	5.614152476240974e-10
1.7489999999990071	5.466822550204142e-10
1.749999999999003	5.323391727429794e-10
1.7509999999990045	5.18342813116135e-10
1.751999999999006	5.047042783701272e-10
1.7529999999990071	4.914170181891109e-10
1.7539999999990086	4.784623808262722e-10
1.75499999999901	4.65836924590235e-10
1.7559999999990115	4.535279929385183e-10
1.756999999999013	4.4154080391933803e-10
1.7579999999990141	4.298484901354982e-10
1.7589999999990156	4.1846237586185e-10
1.759999999999017	4.073645865076969e-10
1.7609999999990182	3.965549000284341e-10
1.7619999999990197	3.8601466467724777e-10
1.7629999999990211	3.7574077182966903e-10
1.7639999999990226	3.657316671734634e-10
1.7649999999990238	3.559830208388348e-10
1.7659999999990263	3.4648706126461093e-10
1.7669999999990305	3.372362389342243e-10
1.7679999999990346	3.282203397958483e-10
1.7689999999990387	3.1943281353363773e-10
1.769999999999043	3.108746593483147e-10
1.7709999999990471	3.0253755056719456e-10
1.7719999999990512	2.944167132312714e-10
1.7729999999990556	2.8650393169016297e-10
1.7739999999990597	2.788016484345235e-10
1.7749999999990638	2.712948754535205e-10
1.7759999999990679	2.639806151449875e-10
1.776999999999072	2.568629753341156e-10
1.7779999999990763	2.499288553892143e-10
1.7789999999990804	2.431737033958825e-10
1.7799999999990845	2.365957429972809e-10
1.7809999999990886	2.3018542627539773e-10
1.781999999999093	2.2394441856476988e-10
1.782999999999097	2.1786794590639147e-10
1.7839999999991012	2.11951567408164e-10
1.7849999999991053	2.061905091110816e-10
1.7859999999991096	2.0057777661008913e-10
1.7869999999991137	1.9511470217281612e-10
1.7879999999991179	1.897926260596705e-10
1.788999999999122	1.8461265849367692e-10
1.789999999999126	1.7956969244892207e-10
1.7909999999991304	1.746609523678444e-10
1.7919999999991345	1.698791107784814e-10
1.7929999999991386	1.6522672119378967e-10
1.7939999999991427	1.60694124673455e-10
1.794999999999147	1.5628287552971187e-10
1.7959999999991512	1.519896430934864e-10
1.7969999999991553	1.4780887624965544e-10
1.7979999999991594	1.43739131708287e-10
1.7989999999991637	1.3977841106793676e-10
1.7999999999991678	1.3592571512788254e-10
1.800999999999172	1.321731613046495e-10
1.801999999999176	1.2852141573205245e-10
1.8029999999991801	1.2496714774101747e-10
1.8039999999991845	1.2150835893010026e-10
1.8049999999991886	1.1814027534029492e-10
1.8059999999991927	1.148681150198172e-10
1.8069999999991968	1.1167589075711248e-10
1.8079999999992011	1.085748158047295e-10
1.8089999999992052	1.0555589735616877e-10
1.8099999999992094	1.0261802518840568e-10
1.8109999999992135	9.976042214532299e-11
1.8119999999992178	9.697742608949511e-11
1.812999999999222	9.427170155618114e-11
1.813999999999226	9.163769743025796e-11
1.8149999999992301	8.907952153691667e-11
1.8159999999992344	8.658729289123812e-11
1.8169999999992386	8.416201069394447e-11
1.8179999999992427	8.180345290043078e-11
1.8189999999992468	7.950906599774044e-11
1.819999999999251	7.727718465133648e-11
1.8209999999992552	7.510558841516968e-11
1.8219999999992593	7.299472137844987e-11
1.8229999999992634	7.093947651526378e-11
1.8239999999992675	6.894029791482126e-11
1.8249999999992719	6.699762966633216e-11
1.825999999999276	6.510647576618567e-11
1.82699999999928	6.326872359352365e-11
1.8279999999992842	6.148059839006237e-11
1.8289999999992885	5.974165606659199e-11
1.8299999999992926	5.8051341511600185e-11
1.8309999999992967	5.6407878368247566e-11
1.8319999999993009	5.4809823346602116e-11
1.8329999999993052	5.3255067022917046e-11
1.8339999999993093	5.1744719620216983e-11
1.8349999999993134	5.027456229100835e-11
1.8359999999993175	4.884692650364286e-11
1.8369999999993218	4.745703829911463e-11
1.837999999999326	4.6106785056565514e-11
1.83899999999933	4.4793835307643803e-11
1.8399999999993342	4.3517078829324873e-11
1.8409999999993385	4.2275294376281636e-11
1.8419999999993426	4.106848194851409e-11
1.8429999999993467	3.9895198256090225e-11
1.8439999999993508	3.8755665343614965e-11
1.844999999999355	3.764766276503906e-11
1.8459999999993593	3.6569303141220644e-11
1.8469999999993634	3.5521141583672033e-11
1.8479999999993675	3.450240093627599e-11
1.8489999999993716	3.351308119903251e-11
1.849999999999376	3.255129499279974e-11
1.85099999999938	3.161648720606536e-11
1.8519999999993841	3.0708102727317055e-11
1.8529999999993882	2.982492031122774e-11
1.8539999999993926	2.8966606890890034e-11
1.8549999999993967	2.8132829399396542e-11
1.8559999999994008	2.732292170293249e-11
1.856999999999405	2.6536772779195417e-11
1.857999999999409	2.5771829115228684e-11
1.8589999999994133	2.5028645822544604e-11
1.8599999999994175	2.4305335522001315e-11
1.8609999999994216	2.3604229681950528e-11
1.861999999999426	2.2923218878645457e-11
1.86299999999943	2.2260748799851626e-11
1.863999999999434	2.161792966859366e-11
1.8649999999994382	2.0992874105729697e-11
1.8659999999994423	2.0386248245074512e-11
1.8669999999994467	1.979660879669609e-11
1.8679999999994508	1.9223955760594436e-11
1.8689999999994549	1.8667734025257232e-11
1.869999999999459	1.812783256838202e-11
1.870999999999463	1.7602808100036782e-11
1.8719999999994674	1.7092771642523985e-11
1.8729999999994715	1.659783421814609e-11
1.8739999999994756	1.6116885603878472e-11
1.87499999999948	1.5649592732813744e-11
1.875999999999484	1.5196732761069143e-11
1.8769999999994882	1.4756418309502806e-11
1.8779999999994923	1.4327872221997495e-11
1.8789999999994964	1.3912870855392612e-11
1.8799999999995007	1.350897171903398e-11
1.8809999999995048	1.311661890213145e-11
1.881999999999509	1.2736034449289946e-11
1.882999999999513	1.2366774271299619e-11
1.8839999999995174	1.200806121204323e-11
1.8849999999995215	1.1659340160008469e-11
1.8859999999995256	1.1320500092892871e-11
1.8869999999995297	1.0991541010696437e-11
1.887999999999534	1.0671796779604392e-11
1.8889999999995382	1.0361711488826586e-11
1.8899999999995423	1.0060507982245781e-11
1.8909999999995464	9.767520126047202e-12
1.8919999999995505	9.483969165557937e-12
1.8929999999995548	9.208633855450898e-12
1.893999999999559	8.941514195726086e-12
1.894999999999563	8.681833030266262e-12
1.8959999999995671	8.429479336768964e-12
1.8969999999995715	8.185674360561279e-12
1.8979999999995756	7.94830867789642e-12
1.8989999999995797	7.717271266471926e-12
1.8999999999995838	7.492562126287794e-12
1.9009999999995881	7.274847391158801e-12
1.9019999999995922	7.062794793455396e-12
1.9029999999995963	6.857847623109592e-12
1.9039999999996005	6.658895657096764e-12
1.9049999999996048	6.466160940021837e-12
1.905999999999609	6.278644271162648e-12
1.906999999999613	6.096567695124122e-12
1.9079999999996171	5.920486323418572e-12
1.9089999999996214	5.749178910718911e-12
1.9099999999996256	5.58320056853745e-12
1.9109999999996297	5.4223292522692645e-12
1.9119999999996338	5.264455538167567e-12
1.9129999999996379	5.112799073003771e-12
1.9139999999996422	4.964695321518775e-12
1.9149999999996463	4.821698595947055e-12
1.9159999999996504	4.68292071786891e-12
1.9169999999996545	4.548472709586804e-12
1.9179999999996589	4.417799459588423e-12
1.918999999999663	4.290789945571305e-12
1.919999999999667	4.1673331452329876e-12
1.9209999999996712	4.047984170085783e-12
1.9219999999996755	3.931743819407529e-12
1.9229999999996796	3.8189451601056135e-12
1.9239999999996837	3.709033080667723e-12
1.9249999999996878	3.6027847372110955e-12
1.9259999999996922	3.4998670628283435e-12
1.9269999999996963	3.4003910798219295e-12
1.9279999999997004	3.3032465651672283e-12
1.9289999999997045	3.2100988534011776e-12
1.9299999999997088	3.1183944315671397e-12
1.930999999999713	3.029132500387277e-12
1.931999999999717	2.943423282886215e-12
1.9329999999997212	2.8599345114344032e-12
1.9339999999997253	2.778888230636767e-12
1.9349999999997296	2.6998403512834557e-12
1.9359999999997337	2.62279087337447e-12
1.9369999999997378	2.5488500199344344e-12
1.937999999999742	2.4771296125436493e-12
1.9389999999997463	2.4078516958070395e-12
1.9399999999997504	2.33946195749013e-12
1.9409999999997545	2.2730706206175455e-12
1.9419999999997586	2.2086776851892864e-12
1.942999999999763	2.1465051958102777e-12
1.943999999999767	2.086331107875594e-12
1.9449999999997711	2.0276003098729234e-12
1.9459999999997752	1.9709789356170404e-12
1.9469999999997794	1.9159118735956326e-12
1.9479999999997837	1.8620660569013125e-12
1.9489999999997878	1.8096635301390052e-12
1.949999999999792	1.7584822487037854e-12
1.950999999999796	1.708855279503041e-12
1.9519999999998003	1.6614487563515468e-12
1.9529999999998044	1.6147083670148277e-12
1.9539999999998086	1.5694112676101213e-12
1.9549999999998127	1.5257795027423526e-12
1.955999999999817	1.4838130724115217e-12
1.956999999999821	1.4421797089880783e-12
1.9579999999998252	1.4016565685892601e-12
1.9589999999998293	1.3624656958199921e-12
1.9599999999998337	1.3248291352851993e-12
1.9609999999998378	1.2880807531701066e-12
1.9619999999998419	1.2525536163821016e-12
1.962999999999846	1.2174705688039467e-12
1.9639999999998503	1.1840528557627295e-12
1.9649999999998544	1.1511902542338248e-12
1.9659999999998585	1.1187717419147702e-12
1.9669999999998626	1.0880185641326534e-12
1.9679999999998667	1.057154364048074e-12
1.968999999999871	1.0275114092905824e-12
1.9699999999998752	9.987566329527908e-13
1.9709999999998793	9.707790127322369e-13
1.9719999999998834	9.43023437116608e-13
1.9729999999998877	9.160450176182167e-13
1.9739999999998918	8.905098880518381e-13
1.974999999999896	8.65307825392847e-13
1.9759999999999	8.40549851943706e-13
1.9769999999999044	8.164580123093401e-13
1.9779999999999085	7.931433287922118e-13
1.9789999999999126	7.713829575095588e-13
1.9799999999999167	7.490674747145931e-13
1.980999999999921	7.277511926417901e-13
1.9819999999999252	7.073230889886872e-13
1.9829999999999293	6.873390745454344e-13
1.9839999999999334	6.679101716144942e-13
1.9849999999999375	6.490363801958665e-13
1.9859999999999418	6.306066779870889e-13
1.986999999999946	6.127320872906239e-13
1.98799999999995	5.948574965941589e-13
1.9889999999999541	5.782041512247815e-13
1.9899999999999585	5.619948950652542e-13
1.9909999999999626	5.45785638905727e-13
1.9919999999999667	5.295763827461997e-13
1.9929999999999708	5.146993942162226e-13
1.9939999999999751	4.994893387788579e-13
1.9949999999999792	4.842792833414933e-13
1.9959999999999833	4.698463840213662e-13
1.9969999999999875	4.560796185160143e-13
1.9979999999999918	4.424238753131249e-13
1.998999999999996	4.289901767151605e-13
2.0	4.1588954502458364e-13
2.0010279404845495	4.030109579389318e-13
2.0021217900815715	3.8957725934096743e-13
2.0032857751923165	3.75921516138078e-13
2.004524391841744	3.61710661422876e-13
2.005842426366887	3.47499806707674e-13
2.007244970197923	3.3284486278262193e-13
2.0087374418720856	3.168576512280197e-13
2.0103256076664273	2.999822612537173e-13
2.0120156028936726	2.828848266744899e-13
2.013813957200875	2.6556534749033744e-13
2.0157276178435577	2.48245868306185e-13
2.0177639781367303	2.3081536681957004e-13
2.019930905358886	2.128297538206425e-13
2.0222367711443985	1.949551631241775e-13
2.024690484011897	1.7674750552032492e-13
2.027301523572695	1.580957587066223e-13
2.0300799770731848	1.3855583347321954e-13
2.033036578410754	1.2079226507921703e-13
2.036182751117039	1.0191847366058937e-13
2.039530649180409	8.260059303211165e-14
2.043093206833892	6.38378239159465e-14
2.046884188175661	4.6074255521943996e-14
2.050918238233338	2.8199664825478976e-14
2.0552109433735133	1.0658141036401503e-14
2.059778886913171	-6.217248937900877e-15
2.0646397170403086	-2.2426505097428162e-14
2.0698122132469665	-3.8413716652030416e-14
2.0753163565584574	-5.284661597215745e-14
2.081173414838828	-6.750155989720952e-14
2.0874060143976347	-8.01581023779363e-14
2.094038234979271	-9.214851104388799e-14
2.1010956980169606	-1.0302869668521453e-13
2.1086056699538682	-1.1324274851176597e-13
2.116597165034399	-1.2034817586936697e-13
2.125101056786564	-1.2634338020234281e-13
2.1341501990307465	-1.3145040611561853e-13
2.143779554474847	-1.354472090042691e-13
2.1540263207146424	-1.3655743202889425e-13
2.1649300857539027	-1.3744561044859438e-13
2.1765329774064615	-1.376676550535194e-13
2.1888798204423576	-1.3700152123874432e-13
2.2020183144046843	-1.3589129821411916e-13
2.2159992202680474	-1.3522516439934407e-13
2.2308765524295735	-1.3455903058456897e-13
2.246707783705272	-1.3500311979441904e-13
2.263554079768369	-1.34781075189494e-13
2.2814805235907363	-1.3700152123874432e-13
2.3005563724108544	-1.3855583347321954e-13
2.320855322320133	-1.3944401189291966e-13
2.3424557929209753	-1.4077627952246985e-13
2.3654412374910825	-1.412203687323199e-13
2.389900455657507	-1.4011014570769476e-13
2.41592795027163	-1.383337888682945e-13
2.44362426638729	-1.3522516439934407e-13
2.473096411506492	-1.3145040611561853e-13
2.5044582437089975	-1.283417816466681e-13
2.537830924630887	-1.234568003383174e-13
2.5733433911797423	-1.2012613126444194e-13
2.611132843166974	-1.1590728377086634e-13
2.6513452603475027	-1.1013412404281553e-13
2.6941360153529494	-1.0413891970983968e-13
2.739670418177515	-9.681144774731365e-14
2.788124380079947	-8.881784197001252e-14
2.839685109337027	-8.01581023779363e-14
2.894551789617174	-7.216449660063518e-14
2.9529364084026577	-6.261657858885883e-14
3.0150645170164534	-5.3734794391857577e-14
3.0811761422888653	-4.39648317751562e-14
3.1515266965252042	-3.4638958368304884e-14
3.226387989377641	-2.5979218776228663e-14
3.30604919671757	-2.2648549702353193e-14
3.39081811677136	-2.2648549702353193e-14
3.4810222154328754	-2.5979218776228663e-14
3.577010018652917	-2.708944180085382e-14
3.6791523315125145	-2.4424906541753444e-14
3.7878438030764574	-1.3766765505351941e-14
3.9035043177534527	1.5543122344752192e-15
4.02658072998157	1.1102230246251565e-14
4.157548527011607	1.0547118733938987e-14
4.296913682346355	1.9984014443252818e-15
4.445214635465608	-1.3766765505351941e-14
4.603024347307951	-3.441691376337985e-14
4.770952424745148	-5.861977570020827e-14
4.9496476786701376	-7.704947790898586e-14
5.139800459354712	-8.348877145181177e-14
5.342145448462832	-7.37188088351104e-14
5.557464321076707	-5.684341886080802e-14
5.786588991858403	-4.1522341120980855e-14
6.03040459644804	-4.085620730620576e-14
6.289853138906711	-5.46229728115577e-14
6.565936951835777	-4.551914400963142e-14
6.859722633511745	6.661338147750939e-16
7.172345245053396	2.55351295663786e-14
7.505012494394354	-2.220446049250313e-16
7.859009576011049	-1.687538997430238e-14
8.23570422033976	-9.769962616701378e-15
8.636551628113326	-2.220446049250313e-16
9.063100564489073	4.9960036108132044e-15
9.516998831091398	2.220446049250313e-16
10.0	-5.551115123125783e-15
