0.0	0.997239543758335
0.0010000000000041087	0.9972186159485227
0.0020000000000082174	0.9971683011813773
0.003000000000012548	0.9970829876631043
0.004000000000016657	0.9969657593419784
0.005000000000020766	0.9968101664295352
0.006000000000024874	0.9966190784734535
0.007000000000029205	0.9963872692200479
0.008000000000033314	0.9961140996981835
0.009000000000037423	0.9957959009393302
0.010000000000041753	0.9954303375050924
0.011000000000045862	0.9950119931750755
0.01200000000004997	0.9945396415462676
0.01300000000005408	0.9940062656449996
0.01400000000005841	0.9934084475988917
0.015000000000062519	0.9927412756561316
0.016000000000066406	0.991997316193944
0.017000000000070736	0.9911724433120253
0.018000000000074845	0.990259251989474
0.019000000000078954	0.989250146553476
0.020000000000083062	0.9881380121425007
0.021000000000087393	0.9869175298154089
0.022000000000091502	0.9855734558539033
0.02300000000009561	0.9841086716097965
0.02400000000009972	0.982499992741422
0.02500000000010405	0.9807509154368153
0.02600000000010816	0.9788423405448398
0.027000000000112268	0.9767700034796953
0.0280000000001166	0.9745171027140147
0.029000000000120707	0.972082647812818
0.030000000000124816	0.9694444971145815
0.031000000000128924	0.9665970734515613
0.032000000000133255	0.9635316696612614
0.033000000000137364	0.960229588623488
0.03400000000014147	0.9566828903326452
0.0350000000001458	0.9528857208948424
0.03600000000014991	0.9488121937117815
0.03700000000015402	0.9444657872871126
0.03800000000015813	0.9398259451761148
0.03900000000016246	0.9348855387793622
0.04000000000016657	0.9296302949699621
0.04100000000017068	0.9240550337703595
0.04200000000017501	0.9181450435995303
0.04300000000017912	0.911891129721423
0.044000000000183226	0.9052942268340858
0.045000000000187335	0.898325431871317
0.046000000000191665	0.8910030960095979
0.04700000000019555	0.8832981173440808
0.04800000000019966	0.8752216127507064
0.04900000000020399	0.8667594089472443
0.0500000000002081	0.8579106484480137
0.05100000000021221	0.8486771612000115
0.05200000000021632	0.8390475943692104
0.05300000000022065	0.8290360476464926
0.05400000000022476	0.818629128785732
0.055000000000228866	0.8078427235412677
0.0560000000002332	0.7966735134819314
0.057000000000237305	0.7851247605949347
0.058000000000241414	0.7732164903277884
0.05900000000024552	0.7609415479732939
0.060000000000249853	0.7483095852372316
0.06100000000025396	0.7353534284275869
0.06200000000025807	0.7220583931903359
0.0630000000002624	0.7084532776468682
0.06400000000026651	0.6945524314159155
0.06500000000027062	0.6803670469621788
0.06600000000027473	0.6659189382800528
0.06700000000027906	0.6512287431827744
0.06800000000028317	0.6363081158931727
0.06900000000028728	0.6211895020376649
0.0700000000002916	0.6058814302645156
0.07100000000029572	0.5904199965944059
0.07200000000029982	0.5748181134886449
0.07300000000030393	0.5591058794874166
0.07400000000030826	0.5433039126151111
0.07500000000031237	0.5274409298211115
0.07600000000031648	0.5115365241506592
0.07700000000032081	0.4956226327476989
0.0780000000003247	0.4797177593027011
0.07900000000032881	0.46385318443424584
0.08000000000033292	0.4480481513494925
0.08100000000033725	0.43233216443260736
0.08200000000034136	0.416725194109714
0.08300000000034546	0.4012542595656139
0.0840000000003498	0.3859404787807872
0.0850000000003539	0.3708071959986732
0.08600000000035801	0.355873932483465
0.08700000000036212	0.34116383016964835
0.08800000000036645	0.3266919117577165
0.08900000000037056	0.31248187802674243
0.09000000000037467	0.2985466648273737
0.091000000000379	0.28490579617165523
0.09200000000038311	0.27156688133758156
0.09300000000038722	0.25855956049659023
0.09400000000039133	0.24586460764662355
0.09500000000039566	0.23353595659086468
0.09600000000039977	0.2215429986708577
0.09700000000040387	0.20991499835630845
0.0980000000004082	0.19866148711176446
0.09900000000041231	0.1877686624359578
0.10000000000041642	0.17726632061910608
0.10100000000042053	0.1671300607434678
0.10200000000042486	0.15738453293041899
0.10300000000042897	0.1480210053219151
0.10400000000043308	0.13902065622675286
0.10500000000043741	0.1304295977244606
0.10600000000044152	0.1221838355310726
0.10700000000044563	0.11432661311779213
0.10800000000044951	0.10683740424564503
0.10900000000045384	0.09969059526222057
0.11000000000045795	0.09292277134041271
0.11100000000046206	0.08648735931866147
0.1120000000004664	0.08038690437094775
0.1130000000004705	0.07462316443177619
0.11400000000047461	0.0691792087295866
0.11500000000047872	0.06403941830731719
0.11600000000048305	0.059208861099619314
0.11700000000048716	0.05466059339725016
0.11800000000049127	0.050396426875158884
0.1190000000004956	0.046397876379211556
0.12000000000049971	0.04265940115349187
0.12100000000050382	0.03916396021712232
0.12200000000050792	0.03590753342899822
0.12300000000051226	0.03287404592242604
0.12400000000051636	0.030054235396701046
0.12500000000052047	0.027436214141230097
0.1260000000005248	0.02501058993661376
0.1270000000005289	0.022766397677050465
0.12800000000053302	0.020693493897449455
0.12900000000053713	0.018780292951104394
0.13000000000054146	0.017020793506318577
0.13100000000054557	0.01540045461113082
0.13200000000054968	0.01391567655717163
0.133000000000554	0.012553919150846582
0.13400000000055812	0.011307374760140432
0.13500000000056223	0.010171274129692653
0.13600000000056633	0.009132507335151141
0.13700000000057067	0.008190259906727615
0.13800000000057477	0.007330261039723673
0.13900000000057866	0.006553301982406112
0.140000000000583	0.005846717598762208
0.1410000000005871	0.00521013609006904
0.1420000000005912	0.004634077997798358
0.14300000000059532	0.004115817096947749
0.14400000000059965	0.0036494041917785047
0.14500000000060376	0.003229638284717673
0.14600000000060787	0.0028547494831274722
0.1470000000006122	0.002518514665317273
0.1480000000006163	0.002217959412545545
0.14900000000062041	0.0019503913458656097
0.15000000000062452	0.0017115674758656496
0.15100000000062885	0.0014996702924628957
0.15200000000063296	0.0013112948896516485
0.15300000000063707	0.0011446429612060882
0.1540000000006414	0.000997165984066628
0.1550000000006455	0.0008671044414659823
0.15600000000064962	0.0007524138998824537
0.15700000000065373	0.0006516415311708101
0.15800000000065806	0.0005631514017711003
0.15900000000066217	0.00048578551031175365
0.16000000000066628	0.000417909161802843
0.16100000000067038	0.00035896552455327857
0.16200000000067472	0.00030744095885637535
0.16300000000067882	0.00026285654356761334
0.16400000000068293	0.00022407187252992955
0.16500000000068726	0.00019065048996824707
0.16600000000069137	0.00016165794638922648
0.16700000000069548	0.000136879275752122
0.1680000000006996	0.0001154228013493519
0.16900000000070392	9.72229990943152e-05
0.1700000000007078	8.14963506478028e-05
0.17100000000071192	6.821973102444367e-05
0.17200000000071625	5.687032197010389e-05
0.17300000000072036	4.7320821911944755e-05
0.17400000000072446	3.9230069472262485e-05
0.17500000000072857	3.243781516026889e-05
0.1760000000007329	2.6750511487927398e-05
0.177000000000737	2.1991845537083776e-05
0.17800000000074112	1.8045477537032006e-05
0.17900000000074545	1.4760209658959411e-05
0.18000000000074956	1.2060383723255796e-05
0.18100000000075367	9.823219838667185e-06
0.18200000000075778	7.996511503294279e-06
0.1830000000007621	6.483699737214188e-06
0.18400000000076622	5.258056196333349e-06
0.18500000000077033	4.2511904932984734e-06
0.18600000000077466	3.437942149076001e-06
0.18700000000077877	2.7730908677137123e-06
0.18800000000078287	2.23384747743971e-06
0.18900000000078698	1.7972733200588564e-06
0.1900000000007913	1.4389695572880612e-06
0.19100000000079542	1.146653181738344e-06
0.19200000000079953	9.027447998022353e-07
0.19300000000080386	6.976120509039063e-07
0.19400000000080797	5.197581541827034e-07
0.19500000000081208	3.6117937340929274e-07
0.1960000000008162	2.1450726506166973e-07
0.19700000000082052	7.461087980775716e-08
0.19800000000082463	-6.272653907402059e-08
0.19900000000082874	-1.994351970235897e-07
0.20000000000083307	-3.366214083033725e-07
0.20100000000083695	-4.74506259839913e-07
0.20200000000084106	-6.124765843384949e-07
0.20300000000084517	-7.489351967482349e-07
0.2040000000008495	-8.823245303268834e-07
0.2050000000008536	-1.0101114071847661e-06
0.20600000000085772	-1.1298802091719296e-06
0.20700000000086205	-1.2382185128334555e-06
0.20800000000086616	-1.3321005321031976e-06
0.20900000000087027	-1.4084107609058094e-06
0.21000000000087438	-1.4645798283030587e-06
0.2110000000008787	-1.4985184957350128e-06
0.21200000000088282	-1.5083741307098109e-06
0.21300000000088692	-1.4928104317135649e-06
0.21400000000089126	-1.4505740584258575e-06
0.21500000000089536	-1.3811326260437795e-06
0.21600000000089947	-1.2842114496258716e-06
0.21700000000090358	-1.1600975240444455e-06
0.2180000000009079	-1.0100001162083316e-06
0.21900000000091202	-8.368747885789674e-07
0.22000000000091613	-6.43593497606787e-07
0.22100000000092046	-4.3476281619270196e-07
0.22200000000092457	-2.1578892073215172e-07
0.22300000000092868	7.209234320626479e-09
0.2240000000009328	2.2793101794871262e-07
0.22500000000093712	4.3967315854764877e-07
0.22600000000094123	6.357706451298739e-07
0.22700000000094533	8.098471276918318e-07
0.22800000000094967	9.566846009834151e-07
0.22900000000095377	1.0710945608227718e-06
0.23000000000095788	1.1495027203434205e-06
0.23100000000096177	1.1895206879497522e-06
0.2320000000009661	1.1893137814578125e-06
0.2330000000009702	1.149451530513268e-06
0.23400000000097432	1.070700327843177e-06
0.23500000000097865	9.559055419439133e-07
0.23600000000098276	8.094115938606095e-07
0.23700000000098687	6.341932582420995e-07
0.23800000000099097	4.3837659258194606e-07
0.2390000000009953	2.2439345814806444e-07
0.24000000000099941	1.806896299250127e-09
0.24100000000100352	-2.2624449202979235e-07
0.24200000000100785	-4.511513049809679e-07
0.24300000000101196	-6.697860892579399e-07
0.24400000000101607	-8.753345659417988e-07
0.24500000000102018	-1.0647641432992572e-06
0.2460000000010245	-1.2342912816265539e-06
0.24700000000102862	-1.3818935891141138e-06
0.24800000000103273	-1.505797024181632e-06
0.24900000000103706	-1.6064532468718085e-06
0.25000000000104117	-1.6838688510212307e-06
0.2510000000010453	-1.7400529328526204e-06
0.2520000000010494	-1.7758769224052173e-06
0.2530000000010537	-1.7951518291869917e-06
0.2540000000010578	-1.799471675001385e-06
0.25500000000106193	-1.7914010452813045e-06
0.25600000000106626	-1.7732142179038846e-06
0.25700000000107037	-1.7462498069775734e-06
0.2580000000010745	-1.7114009085439363e-06
0.2590000000010786	-1.6696787852321648e-06
0.2600000000010829	-1.620800007318124e-06
0.26100000000108703	-1.5646503614963336e-06
0.2620000000010909	-1.5005521039057612e-06
0.26300000000109525	-1.4276932958079414e-06
0.26400000000109936	-1.345505623806531e-06
0.26500000000110346	-1.2531122757231117e-06
0.2660000000011076	-1.1506119228510414e-06
0.2670000000011119	-1.0381466428732722e-06
0.268000000001116	-9.16145949325653e-07
0.2690000000011201	-7.861724669044889e-07
0.27000000000112445	-6.496809348277566e-07
0.27100000000112856	-5.087653991431296e-07
0.27200000000113267	-3.65942979474454e-07
0.2730000000011368	-2.2356995055261564e-07
0.2740000000011411	-8.468800238858876e-08
0.2750000000011452	4.797281349944171e-08
0.2760000000011493	1.7246920136493316e-07
0.27700000000115366	2.8484211933577086e-07
0.27800000000115777	3.8463738372129797e-07
0.2790000000011619	4.6803280773222156e-07
0.280000000001166	5.347797517041286e-07
0.2810000000011703	5.826734752467644e-07
0.2820000000011744	6.111646946305171e-07
0.28300000000117853	6.196836783711746e-07
0.28400000000118286	6.082954790986861e-07
0.28500000000118697	5.776461042827918e-07
0.2860000000011911	5.281882803354065e-07
0.2870000000011952	4.6176007661991036e-07
0.2880000000011995	3.797894507773236e-07
0.2890000000012036	2.84880412704247e-07
0.29000000000120774	1.7951903519275447e-07
0.29100000000121207	6.654404360872945e-08
0.2920000000012162	-5.075516162911242e-08
0.29300000000122006	-1.6927832935387244e-07
0.29400000000122417	-2.857308112336199e-07
0.2950000000012285	-3.9707488563855975e-07
0.2960000000012326	-5.005966423610175e-07
0.2970000000012367	-5.938277685135773e-07
0.29800000000124083	-6.74917450371737e-07
0.29900000000124516	-7.42385444896243e-07
0.30000000000124927	-7.953423031281659e-07
0.3010000000012534	-8.332363894414385e-07
0.3020000000012577	-8.560926538780933e-07
0.3030000000012618	-8.641399724673704e-07
0.3040000000012659	-8.582913177956897e-07
0.30500000000127003	-8.39426902210505e-07
0.30600000000127436	-8.088568415054453e-07
0.3070000000012785	-7.680043694335836e-07
0.3080000000012826	-7.183319883363737e-07
0.3090000000012869	-6.61525470624369e-07
0.310000000001291	-5.991942710892317e-07
0.31100000000129513	-5.331000882957682e-07
0.31200000000129924	-4.6489053873166597e-07
0.31300000000130357	-3.960997962959567e-07
0.3140000000013077	-3.2830389784521685e-07
0.3150000000013118	-2.6281626741564423e-07
0.3160000000013161	-2.0114793186642999e-07
0.3170000000013202	-1.445005659572729e-07
0.31800000000132433	-9.362091568654307e-08
0.31900000000132844	-5.01332186875203e-08
0.3200000000013328	-1.4384808899592372e-08
0.3210000000013369	1.301489882532536e-08
0.322000000001341	3.1089048224686167e-08
0.3230000000013453	4.0227175590601405e-08
0.3240000000013492	4.024774480360094e-08
0.3250000000013533	3.093368095008486e-08
0.3260000000013574	1.3566461842806632e-08
0.32700000000136176	-1.1965806567815207e-08
0.32800000000136587	-4.4580840352637097e-08
0.32900000000137	-8.316636979088798e-08
0.3300000000013743	-1.2659079917654026e-07
0.3310000000013784	-1.7398558682657495e-07
0.3320000000013825	-2.2327322168891328e-07
0.33300000000138663	-2.734459365605346e-07
0.33400000000139096	-3.225177256371836e-07
0.33500000000139507	-3.6868306718673693e-07
0.3360000000013992	-4.107523297047777e-07
0.3370000000014035	-4.4600325077581715e-07
0.3380000000014076	-4.7370683464720287e-07
0.3390000000014117	-4.921224743270614e-07
0.34000000000141584	-4.996436360205081e-07
0.34100000000142017	-4.956755135232527e-07
0.3420000000014243	-4.789835441609824e-07
0.3430000000014284	-4.497362557920326e-07
0.3440000000014327	-4.076159940691326e-07
0.3450000000014368	-3.529185432782356e-07
0.34600000000144093	-2.86989767506185e-07
0.34700000000144504	-2.1068085032105444e-07
0.34800000000144937	-1.263214279845215e-07
0.3490000000014535	-3.554448224640794e-08
0.3500000000014576	5.888710052914803e-08
0.3510000000014619	1.5452018431449943e-07
0.35200000000146603	2.4834963785469455e-07
0.35300000000147014	3.374512315135192e-07
0.35400000000147425	4.188443591957025e-07
0.35500000000147836	4.895201740628963e-07
0.35600000000148246	5.468921731033305e-07
0.3570000000014866	5.883751625912481e-07
0.3580000000014909	6.125370766163485e-07
0.359000000001495	6.169191102411986e-07
0.3600000000014991	6.014540714360805e-07
0.36100000000150323	5.66164372495237e-07
0.36200000000150756	5.106829451539951e-07
0.36300000000151167	4.3708199748415666e-07
0.3640000000015158	3.470502117908225e-07
0.3650000000015201	2.428249432639973e-07
0.3660000000015242	1.2755092126948142e-07
0.3670000000015283	4.705404066385199e-09
0.36800000000153243	-1.2247151537359002e-07
0.36900000000153677	-2.498609723566858e-07
0.3700000000015409	-3.73927085295378e-07
0.371000000001545	-4.909306454692342e-07
0.3720000000015493	-5.966291933834356e-07
0.3730000000015534	-6.898099782493006e-07
0.37400000000155753	-7.652745064312683e-07
0.37500000000156164	-8.232889889825401e-07
0.37600000000156597	-8.608762773754108e-07
0.3770000000015701	-8.782447629140933e-07
0.3780000000015742	-8.742058874577907e-07
0.3790000000015785	-8.500887633822174e-07
0.3800000000015826	-8.068462740151716e-07
0.38100000000158674	-7.465354900926258e-07
0.38200000000159084	-6.714877447411283e-07
0.3830000000015952	-5.846787649588236e-07
0.3840000000015993	-4.897960788063926e-07
0.3850000000016034	-3.900629763631258e-07
0.3860000000016075	-2.8938057727856403e-07
0.3870000000016116	-1.9143066953830612e-07
0.3880000000016157	-9.968807623828013e-08
0.38900000000161983	-1.7208900526810567e-08
0.39000000000162416	5.239039169158133e-08
0.39100000000162827	1.078294092904386e-07
0.3920000000016324	1.4555392457982208e-07
0.3930000000016367	1.654381340809863e-07
0.3940000000016408	1.6534012536872922e-07
0.3950000000016449	1.4571910134097976e-07
0.39600000000164903	1.0594368926586384e-07
0.39700000000165336	4.822878751920001e-08
0.3980000000016575	-2.6776026285091348e-08
0.3990000000016616	-1.1611639161301923e-07
0.4000000000016659	-2.178119606899287e-07
0.40100000000167	-3.283392597808188e-07
0.40200000000167413	-4.4437558077703443e-07
0.40300000000167824	-5.625537751186016e-07
0.40400000000168257	-6.789656490369111e-07
0.4050000000016867	-7.901417253819432e-07
0.4060000000016908	-8.92373643202049e-07
0.4070000000016951	-9.82452309505888e-07
0.4080000000016992	-1.0571050386154468e-06
0.40900000000170333	-1.1141482951781967e-06
0.41000000000170744	-1.1510149715565632e-06
0.4110000000017118	-1.1655132028387527e-06
0.4120000000017159	-1.1565539552726989e-06
0.41300000000172	-1.1242229926988756e-06
0.4140000000017243	-1.0675740953480783e-06
0.41500000000172843	-9.870910859799409e-07
0.41600000000173254	-8.838899572261028e-07
0.4170000000017364	-7.597676761061933e-07
0.41800000000174076	-6.165354862197603e-07
0.41900000000174487	-4.568068969756922e-07
0.420000000001749	-2.835566281778057e-07
0.4210000000017533	-1.0028394692440656e-07
0.4220000000017574	8.985303623365581e-08
0.4230000000017615	2.825669338513137e-07
0.42400000000176563	4.741069203895165e-07
0.42500000000176996	6.604204171312134e-07
0.42600000000177407	8.377886309141047e-07
0.4270000000017782	1.0030467767485618e-06
0.4280000000017825	1.1532366201993938e-06
0.4290000000017866	1.285575561005281e-06
0.4300000000017907	1.3981550086583638e-06
0.43100000000179484	1.4895508766432641e-06
0.43200000000179917	1.5586617233553923e-06
0.4330000000018033	1.6050198303751984e-06
0.4340000000018074	1.628743756976192e-06
0.4350000000018115	1.6304740659833783e-06
0.4360000000018158	1.6112798703060704e-06
0.43700000000181993	1.5730930894575224e-06
0.43800000000182404	1.5174448269039686e-06
0.43900000000182837	1.4470014992884472e-06
0.4400000000018325	1.3647618408718643e-06
0.4410000000018366	1.2727882501284427e-06
0.4420000000018407	1.1747267018025198e-06
0.44300000000184503	1.0730204618170092e-06
0.44400000000184914	9.705923739167233e-07
0.44500000000185325	8.698030141696123e-07
0.4460000000018576	7.732155179462907e-07
0.4470000000018617	6.825310823188602e-07
0.4480000000018656	5.996550573872383e-07
0.4490000000018697	5.260996022160569e-07
0.450000000001874	4.627985823457692e-07
0.4510000000018781	4.108665481172835e-07
0.45200000000188223	3.7060685909029445e-07
0.45300000000188656	3.421902456945958e-07
0.45400000000189067	3.25774889176067e-07
0.4550000000018948	3.203153677855397e-07
0.4560000000018989	3.2569683938721283e-07
0.4570000000019032	3.403702506510342e-07
0.4580000000019073	3.6373625156294054e-07
0.45900000000191143	3.94317196672489e-07
0.46000000000191577	4.308098348060341e-07
0.4610000000019199	4.719526677243735e-07
0.462000000001924	5.164199593510332e-07
0.4630000000019281	5.628500606702502e-07
0.4640000000019324	6.098505629381634e-07
0.46500000000193653	6.562603158677405e-07
0.46600000000194064	7.008324451884818e-07
0.46700000000194497	7.425066825827997e-07
0.4680000000019491	7.803258408323188e-07
0.4690000000019532	8.13356979878499e-07
0.4700000000019573	8.408298229900524e-07
0.4710000000019616	8.620774611944881e-07
0.47200000000196574	8.766854164843352e-07
0.47300000000196984	8.841034377926604e-07
0.4740000000019742	8.840360379291923e-07
0.4750000000019783	8.764688993467828e-07
0.4760000000019824	8.615791096122649e-07
0.4770000000019865	8.397100418333636e-07
0.47800000000199083	8.112994444031685e-07
0.4790000000019947	7.770078215285636e-07
0.48000000000199883	7.375406255727412e-07
0.48100000000200316	6.937941755547072e-07
0.48200000000200727	6.466155600959311e-07
0.4830000000020114	5.970706609126353e-07
0.4840000000020155	5.461494061442806e-07
0.4850000000020198	4.949595093783898e-07
0.4860000000020239	4.447426066311877e-07
0.48700000000202803	3.9644646965264485e-07
0.48800000000203236	3.5139201137734943e-07
0.4890000000020365	3.104808475873355e-07
0.4900000000020406	2.7461242835258304e-07
0.4910000000020447	2.445648645821308e-07
0.492000000002049	2.210684084680281e-07
0.49300000000205313	2.045409507323015e-07
0.49400000000205724	1.951762234053689e-07
0.49500000000206157	1.935207785130899e-07
0.4960000000020657	1.9954694652213334e-07
0.4970000000020698	2.1317930509745509e-07
0.4980000000020739	2.3446421504313975e-07
0.4990000000020782	2.6313015744072743e-07
0.5000000000020823	2.987933305220736e-07
0.5010000000020864	3.4120319669650456e-07
0.5020000000020908	3.897617687487198e-07
0.5030000000020949	4.4389854791937466e-07
0.504000000002099	5.030159899721554e-07
0.5050000000021031	5.663071236394757e-07
0.5060000000021074	6.329701984775227e-07
0.5070000000021115	7.020822351266887e-07
0.5080000000021156	7.727004829316542e-07
0.50900000000212	8.438163026092127e-07
0.5100000000021239	9.14331582668737e-07
0.511000000002128	9.832503102824575e-07
0.5120000000021321	1.049517489803975e-06
0.5130000000021364	1.1121099680044821e-06
0.5140000000021405	1.1699971210754612e-06
0.5150000000021446	1.2224557329743035e-06
0.516000000002149	1.2684405139573585e-06
0.5170000000021531	1.3075777477444817e-06
0.5180000000021572	1.3387901518502332e-06
0.5190000000021613	1.3620452834484098e-06
0.5200000000021656	1.3760015038499773e-06
0.5210000000021697	1.3812213714992083e-06
0.5220000000021738	1.376690474619302e-06
0.5230000000021782	1.3625384769344606e-06
0.5240000000021823	1.3390238835508939e-06
0.5250000000021864	1.3058485472949855e-06
0.5260000000021905	1.2638634517836422e-06
0.5270000000021948	1.2130016255884613e-06
0.5280000000021989	1.154066759267991e-06
0.529000000002203	1.087411974909358e-06
0.5300000000022074	1.0140427300076027e-06
0.5310000000022115	9.344179106030026e-07
0.5320000000022156	8.496461531004584e-07
0.5330000000022197	7.60109478026294e-07
0.534000000002224	6.672693411147179e-07
0.5350000000022281	5.714676278856246e-07
0.5360000000022322	4.741567874999575e-07
0.5370000000022366	3.758560838118541e-07
0.5380000000022407	2.7769383348363874e-07
0.5390000000022448	1.803959284174539e-07
0.5400000000022487	8.48795972396843e-08
0.541000000002253	-7.907505539250792e-09
0.5420000000022571	-9.728592220703547e-08
0.5430000000022612	-1.8217481856375173e-07
0.5440000000022656	-2.620948031939463e-07
0.5450000000022697	-3.3587167136417406e-07
0.5460000000022738	-4.0322483263466324e-07
0.5470000000022779	-4.633972432444011e-07
0.5480000000022822	-5.160817242444438e-07
0.5490000000022863	-5.611952862416558e-07
0.5500000000022904	-5.984956037430322e-07
0.5510000000022948	-6.278772730627935e-07
0.5520000000022989	-6.494233082410261e-07
0.553000000002303	-6.629662738788511e-07
0.5540000000023071	-6.688935225707127e-07
0.5550000000023114	-6.673793713218856e-07
0.5560000000023155	-6.58755166416114e-07
0.5570000000023196	-6.434729746818135e-07
0.558000000002324	-6.220068473616891e-07
0.5590000000023281	-5.950605128646203e-07
0.5600000000023322	-5.632497648289103e-07
0.5610000000023363	-5.273863097343678e-07
0.5620000000023406	-4.882309998510692e-07
0.5630000000023447	-4.4659125775226016e-07
0.5640000000023488	-4.033861029650865e-07
0.5650000000023532	-3.5938591791406793e-07
0.5660000000023573	-3.1541224942976953e-07
0.5670000000023614	-2.722935066312715e-07
0.5680000000023655	-2.307722777317167e-07
0.5690000000023698	-1.914707759009815e-07
0.5700000000023739	-1.549283459301165e-07
0.5710000000023778	-1.21698992883168e-07
0.5720000000023819	-9.206177420395534e-08
0.5730000000023863	-6.632936089268071e-08
0.5740000000023904	-4.470643277798558e-08
0.5750000000023945	-2.716724445406271e-08
0.5760000000023988	-1.3680102606272726e-08
0.5770000000024029	-4.136802456145006e-09
0.578000000002407	1.6679002623476435e-09
0.5790000000024111	3.990425323507907e-09
0.5800000000024155	3.0338549450448227e-09
0.5810000000024196	-8.524037031776288e-10
0.5820000000024237	-7.521506528718191e-09
0.583000000002428	-1.6607514918831612e-08
0.5840000000024321	-2.803497123338161e-08
0.5850000000024362	-4.145098464469754e-08
0.5860000000024403	-5.6859674302245367e-08
0.5870000000024447	-7.400447876726446e-08
0.5880000000024488	-9.279679535900698e-08
0.5890000000024529	-1.1312210501657205e-07
0.5900000000024572	-1.3480980132207776e-07
0.5910000000024613	-1.5771921346718898e-07
0.5920000000024654	-1.816380994501543e-07
0.5930000000024696	-2.0643573650502844e-07
0.5940000000024739	-2.3181763597612814e-07
0.595000000002478	-2.576116004959772e-07
0.5960000000024821	-2.8356966064180256e-07
0.5970000000024864	-3.095159792909641e-07
0.5980000000024905	-3.3525070231021914e-07
0.5990000000024946	-3.606514444864928e-07
0.6000000000024988	-3.8560103177154303e-07
0.6010000000025031	-4.100243158333683e-07
0.602000000002507	-4.3387548664952647e-07
0.6030000000025111	-4.5715778984600774e-07
0.6040000000025154	-4.798565842456526e-07
0.6050000000025195	-5.020252258347568e-07
0.6060000000025236	-5.236687381504623e-07
0.6070000000025277	-5.448293800558446e-07
0.6080000000025321	-5.655100101531474e-07
0.6090000000025362	-5.857117333363249e-07
0.6100000000025403	-6.053922645410381e-07
0.6110000000025446	-6.24538404547792e-07
0.6120000000025487	-6.431174168763931e-07
0.6130000000025528	-6.611115672683354e-07
0.614000000002557	-6.78536396403473e-07
0.6150000000025613	-6.95437197162363e-07
0.6160000000025654	-7.11876927406152e-07
0.6170000000025695	-7.279504417034843e-07
0.6180000000025738	-7.437727682635398e-07
0.6190000000025779	-7.594782724940075e-07
0.620000000002582	-7.752002864069851e-07
0.6210000000025861	-7.910593455839887e-07
0.6220000000025905	-8.071521220287536e-07
0.6230000000025946	-8.235487027885569e-07
0.6240000000025987	-8.402625755188353e-07
0.625000000002603	-8.572752847602061e-07
0.6260000000026071	-8.745143595945137e-07
0.6270000000026112	-8.918770555421673e-07
0.6280000000026154	-9.092375503616523e-07
0.6290000000026197	-9.264718929813398e-07
0.6300000000026238	-9.434764880467128e-07
0.6310000000026279	-9.601754635824022e-07
0.6320000000026322	-9.765389896720933e-07
0.6330000000026361	-9.925883215355924e-07
0.6340000000026402	-1.008373788247141e-06
0.6350000000026443	-1.0239978998072274e-06
0.6360000000026487	-1.0395643887939343e-06
0.6370000000026528	-1.0552172069466792e-06
0.6380000000026569	-1.0710913409539558e-06
0.6390000000026612	-1.0873431426361435e-06
0.6400000000026653	-1.1040932301753514e-06
0.6410000000026694	-1.1214661210789956e-06
0.6420000000026735	-1.1395061660923744e-06
0.6430000000026779	-1.1582490546668822e-06
0.644000000002682	-1.1776708850330664e-06
0.6450000000026861	-1.1977342109226186e-06
0.6460000000026904	-1.2183558713019238e-06
0.6470000000026945	-1.2394286599270998e-06
0.6480000000026986	-1.2608065016461723e-06
0.6490000000027027	-1.282313883077535e-06
0.6500000000027071	-1.3036798525156712e-06
0.6510000000027112	-1.3246572387881628e-06
0.6520000000027153	-1.3448549378569652e-06
0.6530000000027196	-1.364051471330896e-06
0.6540000000027237	-1.3818885131744452e-06
0.6550000000027278	-1.398221975756897e-06
0.656000000002732	-1.412783468435208e-06
0.6570000000027363	-1.4254725351214859e-06
0.6580000000027404	-1.4360969675664137e-06
0.6590000000027445	-1.4446314726690446e-06
0.6600000000027488	-1.4507060466240063e-06
0.6610000000027529	-1.454255115440617e-06
0.662000000002757	-1.45486514835369e-06
0.6630000000027612	-1.4524256664039115e-06
0.6640000000027653	-1.446523225201446e-06
0.6650000000027694	-1.4370729402024551e-06
0.6660000000027735	-1.423814037782023e-06
0.6670000000027778	-1.4066329847572945e-06
0.6680000000027819	-1.3854402984847525e-06
0.669000000002786	-1.3601242496719124e-06
0.6700000000027901	-1.3307028567943746e-06
0.6710000000027945	-1.2971400360495267e-06
0.6720000000027986	-1.2594410412347656e-06
0.6730000000028027	-1.2177050465744799e-06
0.674000000002807	-1.1722516983780906e-06
0.6750000000028111	-1.123418838844259e-06
0.6760000000028152	-1.0715387110948882e-06
0.6770000000028193	-1.0171605380193682e-06
0.6780000000028237	-9.608886908374359e-07
0.6790000000028278	-9.03330087842491e-07
0.6800000000028319	-8.450514312752233e-07
0.6810000000028362	-7.867077527201616e-07
0.6820000000028403	-7.287846064407688e-07
0.6830000000028444	-6.719800926813235e-07
0.6840000000028486	-6.166672106289184e-07
0.6850000000028529	-5.635715538687691e-07
0.686000000002857	-5.129575770812522e-07
0.6870000000028611	-4.654822070015996e-07
0.6880000000028654	-4.21260598404416e-07
0.6890000000028695	-3.8077537811709306e-07
0.6900000000028736	-3.4394324033293344e-07
0.6910000000028778	-3.110832258457208e-07
0.6920000000028821	-2.8193440382295876e-07
0.6930000000028862	-2.567806005604467e-07
0.6940000000028901	-2.3534739868047438e-07
0.6950000000028944	-2.1775334069218388e-07
0.6960000000028985	-2.0375974951747367e-07
0.6970000000029026	-1.9327296163496044e-07
0.6980000000029067	-1.860701990263891e-07
0.6990000000029111	-1.8193049577952536e-07
0.7000000000029152	-1.8048469740961082e-07
0.7010000000029193	-1.8158368364495914e-07
0.7020000000029236	-1.8468751816769213e-07
0.7030000000029277	-1.8961684311591398e-07
0.7040000000029318	-1.9585589128290337e-07
0.705000000002936	-2.0312240245345947e-07
0.7060000000029403	-2.1095905777812618e-07
0.7070000000029444	-2.189743759650753e-07
0.7080000000029485	-2.2681202627161667e-07
0.7090000000029526	-2.3422569239706093e-07
0.7100000000029569	-2.4102025641958846e-07
0.711000000002961	-2.4709550539014913e-07
0.7120000000029651	-2.523699569323412e-07
0.7130000000029695	-2.5680476833933596e-07
0.7140000000029736	-2.6029259014848094e-07
0.7150000000029777	-2.627668989063636e-07
0.7160000000029818	-2.6409345199596146e-07
0.7170000000029861	-2.6419384591136463e-07
0.7180000000029902	-2.6296660293745333e-07
0.7190000000029944	-2.604479645285096e-07
0.7200000000029987	-2.567085948257386e-07
0.7210000000030028	-2.5199851338975066e-07
0.7220000000030069	-2.4655353159097615e-07
0.723000000003011	-2.4074637039461777e-07
0.7240000000030153	-2.3501088008970328e-07
0.7250000000030195	-2.2981475167327403e-07
0.7260000000030233	-2.2572100633055925e-07
0.7270000000030277	-2.231539371067015e-07
0.7280000000030318	-2.2285465250959646e-07
0.7290000000030359	-2.251056760993464e-07
0.73000000000304	-2.3051803710316676e-07
0.7310000000030443	-2.394962663743172e-07
0.7320000000030484	-2.5212250354123e-07
0.7330000000030525	-2.6897395555280923e-07
0.7340000000030569	-2.899713058557296e-07
0.735000000003061	-3.153057157589956e-07
0.7360000000030651	-3.450550771777472e-07
0.7370000000030692	-3.79258340288402e-07
0.7380000000030735	-4.177468513333338e-07
0.7390000000030776	-4.6030083411530143e-07
0.7400000000030817	-5.068277313391434e-07
0.7410000000030861	-5.569679117911619e-07
0.7420000000030902	-6.104713423660257e-07
0.7430000000030943	-6.66977032937055e-07
0.7440000000030984	-7.260969105971071e-07
0.7450000000031027	-7.874809218044732e-07
0.7460000000031068	-8.506561763876874e-07
0.747000000003111	-9.152146833724117e-07
0.7480000000031153	-9.807151661878066e-07
0.7490000000031194	-1.046664734438707e-06
0.7500000000031235	-1.1125427161751134e-06
0.7510000000031276	-1.1777252131306426e-06
0.7520000000031319	-1.2417027579481044e-06
0.753000000003136	-1.3036082664452664e-06
0.7540000000031402	-1.3627907302637965e-06
0.7550000000031445	-1.4185994086091114e-06
0.7560000000031484	-1.4702125334942195e-06
0.7570000000031525	-1.5170982916590248e-06
0.7580000000031566	-1.5585500603432223e-06
0.7590000000031609	-1.5943401430185133e-06
0.760000000003165	-1.6237220872294955e-06
0.7610000000031691	-1.6463230374519355e-06
0.7620000000031735	-1.6622665168775086e-06
0.7630000000031776	-1.6705343057754618e-06
0.7640000000031817	-1.6722141773506394e-06
0.7650000000031858	-1.665136938333589e-06
0.7660000000031901	-1.6514055585226117e-06
0.7670000000031942	-1.6293995845906295e-06
0.7680000000031983	-1.5999727558391186e-06
0.7690000000032027	-1.5628720380078676e-06
0.7700000000032068	-1.5185428647868093e-06
0.7710000000032109	-1.4671148036438098e-06
0.772000000003215	-1.4092473437088415e-06
0.7730000000032193	-1.3448973970042744e-06
0.7740000000032234	-1.2748233655379693e-06
0.7750000000032276	-1.1987916499478501e-06
0.7760000000032319	-1.1176990768468897e-06
0.777000000003236	-1.0313135456740952e-06
0.7780000000032401	-9.402184337758968e-07
0.7790000000032442	-8.44348903239478e-07
0.7800000000032485	-7.443580298804875e-07
0.7810000000032526	-6.404471151189028e-07
0.7820000000032568	-5.333221206882399e-07
0.7830000000032611	-4.2349838946798e-07
0.7840000000032652	-3.115901379135977e-07
0.7850000000032693	-1.9812809282093724e-07
0.7860000000032734	-8.360290237874324e-08
0.7870000000032777	3.1359302932187916e-08
0.7880000000032816	1.4636339651374897e-07
0.7890000000032857	2.608567222228686e-07
0.7900000000032901	3.7424672127972514e-07
0.7910000000032942	4.860415911966953e-07
0.7920000000032983	5.956599354872694e-07
0.7930000000033024	7.02554772802344e-07
0.7940000000033067	8.06210368242688e-07
0.7950000000033108	9.06332010330857e-07
0.796000000003315	1.0022806576914789e-06
0.7970000000033193	1.0938752461608914e-06
0.7980000000033234	1.1809213749103264e-06
0.7990000000033275	1.2632523332944956e-06
0.8000000000033316	1.3403889985719175e-06
0.8010000000033359	1.4124733356268848e-06
0.80200000000334	1.4789098365941555e-06
0.8030000000033441	1.5396087820196414e-06
0.8040000000033485	1.5943319731093197e-06
0.8050000000033526	1.6427942413077545e-06
0.8060000000033567	1.6850916627619839e-06
0.8070000000033608	1.7211435764385996e-06
0.8080000000033651	1.7508945284738786e-06
0.8090000000033692	1.7744006772790755e-06
0.8100000000033734	1.7918894498203386e-06
0.8110000000033777	1.8034459068339004e-06
0.8120000000033818	1.8088662664395017e-06
0.8130000000033859	1.8084287285446976e-06
0.81400000000339	1.8020338868884878e-06
0.8150000000033943	1.7894902586412798e-06
0.8160000000033985	1.7711724485947045e-06
0.8170000000034026	1.7470568937083542e-06
0.8180000000034067	1.7175515468759173e-06
0.8190000000034108	1.6827886010206683e-06
0.8200000000034149	1.6430583980042712e-06
0.821000000003419	1.5984912580258026e-06
0.8220000000034233	1.5493575444835983e-06
0.8230000000034274	1.4959078924459135e-06
0.8240000000034315	1.4382835358262014e-06
0.8250000000034359	1.37685632983775e-06
0.82600000000344	1.311692215733018e-06
0.8270000000034441	1.2431891850406274e-06
0.8280000000034482	1.1715577095117169e-06
0.8290000000034525	1.097081854029014e-06
0.8300000000034566	1.0199036438729436e-06
0.8310000000034607	9.402532510360828e-07
0.8320000000034651	8.584781261422592e-07
0.8330000000034692	7.74925924873493e-07
0.8340000000034733	6.899185605035996e-07
0.8350000000034774	6.040599352941101e-07
0.8360000000034817	5.176418899077717e-07
0.8370000000034858	4.3106608771381616e-07
0.83800000000349	3.4469382836910256e-07
0.8390000000034943	2.5882735898985487e-07
0.8400000000034984	1.7378418804003815e-07
0.8410000000035025	8.983135102447193e-08
0.8420000000035066	7.170003257783719e-09
0.8430000000035109	-7.402107748966102e-08
0.844000000003515	-1.5365422445512422e-07
0.8450000000035192	-2.3154705308670032e-07
0.8460000000035233	-3.076914667499153e-07
0.8470000000035276	-3.8203938390601877e-07
0.8480000000035317	-4.545733007788044e-07
0.8490000000035356	-5.253931136817158e-07
0.8500000000035399	-5.944683691971875e-07
0.851000000003544	-6.620970680604188e-07
0.8520000000035481	-7.282678609055182e-07
0.8530000000035523	-7.933387531355862e-07
0.8540000000035566	-8.573036796022393e-07
0.8550000000035607	-9.202761983573282e-07
0.8560000000035648	-9.822663611380733e-07
0.8570000000035691	-1.043151604873671e-06
0.8580000000035732	-1.1028369164556295e-06
0.8590000000035773	-1.1611364747476927e-06
0.8600000000035815	-1.2178220853975574e-06
0.8610000000035858	-1.2726350604452819e-06
0.8620000000035899	-1.3253430539705846e-06
0.863000000003594	-1.3755037600038378e-06
0.8640000000035983	-1.4229085931738439e-06
0.8650000000036024	-1.4672264210258135e-06
0.8660000000036066	-1.5080643356313317e-06
0.8670000000036107	-1.5450552388607264e-06
0.868000000003615	-1.5782056086433016e-06
0.8690000000036191	-1.6069123163209298e-06
0.8700000000036232	-1.6314006006101778e-06
0.8710000000036275	-1.6513844587340287e-06
0.8720000000036316	-1.6669351261544563e-06
0.8730000000036358	-1.6780661209470082e-06
0.8740000000036399	-1.6849509725247458e-06
0.8750000000036442	-1.6876350397154738e-06
0.8760000000036483	-1.6866127690029487e-06
0.8770000000036524	-1.681775883000114e-06
0.8780000000036567	-1.6736621559765297e-06
0.8790000000036609	-1.662240591837616e-06
0.8800000000036647	-1.6479897717580627e-06
0.8810000000036688	-1.6309696952987451e-06
0.8820000000036732	-1.6116082504069595e-06
0.8830000000036773	-1.5900497456478035e-06
0.8840000000036814	-1.5666880341935752e-06
0.8850000000036857	-1.54160443321949e-06
0.8860000000036898	-1.5149612542231239e-06
0.887000000003694	-1.4868113518140547e-06
0.888000000003698	-1.4573047399935035e-06
0.8890000000037024	-1.4265445722472236e-06
0.8900000000037065	-1.3946478378823457e-06
0.8910000000037106	-1.3616514848990846e-06
0.8920000000037149	-1.3276207231349701e-06
0.893000000003719	-1.292528432506046e-06
0.8940000000037231	-1.256440788965918e-06
0.8950000000037273	-1.219353613857166e-06
0.8960000000037316	-1.181314130072053e-06
0.8970000000037357	-1.1423159014256612e-06
0.8980000000037398	-1.1024966624084698e-06
0.8990000000037441	-1.0619151999957666e-06
0.9000000000037482	-1.020654541772359e-06
0.9010000000037524	-9.788139645472427e-07
0.9020000000037565	-9.364956981006145e-07
0.9030000000037608	-8.938381048650967e-07
0.9040000000037649	-8.509383917498781e-07
0.905000000003769	-8.080013302880218e-07
0.9060000000037733	-7.651512290429707e-07
0.9070000000037775	-7.225701708080123e-07
0.9080000000037816	-6.803839540658885e-07
0.9090000000037857	-6.387321698220205e-07
0.91000000000379	-5.977028834092124e-07
0.9110000000037939	-5.57408512458224e-07
0.912000000003798	-5.178984974207879e-07
0.9130000000038023	-4.792692116506458e-07
0.9140000000038064	-4.415306094074367e-07
0.9150000000038105	-4.047631230186255e-07
0.9160000000038147	-3.6896947452902396e-07
0.917000000003819	-3.342466592393123e-07
0.9180000000038231	-3.005479014550616e-07
0.9190000000038272	-2.6797817498369625e-07
0.9200000000038315	-2.3648892044647596e-07
0.9210000000038356	-2.061532229369334e-07
0.9220000000038397	-1.7688391285020089e-07
0.9230000000038439	-1.4881483534345818e-07
0.9240000000038482	-1.2177015751291265e-07
0.9250000000038523	-9.584865834355583e-08
0.9260000000038564	-7.085140141249724e-08
0.9270000000038607	-4.6818479759735965e-08
0.9280000000038648	-2.3555123185303728e-08
0.929000000003869	-1.0942504680144793e-09
0.9300000000038731	2.0743544104639966e-08
0.9310000000038774	4.1884907653333414e-08
0.9320000000038815	6.239973637800489e-08
0.9330000000038856	8.215598656935441e-08
0.9340000000038899	1.012026124014298e-07
0.935000000003894	1.192803414928889e-07
0.9360000000038982	1.3638317930553256e-07
0.9370000000039023	1.5225399185858635e-07
0.9380000000039066	1.6683574233233855e-07
0.9390000000039107	1.798314023249148e-07
0.9400000000039148	1.912364926415222e-07
0.9410000000039191	2.0078925710986795e-07
0.942000000003923	2.0846370030191963e-07
0.9430000000039271	2.1421785589836873e-07
0.9440000000039312	2.180929885575722e-07
0.9450000000039356	2.1988869469691252e-07
0.9460000000039397	2.197257031877342e-07
0.9470000000039438	2.174555154832447e-07
0.9480000000039481	2.1306687947308944e-07
0.9490000000039522	2.0649853083032355e-07
0.9500000000039563	1.9766431380574545e-07
0.9510000000039605	1.8660749057097803e-07
0.9520000000039648	1.733482417609622e-07
0.9530000000039689	1.5792141949688698e-07
0.954000000003973	1.4044586538197734e-07
0.9550000000039773	1.209613906816287e-07
0.9560000000039814	9.956132962507525e-08
0.9570000000039856	7.645540744949386e-08
0.9580000000039897	5.1676476431339324e-08
0.959000000003994	2.5391579061562197e-08
0.9600000000039981	-2.199144866210645e-09
0.9610000000040022	-3.111931023980219e-08
0.9620000000040065	-6.099250771107734e-08
0.9630000000040106	-9.185600413630368e-08
0.9640000000040148	-1.2344903366212634e-07
0.9650000000040189	-1.5572671063779353e-07
0.9660000000040232	-1.8849246585794788e-07
0.9670000000040273	-2.2166076640850463e-07
0.9680000000040314	-2.5505721379381896e-07
0.9690000000040357	-2.8854382505549836e-07
0.9700000000040399	-3.2198150012874294e-07
0.9710000000040437	-3.552136642603898e-07
0.9720000000040478	-3.8813035496687576e-07
0.9730000000040522	-4.206112669269402e-07
0.9740000000040563	-4.525641548180914e-07
0.9750000000040604	-4.838956384478621e-07
0.9760000000040647	-5.145496269065575e-07
0.9770000000040688	-5.444868937942715e-07
0.978000000004073	-5.736656831789588e-07
0.979000000004077	-6.020660281436108e-07
0.9800000000040812	-6.296850689757605e-07
0.9810000000040855	-6.56543246213559e-07
0.9820000000040896	-6.826688911942824e-07
0.9830000000040937	-7.081362716210293e-07
0.984000000004098	-7.330007494310564e-07
0.9850000000041004	-7.573685523176721e-07
0.9860000000041018	-7.813122686606278e-07
0.987000000004103	-8.049249429209482e-07
0.9880000000041045	-8.282370675960493e-07
0.9890000000041059	-8.513109170937838e-07
0.9900000000041072	-8.74072962897543e-07
0.9910000000041086	-8.965283861961382e-07
0.99200000000411	-9.186303142616481e-07
0.9930000000041115	-9.403143814701309e-07
0.9940000000041127	-9.61597847570772e-07
0.9950000000041141	-9.824380864387194e-07
0.9960000000041156	-1.0028217640734027e-06
0.997000000004117	-1.022771719094706e-06
0.9980000000041185	-1.0422725837955227e-06
0.9990000000041197	-1.0613522247737706e-06
1.0000000000041211	-1.0800045278092085e-06
1.001000000004117	-1.0982369336165476e-06
1.002000000004113	-1.1160221606854037e-06
1.0030000000041086	-1.1333721390283102e-06
1.0040000000041045	-1.1502589691847476e-06
1.0050000000041002	-1.166657201068233e-06
1.006000000004096	-1.182539413502326e-06
1.007000000004092	-1.1978495371156583e-06
1.0080000000040878	-1.2125880335389638e-06
1.0090000000040837	-1.2267163000956316e-06
1.0100000000040794	-1.2402298523728206e-06
1.0110000000040753	-1.2530609743155452e-06
1.012000000004071	-1.2651801062357748e-06
1.0130000000040669	-1.2765542323212031e-06
1.0140000000040628	-1.2871324437391252e-06
1.0150000000040587	-1.2968378839683936e-06
1.0160000000040534	-1.3056404606359706e-06
1.0170000000040464	-1.3134654210933405e-06
1.0180000000040397	-1.320285209160943e-06
1.0190000000040325	-1.326076956242872e-06
1.0200000000040257	-1.3308130180078592e-06
1.021000000004019	-1.334499521998822e-06
1.0220000000040117	-1.337224728281683e-06
1.023000000004005	-1.3389748232395249e-06
1.0240000000039977	-1.3399594021024086e-06
1.025000000003991	-1.3400440617150622e-06
1.026000000003984	-1.3394388533871648e-06
1.027000000003977	-1.338072504575294e-06
1.0280000000039702	-1.3360044699428641e-06
1.0290000000039632	-1.3332486346051553e-06
1.0300000000039562	-1.3297882621721158e-06
1.0310000000039494	-1.3256369391090317e-06
1.0320000000039424	-1.3207922073821265e-06
1.0330000000039354	-1.3152072846356333e-06
1.0340000000039287	-1.3088470267597074e-06
1.0350000000039217	-1.3016057394121816e-06
1.0360000000039147	-1.2934023139177242e-06
1.0370000000039077	-1.2840878826914093e-06
1.0380000000039007	-1.273584260275129e-06
1.039000000003894	-1.2617178175577948e-06
1.0400000000038867	-1.2484310947247224e-06
1.04100000000388	-1.2337193426859017e-06
1.0420000000038732	-1.2175309598294604e-06
1.043000000003866	-1.1998248348188412e-06
1.0440000000038592	-1.1805748720838949e-06
1.0450000000038522	-1.1597589055778457e-06
1.0460000000038452	-1.1372683577093312e-06
1.0470000000038384	-1.1130460744190884e-06
1.0480000000038314	-1.0871504427800716e-06
1.0490000000038244	-1.0594465673641196e-06
1.0500000000038174	-1.0301157860048704e-06
1.0510000000038104	-9.99081601227303e-07
1.0520000000038037	-9.666227989146847e-07
1.0530000000037967	-9.327959198390801e-07
1.0540000000037897	-8.976854077857865e-07
1.055000000003783	-8.615296769320935e-07
1.056000000003776	-8.242742111086443e-07
1.057000000003769	-7.862216704346281e-07
1.0580000000037622	-7.473374368238694e-07
1.059000000003755	-7.077310792968916e-07
1.0600000000037482	-6.673990509131755e-07
1.0610000000037412	-6.263439571441154e-07
1.0620000000037342	-5.845828581207968e-07
1.0630000000037274	-5.420888005147617e-07
1.0640000000037202	-4.988413258022462e-07
1.0650000000037134	-4.548242105162359e-07
1.0660000000037064	-4.1002396922174e-07
1.0670000000036994	-3.6449031437513213e-07
1.0680000000036927	-3.182308674354317e-07
1.0690000000036857	-2.71333662649198e-07
1.0700000000036787	-2.2387333586948444e-07
1.071000000003672	-1.759191949890493e-07
1.072000000003665	-1.2756839762317895e-07
1.073000000003658	-7.89259408939813e-08
1.0740000000036511	-3.010274274295455e-08
1.075000000003644	1.8765164311318472e-08
1.0760000000036372	6.752378700625172e-08
1.0770000000036304	1.160531812871568e-07
1.0780000000036232	1.6422227722134863e-07
1.0790000000036164	2.1192082932941503e-07
1.0800000000036092	2.590978611660688e-07
1.0810000000036024	3.0557958718979705e-07
1.0820000000035954	3.5132288744854634e-07
1.0830000000035884	3.9618670488739127e-07
1.0840000000035817	4.401016977517713e-07
1.0850000000035747	4.829915755122371e-07
1.0860000000035677	5.246965735228315e-07
1.087000000003561	5.65207345148977e-07
1.088000000003554	6.04423644245955e-07
1.089000000003547	6.422392064830973e-07
1.0900000000035401	6.786788552259893e-07
1.091000000003533	7.137068360751897e-07
1.0920000000035262	7.472647679529487e-07
1.0930000000035192	7.794647827186196e-07
1.0940000000035122	8.102803008558368e-07
1.0950000000035054	8.398239998985702e-07
1.0960000000034982	8.681233401031108e-07
1.0970000000034914	8.952215432289634e-07
1.0980000000034844	9.211802486364107e-07
1.0990000000034774	9.459404907152802e-07
1.1000000000034706	9.695979441559643e-07
1.1010000000034637	9.919665158175661e-07
1.1020000000034567	1.0130887517778575e-06
1.1030000000034499	1.0328333537312773e-06
1.104000000003443	1.051141973462677e-06
1.105000000003436	1.0679819298919924e-06
1.106000000003429	1.0833863257619925e-06
1.107000000003422	1.0974040838274135e-06
1.1080000000034151	1.1100346906101066e-06
1.1090000000034081	1.1212887059963705e-06
1.1100000000034012	1.1311673925318289e-06
1.1110000000033944	1.1396372592287207e-06
1.1120000000033872	1.1466591881559296e-06
1.1130000000033804	1.1522434026911554e-06
1.1140000000033736	1.156305689309356e-06
1.1150000000033664	1.1588478271429281e-06
1.1160000000033596	1.159750197543552e-06
1.1170000000033526	1.1589443850157366e-06
1.1180000000033457	1.1563550494919639e-06
1.1190000000033387	1.1520130345221702e-06
1.1200000000033317	1.1457609636611465e-06
1.121000000003325	1.137809446105642e-06
1.122000000003318	1.1280143462633063e-06
1.123000000003311	1.1165743446506227e-06
1.1240000000033041	1.1033957523221005e-06
1.1250000000032971	1.088619083322584e-06
1.1260000000032901	1.072259460221936e-06
1.1270000000032834	1.054387864796169e-06
1.1280000000032764	1.0350690126115225e-06
1.1290000000032694	1.014383798403351e-06
1.1300000000032626	9.923641222098212e-07
1.1310000000032554	9.691055300464768e-07
1.1320000000032486	9.447044194699217e-07
1.1330000000032414	9.192018715076244e-07
1.1340000000032346	8.926902558270555e-07
1.1350000000032279	8.652428817867985e-07
1.1360000000032207	8.368673647396463e-07
1.1370000000032139	8.075897414139277e-07
1.138000000003207	7.774436123764161e-07
1.1390000000032	7.46499307480164e-07
1.1400000000031931	7.148325542605249e-07
1.1410000000031861	6.825325544745908e-07
1.1420000000031791	6.49625755744232e-07
1.1430000000031724	6.162213119775828e-07
1.1440000000031654	5.823153981232565e-07
1.1450000000031584	5.480306853877792e-07
1.1460000000031516	5.134319156496758e-07
1.1470000000031444	4.78636793976861e-07
1.1480000000031376	4.437555276570748e-07
1.1490000000031304	4.0894576525118964e-07
1.1500000000031236	3.7433367161554543e-07
1.1510000000031169	3.400601376046808e-07
1.1520000000031096	3.0622249247436173e-07
1.1530000000031029	2.72926430344711e-07
1.1540000000030959	2.401919887429216e-07
1.155000000003089	2.081233891892964e-07
1.1560000000030821	1.766722579343849e-07
1.1570000000030751	1.4600665365627208e-07
1.1580000000030681	1.1606353933490965e-07
1.1590000000030614	8.693836417439371e-08
1.1600000000030544	5.8763950039342205e-08
1.1610000000030474	3.150244332061902e-08
1.1620000000030404	5.338618214167923e-09
1.1630000000030334	-1.9769285763970856e-08
1.1640000000030266	-4.376492857005587e-08
1.1650000000030196	-6.662411600188989e-08
1.1660000000030126	-8.835543163776549e-08
1.1670000000030059	-1.0890396184848328e-07
1.1680000000029986	-1.2822075068363858e-07
1.1690000000029919	-1.4626483491042563e-07
1.1700000000029849	-1.6298402494285824e-07
1.1710000000029779	-1.7839107258055265e-07
1.172000000002971	-1.924755568261105e-07
1.1730000000029641	-2.0521966970221683e-07
1.1740000000029571	-2.1664099403295722e-07
1.1750000000029501	-2.2671109856098326e-07
1.1760000000029431	-2.3545851224326952e-07
1.1770000000029364	-2.4277649313120264e-07
1.1780000000029294	-2.487669739092979e-07
1.1790000000029224	-2.5343813403466697e-07
1.1800000000029156	-2.5694584770974416e-07
1.1810000000029086	-2.593494621283554e-07
1.1820000000029016	-2.6081693804691497e-07
1.1830000000028948	-2.6147549214705634e-07
1.1840000000028876	-2.6143518105925523e-07
1.1850000000028809	-2.6077579784455907e-07
1.186000000002874	-2.5956923388470443e-07
1.1870000000028669	-2.5792070967867176e-07
1.18800000000286	-2.558567695487568e-07
1.1890000000028529	-2.534643790408353e-07
1.1900000000028461	-2.5080144938627313e-07
1.1910000000028391	-2.4790993369272485e-07
1.1920000000028321	-2.448498876983507e-07
1.1930000000028254	-2.416744848687813e-07
1.1940000000028184	-2.3842514096372724e-07
1.1950000000028114	-2.3514324842821566e-07
1.1960000000028046	-2.3183511599356166e-07
1.1970000000027976	-2.2847878722309645e-07
1.1980000000027906	-2.2501752550141418e-07
1.1990000000027838	-2.214179066761801e-07
1.2000000000027768	-2.176424642730268e-07
1.2010000000027699	-2.1364171542970212e-07
1.2020000000027629	-2.094050315371021e-07
1.2030000000027559	-2.048983072100441e-07
1.204000000002749	-2.001123413641892e-07
1.2050000000027419	-1.9508748194674297e-07
1.206000000002735	-1.8983009919537608e-07
1.2070000000027283	-1.8441979188210667e-07
1.2080000000027211	-1.788809680380865e-07
1.2090000000027143	-1.732908037066494e-07
1.2100000000027074	-1.6771712818552942e-07
1.2110000000027004	-1.622444774085352e-07
1.2120000000026936	-1.5693495880597652e-07
1.2130000000026866	-1.5184690838054848e-07
1.2140000000026796	-1.4701655492999066e-07
1.2150000000026726	-1.4245337043305994e-07
1.2160000000026656	-1.3817406085969708e-07
1.2170000000026588	-1.341323161430097e-07
1.2180000000026519	-1.3029114720453094e-07
1.2190000000026449	-1.265668336802861e-07
1.220000000002638	-1.229004571445813e-07
1.2210000000026309	-1.1921405196346768e-07
1.222000000002624	-1.1543849587347665e-07
1.2230000000026173	-1.1149518908126765e-07
1.2240000000026101	-1.0731491872917331e-07
1.2250000000026033	-1.0285709595159176e-07
1.2260000000025963	-9.80889534041296e-08
1.2270000000025894	-9.302815717759927e-08
1.2280000000025826	-8.771303483534609e-08
1.2290000000025754	-8.221471459179952e-08
1.2300000000025686	-7.659685574701314e-08
1.2310000000025616	-7.091960751992588e-08
1.2320000000025546	-6.521774476020425e-08
1.2330000000025478	-5.950555426181836e-08
1.2340000000025408	-5.376075939977909e-08
1.2350000000025338	-4.7946332903947564e-08
1.236000000002527	-4.199574465957312e-08
1.23700000000252	-3.5829788469499135e-08
1.238000000002513	-2.9368870224644184e-08
1.2390000000025063	-2.255909437032244e-08
1.240000000002499	-1.5358360361261703e-08
1.2410000000024923	-7.769527687884192e-09
1.2420000000024853	1.6920165268885512e-10
1.2430000000024783	8.393878148105216e-09
1.2440000000024716	1.6845490447003897e-08
1.2450000000024644	2.546209332265903e-08
1.2460000000024576	3.4221962152969354e-08
1.2470000000024506	4.311887613628329e-08
1.2480000000024436	5.2156703400640936e-08
1.2490000000024368	6.133676433428548e-08
1.2500000000024298	7.065893847801874e-08
1.2510000000024228	8.010201446584375e-08
1.252000000002416	8.966210152117071e-08
1.253000000002409	9.932833022752163e-08
1.254000000002402	1.0910863534885351e-07
1.2550000000023953	1.1902937369079325e-07
1.256000000002388	1.2912815150478707e-07
1.2570000000023813	1.3945146803973074e-07
1.2580000000023743	1.5007717468762394e-07
1.2590000000023673	1.61089104722123e-07
1.2600000000023606	1.7257264528502958e-07
1.2610000000023533	1.846362240875976e-07
1.2620000000023466	1.9737839596079e-07
1.2630000000023396	2.1086345058929368e-07
1.2640000000023326	2.252281634529396e-07
1.2650000000023258	2.4044590463123683e-07
1.2660000000023188	2.566232795153667e-07
1.2670000000023118	2.7375644695570855e-07
1.268000000002305	2.917867880647407e-07
1.269000000002298	3.107626768139582e-07
1.270000000002291	3.3057574799766343e-07
1.271000000002284	3.5110134910532054e-07
1.272000000002277	3.7222086768373686e-07
1.2730000000022703	3.9376765392784563e-07
1.2740000000022633	4.15621572380509e-07
1.2750000000022563	4.376625567514836e-07
1.2760000000022496	4.5978061491425137e-07
1.2770000000022423	4.818667203032589e-07
1.2780000000022356	5.038251980060693e-07
1.2790000000022288	5.256112932672252e-07
1.2800000000022216	5.472019481977952e-07
1.2810000000022148	5.686242954272558e-07
1.2820000000022078	5.898955658389937e-07
1.2830000000022008	6.110621387778181e-07
1.2840000000021938	6.321695186217724e-07
1.2850000000021868	6.532751779531054e-07
1.28600000000218	6.744219156473719e-07
1.287000000002173	6.956374271060994e-07
1.288000000002166	7.169355492608886e-07
1.2890000000021593	7.383106723768407e-07
1.2900000000021523	7.597468918429939e-07
1.2910000000021453	7.812118614225483e-07
1.2920000000021385	8.026537775540632e-07
1.2930000000021313	8.240206987863985e-07
1.2940000000021246	8.452256986535289e-07
1.2950000000021178	8.661704525847469e-07
1.2960000000021106	8.867363239239978e-07
1.2970000000021038	9.067766192361049e-07
1.2980000000020966	9.262499336415431e-07
1.2990000000020898	9.44919108292197e-07
1.3000000000020828	9.627958315050478e-07
1.3010000000020758	9.797061508720617e-07
1.302000000002069	9.95651344926074e-07
1.303000000002062	1.010547180158028e-06
1.304000000002055	1.0243755905747776e-06
1.3050000000020483	1.0371088451366361e-06
1.3060000000020413	1.048711147033643e-06
1.3070000000020343	1.059181076845661e-06
1.3080000000020275	1.0685774474161747e-06
1.3090000000020205	1.077014648798169e-06
1.3100000000020136	1.0846216781379425e-06
1.3110000000020068	1.0915606170058822e-06
1.3120000000019996	1.0979781299713665e-06
1.3130000000019928	1.1040128508055247e-06
1.3140000000019856	1.1097713126240194e-06
1.3150000000019788	1.1153851962042438e-06
1.316000000001972	1.1209397234868135e-06
1.3170000000019648	1.1265559815010207e-06
1.318000000001958	1.132304772610837e-06
1.319000000001951	1.1382592186581775e-06
1.320000000001944	1.144399470853763e-06
1.3210000000019373	1.150708748731688e-06
1.3220000000019303	1.1571111870889439e-06
1.3230000000019233	1.1635146689448206e-06
1.3240000000019165	1.169807211542917e-06
1.3250000000019095	1.175865181224367e-06
1.3260000000019025	1.1815505760459644e-06
1.3270000000018956	1.1867342059046493e-06
1.3280000000018886	1.191233606534503e-06
1.3290000000018818	1.1949492605412004e-06
1.3300000000018748	1.1976675070579645e-06
1.3310000000018678	1.1992993356191306e-06
1.332000000001861	1.1996370319344862e-06
1.3330000000018538	1.1985206406217586e-06
1.334000000001847	1.1958631812580833e-06
1.33500000000184	1.1914305315663398e-06
1.336000000001833	1.1853118082605363e-06
1.3370000000018263	1.1774122401497777e-06
1.3380000000018193	1.167852696770666e-06
1.3390000000018123	1.1567535597167833e-06
1.3400000000018053	1.1442986682652645e-06
1.3410000000017983	1.130605470800461e-06
1.3420000000017915	1.1158454888970937e-06
1.3430000000017845	1.1001324740078644e-06
1.3440000000017776	1.083565650872309e-06
1.3450000000017708	1.066203711985736e-06
1.3460000000017638	1.0480491865472175e-06
1.3470000000017568	1.0291662397854395e-06
1.34800000000175	1.0095211848692998e-06
1.3490000000017428	9.891624344060546e-07
1.350000000001736	9.680701178460538e-07
1.3510000000017293	9.46210977792461e-07
1.352000000001722	9.235140757679616e-07
1.3530000000017153	8.999519941488288e-07
1.354000000001708	8.75455062332442e-07
1.3550000000017013	8.500452363113808e-07
1.3560000000016943	8.236044380938168e-07
1.3570000000016873	7.962148786955225e-07
1.3580000000016805	7.678149265277767e-07
1.3590000000016735	7.384184870229404e-07
1.3600000000016665	7.08130537985241e-07
1.3610000000016598	6.768760414388453e-07
1.3620000000016528	6.448807708947513e-07
1.3630000000016458	6.12096758056957e-07
1.364000000001639	5.786706720467549e-07
1.3650000000016318	5.446977510148443e-07
1.366000000001625	5.103907907422212e-07
1.367000000001618	4.7598078145583145e-07
1.368000000001611	4.417456854755031e-07
1.3690000000016043	4.0790199140605665e-07
1.370000000001597	3.7469702074410804e-07
1.3710000000015903	3.4227478806769795e-07
1.3720000000015833	3.1075081730058685e-07
1.3730000000015763	2.8010812680445696e-07
1.3740000000015695	2.503205316362056e-07
1.3750000000015625	2.212270800994176e-07
1.3760000000015555	1.9267828199609482e-07
1.3770000000015488	1.645024336749401e-07
1.3780000000015418	1.3647928209792326e-07
1.3790000000015348	1.0848071441138529e-07
1.3800000000015278	8.038651344577374e-08
1.3810000000015208	5.21455071345045e-08
1.382000000001514	2.372688956420177e-08
1.383000000001507	-4.808241582665573e-09
1.3840000000015	-3.332588116577995e-08
1.3850000000014933	-6.162551757782353e-08
1.386000000001486	-8.956642805202364e-08
1.3870000000014793	-1.1692152601661121e-07
1.3880000000014725	-1.435167367169754e-07
1.3890000000014653	-1.691563276118302e-07
1.3900000000014585	-1.9348687541054232e-07
1.3910000000014515	-2.1638252745148634e-07
1.3920000000014445	-2.3759329881301028e-07
1.3930000000014378	-2.572103543485582e-07
1.3940000000014305	-2.7527405022098606e-07
1.3950000000014238	-2.9204676454952505e-07
1.3960000000014168	-3.0766550906946577e-07
1.3970000000014098	-3.224003595203584e-07
1.398000000001403	-3.3634305585117374e-07
1.399000000001396	-3.495423479549231e-07
1.400000000001389	-3.6190574603800485e-07
1.4010000000013823	-3.733490843149667e-07
1.4020000000013753	-3.837167292797261e-07
1.4030000000013683	-3.9305830279445786e-07
1.4040000000013615	-4.014136341101704e-07
1.4050000000013543	-4.0877810736361653e-07
1.4060000000013475	-4.152408024094001e-07
1.4070000000013405	-4.20816890223108e-07
1.4080000000013335	-4.2559866297864346e-07
1.4090000000013267	-4.295740725357433e-07
1.4100000000013195	-4.32836791297575e-07
1.4110000000013128	-4.3538730376546653e-07
1.4120000000013058	-4.37298799838004e-07
1.4130000000012988	-4.386224436991881e-07
1.414000000001292	-4.394031498655693e-07
1.415000000001285	-4.396885300295139e-07
1.416000000001278	-4.394322803413786e-07
1.4170000000012712	-4.385452747612817e-07
1.4180000000012642	-4.368515487129798e-07
1.4190000000012573	-4.341904564775234e-07
1.4200000000012505	-4.3036694719056356e-07
1.4210000000012433	-4.252652114900002e-07
1.4220000000012365	-4.1856184962441034e-07
1.4230000000012293	-4.104304593965935e-07
1.4240000000012225	-4.007611520417953e-07
1.4250000000012157	-3.896196021369036e-07
1.4260000000012085	-3.7708219746690474e-07
1.4270000000012018	-3.6311418938339557e-07
1.4280000000011948	-3.478328409745046e-07
1.4290000000011878	-3.3135763355396364e-07
1.430000000001181	-3.138033521921102e-07
1.431000000001174	-2.953844577824327e-07
1.432000000001167	-2.762794906185917e-07
1.4330000000011602	-2.566272383486279e-07
1.4340000000011532	-2.3652044744970624e-07
1.4350000000011462	-2.1609052258675376e-07
1.4360000000011393	-1.9539569939830415e-07
1.4370000000011323	-1.7446418909550232e-07
1.4380000000011255	-1.533292419697574e-07
1.4390000000011185	-1.3202094661934893e-07
1.4400000000011115	-1.1054189519299484e-07
1.4410000000011047	-8.890144886919416e-08
1.4420000000010975	-6.704862354212082e-08
1.4430000000010907	-4.4934750587088956e-08
1.4440000000010837	-2.248165742457786e-08
1.4450000000010768	3.257507596998721e-10
1.44600000000107	2.3486633971003812e-08
1.447000000001063	4.6943677389776894e-08
1.448000000001056	7.062687268355461e-08
1.449000000001049	9.44505337274748e-08
1.450000000001042	1.1836398650100222e-07
1.4510000000010352	1.4231373723916363e-07
1.4520000000010282	1.6626818144516164e-07
1.4530000000010213	1.901937590753633e-07
1.4540000000010145	2.1408521400090308e-07
1.4550000000010075	2.3792904646491309e-07
1.4560000000010005	2.617048235897812e-07
1.4570000000009937	2.853763505505924e-07
1.4580000000009865	3.088574653808962e-07
1.4590000000009797	3.32046214746029e-07
1.460000000000973	3.548126885632996e-07
1.4610000000009657	3.769858494262479e-07
1.462000000000959	3.9847559296646295e-07
1.4630000000009518	4.1916276838360744e-07
1.464000000000945	4.3906190505538234e-07
1.465000000000938	4.581118827617914e-07
1.466000000000931	4.763895374848559e-07
1.4670000000009242	4.938708436652561e-07
1.4680000000009172	5.106250446917926e-07
1.4690000000009102	5.266260011405066e-07
1.4700000000009035	5.419329611733303e-07
1.4710000000008965	5.564856165873877e-07
1.4720000000008895	5.703163133974343e-07
1.4730000000008827	5.834146634686732e-07
1.4740000000008757	5.958398500149897e-07
1.4750000000008687	6.076401526389219e-07
1.476000000000862	6.189175354442966e-07
1.4770000000008547	6.296952214102092e-07
1.478000000000848	6.400515286664188e-07
1.4790000000008408	6.499984264163317e-07
1.480000000000834	6.595789213692527e-07
1.4810000000008272	6.688315090652708e-07
1.48200000000082	6.777712530103841e-07
1.4830000000008132	6.864115900118151e-07
1.4840000000008062	6.947584385574856e-07
1.4850000000007992	7.028364882311067e-07
1.4860000000007925	7.106057233752239e-07
1.4870000000007855	7.180868810685581e-07
1.4880000000007785	7.252571536664476e-07
1.4890000000007717	7.321138479898792e-07
1.4900000000007645	7.385802148762721e-07
1.4910000000007577	7.446862784199482e-07
1.4920000000007507	7.502876789855506e-07
1.4930000000007437	7.554448533397817e-07
1.494000000000737	7.600895561843402e-07
1.49500000000073	7.641893474685801e-07
1.496000000000723	7.676742685980287e-07
1.497000000000716	7.704930597984827e-07
1.498000000000709	7.72542775306917e-07
1.4990000000007022	7.737785566730437e-07
1.5000000000006952	7.741355878554401e-07
1.5010000000006882	7.736312823691804e-07
1.5020000000006815	7.722341529570187e-07
1.5030000000006745	7.699803722394094e-07
1.5040000000006675	7.668253851900175e-07
1.5050000000006605	7.628260839664947e-07
1.5060000000006535	7.580202059376262e-07
1.5070000000006467	7.524911533884904e-07
1.5080000000006397	7.462931819190999e-07
1.5090000000006327	7.395016384803554e-07
1.5100000000006257	7.321680579597256e-07
1.5110000000006187	7.243433320924808e-07
1.512000000000612	7.160818579210471e-07
1.513000000000605	7.073960217596209e-07
1.514000000000598	6.983356735101864e-07
1.5150000000005912	6.888925117021216e-07
1.5160000000005842	6.790711395421312e-07
1.5170000000005772	6.689149177896425e-07
1.5180000000005702	6.583656608771804e-07
1.5190000000005632	6.474854606919322e-07
1.5200000000005565	6.362407602988895e-07
1.5210000000005495	6.246148247512906e-07
1.5220000000005425	6.126207972023678e-07
1.5230000000005357	6.001634682561985e-07
1.5240000000005285	5.872518368255086e-07
1.5250000000005217	5.738108687092236e-07
1.5260000000005147	5.599145627144253e-07
1.5270000000005077	5.455268071719033e-07
1.528000000000501	5.307348370786613e-07
1.529000000000494	5.155222342345667e-07
1.530000000000487	4.999321041587734e-07
1.53100000000048	4.839648533039309e-07
1.532000000000473	4.676283218429944e-07
1.5330000000004662	4.5089267808329225e-07
1.5340000000004592	4.337160532941198e-07
1.5350000000004522	4.160714158762957e-07
1.5360000000004455	3.9792056194531966e-07
1.5370000000004385	3.7930212970493926e-07
1.5380000000004315	3.601998612712265e-07
1.5390000000004245	3.406330226773946e-07
1.5400000000004175	3.2064451560565033e-07
1.5410000000004107	3.0022489794223617e-07
1.5420000000004037	2.794314992726754e-07
1.5430000000003967	2.5827733640682027e-07
1.5440000000003897	2.3682995653473427e-07
1.5450000000003827	2.1516795301046443e-07
1.546000000000376	1.9341348389545487e-07
1.547000000000369	1.7170140076405715e-07
1.548000000000362	1.501393402936202e-07
1.549000000000355	1.28822877920598e-07
1.5500000000003482	1.0777550329965635e-07
1.5510000000003412	8.706899856658623e-08
1.5520000000003342	6.66746475808111e-08
1.5530000000003272	4.658874619423159e-08
1.5540000000003205	2.67864973535481e-08
1.5550000000003135	7.239846055995258e-09
1.5560000000003065	-1.2068732679892946e-08
1.5570000000002997	-3.113773061613756e-08
1.5580000000002925	-4.9940727553376973e-08
1.5590000000002857	-6.839040755934889e-08
1.5600000000002787	-8.644249493983125e-08
1.5610000000002717	-1.0399790695281297e-07
1.5620000000002647	-1.209893258913297e-07
1.5630000000002577	-1.3741980575687762e-07
1.564000000000251	-1.5330767499932563e-07
1.565000000000244	-1.6873331953881632e-07
1.566000000000237	-1.8375648469515227e-07
1.5670000000002302	-1.983620681045295e-07
1.5680000000002232	-2.1252065329768755e-07
1.5690000000002162	-2.2620652950777753e-07
1.5700000000002092	-2.393560738500611e-07
1.5710000000002025	-2.5190647745532146e-07
1.5720000000001955	-2.638017262412973e-07
1.5730000000001885	-2.7499562271771083e-07
1.5740000000001815	-2.854219582903994e-07
1.5750000000001747	-2.951266653283824e-07
1.5760000000001675	-3.041073461940158e-07
1.5770000000001607	-3.123793868020641e-07
1.5780000000001537	-3.199133633557949e-07
1.5790000000001467	-3.267205235246706e-07
1.58000000000014	-3.3277330091507906e-07
1.581000000000133	-3.3808091370879367e-07
1.582000000000126	-3.425766008646747e-07
1.583000000000119	-3.4608191068485894e-07
1.584000000000112	-3.486169068978029e-07
1.5850000000001052	-3.5004550213990626e-07
1.5860000000000982	-3.5038124424069395e-07
1.5870000000000912	-3.495872196168648e-07
1.5880000000000845	-3.4774346691079927e-07
1.5890000000000775	-3.4492010381192983e-07
1.5900000000000705	-3.4119317415814976e-07
1.5910000000000635	-3.366260878934213e-07
1.5920000000000565	-3.313885319489174e-07
1.5930000000000497	-3.255918574751604e-07
1.5940000000000427	-3.1934218891471744e-07
1.5950000000000357	-3.127586449824804e-07
1.5960000000000287	-3.0585772936575495e-07
1.5970000000000217	-2.987098648432607e-07
1.598000000000015	-2.9124514977496574e-07
1.599000000000008	-2.8339146140865523e-07
1.600000000000001	-2.7507680333549445e-07
1.6009999999999942	-2.6617699133701933e-07
1.6019999999999872	-2.5669986047915927e-07
1.6029999999999802	-2.466355608632398e-07
1.6039999999999732	-2.3599002885177356e-07
1.6049999999999662	-2.2475293026680276e-07
1.6059999999999595	-2.1301706198961767e-07
1.6069999999999525	-2.008189934343818e-07
1.6079999999999455	-1.8822082692437903e-07
1.6089999999999387	-1.7528660656296324e-07
1.6099999999999315	-1.6208024833375134e-07
1.6109999999999247	-1.486023062380326e-07
1.6119999999999177	-1.3489279626632822e-07
1.6129999999999107	-1.2099105384244524e-07
1.6139999999999037	-1.069299382372435e-07
1.614999999999897	-9.276336543351249e-08
1.61599999999989	-7.85596121488652e-08
1.616999999999883	-6.437911626022697e-08
1.617999999999876	-5.0256010908356075e-08
1.6189999999998692	-3.619916699726389e-08
1.6199999999998622	-2.221626194121029e-08
1.6209999999998552	-8.303033371959145e-09
1.6219999999998485	5.52054202351826e-09
1.6229999999998415	1.922763537276495e-08
1.6239999999998345	3.2764572943655423e-08
1.6249999999998275	4.609920445375337e-08
1.6259999999998205	5.9213914549438584e-08
1.6269999999998137	7.209259256235612e-08
1.6279999999998067	8.47321379726651e-08
1.6289999999997997	9.712604620570886e-08
1.6299999999997927	1.0924652948940405e-07
1.6309999999997857	1.2107810931638596e-07
1.631999999999779	1.3259466291604127e-07
1.632999999999772	1.4376012558159346e-07
1.633999999999765	1.5455385993234927e-07
1.634999999999758	1.6491775434168687e-07
1.6359999999997512	1.7482253800160663e-07
1.6369999999997442	1.8418863789726458e-07
1.6379999999997372	1.9293552533383718e-07
1.6389999999997302	2.010450086409321e-07
1.6399999999997235	2.084570575044964e-07
1.6409999999997165	2.1517802473169922e-07
1.6419999999997095	2.2118598375087117e-07
1.6429999999997025	2.2647396580310897e-07
1.6439999999996955	2.3108555091688743e-07
1.6449999999996887	2.350131402817368e-07
1.6459999999996817	2.3821535699575236e-07
1.6469999999996747	2.407484053223996e-07
1.6479999999996677	2.4262009001851936e-07
1.6489999999996607	2.4383576324726874e-07
1.649999999999654	2.444568066861663e-07
1.650999999999647	2.445535219885997e-07
1.65199999999964	2.441672342090584e-07
1.6529999999996332	2.4334248893698174e-07
1.6539999999996262	2.4206084792144367e-07
1.6549999999996192	2.404258546695459e-07
1.6559999999996122	2.3844286911600676e-07
1.6569999999996052	2.36134942266375e-07
1.6579999999995985	2.335570690181754e-07
1.6589999999995915	2.3072529709011746e-07
1.6599999999995845	2.2769013352519352e-07
1.6609999999995777	2.2446486791505293e-07
1.6619999999995705	2.2104456487426205e-07
1.6629999999995637	2.173997679655315e-07
1.6639999999995567	2.135100936051515e-07
1.6649999999995497	2.0938692746330645e-07
1.665999999999543	2.0499947017693643e-07
1.666999999999536	2.0034723635653506e-07
1.667999999999529	1.9538323048351458e-07
1.668999999999522	1.9003057860622619e-07
1.669999999999515	1.8419321845541958e-07
1.6709999999995082	1.7785135109082972e-07
1.6719999999995012	1.7099606020032354e-07
1.6729999999994942	1.6367176469689326e-07
1.6739999999994875	1.5587083290746762e-07
1.6749999999994805	1.4763764388803224e-07
1.6759999999994735	1.3898647521770613e-07
1.6769999999994665	1.2995847020746965e-07
1.6779999999994595	1.205722226504946e-07
1.6789999999994527	1.1084966455854328e-07
1.6799999999994457	1.0074139134008675e-07
1.6809999999994387	9.021781033347054e-08
1.6819999999994317	7.925349843063145e-08
1.6829999999994247	6.77903457813045e-08
1.683999999999418	5.5849144642294846e-08
1.684999999999411	4.3386425008229423e-08
1.685999999999404	3.039309559582648e-08
1.6869999999993972	1.6878329400782377e-08
1.6879999999993902	2.879146032697122e-09
1.6889999999993832	-1.1567937940881734e-08
1.6899999999993762	-2.645855201599545e-08
1.6909999999993692	-4.177866674837105e-08
1.6919999999993625	-5.751335119263956e-08
1.6929999999993555	-7.362285181500283e-08
1.6939999999993485	-9.010649293372808e-08
1.6949999999993415	-1.0693857133148299e-07
1.6959999999993345	-1.240739904151411e-07
1.6969999999993277	-1.4147416993459672e-07
1.6979999999993207	-1.5910129391727423e-07
1.6989999999993137	-1.7691226150695627e-07
1.6999999999993067	-1.94857811663951e-07
1.7009999999993	-2.1289844731597896e-07
1.701999999999293	-2.3097554868733994e-07
1.702999999999286	-2.490527664100739e-07
1.703999999999279	-2.670929490911078e-07
1.7049999999992722	-2.8507082583395515e-07
1.7059999999992652	-3.0294207853387434e-07
1.7069999999992582	-3.2067965682891497e-07
1.7079999999992515	-3.3826114398394225e-07
1.7089999999992442	-3.5568024947529864e-07
1.7099999999992375	-3.7291912358128343e-07
1.7109999999992305	-3.899922409456025e-07
1.7119999999992235	-4.0686528723909987e-07
1.7129999999992167	-4.2351485074476614e-07
1.7139999999992095	-4.399101576346709e-07
1.7149999999992027	-4.560030859579456e-07
1.7159999999991957	-4.7176858375408415e-07
1.7169999999991887	-4.871850380894216e-07
1.717999999999182	-5.022507405527676e-07
1.718999999999175	-5.169670269644655e-07
1.719999999999168	-5.313573752108169e-07
1.720999999999161	-5.454520337622171e-07
1.721999999999154	-5.592361294048942e-07
1.7229999999991472	-5.727319747350634e-07
1.7239999999991402	-5.859110852046712e-07
1.7249999999991332	-5.987993592082574e-07
1.7259999999991265	-6.114296966508448e-07
1.7269999999991195	-6.238308234429724e-07
1.7279999999991125	-6.360435951258125e-07
1.7289999999991055	-6.480682062104393e-07
1.7299999999990985	-6.598574076033259e-07
1.7309999999990917	-6.714099660687367e-07
1.7319999999990847	-6.826768079726264e-07
1.7329999999990777	-6.9367850086266e-07
1.7339999999990707	-7.044099323838537e-07
1.7349999999990655	-7.149094662928235e-07
1.7359999999990614	-7.25176785731918e-07
1.7369999999990573	-7.351799218291433e-07
1.7379999999990532	-7.449127090719543e-07
1.7389999999990489	-7.543520448294316e-07
1.7399999999990448	-7.635096181957124e-07
1.7409999999990406	-7.723244686008712e-07
1.7419999999990363	-7.808828208499818e-07
1.7429999999990322	-7.891368094536944e-07
1.743999999999028	-7.971119899696788e-07
1.744999999999024	-8.047551773859851e-07
1.74599999999902	-8.121163830310252e-07
1.7469999999990156	-8.191775682231395e-07
1.7479999999990115	-8.259668342613935e-07
1.7489999999990071	-8.325026930044999e-07
1.749999999999003	-8.388156786942602e-07
1.7509999999990045	-8.449923376563362e-07
1.751999999999006	-8.510609150746973e-07
1.7529999999990071	-8.571266576495873e-07
1.7539999999990086	-8.631811425630076e-07
1.75499999999901	-8.692404755983318e-07
1.7559999999990115	-8.752956324187267e-07
1.756999999999013	-8.813106240346258e-07
1.7579999999990141	-8.87248706060717e-07
1.7589999999990156	-8.930587847011395e-07
1.759999999999017	-8.987035100549434e-07
1.7609999999990182	-9.040992809961068e-07
1.7619999999990197	-9.092120065723464e-07
1.7629999999990211	-9.139935652768827e-07
1.7639999999990226	-9.183994453820787e-07
1.7649999999990238	-9.224045829370198e-07
1.7659999999990263	-9.259939874883827e-07
1.7669999999990305	-9.29181882103336e-07
1.7679999999990346	-9.319656664175113e-07
1.7689999999990387	-9.343724720611846e-07
1.769999999999043	-9.364047641735596e-07
1.7709999999990471	-9.380971965899931e-07
1.7719999999990512	-9.393980819893955e-07
1.7729999999990556	-9.403140477370897e-07
1.7739999999990597	-9.407863383881221e-07
1.7749999999990638	-9.407823380325198e-07
1.7759999999990679	-9.402835168259571e-07
1.776999999999072	-9.392622823956032e-07
1.7779999999990763	-9.37726933658567e-07
1.7789999999990804	-9.356421351025546e-07
1.7799999999990845	-9.32998241109928e-07
1.7809999999990886	-9.298497924969951e-07
1.781999999999093	-9.261339126709345e-07
1.782999999999097	-9.219128012105671e-07
1.7839999999991012	-9.171275316965932e-07
1.7849999999991053	-9.117806087921565e-07
1.7859999999991096	-9.058435557207645e-07
1.7869999999991137	-8.992793636419805e-07
1.7879999999991179	-8.922540990496941e-07
1.788999999999122	-8.847707850812014e-07
1.789999999999126	-8.768726167396323e-07
1.7909999999991304	-8.685595986879235e-07
1.7919999999991345	-8.598650387270368e-07
1.7929999999991386	-8.506258217799711e-07
1.7939999999991427	-8.409015122001762e-07
1.794999999999147	-8.306434440275012e-07
1.7959999999991512	-8.198598817621416e-07
1.7969999999991553	-8.086501552817538e-07
1.7979999999991594	-7.97049602097033e-07
1.7989999999991637	-7.85174065542904e-07
1.7999999999991678	-7.730140316741796e-07
1.800999999999172	-7.606626277745221e-07
1.801999999999176	-7.481405925879869e-07
1.8029999999991801	-7.354733964071158e-07
1.8039999999991845	-7.22641274153446e-07
1.8049999999991886	-7.096499434755543e-07
1.8059999999991927	-6.965035497241701e-07
1.8069999999991968	-6.831872376711345e-07
1.8079999999992011	-6.6972916101804e-07
1.8089999999992052	-6.56118177788656e-07
1.8099999999992094	-6.422606693146093e-07
1.8109999999992135	-6.280620301613027e-07
1.8119999999992178	-6.134985282013616e-07
1.812999999999222	-5.984869868580489e-07
1.813999999999226	-5.830397853401337e-07
1.8149999999992301	-5.671748875002436e-07
1.8159999999992344	-5.510465748148619e-07
1.8169999999992386	-5.347741143246765e-07
1.8179999999992427	-5.184510234457207e-07
1.8189999999992468	-5.021504971836066e-07
1.819999999999251	-4.858977249444507e-07
1.8209999999992552	-4.696916724444833e-07
1.8219999999992593	-4.5351936606152776e-07
1.8229999999992634	-4.373776345545366e-07
1.8239999999992675	-4.2126170174405786e-07
1.8249999999992719	-4.0518179211801453e-07
1.825999999999276	-3.891741584549635e-07
1.82699999999928	-3.7325157542511533e-07
1.8279999999992842	-3.574347000601108e-07
1.8289999999992885	-3.417177518727499e-07
1.8299999999992926	-3.2610925870812935e-07
1.8309999999992967	-3.1063835792544126e-07
1.8319999999993009	-2.9540074319989174e-07
1.8329999999993052	-2.804422294389042e-07
1.8339999999993093	-2.6579325296260947e-07
1.8349999999993134	-2.5141183201959905e-07
1.8359999999993175	-2.3731209486399507e-07
1.8369999999993218	-2.2343355232656847e-07
1.837999999999326	-2.0981363735295133e-07
1.83899999999933	-1.964599629644681e-07
1.8399999999993342	-1.8338542040474692e-07
1.8409999999993385	-1.7056873113929782e-07
1.8419999999993426	-1.5808481079737646e-07
1.8429999999993467	-1.4596515085507633e-07
1.8439999999993508	-1.3428753131705662e-07
1.844999999999355	-1.231436128623642e-07
1.8459999999993593	-1.1259602916702249e-07
1.8469999999993634	-1.026919971280904e-07
1.8479999999993675	-9.340440332294975e-08
1.8489999999993716	-8.473741486270114e-08
1.849999999999376	-7.652824307591288e-08
1.85099999999938	-6.877977543062741e-08
1.8519999999993841	-6.143116348944488e-08
1.8529999999993882	-5.4288523676504497e-08
1.8539999999993926	-4.7180966022963844e-08
1.8549999999993967	-4.005588327693488e-08
1.8559999999994008	-3.2905737468169605e-08
1.856999999999405	-2.5753970733788378e-08
1.857999999999409	-1.8628901310435708e-08
1.8589999999994133	-1.1670492350290829e-08
1.8599999999994175	-5.0046045085849755e-09
1.8609999999994216	1.3073203630753483e-09
1.861999999999426	7.202956564533736e-09
1.86299999999943	1.271120364521039e-08
1.863999999999434	1.7662722173739098e-08
1.8649999999994382	2.2006403699315058e-08
1.8659999999994423	2.577209001763947e-08
1.8669999999994467	2.9100705623008594e-08
1.8679999999994508	3.213259724965667e-08
1.8689999999994549	3.4948899552134094e-08
1.869999999999459	3.7585121792638176e-08
1.870999999999463	4.0119289224094246e-08
1.8719999999994674	4.270983688936525e-08
1.8729999999994715	4.559209998422631e-08
1.8739999999994756	4.884940052463094e-08
1.87499999999948	5.249714774002712e-08
1.875999999999484	5.643883604911082e-08
1.8769999999994882	6.061915891475422e-08
1.8779999999994923	6.50879338204291e-08
1.8789999999994964	6.992863221810808e-08
1.8799999999995007	7.507198040990204e-08
1.8809999999995048	8.03803030802186e-08
1.881999999999509	8.564606435168542e-08
1.882999999999513	9.073290563321734e-08
1.8839999999995174	9.564757985636163e-08
1.8849999999995215	1.0038507691767506e-07
1.8859999999995256	1.0495291780099336e-07
1.8869999999995297	1.0936483652024265e-07
1.887999999999534	1.13678689683816e-07
1.8889999999995382	1.1790464560235137e-07
1.8899999999995423	1.2204668187187906e-07
1.8909999999995464	1.2613024613639112e-07
1.8919999999995505	1.301547096765887e-07
1.8929999999995548	1.3406897492185266e-07
1.893999999999559	1.3784125751925558e-07
1.894999999999563	1.4148673632696784e-07
1.8959999999995671	1.4508808898749948e-07
1.8969999999995715	1.4876666076801826e-07
1.8979999999995756	1.5257465768581113e-07
1.8989999999995797	1.565488505494983e-07
1.8999999999995838	1.6063000274346706e-07
1.9009999999995881	1.6476620101624206e-07
1.9019999999995922	1.6877738373555218e-07
1.9029999999995963	1.7255398421234247e-07
1.9039999999996005	1.7620461589817893e-07
1.9049999999996048	1.7991152179153147e-07
1.905999999999609	1.8367788612305702e-07
1.906999999999613	1.8748282071268108e-07
1.9079999999996171	1.9127753714265339e-07
1.9089999999996214	1.9520289340491104e-07
1.9099999999996256	1.993250553500303e-07
1.9109999999996297	2.0352401364220896e-07
1.9119999999996338	2.0756503416041738e-07
1.9129999999996379	2.113338632980799e-07
1.9139999999996422	2.1480710765686695e-07
1.9149999999996463	2.1810588934911834e-07
1.9159999999996504	2.2150006340204698e-07
1.9169999999996545	2.2517399012045303e-07
1.9179999999996589	2.2900127572000883e-07
1.918999999999663	2.3283977790278243e-07
1.919999999999667	2.3666107695774485e-07
1.9209999999996712	2.404111336673509e-07
1.9219999999996755	2.440509235812627e-07
1.9229999999996796	2.4767073469877943e-07
1.9239999999996837	2.512893668704663e-07
1.9249999999996878	2.5471427944623315e-07
1.9259999999996922	2.5794133551304554e-07
1.9269999999996963	2.6100482442004136e-07
1.9279999999997004	2.636944793632523e-07
1.9289999999997045	2.6590293855655034e-07
1.9299999999997088	2.673809282871531e-07
1.930999999999713	2.6803376940165435e-07
1.931999999999717	2.6797844632220347e-07
1.9329999999997212	2.6759016513722145e-07
1.9339999999997253	2.6726966650958417e-07
1.9349999999997296	2.671371236440123e-07
1.9359999999997337	2.670797700776717e-07
1.9369999999997378	2.6713245038223477e-07
1.937999999999742	2.6749332304731865e-07
1.9389999999997463	2.6826384624811794e-07
1.9399999999997504	2.6945768705211037e-07
1.9409999999997545	2.7080993036943113e-07
1.9419999999997586	2.7230339960659933e-07
1.942999999999763	2.7391960499834056e-07
1.943999999999767	2.7525065904310253e-07
1.9449999999997711	2.760499286935669e-07
1.9459999999997752	2.7648665379409465e-07
1.9469999999997794	2.7708287353434e-07
1.9479999999997837	2.7826657911234065e-07
1.9489999999997878	2.7982805439474845e-07
1.949999999999792	2.813769401921462e-07
1.950999999999796	2.829164236217707e-07
1.9519999999998003	2.848851281544995e-07
1.9529999999998044	2.872450162172413e-07
1.9539999999998086	2.8930744588873125e-07
1.9549999999998127	2.907038685329155e-07
1.955999999999817	2.9170126625288617e-07
1.956999999999821	2.927178026634891e-07
1.9579999999998252	2.9415001701060817e-07
1.9589999999998293	2.9610565088766805e-07
1.9599999999998337	2.9804410917044777e-07
1.9609999999998378	2.9919193478278316e-07
1.9619999999998419	2.9936455592238786e-07
1.962999999999846	2.9954379376917473e-07
1.9639999999998503	3.00549010123774e-07
1.9649999999998544	3.0226475988825996e-07
1.9659999999998585	3.043216650899794e-07
1.9669999999998626	3.06195286348121e-07
1.9679999999998667	3.0755438218399433e-07
1.968999999999871	3.0851476851001536e-07
1.9699999999998752	3.095432297151035e-07
1.9709999999998793	3.105167025729827e-07
1.9719999999998834	3.1014052070954534e-07
1.9729999999998877	3.0851296028977515e-07
1.9739999999998918	3.069325102966758e-07
1.974999999999896	3.069476373074309e-07
1.9759999999999	3.079575980891036e-07
1.9769999999999044	3.094280772719671e-07
1.9779999999999085	3.102925401066159e-07
1.9789999999999126	3.094235699885317e-07
1.9799999999999167	3.071991242498129e-07
1.980999999999921	3.051331187720052e-07
1.9819999999999252	3.0412911478094884e-07
1.9829999999999293	3.046794188055202e-07
1.9839999999999334	3.0621182534051883e-07
1.9849999999999375	3.072851867402804e-07
1.9859999999999418	3.0778097426242823e-07
1.986999999999946	3.0822044916334335e-07
1.98799999999995	3.0874054934848516e-07
1.9889999999999541	3.098812635382586e-07
1.9899999999999585	3.115985323098869e-07
1.9909999999999626	3.1389686006022544e-07
1.9919999999999667	3.17648342629262e-07
1.9929999999999708	3.216716606413428e-07
1.9939999999999751	3.257938616663125e-07
1.9949999999999792	3.301863437110697e-07
1.9959999999999833	3.350807536994793e-07
1.9969999999999875	3.4013922911579897e-07
1.9979999999999918	3.4596731024461036e-07
1.998999999999996	3.502580874226169e-07
2.0	3.5154456234920417e-07
2.0010279404845495	3.524440850277699e-07
2.0021217900815715	3.5345010129805843e-07
2.0032857751923165	3.549714765460621e-07
2.004524391841744	3.578879983479055e-07
2.005842426366887	3.600511672141593e-07
2.007244970197923	3.6384637169817324e-07
2.0087374418720856	3.692372725350168e-07
2.0103256076664273	3.728435328254065e-07
2.0120156028936726	3.7281173270731216e-07
2.013813957200875	3.656917629824008e-07
2.0157276178435577	3.4954833738609636e-07
2.0177639781367303	3.286049727879714e-07
2.019930905358886	3.122409886202604e-07
2.0222367711443985	3.104992967184472e-07
2.024690484011897	3.062891891225661e-07
2.027301523572695	2.9794058464815976e-07
2.0300799770731848	2.778374230683056e-07
2.033036578410754	2.4706943291263883e-07
2.036182751117039	2.1851622133972626e-07
2.039530649180409	2.104432732519257e-07
2.043093206833892	2.110783032804875e-07
2.046884188175661	1.9820209484766593e-07
2.050918238233338	1.7001614005529575e-07
2.0552109433735133	1.4382510082899813e-07
2.059778886913171	1.2289993600589355e-07
2.0646397170403086	1.0421990281894722e-07
2.0698122132469665	7.158451464928106e-08
2.0753163565584574	1.8593188544357986e-08
2.081173414838828	7.823230951942151e-10
2.0874060143976347	-1.518141323764155e-08
2.094038234979271	-4.371680484283047e-08
2.1010956980169606	-5.6628718603235484e-08
2.1086056699538682	-5.00486214694007e-08
2.116597165034399	-6.538740771055984e-08
2.125101056786564	-1.009963264131386e-07
2.1341501990307465	-1.2138724247989785e-07
2.143779554474847	-1.0974741360136875e-07
2.1540263207146424	-1.1330222471350737e-07
2.1649300857539027	-9.207676709976909e-08
2.1765329774064615	-3.727300779132747e-08
2.1888798204423576	-2.590112746503337e-08
2.2020183144046843	-2.76811804589272e-08
2.2159992202680474	-3.556999628173685e-08
2.2308765524295735	-8.936106099532992e-08
2.246707783705272	-9.379571830336886e-08
2.263554079768369	-8.205015022966222e-08
2.2814805235907363	-2.7958455106613656e-08
2.3005563724108544	1.2330791943071517e-07
2.320855322320133	2.9069795048908276e-07
2.3424557929209753	4.121954881863843e-07
2.3654412374910825	4.0697268699485534e-07
2.389900455657507	2.5854660867796753e-07
2.41592795027163	3.6607913367348033e-09
2.44362426638729	-1.1364157748161574e-07
2.473096411506492	-2.3024216200262515e-07
2.5044582437089975	-3.5227481531840965e-07
2.537830924630887	-3.848698755248847e-07
2.5733433911797423	-2.4055866321148756e-07
2.611132843166974	-1.202936108501973e-07
2.6513452603475027	-6.056346157912174e-08
2.6941360153529494	-6.879668390524785e-09
2.739670418177515	1.63307944389679e-07
2.788124380079947	2.670414389616127e-07
2.839685109337027	1.9915954685423287e-07
2.894551789617174	1.2374568847395295e-07
2.9529364084026577	-1.324227596466443e-07
3.0150645170164534	-1.4461798292231265e-07
3.0811761422888653	-1.0681874185181073e-07
3.1515266965252042	-2.892117905162195e-07
3.226387989377641	-2.46126569791727e-07
3.30604919671757	1.1122384402373342e-07
3.39081811677136	1.3068563908813502e-07
3.4810222154328754	4.04889610727821e-09
3.577010018652917	-1.5958559163031794e-07
3.6791523315125145	3.790030600470118e-08
3.7878438030764574	4.25411901261441e-08
3.9035043177534527	1.3431628254068073e-07
4.02658072998157	1.6219799170436033e-08
4.157548527011607	7.47675699130923e-10
4.296913682346355	2.3350477196260044e-07
4.445214635465608	-1.4748409071785318e-07
4.603024347307951	-1.3282895094945957e-07
4.770952424745148	1.3220562822269244e-07
4.9496476786701376	-2.1893219681601295e-08
5.139800459354712	-2.082803249869869e-07
5.342145448462832	-1.8201734119926982e-07
5.557464321076707	-4.8273667507814366e-08
5.786588991858403	-2.1316737264243102e-08
6.03040459644804	-9.827404912066129e-08
6.289853138906711	-1.0362113611606105e-07
6.565936951835777	1.273713157168288e-08
6.859722633511745	4.7446638395953755e-08
7.172345245053396	7.854295214215767e-09
7.505012494394354	8.19396683837681e-09
7.859009576011049	-2.9275938562278725e-08
8.23570422033976	-3.318011221331574e-08
8.636551628113326	-1.6782699674422474e-08
9.063100564489073	-3.164038808733949e-08
9.516998831091398	-3.614113341932068e-08
10.0	9.932044520155614e-08
