0.0	0.9645934441532421
0.0010000000000041087	0.9645262987829522
0.0020000000000082174	0.9643632577522621
0.003000000000012548	0.9640908335116465
0.004000000000016657	0.9637178704766107
0.005000000000020766	0.9632312623888228
0.006000000000024874	0.9626406492849049
0.007000000000029205	0.9619386664682683
0.008000000000033314	0.961126641469107
0.009000000000037423	0.9602036765438899
0.010000000000041753	0.9591676804345427
0.011000000000045862	0.9580159527501979
0.01200000000004997	0.9567506487477397
0.01300000000005408	0.9553658767163274
0.01400000000005841	0.9538622876258244
0.015000000000062519	0.9522385928352285
0.016000000000066406	0.9504890905500417
0.017000000000070736	0.9486162443406998
0.018000000000074845	0.9466155873702087
0.019000000000078954	0.9444840336072791
0.020000000000083062	0.9422205254596419
0.021000000000087393	0.9398241361658733
0.022000000000091502	0.9372863794180754
0.02300000000009561	0.9346164624196815
0.02400000000009972	0.9317966345535058
0.02500000000010405	0.9288387878596822
0.02600000000010816	0.9257306650742889
0.027000000000112268	0.9224751158058473
0.0280000000001166	0.919065014715248
0.029000000000120707	0.9155054269506467
0.030000000000124816	0.9117853314850078
0.031000000000128924	0.9079073929562534
0.032000000000133255	0.9038711866435983
0.033000000000137364	0.899668565649021
0.03400000000014147	0.8953025466074184
0.0350000000001458	0.8907714608133189
0.03600000000014991	0.8860677532833895
0.03700000000015402	0.8811974382633483
0.03800000000015813	0.876153585093654
0.03900000000016246	0.8709380700370652
0.04000000000016657	0.8655472222195326
0.04100000000017068	0.8599822691443753
0.04200000000017501	0.8542408072614632
0.04300000000017912	0.8483226031293655
0.044000000000183226	0.8422307320330122
0.045000000000187335	0.8359576065087763
0.046000000000191665	0.8295114169045193
0.04700000000019555	0.8228874446978534
0.04800000000019966	0.8160882271416343
0.04900000000020399	0.809114775072846
0.0500000000002081	0.8019669138131421
0.05100000000021221	0.7946481742247218
0.05200000000021632	0.787156586658159
0.05300000000022065	0.7794992074772392
0.05400000000022476	0.7716720862806133
0.055000000000228866	0.7636842341251537
0.0560000000002332	0.7555348047491393
0.057000000000237305	0.7472242683325978
0.058000000000241414	0.7387634131331515
0.05900000000024552	0.7301483510394794
0.060000000000249853	0.7213848712087984
0.06100000000025396	0.7124826880166698
0.06200000000025807	0.7034370639650545
0.0630000000002624	0.694259202211983
0.06400000000026651	0.6849527044688638
0.06500000000027062	0.6755208052170794
0.06600000000027473	0.6659701952263668
0.06700000000027906	0.6563077254720352
0.06800000000028317	0.6465353967507043
0.06900000000028728	0.6366650359927633
0.0700000000002916	0.6266958716724524
0.07100000000029572	0.6166408535390782
0.07200000000029982	0.6065024460899532
0.07300000000030393	0.5962888795504526
0.07400000000030826	0.5860065853162135
0.07500000000031237	0.5756635509077719
0.07600000000031648	0.5652650153361929
0.07700000000032081	0.5548203205757032
0.0780000000003247	0.5443355307445052
0.07900000000032881	0.5338186255819559
0.08000000000033292	0.5232763501956779
0.08100000000033725	0.5127172868050927
0.08200000000034136	0.5021479684867232
0.08300000000034546	0.4915766681775974
0.0840000000003498	0.4810103704879516
0.0850000000003539	0.47045714733632704
0.08600000000035801	0.4599238949407347
0.08700000000036212	0.44941869559795355
0.08800000000036645	0.43894797821405285
0.08900000000037056	0.4285203155922628
0.09000000000037467	0.41814186533980713
0.091000000000379	0.40782029221805693
0.09200000000038311	0.39756196910745945
0.09300000000038722	0.38737520029788197
0.09400000000039133	0.3772627516284017
0.09500000000039566	0.3672374172528854
0.09600000000039977	0.3572995708769595
0.09700000000040387	0.3474572120553311
0.0980000000004082	0.3377202445505548
0.09900000000041231	0.3280866247608394
0.10000000000041642	0.3185699020358701
0.10100000000042053	0.30916893410154767
0.10200000000042486	0.2998934658854895
0.10300000000042897	0.29074592221413664
0.10400000000043308	0.2817277990362901
0.10500000000043741	0.2728540944614024
0.10600000000044152	0.26411350282884505
0.10700000000044563	0.25552331299766196
0.10800000000044951	0.24708135209740867
0.10900000000045384	0.23878578174613807
0.11000000000045795	0.23065323989543285
0.11100000000046206	0.22267375012872648
0.1120000000004664	0.21485153426526848
0.1130000000004705	0.20719455039945833
0.11400000000047461	0.1997021326454036
0.11500000000047872	0.1923719308813352
0.11600000000048305	0.18521222120827108
0.11700000000048716	0.17821711107634708
0.11800000000049127	0.17139257515080353
0.1190000000004956	0.1647366726294366
0.12000000000049971	0.15825079610897186
0.12100000000050382	0.15193400858340866
0.12200000000050792	0.14578816743868517
0.12300000000051226	0.13981092390918293
0.12400000000051636	0.13400223863022387
0.12500000000052047	0.12836150887575382
0.1260000000005248	0.12288745536227663
0.1270000000005289	0.11757950023228259
0.12800000000053302	0.1124354015540956
0.12900000000053713	0.10745333955422642
0.13000000000054146	0.10263344881490877
0.13100000000054557	0.09796931468121428
0.13200000000054968	0.09346603192583824
0.133000000000554	0.08911369390425539
0.13400000000055812	0.08491443261941445
0.13500000000056223	0.080866922764536
0.13600000000056633	0.0769630704420915
0.13700000000057067	0.07320742492824539
0.13800000000057477	0.06958778137434829
0.13900000000057866	0.06611365723302953
0.140000000000583	0.06276844323272368
0.1410000000005871	0.0595619363168739
0.1420000000005912	0.05647964118058979
0.14300000000059532	0.05352841911260464
0.14400000000059965	0.050697249432746894
0.14500000000060376	0.04798684004092557
0.14600000000060787	0.04539381650089114
0.1470000000006122	0.04291416325979336
0.1480000000006163	0.040543016577976876
0.14900000000062041	0.038281483066562094
0.15000000000062452	0.03612098814138265
0.15100000000062885	0.034062745907808445
0.15200000000063296	0.03210019414616294
0.15300000000063707	0.030232194876279372
0.1540000000006414	0.02845368637097878
0.1550000000006455	0.026764061402697936
0.15600000000064962	0.02515698223049423
0.15700000000065373	0.02363235781303863
0.15800000000065806	0.022184843131026866
0.15900000000066217	0.02081350493915879
0.16000000000066628	0.01951308620648806
0.16100000000067038	0.01828250469772985
0.16200000000067472	0.01711782214478552
0.16300000000067882	0.016017705523819092
0.16400000000068293	0.014976873056162576
0.16500000000068726	0.013995978703778333
0.16600000000069137	0.013068729743251795
0.16700000000069548	0.0121968739220768
0.1680000000006996	0.011373371747521843
0.16900000000070392	0.010600552160028531
0.1700000000007078	0.00987165039793192
0.17100000000071192	0.009187502650939927
0.17200000000071625	0.008544316728582135
0.17300000000072036	0.00794167945579416
0.17400000000072446	0.0073753586660501025
0.17500000000072857	0.0068453490095675695
0.1760000000007329	0.006349029956850272
0.177000000000737	0.005884203840160529
0.17800000000074112	0.005450132332833979
0.17900000000074545	0.005043881545073625
0.18000000000074956	0.004665218224977119
0.18100000000075367	0.004311363264202228
0.18200000000075778	0.003982045900461695
0.1830000000007621	0.0036745239935703777
0.18400000000076622	0.003389023210167652
0.18500000000077033	0.003122889846277177
0.18600000000077466	0.002876043716906418
0.18700000000077877	0.002646476974127898
0.18800000000078287	0.0024334928766367447
0.18900000000078698	0.0022361385655369492
0.1900000000007913	0.002053040380527782
0.19100000000079542	0.0018837825398831942
0.19200000000079953	0.001726974730937636
0.19300000000080386	0.001582198978662963
0.19400000000080797	0.0014483730561453134
0.19500000000081208	0.001324871889284096
0.1960000000008162	0.0012109353599650818
0.19700000000082052	0.0011060055800475865
0.19800000000082463	0.0010094046794073552
0.19900000000082874	0.0009204222067888956
0.20000000000083307	0.0008387856063830634
0.20100000000083695	0.00076360070307957
0.20200000000084106	0.0006947881610971374
0.20300000000084517	0.0006315100998841583
0.2040000000008495	0.0005736594411389628
0.2050000000008536	0.0005206413403848753
0.20600000000085772	0.00047212031319632253
0.20700000000086205	0.0004278262496071328
0.20800000000086616	0.0003873280631343512
0.20900000000087027	0.00035040481215198316
0.21000000000087438	0.0003166910336126483
0.2110000000008787	0.0002860227360512724
0.21200000000088282	0.00025808755226708335
0.21300000000088692	0.00023268005447529827
0.21400000000089126	0.00020960775342637739
0.21500000000089536	0.0001886419020084018
0.21600000000089947	0.00016963069366338068
0.21700000000090358	0.00015239553263513006
0.2180000000009079	0.00013680316196673648
0.21900000000091202	0.0001226792410375932
0.22000000000091613	0.00010992279428123641
0.22100000000092046	9.839404709666155e-05
0.22200000000092457	8.800056874935791e-05
0.22300000000092868	7.861814780951715e-05
0.2240000000009328	7.017933853969982e-05
0.22500000000093712	6.25755708736353e-05
0.22600000000094123	5.574561144128243e-05
0.22700000000094533	4.961183140317349e-05
0.22800000000094967	4.4101309038424574e-05
0.22900000000095377	3.916607430365371e-05
0.23000000000095788	3.474387064816842e-05
0.23100000000096177	3.078666288969245e-05
0.2320000000009661	2.724963587463769e-05
0.2330000000009702	2.409120720114899e-05
0.23400000000097432	2.127301226251266e-05
0.23500000000097865	1.8762624862556088e-05
0.23600000000098276	1.6524862244793326e-05
0.23700000000098687	1.454140330259257e-05
0.23800000000099097	1.2768946432539785e-05
0.2390000000009953	1.1206386205886432e-05
0.24000000000099941	9.815696750736791e-06
0.24100000000100352	8.585548013084754e-06
0.24200000000100785	7.502598134645488e-06
0.24300000000101196	6.540816331224164e-06
0.24400000000101607	5.698221523409153e-06
0.24500000000102018	4.954375659727006e-06
0.2460000000010245	4.302754115448337e-06
0.24700000000102862	3.730997644835199e-06
0.24800000000103273	3.231826670058169e-06
0.24900000000103706	2.7958387467386103e-06
0.25000000000104117	2.4168505585731026e-06
0.2510000000010453	2.0873853265879205e-06
0.2520000000010494	1.8038014998333907e-06
0.2530000000010537	1.5584143285840568e-06
0.2540000000010578	1.3480913756414026e-06
0.25500000000106193	1.1685173052500275e-06
0.25600000000106626	1.0156217118417743e-06
0.25700000000107037	8.861864622122795e-07
0.2580000000010745	7.779436785870786e-07
0.2590000000010786	6.869772053441636e-07
0.2600000000010829	6.123104953070779e-07
0.26100000000108703	5.506461340232249e-07
0.2620000000010909	5.009549730594642e-07
0.26300000000109525	4.6099469153126904e-07
0.26400000000109936	4.2959873192138787e-07
0.26500000000110346	4.0533747658333397e-07
0.2660000000011076	3.869372701137408e-07
0.2670000000011119	3.73390918406713e-07
0.268000000001116	3.638021321972218e-07
0.2690000000011201	3.5722526847692393e-07
0.27000000000112445	3.529388229450703e-07
0.27100000000112856	3.5026667044579796e-07
0.27200000000113267	3.486046855627478e-07
0.2730000000011368	3.4741506826918567e-07
0.2740000000011411	3.462033080214866e-07
0.2750000000011452	3.445646132860247e-07
0.2760000000011493	3.42171798006774e-07
0.27700000000115366	3.386113163195148e-07
0.27800000000115777	3.3377888342123185e-07
0.2790000000011619	3.273299390427198e-07
0.280000000001166	3.1921310328364427e-07
0.2810000000011703	3.0925134697490364e-07
0.2820000000011744	2.974200992156284e-07
0.28300000000117853	2.8365735871282993e-07
0.28400000000118286	2.680231359075691e-07
0.28500000000118697	2.505342254766063e-07
0.2860000000011911	2.3127464565675382e-07
0.2870000000011952	2.1037566999559942e-07
0.2880000000011995	1.8792605960271658e-07
0.2890000000012036	1.6413297898587587e-07
0.29000000000120774	1.391504391712317e-07
0.29100000000121207	1.131614706384454e-07
0.2920000000012162	8.640480042565457e-08
0.29300000000122006	5.907905809010572e-08
0.29400000000122417	3.1418981416564407e-08
0.2950000000012285	3.6678557968627956e-09
0.2960000000012326	-2.3942186899716944e-08
0.2970000000012367	-5.1168012937807816e-08
0.29800000000124083	-7.777221622262687e-08
0.29900000000124516	-1.0352929202817052e-07
0.30000000000124927	-1.2822590811367718e-07
0.3010000000012534	-1.516454204431028e-07
0.3020000000012577	-1.736101085114683e-07
0.3030000000012618	-1.9393936367961828e-07
0.3040000000012659	-2.1250551318630073e-07
0.30500000000127003	-2.291663119269316e-07
0.30600000000127436	-2.438256134773553e-07
0.3070000000012785	-2.564131391658009e-07
0.3080000000012826	-2.6686559606581284e-07
0.3090000000012869	-2.751458887395586e-07
0.310000000001291	-2.8127109197306766e-07
0.31100000000129513	-2.852258798036189e-07
0.31200000000129924	-2.8707620658430244e-07
0.31300000000130357	-2.86864180409907e-07
0.3140000000013077	-2.846723266003437e-07
0.3150000000013118	-2.806207972660957e-07
0.3160000000013161	-2.7477602393410905e-07
0.3170000000013202	-2.673056722635181e-07
0.31800000000132433	-2.5837109385307144e-07
0.31900000000132844	-2.480611287491996e-07
0.3200000000013328	-2.366015940946653e-07
0.3210000000013369	-2.2414873646070532e-07
0.322000000001341	-2.108584291615756e-07
0.3230000000013453	-1.9694044262053012e-07
0.3240000000013492	-1.8255708655878777e-07
0.3250000000013533	-1.6788884327212372e-07
0.3260000000013574	-1.531151696543276e-07
0.32700000000136176	-1.3839595003339866e-07
0.32800000000136587	-1.238943894144029e-07
0.32900000000137	-1.0976618392000148e-07
0.3300000000013743	-9.612139750814208e-08
0.3310000000013784	-8.311532040394809e-08
0.3320000000013825	-7.085448294752439e-08
0.33300000000138663	-5.939101832552751e-08
0.33400000000139096	-4.887883853221808e-08
0.33500000000139507	-3.932247727433946e-08
0.3360000000013992	-3.076947385771689e-08
0.3370000000014035	-2.3314182140410367e-08
0.3380000000014076	-1.689505157997928e-08
0.3390000000014117	-1.156211371089455e-08
0.34000000000141584	-7.295393400497119e-09
0.34100000000142017	-4.059169222969672e-09
0.3420000000014243	-1.8464163531461963e-09
0.3430000000014284	-5.709586137214728e-10
0.3440000000014327	-2.0736501404883256e-10
0.3450000000014368	-6.845419786571938e-10
0.34600000000144093	-1.909987279447023e-09
0.34700000000144504	-3.846278406882675e-09
0.34800000000144937	-6.360050264220263e-09
0.3490000000014535	-9.412735479941148e-09
0.3500000000014576	-1.2885241540416814e-08
0.3510000000014619	-1.670137717013631e-08
0.35200000000146603	-2.077118765875241e-08
0.35300000000147014	-2.5005842951841828e-08
0.35400000000147425	-2.932417020318212e-08
0.35500000000147836	-3.364446654607889e-08
0.35600000000148246	-3.789272917664732e-08
0.3570000000014866	-4.199745795574472e-08
0.3580000000014909	-4.589943358723758e-08
0.359000000001495	-4.953282495279154e-08
0.3600000000014991	-5.285768911456046e-08
0.36100000000150323	-5.582661266601008e-08
0.36200000000150756	-5.840479389007669e-08
0.36300000000151167	-6.056660151187998e-08
0.3640000000015158	-6.229216564790363e-08
0.3650000000015201	-6.357001436363419e-08
0.3660000000015242	-6.439705524385886e-08
0.3670000000015283	-6.47797380182169e-08
0.36800000000153243	-6.472385760680766e-08
0.36900000000153677	-6.425592213865627e-08
0.3700000000015409	-6.339699964996726e-08
0.371000000001545	-6.218590664630597e-08
0.3720000000015493	-6.06505727862583e-08
0.3730000000015534	-5.88607471652125e-08
0.37400000000155753	-5.6837891948546826e-08
0.37500000000156164	-5.466357944072797e-08
0.37600000000156597	-5.238367917215214e-08
0.3770000000015701	-5.00681205384268e-08
0.3780000000015742	-4.7781772982702364e-08
0.3790000000015785	-4.5592089437107575e-08
0.3800000000015826	-4.35699332168582e-08
0.38100000000158674	-4.177470680488682e-08
0.38200000000159084	-4.0282045254969034e-08
0.3830000000015952	-3.9141518692886734e-08
0.3840000000015993	-3.8415465919428016e-08
0.3850000000016034	-3.814916160749249e-08
0.3860000000016075	-3.8388029865998874e-08
0.3870000000016116	-3.915679425148255e-08
0.3880000000016157	-4.048893931241082e-08
0.38900000000161983	-4.238387107946551e-08
0.39000000000162416	-4.486680404980348e-08
0.39100000000162827	-4.790414909194851e-08
0.3920000000016324	-5.150526405373057e-08
0.3930000000016367	-5.5620918093524097e-08
0.3940000000016408	-6.023262910659355e-08
0.3950000000016449	-6.528009177664273e-08
0.39600000000164903	-7.072946806019331e-08
0.39700000000165336	-7.650534206149473e-08
0.3980000000016575	-8.255584083016743e-08
0.3990000000016616	-8.880921442688816e-08
0.4000000000016659	-9.519993349194067e-08
0.40100000000167	-1.0165816033413932e-07
0.40200000000167413	-1.0811584028047605e-07
0.40300000000167824	-1.145092709542439e-07
0.40400000000168257	-1.207782833745341e-07
0.4050000000016867	-1.26864615479505e-07
0.4060000000016908	-1.3272640808636993e-07
0.4070000000016951	-1.3831600331748461e-07
0.4080000000016992	-1.4360330302665147e-07
0.40900000000170333	-1.485672203038746e-07
0.41000000000170744	-1.5318899482252846e-07
0.4110000000017118	-1.5745879644590843e-07
0.4120000000017159	-1.6138254266273577e-07
0.41300000000172	-1.6496910171248658e-07
0.4140000000017243	-1.6823266735244147e-07
0.41500000000172843	-1.7119514628127774e-07
0.41600000000173254	-1.7388248774174997e-07
0.4170000000017364	-1.7632789361954337e-07
0.41800000000174076	-1.7856018663664486e-07
0.41900000000174487	-1.8061484752252e-07
0.420000000001749	-1.8252337841140331e-07
0.4210000000017533	-1.8431831061427317e-07
0.4220000000017574	-1.8602643603315983e-07
0.4230000000017615	-1.8767278930909015e-07
0.42400000000176563	-1.8927591360906604e-07
0.42500000000176996	-1.9084931079937917e-07
0.42600000000177407	-1.92400151588501e-07
0.4270000000017782	-1.9392895667103005e-07
0.4280000000017825	-1.9542992379939506e-07
0.4290000000017866	-1.968902578752818e-07
0.4300000000017907	-1.982919339837963e-07
0.43100000000179484	-1.9961004005253358e-07
0.43200000000179917	-2.008157282684664e-07
0.4330000000018033	-2.018774520884392e-07
0.4340000000018074	-2.027558134720664e-07
0.4350000000018115	-2.0341430029269247e-07
0.4360000000018158	-2.038117117297844e-07
0.43700000000181993	-2.0390943378245652e-07
0.43800000000182404	-2.0366964337270588e-07
0.43900000000182837	-2.0304837744511417e-07
0.4400000000018325	-2.0202811334968374e-07
0.4410000000018366	-2.0055516403161278e-07
0.4420000000018407	-1.9863792699581495e-07
0.44300000000184503	-1.962239657427034e-07
0.44400000000184914	-1.9332620682099844e-07
0.44500000000185325	-1.899329391541471e-07
0.4460000000018576	-1.8603396600980204e-07
0.4470000000018617	-1.8165606263664813e-07
0.4480000000018656	-1.7680073005621466e-07
0.4490000000018697	-1.7149343700673114e-07
0.450000000001874	-1.6576392947165175e-07
0.4510000000018781	-1.5964251565137033e-07
0.45200000000188223	-1.5316912227447688e-07
0.45300000000188656	-1.4639277634564962e-07
0.45400000000189067	-1.3934995468645184e-07
0.4550000000018948	-1.321023463951576e-07
0.4560000000018989	-1.2469086341226898e-07
0.4570000000019032	-1.1717878356520828e-07
0.4580000000019073	-1.0961335994430499e-07
0.45900000000191143	-1.0205251843586893e-07
0.46000000000191577	-9.454722604829158e-08
0.4610000000019199	-8.715020149985264e-08
0.462000000001924	-7.991045869459867e-08
0.4630000000019281	-7.287558245749892e-08
0.4640000000019324	-6.609056213413567e-08
0.46500000000193653	-5.959301851987675e-08
0.46600000000194064	-5.342347231263034e-08
0.46700000000194497	-4.761055527602309e-08
0.4680000000019491	-4.218429872082652e-08
0.4690000000019532	-3.7169752165056025e-08
0.4700000000019573	-3.2585177001109855e-08
0.4710000000019616	-2.8447129096775825e-08
0.47200000000196574	-2.4764926553899613e-08
0.47300000000196984	-2.1546751050038893e-08
0.4740000000019742	-1.8796916467778146e-08
0.4750000000019783	-1.651194558860425e-08
0.4760000000019824	-1.4687270732949287e-08
0.4770000000019865	-1.33122897150173e-08
0.47800000000199083	-1.2375859226310126e-08
0.4790000000019947	-1.186011866494141e-08
0.48000000000199883	-1.1749804462724e-08
0.48100000000200316	-1.2018316564166298e-08
0.48200000000200727	-1.26468544525693e-08
0.4830000000020114	-1.3602661663725257e-08
0.4840000000020155	-1.4862464592368951e-08
0.4850000000020198	-1.6394217983162207e-08
0.4860000000020239	-1.8165707382777896e-08
0.48700000000202803	-2.0140085155162524e-08
0.48800000000203236	-2.2286278156258277e-08
0.4890000000020365	-2.45653710706506e-08
0.4900000000020406	-2.6940555564181068e-08
0.4910000000020447	-2.937644616451962e-08
0.492000000002049	-3.183298913356225e-08
0.49300000000205313	-3.4274675986267766e-08
0.49400000000205724	-3.666434333915447e-08
0.49500000000206157	-3.896407108072708e-08
0.4960000000020657	-4.1141094975216674e-08
0.4970000000020698	-4.316058177522564e-08
0.4980000000020739	-4.4992168435342705e-08
0.4990000000020782	-4.660119956589881e-08
0.5000000000020823	-4.7967190663911197e-08
0.5010000000020864	-4.905745520922267e-08
0.5020000000020908	-4.98519430180977e-08
0.5030000000020949	-5.0334055590184335e-08
0.504000000002099	-5.048356110926022e-08
0.5050000000021031	-5.0291049102924035e-08
0.5060000000021074	-4.97430179269287e-08
0.5070000000021115	-4.8836997557089035e-08
0.5080000000021156	-4.756895632951341e-08
0.50900000000212	-4.5939908321912526e-08
0.5100000000021239	-4.395724451100591e-08
0.511000000002128	-4.163071198881596e-08
0.5120000000021321	-3.897366784855194e-08
0.5130000000021364	-3.600195985775656e-08
0.5140000000021405	-3.273794368929828e-08
0.5150000000021446	-2.920553110463686e-08
0.516000000002149	-2.5430856531727386e-08
0.5170000000021531	-2.144451460850405e-08
0.5180000000021572	-1.7278666719633407e-08
0.5190000000021613	-1.2969288754050012e-08
0.5200000000021656	-8.549587704465011e-09
0.5210000000021697	-4.061230907126401e-09
0.5220000000021738	4.600360092865685e-10
0.5230000000021782	4.97248575648257e-09
0.5240000000021823	9.439418802159594e-09
0.5250000000021864	1.382030467844686e-08
0.5260000000021905	1.8079149732841415e-08
0.5270000000021948	2.217925887393335e-08
0.5280000000021989	2.6086055093799132e-08
0.529000000002203	2.9768780995809152e-08
0.5300000000022074	3.319956143332803e-08
0.5310000000022115	3.634949452546721e-08
0.5320000000022156	3.920115965172499e-08
0.5330000000022197	4.172236767185922e-08
0.534000000002224	4.392685193366219e-08
0.5350000000022281	4.575201262291273e-08
0.5360000000022322	4.7249903656343406e-08
0.5370000000022366	4.835588185425621e-08
0.5380000000022407	4.9113431210834335e-08
0.5390000000022448	4.949853504854218e-08
0.5400000000022487	4.95258755117689e-08
0.541000000002253	4.919618623588917e-08
0.5420000000022571	4.8531308749488744e-08
0.5430000000022612	4.753089366538177e-08
0.5440000000022656	4.6225720473636045e-08
0.5450000000022697	4.461720770621014e-08
0.5460000000022738	4.274207177079603e-08
0.5470000000022779	4.0609271501068633e-08
0.5480000000022822	3.825166405846403e-08
0.5490000000022863	3.568972961609518e-08
0.5500000000022904	3.295223161003946e-08
0.5510000000022948	3.006416327000494e-08
0.5520000000022989	2.7055278128962357e-08
0.553000000002303	2.3951400529576006e-08
0.5540000000023071	2.078215721734722e-08
0.5550000000023114	1.757479139996576e-08
0.5560000000023155	1.4356730249076577e-08
0.5570000000023196	1.1154926315981584e-08
0.558000000002324	7.994896189522649e-09
0.5590000000023281	4.901602124185445e-09
0.5600000000023322	1.897880852474998e-09
0.5610000000023363	-9.93715110197968e-10
0.5620000000023406	-3.751518651284869e-09
0.5630000000023447	-6.356552395558879e-09
0.5640000000023488	-8.791385841533383e-09
0.5650000000023532	-1.1038511438243859e-08
0.5660000000023573	-1.3083210514963639e-08
0.5670000000023614	-1.491155665611643e-08
0.5680000000023655	-1.651153125337146e-08
0.5690000000023698	-1.7875301905334595e-08
0.5700000000023739	-1.8994258610405268e-08
0.5710000000023778	-1.9861460476278125e-08
0.5720000000023819	-2.0475073192471882e-08
0.5730000000023863	-2.083081285242372e-08
0.5740000000023904	-2.092770223782736e-08
0.5750000000023945	-2.0768558650630098e-08
0.5760000000023988	-2.0357101782053633e-08
0.5770000000024029	-1.969771634691142e-08
0.578000000002407	-1.8797235545875424e-08
0.5790000000024111	-1.7667694862666394e-08
0.5800000000024155	-1.6317086126704794e-08
0.5810000000024196	-1.4761710742661194e-08
0.5820000000024237	-1.3014247901566023e-08
0.583000000002428	-1.1095022456331094e-08
0.5840000000024321	-9.017741886552244e-09
0.5850000000024362	-6.807644004069857e-09
0.5860000000024403	-4.483050819459322e-09
0.5870000000024447	-2.0672712430780393e-09
0.5880000000024488	4.151441412858503e-10
0.5890000000024529	2.941197618788749e-09
0.5900000000024572	5.4844211394566855e-09
0.5910000000024613	8.020372588291025e-09
0.5920000000024654	1.0522257953837766e-08
0.5930000000024696	1.2964241902224671e-08
0.5940000000024739	1.5320865909274062e-08
0.595000000002478	1.756673606578829e-08
0.5960000000024821	1.9677903972947774e-08
0.5970000000024864	2.16280755527265e-08
0.5980000000024905	2.3400153925656753e-08
0.5990000000024946	2.4967478640114393e-08
0.6000000000024988	2.6321362756043243e-08
0.6010000000025031	2.743692428808231e-08
0.602000000002507	2.83055794358944e-08
0.6030000000025111	2.891946770944287e-08
0.6040000000025154	2.9264276779628062e-08
0.6050000000025195	2.9347205110497043e-08
0.6060000000025236	2.9155103220546152e-08
0.6070000000025277	2.870218096528987e-08
0.6080000000025321	2.798666809411543e-08
0.6090000000025362	2.7023843385265423e-08
0.6100000000025403	2.5820493854133986e-08
0.6110000000025446	2.4397108222551367e-08
0.6120000000025487	2.2769402696631857e-08
0.6130000000025528	2.0959050717195282e-08
0.614000000002557	1.898723178683781e-08
0.6150000000025613	1.6879839304095867e-08
0.6160000000025654	1.4662441039092755e-08
0.6170000000025695	1.236247593183748e-08
0.6180000000025738	1.0006993900191219e-08
0.6190000000025779	7.624125442085017e-09
0.620000000002582	5.242270395555693e-09
0.6210000000025861	2.888064787320843e-09
0.6220000000025905	5.876807929183769e-10
0.6230000000025946	-1.6332624142023633e-09
0.6240000000025987	-3.751482013925056e-09
0.625000000002603	-5.745510067711734e-09
0.6260000000026071	-7.594178175196475e-09
0.6270000000026112	-9.282100865704024e-09
0.6280000000026154	-1.079026090700097e-08
0.6290000000026197	-1.2108578584246743e-08
0.6300000000026238	-1.322475506881915e-08
0.6310000000026279	-1.4132412351486323e-08
0.6320000000026322	-1.4825197958145964e-08
0.6330000000026361	-1.5300647637772613e-08
0.6340000000026402	-1.5556497423574456e-08
0.6350000000026443	-1.5597237057463076e-08
0.6360000000026487	-1.5424108656958424e-08
0.6370000000026528	-1.5046345946956308e-08
0.6380000000026569	-1.446903286073109e-08
0.6390000000026612	-1.3704091195165802e-08
0.6400000000026653	-1.2761940615391154e-08
0.6410000000026694	-1.1656152043570955e-08
0.6420000000026735	-1.0399267225125186e-08
0.6430000000026779	-9.00731356168194e-09
0.644000000002682	-7.49460427051929e-09
0.6450000000026861	-5.876089392842232e-09
0.6460000000026904	-4.165511047204973e-09
0.6470000000026945	-2.37909070222031e-09
0.6480000000026986	-5.290394788914909e-10
0.6490000000027027	1.3718919333882695e-09
0.6500000000027071	3.3104944341388887e-09
0.6510000000027112	5.277904668865574e-09
0.6520000000027153	7.2624423141931516e-09
0.6530000000027196	9.256561961379361e-09
0.6540000000027237	1.1252884624113335e-08
0.6550000000027278	1.3245455621202495e-08
0.656000000002732	1.5229156158369506e-08
0.6570000000027363	1.7200257662608465e-08
0.6580000000027404	1.915527669815731e-08
0.6590000000027445	2.1092342539219544e-08
0.6600000000027488	2.300866253079903e-08
0.6610000000027529	2.4902923057013027e-08
0.662000000002757	2.6772615013825884e-08
0.6630000000027612	2.8616529479386088e-08
0.6640000000027653	3.0430892694610634e-08
0.6650000000027694	3.2213782752421594e-08
0.6660000000027735	3.396059888860492e-08
0.6670000000027778	3.566708994817702e-08
0.6680000000027819	3.732765951891537e-08
0.669000000002786	3.893486555384129e-08
0.6700000000027901	4.048177970616962e-08
0.6710000000027945	4.195850145105595e-08
0.6720000000027986	4.335540604305521e-08
0.6730000000028027	4.465965519617754e-08
0.674000000002807	4.586001722817201e-08
0.6750000000028111	4.694222532908299e-08
0.6760000000028152	4.789269825167253e-08
0.6770000000028193	4.869612779678789e-08
0.6780000000028237	4.933860298095283e-08
0.6790000000028278	4.980495027506748e-08
0.6800000000028319	5.008567893760585e-08
0.6810000000028362	5.015968507215973e-08
0.6820000000028403	5.002880798521403e-08
0.6830000000028444	4.966687072727183e-08
0.6840000000028486	4.90853148127357e-08
0.6850000000028529	4.825787358608835e-08
0.686000000002857	4.7203060793421514e-08
0.6870000000028611	4.589998481296931e-08
0.6880000000028654	4.436787104378226e-08
0.6890000000028695	4.2595010851798065e-08
0.6900000000028736	4.0607889717492185e-08
0.6910000000028778	3.839852602549598e-08
0.6920000000028821	3.599737430359795e-08
0.6930000000028862	3.340566390175326e-08
0.6940000000028901	3.065591758222297e-08
0.6950000000028944	2.7761908327761375e-08
0.6960000000028985	2.474985050238132e-08
0.6970000000029026	2.164613244204361e-08
0.6980000000029067	1.847530928245078e-08
0.6990000000029111	1.5268319164540856e-08
0.7000000000029152	1.2051785236444346e-08
0.7010000000029193	8.855692623654932e-09
0.7020000000029236	5.706243699776792e-09
0.7030000000029277	2.6323463409028136e-09
0.7040000000029318	-3.439462048504538e-10
0.705000000002936	-3.1964453306443374e-09
0.7060000000029403	-5.905266053929381e-09
0.7070000000029444	-8.452853528240212e-09
0.7080000000029485	-1.0824532825637334e-08
0.7090000000029526	-1.300748997401513e-08
0.7100000000029569	-1.499445012598244e-08
0.711000000002961	-1.677978289649218e-08
0.7120000000029651	-1.836130536503333e-08
0.7130000000029695	-1.9742293355662355e-08
0.7140000000029736	-2.0926210986260685e-08
0.7150000000029777	-2.1924090987113232e-08
0.7160000000029818	-2.2746194705547396e-08
0.7170000000029861	-2.3411164562503473e-08
0.7180000000029902	-2.393402409595069e-08
0.7190000000029944	-2.4341639148772742e-08
0.7200000000029987	-2.4655318453525865e-08
0.7210000000030028	-2.4909490914382104e-08
0.7220000000030069	-2.513153929406542e-08
0.723000000003011	-2.535890120114459e-08
0.7240000000030153	-2.5625463750955646e-08
0.7250000000030195	-2.5970011030551632e-08
0.7260000000030233	-2.643049201722647e-08
0.7270000000030277	-2.7040068628636504e-08
0.7280000000030318	-2.784399777411295e-08
0.7290000000030359	-2.8865930756794e-08
0.73000000000304	-3.014429861281087e-08
0.7310000000030443	-3.170869988800007e-08
0.7320000000030484	-3.357442235341068e-08
0.7330000000030525	-3.577728291404014e-08
0.7340000000030569	-3.832424178007443e-08
0.735000000003061	-4.1232631309284784e-08
0.7360000000030651	-4.4509122387736966e-08
0.7370000000030692	-4.8158443455292854e-08
0.7380000000030735	-5.218046483790317e-08
0.7390000000030776	-5.656418244903705e-08
0.7400000000030817	-6.130521157388102e-08
0.7410000000030861	-6.638106553324974e-08
0.7420000000030902	-7.177567251659411e-08
0.7430000000030943	-7.746237873362816e-08
0.7440000000030984	-8.341294988056802e-08
0.7450000000031027	-8.959545549913628e-08
0.7460000000031068	-9.597388417326158e-08
0.747000000003111	-1.0250640558595592e-07
0.7480000000031153	-1.0915279191614502e-07
0.7490000000031194	-1.1586723625001127e-07
0.7500000000031235	-1.2260172987943463e-07
0.7510000000031276	-1.2930762394169903e-07
0.7520000000031319	-1.3593337233608338e-07
0.753000000003136	-1.4242395796060237e-07
0.7540000000031402	-1.4873021458861047e-07
0.7550000000031445	-1.547939163515366e-07
0.7560000000031484	-1.605623911604681e-07
0.7570000000031525	-1.6598124008559978e-07
0.7580000000031566	-1.709986234832428e-07
0.7590000000031609	-1.7557381237764957e-07
0.760000000003165	-1.7964511900281366e-07
0.7610000000031691	-1.8317163230641142e-07
0.7620000000031735	-1.8613096486319591e-07
0.7630000000031776	-1.88445266946502e-07
0.7640000000031817	-1.9015904495489622e-07
0.7650000000031858	-1.911198799220415e-07
0.7660000000031901	-1.914405463043778e-07
0.7670000000031942	-1.9098529357997052e-07
0.7680000000031983	-1.8981090121883426e-07
0.7690000000032027	-1.87867143841558e-07
0.7700000000032068	-1.851673601116488e-07
0.7710000000032109	-1.8169393012357204e-07
0.772000000003215	-1.7747442848659034e-07
0.7730000000032193	-1.724823546211951e-07
0.7740000000032234	-1.6678286529625552e-07
0.7750000000032276	-1.6030119365240125e-07
0.7760000000032319	-1.531607285443215e-07
0.777000000003236	-1.452955846747983e-07
0.7780000000032401	-1.3679384447407017e-07
0.7790000000032442	-1.2763789269953918e-07
0.7800000000032485	-1.1788319076444509e-07
0.7810000000032526	-1.0755080936952766e-07
0.7820000000032568	-9.668648237592947e-08
0.7830000000032611	-8.53199551009709e-08
0.7840000000032652	-7.349301611725423e-08
0.7850000000032693	-6.125406915025167e-08
0.7860000000032734	-4.8627147197777276e-08
0.7870000000032777	-3.5666166686709744e-08
0.7880000000032816	-2.241211793929665e-08
0.7890000000032857	-8.904486259453392e-09
0.7900000000032901	4.812668707998569e-09
0.7910000000032942	1.8687591030186468e-08
0.7920000000032983	3.268226178576583e-08
0.7930000000033024	4.674852838171262e-08
0.7940000000033067	6.083827019942589e-08
0.7950000000033108	7.490930364895121e-08
0.796000000003315	8.891961211787702e-08
0.7970000000033193	1.0281982909532417e-07
0.7980000000033234	1.1657405019072087e-07
0.7990000000033275	1.3013757949043026e-07
0.8000000000033316	1.434668641664416e-07
0.8010000000033359	1.5652982321423536e-07
0.80200000000334	1.6928096391310987e-07
0.8030000000033441	1.8167941651103803e-07
0.8040000000033485	1.9370358006476351e-07
0.8050000000033526	2.053008705260595e-07
0.8060000000033567	2.164507437729668e-07
0.8070000000033608	2.2712311498196414e-07
0.8080000000033651	2.3728179343596167e-07
0.8090000000033692	2.469082481804108e-07
0.8100000000033734	2.5597091268814154e-07
0.8110000000033777	2.644558780851014e-07
0.8120000000033818	2.723311880448165e-07
0.8130000000033859	2.7958815729256514e-07
0.81400000000339	2.8621612135903973e-07
0.8150000000033943	2.921863173632744e-07
0.8160000000033985	2.9750253527360826e-07
0.8170000000034026	3.0214890067714606e-07
0.8180000000034067	3.061211222288307e-07
0.8190000000034108	3.0941185413801975e-07
0.8200000000034149	3.120322628058503e-07
0.821000000003419	3.139585307287973e-07
0.8220000000034233	3.1521602261719295e-07
0.8230000000034274	3.1580094472793974e-07
0.8240000000034315	3.157203991577262e-07
0.8250000000034359	3.1499793262668163e-07
0.82600000000344	3.136208528431439e-07
0.8270000000034441	3.1162814184693133e-07
0.8280000000034482	3.09028611700235e-07
0.8290000000034525	3.0585021404405666e-07
0.8300000000034566	3.021094485688991e-07
0.8310000000034607	2.97834951812348e-07
0.8320000000034651	2.930526828981428e-07
0.8330000000034692	2.877990611382941e-07
0.8340000000034733	2.8208314728495054e-07
0.8350000000034774	2.759517724326699e-07
0.8360000000034817	2.6942634345772376e-07
0.8370000000034858	2.6253616403071334e-07
0.83800000000349	2.5531305625214884e-07
0.8390000000034943	2.477801136491209e-07
0.8400000000034984	2.3996961551198126e-07
0.8410000000035025	2.3190533626760157e-07
0.8420000000035066	2.2361245588520262e-07
0.8430000000035109	2.1511683334640708e-07
0.844000000003515	2.0644082188159274e-07
0.8450000000035192	1.9760321823270033e-07
0.8460000000035233	1.8862815176490244e-07
0.8470000000035276	1.7953459607866762e-07
0.8480000000035317	1.7034385235703553e-07
0.8490000000035356	1.6107799660769473e-07
0.8500000000035399	1.5175401824052415e-07
0.851000000003544	1.423965390046078e-07
0.8520000000035481	1.3302148460514474e-07
0.8530000000035523	1.2365173573947175e-07
0.8540000000035566	1.1430607904650003e-07
0.8550000000035607	1.0500619240794151e-07
0.8560000000035648	9.577095894108822e-08
0.8570000000035691	8.662434514139505e-08
0.8580000000035732	7.758578091099366e-08
0.8590000000035773	6.868059687636929e-08
0.8600000000035815	5.993174490015463e-08
0.8610000000035858	5.1365923403601244e-08
0.8620000000035899	4.300300870951901e-08
0.863000000003594	3.4875883736518176e-08
0.8640000000035983	2.7002529101594064e-08
0.8650000000036024	1.9413685659053215e-08
0.8660000000036066	1.2137172489268266e-08
0.8670000000036107	5.205245012795956e-09
0.868000000003615	-1.3752305960679223e-09
0.8690000000036191	-7.555137848669347e-09
0.8700000000036232	-1.3334108706075654e-08
0.8710000000036275	-1.8679785496189538e-08
0.8720000000036316	-2.3576930185953415e-08
0.8730000000036358	-2.8008289687520005e-08
0.8740000000036399	-3.196461184629129e-08
0.8750000000036442	-3.542165716297063e-08
0.8760000000036483	-3.8393831447436355e-08
0.8770000000036524	-4.0838186610159255e-08
0.8780000000036567	-4.278452903072605e-08
0.8790000000036609	-4.4198371407233594e-08
0.8800000000036647	-4.510623430320493e-08
0.8810000000036688	-4.547150589395699e-08
0.8820000000036732	-4.533515429727686e-08
0.8830000000036773	-4.4663778009379485e-08
0.8840000000036814	-4.3490146151015097e-08
0.8850000000036857	-4.180038226664351e-08
0.8860000000036898	-3.961417260889277e-08
0.887000000003694	-3.6932183089533055e-08
0.888000000003698	-3.376641322105911e-08
0.8890000000037024	-3.0129586159333144e-08
0.8900000000037065	-2.6033708966366476e-08
0.8910000000037106	-2.1493017143825455e-08
0.8920000000037149	-1.6526522150783762e-08
0.893000000003719	-1.1151431111855459e-08
0.8940000000037231	-5.392257529379663e-09
0.8950000000037273	7.355493991667572e-10
0.8960000000037316	7.196180318302936e-09
0.8970000000037357	1.3975981816294336e-08
0.8980000000037398	2.1034802122343876e-08
0.8990000000037441	2.834206436208575e-08
0.9000000000037482	3.5867883330098493e-08
0.9010000000037524	4.357593341719479e-08
0.9020000000037565	5.142914749622918e-08
0.9030000000037608	5.938666136628967e-08
0.9040000000037649	6.741407077015538e-08
0.905000000003769	7.546552671655604e-08
0.9060000000037733	8.350522651134895e-08
0.9070000000037775	9.149168200828228e-08
0.9080000000037816	9.938686984511946e-08
0.9090000000037857	1.0715226039792469e-07
0.91000000000379	1.1475436678676232e-07
0.9110000000037939	1.2215591849162877e-07
0.912000000003798	1.2932955706368432e-07
0.9130000000038023	1.3623254546679675e-07
0.9140000000038064	1.4285269700486936e-07
0.9150000000038105	1.4914858315062673e-07
0.9160000000038147	1.551041453051738e-07
0.917000000003819	1.6068519448353413e-07
0.9180000000038231	1.6588587992139026e-07
0.9190000000038272	1.706692238645502e-07
0.9200000000038315	1.7504828675463102e-07
0.9210000000038356	1.7896975601505716e-07
0.9220000000038397	1.8247806654603238e-07
0.9230000000038439	1.8550295199926126e-07
0.9240000000038482	1.8810485147291445e-07
0.9250000000038523	1.902313065960115e-07
0.9260000000038564	1.919234016156679e-07
0.9270000000038607	1.931528267329341e-07
0.9280000000038648	1.939561455888139e-07
0.929000000003869	1.9430453579438733e-07
0.9300000000038731	1.942460097215104e-07
0.9310000000038774	1.9375310433833448e-07
0.9320000000038815	1.9286634955761883e-07
0.9330000000038856	1.91564268448019e-07
0.9340000000038899	1.899039401287439e-07
0.935000000003894	1.8785123523379355e-07
0.9360000000038982	1.8545696089944386e-07
0.9370000000039023	1.8271577617579027e-07
0.9380000000039066	1.796566900802432e-07
0.9390000000039107	1.7628219828313973e-07
0.9400000000039148	1.7262580265242633e-07
0.9410000000039191	1.6868271923708988e-07
0.942000000003923	1.6449042816724102e-07
0.9430000000039271	1.6004652814149978e-07
0.9440000000039312	1.5538529596348383e-07
0.9450000000039356	1.5050492141455152e-07
0.9460000000039397	1.4543535886701875e-07
0.9470000000039438	1.4017918936737317e-07
0.9480000000039481	1.3475581928101832e-07
0.9490000000039522	1.2917658553934785e-07
0.9500000000039563	1.2345654554213326e-07
0.9510000000039605	1.1760995066723012e-07
0.9520000000039648	1.116512842180839e-07
0.9530000000039689	1.0559766439044438e-07
0.954000000003973	9.946736323485084e-08
0.9550000000039773	9.32791867080951e-08
0.9560000000039814	8.705439125122894e-08
0.9570000000039856	8.081778613000523e-08
0.9580000000039897	7.458615447486494e-08
0.959000000003994	6.839711319539532e-08
0.9600000000039981	6.225781779001238e-08
0.9610000000040022	5.6213225185786087e-08
0.9620000000040065	5.027193950013498e-08
0.9630000000040106	4.4468351667603656e-08
0.9640000000040148	3.8820863634825287e-08
0.9650000000040189	3.335152598538116e-08
0.9660000000040232	2.8078488312210936e-08
0.9670000000040273	2.302013213384413e-08
0.9680000000040314	1.8191929740396517e-08
0.9690000000040357	1.3606278104205671e-08
0.9700000000040399	9.274865098163332e-09
0.9710000000040437	5.206601150220536e-09
0.9720000000040478	1.405126792697331e-09
0.9730000000040522	-2.1228407920403924e-09
0.9740000000040563	-5.376891154540431e-09
0.9750000000040604	-8.354410496735909e-09
0.9760000000040647	-1.1058890692083878e-08
0.9770000000040688	-1.3492734929343442e-08
0.978000000004073	-1.5663079055983076e-08
0.979000000004077	-1.757473366836848e-08
0.9800000000040812	-1.9239421611416674e-08
0.9810000000040855	-2.0667080047331865e-08
0.9820000000040896	-2.1871499056302923e-08
0.9830000000040937	-2.2867882032429065e-08
0.984000000004098	-2.366845497370207e-08
0.9850000000041004	-2.4291395783748726e-08
0.9860000000041018	-2.4750324900679743e-08
0.987000000004103	-2.506846685790265e-08
0.9880000000041045	-2.5251396529313297e-08
0.9890000000041059	-2.5329483177571888e-08
0.9900000000041072	-2.5304163431272286e-08
0.9910000000041086	-2.5207302911667284e-08
0.99200000000411	-2.504231133571011e-08
0.9930000000041115	-2.483066241509846e-08
0.9940000000041127	-2.458632741841882e-08
0.9950000000041141	-2.4322517777619623e-08
0.9960000000041156	-2.4053450564665013e-08
0.997000000004117	-2.3792637193764676e-08
0.9980000000041185	-2.3552176209307163e-08
0.9990000000041197	-2.334522286595586e-08
1.0000000000041211	-2.3182141983824067e-08
1.001000000004117	-2.3072461496909114e-08
1.002000000004113	-2.3028793316726137e-08
1.0030000000041086	-2.3055227726942462e-08
1.0040000000041045	-2.3160953377399096e-08
1.0050000000041002	-2.3349673750061584e-08
1.006000000004096	-2.3623628164770594e-08
1.007000000004092	-2.3989700892457222e-08
1.0080000000040878	-2.4444706481219214e-08
1.0090000000040837	-2.4991795299911246e-08
1.0100000000040794	-2.5626659905242377e-08
1.0110000000040753	-2.634992934957836e-08
1.012000000004071	-2.71573974419681e-08
1.0130000000040669	-2.804569732006712e-08
1.0140000000040628	-2.900989315435254e-08
1.0150000000040587	-3.0046605203892796e-08
1.0160000000040534	-3.114954694183325e-08
1.0170000000040464	-3.231501000122705e-08
1.0180000000040397	-3.3536162957759075e-08
1.0190000000040325	-3.4808472326730566e-08
1.0200000000040257	-3.612586052526012e-08
1.021000000004019	-3.748348897936182e-08
1.0220000000040117	-3.887490174214747e-08
1.023000000004005	-4.029589661946886e-08
1.0240000000039977	-4.173827861109203e-08
1.025000000003991	-4.3199451571496184e-08
1.026000000003984	-4.467041780920056e-08
1.027000000003977	-4.6146544585567995e-08
1.0280000000039702	-4.7620245524626625e-08
1.0290000000039632	-4.908453687946235e-08
1.0300000000039562	-5.0532290352123255e-08
1.0310000000039494	-5.195430263782441e-08
1.0320000000039424	-5.334429520331696e-08
1.0330000000039354	-5.469125552437504e-08
1.0340000000039287	-5.598885710611512e-08
1.0350000000039217	-5.722595508572681e-08
1.0360000000039147	-5.839520356154537e-08
1.0370000000039077	-5.9486338743752754e-08
1.0380000000039007	-6.04934566883486e-08
1.039000000003894	-6.140523289843713e-08
1.0400000000038867	-6.221454906807367e-08
1.04100000000388	-6.291795151547319e-08
1.0420000000038732	-6.350423453760357e-08
1.043000000003866	-6.396916374384887e-08
1.0440000000038592	-6.430746068986082e-08
1.0450000000038522	-6.451357181802564e-08
1.0460000000038452	-6.458203705150822e-08
1.0470000000038384	-6.450739498120583e-08
1.0480000000038314	-6.429225862802923e-08
1.0490000000038244	-6.392504436902868e-08
1.0500000000038174	-6.341443503643518e-08
1.0510000000038104	-6.274885078205727e-08
1.0520000000038037	-6.193683055322197e-08
1.0530000000037967	-6.09763297632071e-08
1.0540000000037897	-5.98633271842175e-08
1.055000000003783	-5.8613116138417354e-08
1.056000000003776	-5.7205357784084754e-08
1.057000000003769	-5.5666695475409256e-08
1.0580000000037622	-5.398331337502782e-08
1.059000000003755	-5.216195009261071e-08
1.0600000000037482	-5.0206637958183364e-08
1.0610000000037412	-4.8114580319946754e-08
1.0620000000037342	-4.589077762240379e-08
1.0630000000037274	-4.353722715677577e-08
1.0640000000037202	-4.1053775934329906e-08
1.0650000000037134	-3.844388163365409e-08
1.0660000000037064	-3.571018347692245e-08
1.0670000000036994	-3.285527139240685e-08
1.0680000000036927	-2.988188629871047e-08
1.0690000000036857	-2.6794422236520177e-08
1.0700000000036787	-2.359718931366217e-08
1.071000000003672	-2.02929264503382e-08
1.072000000003665	-1.6887662823705796e-08
1.073000000003658	-1.3385861308279345e-08
1.0740000000036511	-9.794657751527325e-09
1.075000000003644	-6.1204981083307075e-09
1.0760000000036372	-2.3683697225607148e-09
1.0770000000036304	1.449585562696143e-09
1.0780000000036232	5.332477348574116e-09
1.0790000000036164	9.267355327580162e-09
1.0800000000036092	1.3246684305023848e-08
1.0810000000036024	1.726453946471196e-08
1.0820000000035954	2.1308824593724296e-08
1.0830000000035884	2.5372698386760817e-08
1.0840000000035817	2.9445275107065072e-08
1.0850000000035747	3.3518067210636104e-08
1.0860000000035677	3.7579991118974476e-08
1.087000000003561	4.162245970107392e-08
1.088000000003554	4.5635182521763795e-08
1.089000000003547	4.960801369691126e-08
1.0900000000035401	5.353382814821117e-08
1.091000000003533	5.7402933406613954e-08
1.0920000000035262	6.120781947949183e-08
1.0930000000035192	6.494290194503094e-08
1.0940000000035122	6.860038737066532e-08
1.0950000000035054	7.217697106653986e-08
1.0960000000034982	7.566721749174832e-08
1.0970000000034914	7.906662990997404e-08
1.0980000000034844	8.23724566334505e-08
1.0990000000034774	8.557868214076336e-08
1.1000000000034706	8.868809286965984e-08
1.1010000000034637	9.169051828905594e-08
1.1020000000034567	9.459049854498858e-08
1.1030000000034499	9.73799844095069e-08
1.104000000003443	1.0005859019113217e-07
1.105000000003436	1.0262209160227798e-07
1.106000000003429	1.050671196711761e-07
1.107000000003422	1.0739141653726136e-07
1.1080000000034151	1.0958925056314683e-07
1.1090000000034081	1.1165762348053221e-07
1.1100000000034012	1.1359026563795283e-07
1.1110000000033944	1.1538307376213197e-07
1.1120000000033872	1.1702817614978045e-07
1.1130000000033804	1.1852046766236413e-07
1.1140000000033736	1.1985108994139182e-07
1.1150000000033664	1.2101756730054092e-07
1.1160000000033596	1.2200904020431835e-07
1.1170000000033526	1.2282247197070717e-07
1.1180000000033457	1.234473507860656e-07
1.1190000000033387	1.2388956405207097e-07
1.1200000000033317	1.241332854284849e-07
1.121000000003325	1.241872336077421e-07
1.122000000003318	1.2403809501737584e-07
1.123000000003311	1.2369826762892444e-07
1.1240000000033041	1.231514172861381e-07
1.1250000000032971	1.2240825508769149e-07
1.1260000000032901	1.2146227179599123e-07
1.1270000000032834	1.2031721430272313e-07
1.1280000000032764	1.1897341922750826e-07
1.1290000000032694	1.1743267069874719e-07
1.1300000000032626	1.1569680080647515e-07
1.1310000000032554	1.1376918152006255e-07
1.1320000000032486	1.1165374436128417e-07
1.1330000000032414	1.09352810251373e-07
1.1340000000032346	1.0687102214301802e-07
1.1350000000032279	1.042115703731028e-07
1.1360000000032207	1.0138031392159519e-07
1.1370000000032139	9.838217840396624e-08
1.138000000003207	9.522069799317023e-08
1.1390000000032	9.190307048712043e-08
1.1400000000031931	8.843477172781888e-08
1.1410000000031861	8.482375435381329e-08
1.1420000000031791	8.107027038573023e-08
1.1430000000031724	7.719289341068247e-08
1.1440000000031654	7.318538952638676e-08
1.1450000000031584	6.906402016948476e-08
1.1460000000031516	6.483446246541291e-08
1.1470000000031444	6.050217860043006e-08
1.1480000000031376	5.607617803438103e-08
1.1490000000031304	5.156325633137726e-08
1.1500000000031236	4.6972553402468975e-08
1.1510000000031169	4.230995165332985e-08
1.1520000000031096	3.758563504874246e-08
1.1530000000031029	3.280571470032356e-08
1.1540000000030959	2.7979750516493596e-08
1.155000000003089	2.311428115575609e-08
1.1560000000030821	1.8220600916940555e-08
1.1570000000030751	1.3304539359104695e-08
1.1580000000030681	8.378323812507915e-09
1.1590000000030614	3.4492846356926066e-09
1.1600000000030544	-1.4720116237043612e-09
1.1610000000030474	-6.376978500810537e-09
1.1620000000030404	-1.1255589793535137e-08
1.1630000000030334	-1.6100183186651407e-08
1.1640000000030266	-2.0902942710065986e-08
1.1650000000030196	-2.5656533120255176e-08
1.1660000000030126	-3.035571882747945e-08
1.1670000000030059	-3.499421241670575e-08
1.1680000000029986	-3.956633243262786e-08
1.1690000000029919	-4.406861964234565e-08
1.1700000000029849	-4.8495674143111955e-08
1.1710000000029779	-5.284472237576665e-08
1.172000000002971	-5.711263950658463e-08
1.1730000000029641	-6.129488383521675e-08
1.1740000000029571	-6.539011021544638e-08
1.1750000000029501	-6.939082486390191e-08
1.1760000000029431	-7.330040197039978e-08
1.1770000000029364	-7.710759275525447e-08
1.1780000000029294	-8.081691871275609e-08
1.1790000000029224	-8.442106658179682e-08
1.1800000000029156	-8.792278172187196e-08
1.1810000000029086	-9.131859601829717e-08
1.1820000000029016	-9.461049788050957e-08
1.1830000000028948	-9.779720611113873e-08
1.1840000000028876	-1.008814409786396e-07
1.1850000000028809	-1.0386286142249901e-07
1.186000000002874	-1.0674001948984824e-07
1.1870000000028669	-1.0951876294740259e-07
1.18800000000286	-1.121934347647624e-07
1.1890000000028529	-1.147704113968473e-07
1.1900000000028461	-1.1724589454864542e-07
1.1910000000028391	-1.1962169010892865e-07
1.1920000000028321	-1.218967722316222e-07
1.1930000000028254	-1.2406992899727243e-07
1.1940000000028184	-1.261381163963904e-07
1.1950000000028114	-1.2810105465277388e-07
1.1960000000028046	-1.2995639275814597e-07
1.1970000000027976	-1.3170129897766003e-07
1.1980000000027906	-1.3333258785941382e-07
1.1990000000027838	-1.348494551578483e-07
1.2000000000027768	-1.3624951544777275e-07
1.2010000000027699	-1.3752894933993787e-07
1.2020000000027629	-1.3869226567209125e-07
1.2030000000027559	-1.397351492293808e-07
1.204000000002749	-1.4065706466226402e-07
1.2050000000027419	-1.4146678672943835e-07
1.206000000002735	-1.421537882961843e-07
1.2070000000027283	-1.4273259152375317e-07
1.2080000000027211	-1.4319858943068198e-07
1.2090000000027143	-1.435574894514957e-07
1.2100000000027074	-1.4381442459132643e-07
1.2110000000027004	-1.4396966308005688e-07
1.2120000000026936	-1.4403205406132713e-07
1.2130000000026866	-1.440015435782982e-07
1.2140000000026796	-1.4388264335529755e-07
1.2150000000026726	-1.4367941569837228e-07
1.2160000000026656	-1.4339102505367407e-07
1.2170000000026588	-1.4302295436863233e-07
1.2180000000026519	-1.4257349922885965e-07
1.2190000000026449	-1.4204502329917545e-07
1.220000000002638	-1.414366765928321e-07
1.2210000000026309	-1.4074945342557044e-07
1.222000000002624	-1.3998024073202942e-07
1.2230000000026173	-1.3912916685399068e-07
1.2240000000026101	-1.381944809697444e-07
1.2250000000026033	-1.3717668201351785e-07
1.2260000000025963	-1.360733794530944e-07
1.2270000000025894	-1.3488622485624546e-07
1.2280000000025826	-1.3361404183065417e-07
1.2290000000025754	-1.3225871553501634e-07
1.2300000000025686	-1.3082053129664928e-07
1.2310000000025616	-1.293021854031906e-07
1.2320000000025546	-1.2770398072348144e-07
1.2330000000025478	-1.2602975396625027e-07
1.2340000000025408	-1.2427866002973076e-07
1.2350000000025338	-1.2245454783510468e-07
1.236000000002527	-1.2055876075223182e-07
1.23700000000252	-1.1859258375324089e-07
1.238000000002513	-1.1655849463387824e-07
1.2390000000025063	-1.1445762693185202e-07
1.240000000002499	-1.1229093432874038e-07
1.2410000000024923	-1.100588760127863e-07
1.2420000000024853	-1.0776149905744603e-07
1.2430000000024783	-1.0540111361478921e-07
1.2440000000024716	-1.0297455466101724e-07
1.2450000000024644	-1.0048526810635394e-07
1.2460000000024576	-9.793128663559969e-08
1.2470000000024506	-9.531386524486152e-08
1.2480000000024436	-9.26326693129198e-08
1.2490000000024368	-8.988768418483062e-08
1.2500000000024298	-8.707931886675624e-08
1.2510000000024228	-8.420799590957984e-08
1.252000000002416	-8.127358563925213e-08
1.253000000002409	-7.827643755398128e-08
1.254000000002402	-7.521737255267169e-08
1.2550000000023953	-7.209738916991171e-08
1.256000000002388	-6.891746151538314e-08
1.2570000000023813	-6.568071708734635e-08
1.2580000000023743	-6.238877015007915e-08
1.2590000000023673	-5.904332445183513e-08
1.2600000000023606	-5.5648023078447295e-08
1.2610000000023533	-5.220428400676269e-08
1.2620000000023466	-4.8714646982972454e-08
1.2630000000023396	-4.518243912343678e-08
1.2640000000023326	-4.160862365765183e-08
1.2650000000023258	-3.7998461932531313e-08
1.2660000000023188	-3.4351953726030615e-08
1.2670000000023118	-3.067408682611017e-08
1.268000000002305	-2.6967576616243605e-08
1.269000000002298	-2.3234328239141178e-08
1.270000000002291	-1.9477588431016102e-08
1.271000000002284	-1.5701710154303328e-08
1.272000000002277	-1.1908714236952278e-08
1.2730000000022703	-8.103654858260256e-09
1.2740000000022633	-4.289914423694086e-09
1.2750000000022563	-4.719806767639056e-10
1.2760000000022496	3.3452819403478884e-09
1.2770000000022423	7.157227810417055e-09
1.2780000000022356	1.0957981189108068e-08
1.2790000000022288	1.474324107242353e-08
1.2800000000022216	1.850641917489071e-08
1.2810000000022148	2.2244443398378166e-08
1.2820000000022078	2.5950402271490702e-08
1.2830000000022008	2.9622975183940525e-08
1.2840000000021938	3.325380903973496e-08
1.2850000000021868	3.6844101103383764e-08
1.28600000000218	4.0385460087222214e-08
1.287000000002173	4.3879572864113925e-08
1.288000000002166	4.73203078943385e-08
1.2890000000021593	5.070742825630248e-08
1.2900000000021523	5.4036976893101496e-08
1.2910000000021453	5.730856289520858e-08
1.2920000000021385	6.051899625880708e-08
1.2930000000021313	6.366871307950106e-08
1.2940000000021246	6.675317010262916e-08
1.2950000000021178	6.977397182250655e-08
1.2960000000021106	7.272682334136249e-08
1.2970000000021038	7.561124470978342e-08
1.2980000000020966	7.842807803193352e-08
1.2990000000020898	8.11697131730682e-08
1.3000000000020828	8.384234917446776e-08
1.3010000000020758	8.64375876430401e-08
1.302000000002069	8.895921776996829e-08
1.303000000002062	9.140254497719269e-08
1.304000000002055	9.376909515523835e-08
1.3050000000020483	9.605630513220831e-08
1.3060000000020413	9.826493918563273e-08
1.3070000000020343	1.0039266917782896e-07
1.3080000000020275	1.0243863901582273e-07
1.3090000000020205	1.044038846487183e-07
1.3100000000020136	1.0628708069226889e-07
1.3110000000020068	1.0809017914059638e-07
1.3120000000019996	1.0981317466463025e-07
1.3130000000019928	1.1145861422701131e-07
1.3140000000019856	1.1302751734554306e-07
1.3150000000019788	1.1452408432699457e-07
1.316000000001972	1.1594952908922096e-07
1.3170000000019648	1.1730740390181182e-07
1.318000000001958	1.1860034310195999e-07
1.319000000001951	1.198300658700191e-07
1.320000000001944	1.2099707613622002e-07
1.3210000000019373	1.2210155941883016e-07
1.3220000000019303	1.2314206987440457e-07
1.3230000000019233	1.2411390637456776e-07
1.3240000000019165	1.250169683331137e-07
1.3250000000019095	1.2584325881359604e-07
1.3260000000019025	1.265886684365114e-07
1.3270000000018956	1.2724617914905423e-07
1.3280000000018886	1.2780944846912945e-07
1.3290000000018818	1.2827389095360076e-07
1.3300000000018748	1.2862915366174121e-07
1.3310000000018678	1.2887396205751855e-07
1.332000000001861	1.2899802326327148e-07
1.3330000000018538	1.2899819923362088e-07
1.334000000001847	1.2887317324405956e-07
1.33500000000184	1.28611921890176e-07
1.336000000001833	1.2822128070411054e-07
1.3370000000018263	1.2769619539554355e-07
1.3380000000018193	1.2703817697801156e-07
1.3390000000018123	1.2625227485685286e-07
1.3400000000018053	1.2534075510828302e-07
1.3410000000017983	1.2430544493735596e-07
1.3420000000017915	1.231520615485593e-07
1.3430000000017845	1.2188090281473052e-07
1.3440000000017776	1.204960058398541e-07
1.3450000000017708	1.1899876461995973e-07
1.3460000000017638	1.1738785576920208e-07
1.3470000000017568	1.1566408575358622e-07
1.34800000000175	1.1382467834941679e-07
1.3490000000017428	1.1186938864149454e-07
1.350000000001736	1.0979533549004827e-07
1.3510000000017293	1.0760215107818993e-07
1.352000000001722	1.0528304372758868e-07
1.3530000000017153	1.028409482017878e-07
1.354000000001708	1.002672941341487e-07
1.3550000000017013	9.756955243744869e-08
1.3560000000016943	9.4739383560416e-08
1.3570000000016873	9.178296678236109e-08
1.3580000000016805	8.870329293308998e-08
1.3590000000016735	8.550185548461542e-08
1.3600000000016665	8.219182057178642e-08
1.3610000000016598	7.87732468143787e-08
1.3620000000016528	7.526398315693683e-08
1.3630000000016458	7.166971172090086e-08
1.364000000001639	6.800501861636832e-08
1.3650000000016318	6.428199850194716e-08
1.366000000001625	6.051288081732054e-08
1.367000000001618	5.6711250140395464e-08
1.368000000001611	5.2890593238430483e-08
1.3690000000016043	4.906247297320476e-08
1.370000000001597	4.523864693961599e-08
1.3710000000015903	4.14279397453754e-08
1.3720000000015833	3.763905209730467e-08
1.3730000000015763	3.387769498264248e-08
1.3740000000015695	3.0150193230937816e-08
1.3750000000015625	2.6461553948031735e-08
1.3760000000015555	2.2813963496126632e-08
1.3770000000015488	1.9213584945276807e-08
1.3780000000015418	1.565940666026222e-08
1.3790000000015348	1.2156085027470453e-08
1.3800000000015278	8.70277938602726e-09
1.3810000000015208	5.300472727398642e-09
1.382000000001514	1.9496171344002278e-09
1.383000000001507	-1.3502323703562524e-09
1.3840000000015	-4.598183167559e-09
1.3850000000014933	-7.795071921279373e-09
1.386000000001486	-1.094064883133683e-08
1.3870000000014793	-1.4032726980417465e-08
1.3880000000014725	-1.7073987557125747e-08
1.3890000000014653	-2.0061618588584906e-08
1.3900000000014585	-2.2996254234186608e-08
1.3910000000014515	-2.587971303924519e-08
1.3920000000014445	-2.871016735461751e-08
1.3930000000014378	-3.1492146002065624e-08
1.3940000000014305	-3.422553551679641e-08
1.3950000000014238	-3.6915253742719756e-08
1.3960000000014168	-3.9560544617955884e-08
1.3970000000014098	-4.216433557857613e-08
1.398000000001403	-4.472646253361745e-08
1.399000000001396	-4.724610191964018e-08
1.400000000001389	-4.9721546879766265e-08
1.4010000000013823	-5.215037379713294e-08
1.4020000000013753	-5.4527889314925915e-08
1.4030000000013683	-5.685267545629813e-08
1.4040000000013615	-5.912138556496416e-08
1.4050000000013543	-6.132992247387392e-08
1.4060000000013475	-6.347584902144376e-08
1.4070000000013405	-6.555342468850256e-08
1.4080000000013335	-6.75614812983838e-08
1.4090000000013267	-6.949199193861944e-08
1.4100000000013195	-7.134500412675493e-08
1.4110000000013128	-7.31121467811846e-08
1.4120000000013058	-7.479160379908478e-08
1.4130000000012988	-7.638229315709566e-08
1.414000000001292	-7.787802647207798e-08
1.415000000001285	-7.927992617950963e-08
1.416000000001278	-8.058602252170033e-08
1.4170000000012712	-8.179614185976902e-08
1.4180000000012642	-8.291203013044424e-08
1.4190000000012573	-8.393057893130162e-08
1.4200000000012505	-8.485499658483775e-08
1.4210000000012433	-8.568492004812356e-08
1.4220000000012365	-8.641100501804999e-08
1.4230000000012293	-8.704440745965769e-08
1.4240000000012225	-8.75758059404319e-08
1.4250000000012157	-8.800540962639047e-08
1.4260000000012085	-8.83356849890049e-08
1.4270000000012018	-8.856323496786445e-08
1.4280000000011948	-8.86874551575545e-08
1.4290000000011878	-8.871190293469056e-08
1.430000000001181	-8.863769784817066e-08
1.431000000001174	-8.84673505563427e-08
1.432000000001167	-8.820124253183792e-08
1.4330000000011602	-8.783949878576891e-08
1.4340000000011532	-8.738048462575421e-08
1.4350000000011462	-8.682237129242765e-08
1.4360000000011393	-8.616351299117753e-08
1.4370000000011323	-8.539981255495377e-08
1.4380000000011255	-8.452911570699939e-08
1.4390000000011185	-8.355120928449367e-08
1.4400000000011115	-8.246123628374846e-08
1.4410000000011047	-8.125927486446471e-08
1.4420000000010975	-7.993858597288295e-08
1.4430000000010907	-7.849925132141777e-08
1.4440000000010837	-7.693310477563386e-08
1.4450000000010768	-7.524194556296493e-08
1.44600000000107	-7.342098062856905e-08
1.447000000001063	-7.147077107916289e-08
1.448000000001056	-6.939004815187388e-08
1.449000000001049	-6.718600764621385e-08
1.450000000001042	-6.485429104863272e-08
1.4510000000010352	-6.240901462284398e-08
1.4520000000010282	-5.984211659537664e-08
1.4530000000010213	-5.7171009482104296e-08
1.4540000000010145	-5.4393210824343896e-08
1.4550000000010075	-5.1518283417095745e-08
1.4560000000010005	-4.854901081152718e-08
1.4570000000009937	-4.549041654478003e-08
1.4580000000009865	-4.234854622531259e-08
1.4590000000009797	-3.912531720828838e-08
1.460000000000973	-3.5825572508585424e-08
1.4610000000009657	-3.245335156165652e-08
1.462000000000959	-2.9012379387793885e-08
1.4630000000009518	-2.5506062595326284e-08
1.464000000000945	-2.1940835370770628e-08
1.465000000000938	-1.8318706995756884e-08
1.466000000000931	-1.4647729695838052e-08
1.4670000000009242	-1.0928867810733323e-08
1.4680000000009172	-7.169669080653307e-09
1.4690000000009102	-3.3716844871634066e-09
1.4700000000009035	4.592632940614294e-10
1.4710000000008965	4.322707747306254e-09
1.4720000000008895	8.214041335996569e-09
1.4730000000008827	1.2132468363290627e-08
1.4740000000008757	1.607547461812686e-08
1.4750000000008687	2.0041356796340892e-08
1.476000000000862	2.4027501099865844e-08
1.4770000000008547	2.8034163990220407e-08
1.478000000000848	3.2057323351430966e-08
1.4790000000008408	3.609680321314812e-08
1.480000000000834	4.0150185398601934e-08
1.4810000000008272	4.4213918526381235e-08
1.48200000000082	4.8285509479661926e-08
1.4830000000008132	5.2360875746337854e-08
1.4840000000008062	5.6435387807418635e-08
1.4850000000007992	6.050418832614923e-08
1.4860000000007925	6.456200063453821e-08
1.4870000000007855	6.86031187413505e-08
1.4880000000007785	7.26223713387597e-08
1.4890000000007717	7.66142431718464e-08
1.4900000000007645	8.057082723222919e-08
1.4910000000007577	8.449213451111603e-08
1.4920000000007507	8.83649267091613e-08
1.4930000000007437	9.219319596631692e-08
1.494000000000737	9.596685945911787e-08
1.49500000000073	9.968379588443099e-08
1.496000000000723	1.0333720323885132e-07
1.497000000000716	1.069274085940819e-07
1.498000000000709	1.1044626313516659e-07
1.4990000000007022	1.1389293219643548e-07
1.5000000000006952	1.1726344117946041e-07
1.5010000000006882	1.2055771647645486e-07
1.5020000000006815	1.2377257652129714e-07
1.5030000000006745	1.2691037354350954e-07
1.5040000000006675	1.2996767273509846e-07
1.5050000000006605	1.3294723111290097e-07
1.5060000000006535	1.3584852154302496e-07
1.5070000000006467	1.3867394721422954e-07
1.5080000000006397	1.4142504300984626e-07
1.5090000000006327	1.4410218551752507e-07
1.5100000000006257	1.4670770365210473e-07
1.5110000000006187	1.4924229829738067e-07
1.512000000000612	1.517084032842675e-07
1.513000000000605	1.5410519149661184e-07
1.514000000000598	1.564345203375339e-07
1.5150000000005912	1.5869450376015948e-07
1.5160000000005842	1.608849006240476e-07
1.5170000000005772	1.6300526906043444e-07
1.5180000000005702	1.650475599523915e-07
1.5190000000005632	1.6701352500980704e-07
1.5200000000005565	1.6889607667991413e-07
1.5210000000005495	1.7068634572403596e-07
1.5220000000005425	1.723872078418509e-07
1.5230000000005357	1.7398261675793947e-07
1.5240000000005285	1.7547618424984535e-07
1.5250000000005217	1.7685481046303408e-07
1.5260000000005147	1.7812642827408354e-07
1.5270000000005077	1.7927728412914234e-07
1.528000000000501	1.8031751047864475e-07
1.529000000000494	1.8123944434123018e-07
1.530000000000487	1.8204801466303877e-07
1.53100000000048	1.827451726610363e-07
1.532000000000473	1.8333084050858872e-07
1.5330000000004662	1.8381044986082173e-07
1.5340000000004592	1.8418589531332685e-07
1.5350000000004522	1.8446004379502057e-07
1.5360000000004455	1.8463204320973148e-07
1.5370000000004385	1.8470762519484651e-07
1.5380000000004315	1.846857808907032e-07
1.5390000000004245	1.8456728700932956e-07
1.5400000000004175	1.8435808846195556e-07
1.5410000000004107	1.840552912302229e-07
1.5420000000004037	1.8366513643286453e-07
1.5430000000003967	1.8318974381870134e-07
1.5440000000003897	1.8263020573616728e-07
1.5450000000003827	1.819942299086108e-07
1.546000000000376	1.8127896883601835e-07
1.547000000000369	1.8049633143668586e-07
1.548000000000362	1.7963963983014253e-07
1.549000000000355	1.7871813839942519e-07
1.5500000000003482	1.777330654872955e-07
1.5510000000003412	1.7668229146394765e-07
1.5520000000003342	1.755719926110899e-07
1.5530000000003272	1.7440151645065072e-07
1.5540000000003205	1.7317199296762453e-07
1.5550000000003135	1.71885462529886e-07
1.5560000000003065	1.7054076617561975e-07
1.5570000000002997	1.691376803059086e-07
1.5580000000002925	1.6767728283628713e-07
1.5590000000002857	1.6615789788509971e-07
1.5600000000002787	1.6458221363535586e-07
1.5610000000002717	1.6295201554772376e-07
1.5620000000002647	1.6127128565912585e-07
1.5630000000002577	1.5954834642339932e-07
1.564000000000251	1.5778888695638926e-07
1.565000000000244	1.5600309566377035e-07
1.566000000000237	1.54201058810699e-07
1.5670000000002302	1.523923152113582e-07
1.5680000000002232	1.5058618352270514e-07
1.5690000000002162	1.4878953624730684e-07
1.5700000000002092	1.4700715977866707e-07
1.5710000000002025	1.45241550564279e-07
1.5720000000001955	1.4349263777191368e-07
1.5730000000001885	1.4175725993048616e-07
1.5740000000001815	1.4003125170525266e-07
1.5750000000001747	1.3830771328215974e-07
1.5760000000001675	1.3657940600708685e-07
1.5770000000001607	1.3483875149766789e-07
1.5780000000001537	1.330781498332101e-07
1.5790000000001467	1.3129218501273243e-07
1.58000000000014	1.29476068755352e-07
1.581000000000133	1.276279522066659e-07
1.582000000000126	1.2574726915293155e-07
1.583000000000119	1.2383468561694144e-07
1.584000000000112	1.218950993475687e-07
1.5850000000001052	1.1993223858475233e-07
1.5860000000000982	1.179534874218291e-07
1.5870000000000912	1.1596475002484397e-07
1.5880000000000845	1.1397428989479153e-07
1.5890000000000775	1.1198842364557038e-07
1.5900000000000705	1.1001345812111651e-07
1.5910000000000635	1.080538869491221e-07
1.5920000000000565	1.0611310730102019e-07
1.5930000000000497	1.0419160456631715e-07
1.5940000000000427	1.0228914204546413e-07
1.5950000000000357	1.0040205622452447e-07
1.5960000000000287	9.852510574059892e-08
1.5970000000000217	9.665129641067693e-08
1.598000000000015	9.477314877326393e-08
1.599000000000008	9.288133340223936e-08
1.600000000000001	9.09689635841815e-08
1.6009999999999942	8.902811643451969e-08
1.6019999999999872	8.705410947662529e-08
1.6029999999999802	8.504306214796031e-08
1.6039999999999732	8.29935963286843e-08
1.6049999999999662	8.090298531104878e-08
1.6059999999999595	7.877459284877375e-08
1.6069999999999525	7.661115852819478e-08
1.6079999999999455	7.441524763063256e-08
1.6089999999999387	7.21942314818591e-08
1.6099999999999315	6.995409940202535e-08
1.6109999999999247	6.770243221598804e-08
1.6119999999999177	6.544752739756632e-08
1.6129999999999107	6.319942391641575e-08
1.6139999999999037	6.096640592367919e-08
1.614999999999897	5.8758134580116916e-08
1.61599999999989	5.658538448916062e-08
1.616999999999883	5.4453766606954446e-08
1.617999999999876	5.237399991475655e-08
1.6189999999998692	5.0348362479191167e-08
1.6199999999998622	4.838351885805281e-08
1.6209999999998552	4.647792295475739e-08
1.6219999999998485	4.463216207728493e-08
1.6229999999998415	4.284152677058728e-08
1.6239999999998345	4.110151929914707e-08
1.6249999999998275	3.940548209957484e-08
1.6259999999998205	3.774468371187112e-08
1.6269999999998137	3.610946031074036e-08
1.6279999999998067	3.4488371158936104e-08
1.6289999999997997	3.2872413457951666e-08
1.6299999999997927	3.125156378125382e-08
1.6309999999997857	2.961866574224814e-08
1.631999999999779	2.7968165561276237e-08
1.632999999999772	2.6296297472860886e-08
1.633999999999765	2.4601877646190928e-08
1.634999999999758	2.288468947675426e-08
1.6359999999997512	2.1147216866523877e-08
1.6369999999997442	1.9391092953569e-08
1.6379999999997372	1.7620127690243237e-08
1.6389999999997302	1.583838793450809e-08
1.6399999999997235	1.4049574947883059e-08
1.6409999999997165	1.2258683956822836e-08
1.6419999999997095	1.0469403122215226e-08
1.6429999999997025	8.686521502099254e-09
1.6439999999996955	6.913902006466799e-09
1.6449999999996887	5.155560645064838e-09
1.6459999999996817	3.416487093232945e-09
1.6469999999996747	1.7006367425409508e-09
1.6479999999996677	1.3229417561433365e-11
1.6489999999996607	-1.6403876035298026e-09
1.649999999999654	-3.255923308742581e-09
1.650999999999647	-4.828949684565487e-09
1.65199999999964	-6.356566828458199e-09
1.6529999999996332	-7.839074722681971e-09
1.6539999999996262	-9.274135237546943e-09
1.6549999999996192	-1.0668438576999506e-08
1.6559999999996122	-1.2025417772676406e-08
1.6569999999996052	-1.3350079042240282e-08
1.6579999999995985	-1.4649712110070823e-08
1.6589999999995915	-1.5928496077677323e-08
1.6599999999995845	-1.719122555421393e-08
1.6609999999995777	-1.8439841209527685e-08
1.6619999999995705	-1.9675823192955022e-08
1.6629999999995637	-2.089833928131668e-08
1.6639999999995567	-2.21060703076148e-08
1.6649999999995497	-2.3297416440470897e-08
1.665999999999543	-2.4469929638115673e-08
1.666999999999536	-2.5623113852901724e-08
1.667999999999529	-2.6757097648655304e-08
1.668999999999522	-2.7872927077510212e-08
1.669999999999515	-2.8972846566333033e-08
1.6709999999995082	-3.0060250955088463e-08
1.6719999999995012	-3.113749480476713e-08
1.6729999999994942	-3.2207545297424645e-08
1.6739999999994875	-3.327116027129762e-08
1.6749999999994805	-3.4328886400203373e-08
1.6759999999994735	-3.537968118472179e-08
1.6769999999994665	-3.642184775998203e-08
1.6779999999994595	-3.7453199874804e-08
1.6789999999994527	-3.8472067309669455e-08
1.6799999999994457	-3.9476752977662954e-08
1.6809999999994387	-4.0466001660632855e-08
1.6819999999994317	-4.14389269565163e-08
1.6829999999994247	-4.2394570964887635e-08
1.683999999999418	-4.333250513965936e-08
1.684999999999411	-4.425057142931621e-08
1.685999999999404	-4.5145637450616505e-08
1.6869999999993972	-4.6015054433468094e-08
1.6879999999993902	-4.6854981894384196e-08
1.6889999999993832	-4.766153405277862e-08
1.6899999999993762	-4.8430620180894834e-08
1.6909999999993692	-4.91588345585825e-08
1.6919999999993625	-4.9842993066206986e-08
1.6929999999993555	-5.048196283219397e-08
1.6939999999993485	-5.1074944940054934e-08
1.6949999999993415	-5.162252625368069e-08
1.6959999999993345	-5.212533449316936e-08
1.6969999999993277	-5.258906798921714e-08
1.6979999999993207	-5.301349736974714e-08
1.6989999999993137	-5.340471020964799e-08
1.6999999999993067	-5.3766886720651996e-08
1.7009999999993	-5.410493009172512e-08
1.701999999999293	-5.442679196221434e-08
1.702999999999286	-5.473791886423385e-08
1.703999999999279	-5.504542821554992e-08
1.7049999999992722	-5.535377889387405e-08
1.7059999999992652	-5.566734539996787e-08
1.7069999999992582	-5.5987355640496617e-08
1.7079999999992515	-5.631253108262513e-08
1.7089999999992442	-5.664025937157646e-08
1.7099999999992375	-5.6962051298015126e-08
1.7109999999992305	-5.727101082264596e-08
1.7119999999992235	-5.7553743326721474e-08
1.7129999999992167	-5.779913414549753e-08
1.7139999999992095	-5.799499591674362e-08
1.7149999999992027	-5.812669034988005e-08
1.7159999999991957	-5.8186847340380154e-08
1.7169999999991887	-5.816724923946026e-08
1.717999999999182	-5.806336411673385e-08
1.718999999999175	-5.787076751140319e-08
1.719999999999168	-5.759193810739305e-08
1.720999999999161	-5.723012264091665e-08
1.721999999999154	-5.678535464070933e-08
1.7229999999991472	-5.6266213910305396e-08
1.7239999999991402	-5.567311345267001e-08
1.7249999999991332	-5.501290134546366e-08
1.7259999999991265	-5.4288985751327345e-08
1.7269999999991195	-5.350550669191989e-08
1.7279999999991125	-5.266477853815843e-08
1.7289999999991055	-5.177114159593543e-08
1.7299999999990985	-5.082357956709416e-08
1.7309999999990917	-4.98277052951579e-08
1.7319999999990847	-4.878071369063264e-08
1.7329999999990777	-4.769042116770095e-08
1.7339999999990707	-4.655374863382633e-08
1.7349999999990655	-4.537214781663579e-08
1.7359999999990614	-4.414438214972449e-08
1.7369999999990573	-4.286502286454663e-08
1.7379999999990532	-4.1533372518998135e-08
1.7389999999990489	-4.014247201311605e-08
1.7399999999990448	-3.8693705128878264e-08
1.7409999999990406	-3.718065166857798e-08
1.7419999999990363	-3.561086936443303e-08
1.7429999999990322	-3.398256387399101e-08
1.743999999999028	-3.230555156719106e-08
1.744999999999024	-3.058180042536662e-08
1.74599999999902	-2.8823769815389255e-08
1.7469999999990156	-2.704041013323888e-08
1.7479999999990115	-2.5243256818185955e-08
1.7489999999990071	-2.3442142449425774e-08
1.749999999999003	-2.1647864389962024e-08
1.7509999999990045	-1.9865700195964564e-08
1.751999999999006	-1.8101397714076484e-08
1.7529999999990071	-1.6358090881851695e-08
1.7539999999990086	-1.4634969014437615e-08
1.75499999999901	-1.2932264148446393e-08
1.7559999999990115	-1.1246630959860227e-08
1.756999999999013	-9.576581749826119e-09
1.7579999999990141	-7.91860443882797e-09
1.7589999999990156	-6.270455932266827e-09
1.759999999999017	-4.630356986723427e-09
1.7609999999990182	-2.9965359082950727e-09
1.7619999999990197	-1.3676126897621543e-09
1.7629999999990211	2.5583068996581915e-10
1.7639999999990226	1.8727472905766263e-09
1.7649999999990238	3.4802278836565392e-09
1.7659999999990263	5.0749715541087426e-09
1.7669999999990305	6.65358990126208e-09
1.7679999999990346	8.213495217290756e-09
1.7689999999990387	9.75369429667694e-09
1.769999999999043	1.1273108446729907e-08
1.7709999999990471	1.2773377244812423e-08
1.7719999999990512	1.4252177771290064e-08
1.7729999999990556	1.5709076039982506e-08
1.7739999999990597	1.7139008434696734e-08
1.7749999999990638	1.8539460855393486e-08
1.7759999999990679	1.9905911807782672e-08
1.776999999999072	2.1234694669303167e-08
1.7779999999990763	2.2523477971603256e-08
1.7789999999990804	2.3769915591387303e-08
1.7799999999990845	2.4971070100576753e-08
1.7809999999990886	2.6129396202279054e-08
1.781999999999093	2.724357317518411e-08
1.782999999999097	2.8317202138694597e-08
1.7839999999991012	2.9353036334889282e-08
1.7849999999991053	3.035466256129382e-08
1.7859999999991096	3.132689752050055e-08
1.7869999999991137	3.227165823460609e-08
1.7879999999991179	3.319547692282043e-08
1.788999999999122	3.409746951454906e-08
1.789999999999126	3.4975554230598505e-08
1.7909999999991304	3.582273744306974e-08
1.7919999999991345	3.663365399919627e-08
1.7929999999991386	3.739514442546721e-08
1.7939999999991427	3.810245996493933e-08
1.794999999999147	3.87459284656444e-08
1.7959999999991512	3.9316667255206994e-08
1.7969999999991553	3.981028251498486e-08
1.7979999999991594	4.0218699592919904e-08
1.7989999999991637	4.0539678058948425e-08
1.7999999999991678	4.0760298802844375e-08
1.800999999999172	4.088793892353948e-08
1.801999999999176	4.090835248327096e-08
1.8029999999991801	4.082516125158975e-08
1.8039999999991845	4.063548098010017e-08
1.8049999999991886	4.0338689499819225e-08
1.8059999999991927	3.9939994200821616e-08
1.8069999999991968	3.9443822985596455e-08
1.8079999999992011	3.885613197862625e-08
1.8089999999992052	3.818626792551072e-08
1.8099999999992094	3.7437958733121945e-08
1.8109999999992135	3.661578418245881e-08
1.8119999999992178	3.5728553005043295e-08
1.812999999999222	3.477683185870717e-08
1.813999999999226	3.3770132468191605e-08
1.8149999999992301	3.271185999853543e-08
1.8159999999992344	3.161300010656731e-08
1.8169999999992386	3.048158236929055e-08
1.8179999999992427	2.9322998695846536e-08
1.8189999999992468	2.8141970975781305e-08
1.819999999999251	2.6938067332338278e-08
1.8209999999992552	2.5714800511167368e-08
1.8219999999992593	2.446911206988034e-08
1.8229999999992634	2.3203647447900266e-08
1.8239999999992675	2.1918506898366275e-08
1.8249999999992719	2.061718473722607e-08
1.825999999999276	1.930385495896303e-08
1.82699999999928	1.798160287336259e-08
1.8279999999992842	1.6654612022826143e-08
1.8289999999992885	1.5325983149239164e-08
1.8299999999992926	1.3998642800494565e-08
1.8309999999992967	1.267420701722699e-08
1.8319999999993009	1.1353029627514388e-08
1.8329999999993052	1.0033808894860385e-08
1.8339999999993093	8.712354393480837e-09
1.8349999999993134	7.382236155706323e-09
1.8359999999993175	6.033639143865344e-09
1.8369999999993218	4.660221430974332e-09
1.837999999999326	3.254591818269148e-09
1.83899999999933	1.815059103016381e-09
1.8399999999993342	3.4249891811555244e-10
1.8409999999993385	-1.158377838095248e-09
1.8419999999993426	-2.679299004881841e-09
1.8429999999993467	-4.2105849917817295e-09
1.8439999999993508	-5.743573394667578e-09
1.844999999999355	-7.269899793271861e-09
1.8459999999993593	-8.784408755957429e-09
1.8469999999993634	-1.0283214946227304e-08
1.8479999999993675	-1.1767521401750969e-08
1.8489999999993716	-1.3240360585697886e-08
1.849999999999376	-1.4709049533934149e-08
1.85099999999938	-1.618158140814785e-08
1.8519999999993841	-1.7669018692600957e-08
1.8529999999993882	-1.917891978564512e-08
1.8539999999993926	-2.071805771386437e-08
1.8549999999993967	-2.228484907718098e-08
1.8559999999994008	-2.387521624847011e-08
1.856999999999405	-2.5479027776498242e-08
1.857999999999409	-2.7085222509271034e-08
1.8589999999994133	-2.8675451124726692e-08
1.8599999999994175	-3.023389760770101e-08
1.8609999999994216	-3.1744416428836075e-08
1.861999999999426	-3.319130836842987e-08
1.86299999999943	-3.456724750883211e-08
1.863999999999434	-3.585612740053534e-08
1.8649999999994382	-3.705500040140919e-08
1.8659999999994423	-3.816346039187124e-08
1.8669999999994467	-3.91874135363679e-08
1.8679999999994508	-4.0139226609170464e-08
1.8689999999994549	-4.10328202526955e-08
1.869999999999459	-4.188491464773847e-08
1.870999999999463	-4.271452258564068e-08
1.8719999999994674	-4.353551297242575e-08
1.8729999999994715	-4.43656142934401e-08
1.8739999999994756	-4.521347296559952e-08
1.87499999999948	-4.608336023892434e-08
1.875999999999484	-4.697563116273784e-08
1.8769999999994882	-4.7882809273147586e-08
1.8779999999994923	-4.879659010192938e-08
1.8789999999994964	-4.970527189840368e-08
1.8799999999995007	-5.059302710108682e-08
1.8809999999995048	-5.1439656756357977e-08
1.881999999999509	-5.222982268904275e-08
1.882999999999513	-5.294254901144768e-08
1.8839999999995174	-5.35640318766184e-08
1.8849999999995215	-5.408189607258862e-08
1.8859999999995256	-5.4490379541860534e-08
1.8869999999995297	-5.478286313476133e-08
1.887999999999534	-5.496511135127946e-08
1.8889999999995382	-5.503564270981087e-08
1.8899999999995423	-5.499814581533258e-08
1.8909999999995464	-5.4847755004416854e-08
1.8919999999995505	-5.458777541100801e-08
1.8929999999995548	-5.422309490299426e-08
1.893999999999559	-5.376153344727186e-08
1.894999999999563	-5.3214760598052635e-08
1.8959999999995671	-5.25955448082982e-08
1.8969999999995715	-5.192085317240469e-08
1.8979999999995756	-5.120360180299599e-08
1.8989999999995797	-5.0454277644718104e-08
1.8999999999995838	-4.9676485813776594e-08
1.9009999999995881	-4.887263416186727e-08
1.9019999999995922	-4.804431386062902e-08
1.9029999999995963	-4.71907113386294e-08
1.9039999999996005	-4.631581984604338e-08
1.9049999999996048	-4.542539677743207e-08
1.905999999999609	-4.452646451547082e-08
1.906999999999613	-4.3627417900538035e-08
1.9079999999996171	-4.273606091231841e-08
1.9089999999996214	-4.185714330695589e-08
1.9099999999996256	-4.098972894439612e-08
1.9109999999996297	-4.012929921692887e-08
1.9119999999996338	-3.9269034246558476e-08
1.9129999999996379	-3.84030487410314e-08
1.9139999999996422	-3.752840660453671e-08
1.9149999999996463	-3.6644648648831435e-08
1.9159999999996504	-3.5752857785453784e-08
1.9169999999996545	-3.485251331980521e-08
1.9179999999996589	-3.3943277077952416e-08
1.918999999999663	-3.302566953244934e-08
1.919999999999667	-3.210221199978491e-08
1.9209999999996712	-3.117637392691108e-08
1.9219999999996755	-3.024447914334871e-08
1.9229999999996796	-2.9299031423235533e-08
1.9239999999996837	-2.8324139256241665e-08
1.9249999999996878	-2.730290349362008e-08
1.9259999999996922	-2.621848782524694e-08
1.9269999999996963	-2.5059872177379816e-08
1.9279999999997004	-2.381334307521854e-08
1.9289999999997045	-2.248411856697885e-08
1.9299999999997088	-2.1069496369818808e-08
1.930999999999713	-1.9573901166580754e-08
1.931999999999717	-1.7997869417030188e-08
1.9329999999997212	-1.6349053222342036e-08
1.9339999999997253	-1.4640598733350885e-08
1.9349999999997296	-1.2892089840121912e-08
1.9359999999997337	-1.112426661897814e-08
1.9369999999997378	-9.354319763232866e-09
1.937999999999742	-7.596190565450911e-09
1.9389999999997463	-5.855359752615641e-09
1.9399999999997504	-4.143220433405759e-09
1.9409999999997545	-2.4657431652030937e-09
1.9419999999997586	-8.36797298120473e-10
1.942999999999763	7.367286780635141e-10
1.943999999999767	2.243426222570122e-09
1.9449999999997711	3.6878432529974248e-09
1.9459999999997752	5.070792341577146e-09
1.9469999999997794	6.4063000460024e-09
1.9479999999997837	7.70619368317682e-09
1.9489999999997878	8.972110276950218e-09
1.949999999999792	1.0208011991252874e-08
1.950999999999796	1.1415568268446918e-08
1.9519999999998003	1.2593316611742011e-08
1.9529999999998044	1.3734196890879957e-08
1.9539999999998086	1.4831654571167974e-08
1.9549999999998127	1.588012477071743e-08
1.955999999999817	1.688361805918248e-08
1.956999999999821	1.7855339207173415e-08
1.9579999999998252	1.881304800832595e-08
1.9589999999998293	1.977030750222042e-08
1.9599999999998337	2.0729211014369753e-08
1.9609999999998378	2.168772328392521e-08
1.9619999999998419	2.265344711815942e-08
1.962999999999846	2.3653234482168273e-08
1.9639999999998503	2.4711190427240126e-08
1.9649999999998544	2.583531344413359e-08
1.9659999999998585	2.7023848492291336e-08
1.9669999999998626	2.826141110023883e-08
1.9679999999998667	2.9533049228369634e-08
1.968999999999871	3.082258381859049e-08
1.9699999999998752	3.2119182091783216e-08
1.9709999999998793	3.341875454143661e-08
1.9719999999998834	3.4731135412080505e-08
1.9729999999998877	3.606417786627958e-08
1.9739999999998918	3.743062093608529e-08
1.974999999999896	3.8834874538373754e-08
1.9759999999999	4.0269402590276115e-08
1.9769999999999044	4.171600220814753e-08
1.9779999999999085	4.313823021018237e-08
1.9789999999999126	4.449450030641344e-08
1.9799999999999167	4.577283729823023e-08
1.980999999999921	4.69900113264643e-08
1.9819999999999252	4.816648324634798e-08
1.9829999999999293	4.931755293036133e-08
1.9839999999999334	5.0448024868643415e-08
1.9849999999999375	5.1532759282046925e-08
1.9859999999999418	5.2546591300384193e-08
1.986999999999946	5.3488726337036496e-08
1.98799999999995	5.4348931133318956e-08
1.9889999999999541	5.515856260629448e-08
1.9899999999999585	5.5947045995985434e-08
1.9909999999999626	5.673908687331419e-08
1.9919999999999667	5.757413990004068e-08
1.9929999999999708	5.844417461098317e-08
1.9939999999999751	5.931839552886231e-08
1.9949999999999792	6.019859921657655e-08
1.9959999999999833	6.105691596758334e-08
1.9969999999999875	6.185080902998408e-08
1.9979999999999918	6.258768392441993e-08
1.998999999999996	6.31987947530277e-08
2.0	6.369326877031511e-08
2.0010279404845495	6.41722774918918e-08
2.0021217900815715	6.469763014216312e-08
2.0032857751923165	6.527486562379892e-08
2.004524391841744	6.590707857245803e-08
2.005842426366887	6.652073514246126e-08
2.007244970197923	6.7172434503604e-08
2.0087374418720856	6.78669137554877e-08
2.0103256076664273	6.852754785846571e-08
2.0120156028936726	6.892568671368338e-08
2.013813957200875	6.872891722409236e-08
2.0157276178435577	6.782871075916574e-08
2.0177639781367303	6.641381700145388e-08
2.019930905358886	6.503103300303792e-08
2.0222367711443985	6.390981477366608e-08
2.024690484011897	6.25943235021964e-08
2.027301523572695	6.037757194210513e-08
2.0300799770731848	5.6286741045852295e-08
2.033036578410754	5.101182853906039e-08
2.036182751117039	4.539191000851872e-08
2.039530649180409	4.028882716333726e-08
2.043093206833892	3.5126031971977056e-08
2.046884188175661	2.9291555181387707e-08
2.050918238233338	2.2224055928887765e-08
2.0552109433735133	1.493079482273174e-08
2.059778886913171	8.405162676972111e-09
2.0646397170403086	2.7264108748425997e-09
2.0698122132469665	-3.0099356340684835e-09
2.0753163565584574	-6.555115561468483e-09
2.081173414838828	-5.433484107086883e-09
2.0874060143976347	-1.8659911393825723e-09
2.094038234979271	3.162883732699129e-09
2.1010956980169606	1.088125034520715e-08
2.1086056699538682	2.179908487054405e-08
2.116597165034399	3.374107326870046e-08
2.125101056786564	4.3596062759831966e-08
2.1341501990307465	5.248847478878105e-08
2.143779554474847	5.335784458715409e-08
2.1540263207146424	4.390561558764716e-08
2.1649300857539027	3.141555371399818e-08
2.1765329774064615	1.3287844380371894e-08
2.1888798204423576	-1.095664314831879e-08
2.2020183144046843	-2.817668431909226e-08
2.2159992202680474	-3.821119598512723e-08
2.2308765524295735	-4.641037776309531e-08
2.246707783705272	-4.435493394794321e-08
2.263554079768369	-3.784124946726308e-08
2.2814805235907363	-2.8122370432370758e-08
2.3005563724108544	-1.7542401753445347e-08
2.320855322320133	-1.2778067715046859e-08
2.3424557929209753	-1.1842159253205864e-08
2.3654412374910825	-1.273403738011325e-08
2.389900455657507	-9.381827537069398e-09
2.41592795027163	-7.84929454766825e-09
2.44362426638729	3.684568206097083e-10
2.473096411506492	-4.201327952202405e-09
2.5044582437089975	-1.78719883336953e-08
2.537830924630887	-2.3995568421142366e-08
2.5733433911797423	-1.4034688522457373e-08
2.611132843166974	-5.3101640862252e-09
2.6513452603475027	5.156224225366657e-09
2.6941360153529494	2.3522639502893128e-08
2.739670418177515	5.312328477113937e-08
2.788124380079947	5.453912299557828e-08
2.839685109337027	3.5579793999929166e-08
2.894551789617174	1.0720795917684711e-08
2.9529364084026577	-1.9475387968981295e-08
3.0150645170164534	-3.773791656946912e-08
3.0811761422888653	-6.954651965429548e-09
3.1515266965252042	1.2314743558228258e-08
3.226387989377641	7.476600893951968e-09
3.30604919671757	-5.007369408005502e-09
3.39081811677136	6.831843979426822e-10
3.4810222154328754	-2.2207465200096976e-08
3.577010018652917	-3.172691198649602e-08
3.6791523315125145	-9.200345818527467e-09
3.7878438030764574	6.5146914529634614e-09
3.9035043177534527	6.980638511677739e-09
4.02658072998157	2.2695511692205628e-08
4.157548527011607	4.795693619996655e-08
4.296913682346355	2.799246834328528e-09
4.445214635465608	5.438554051551137e-10
4.603024347307951	-4.447073820301739e-10
4.770952424745148	2.8141120211877535e-08
4.9496476786701376	2.4202064019540614e-08
5.139800459354712	-2.6387873885980184e-08
5.342145448462832	3.929010750081119e-08
5.557464321076707	-3.368977652407068e-08
5.786588991858403	-1.866237830938644e-09
6.03040459644804	1.7773439831003657e-08
6.289853138906711	-8.555153474532062e-09
6.565936951835777	4.555238186654265e-09
6.859722633511745	-6.937565855125172e-09
7.172345245053396	-5.104609401840321e-09
7.505012494394354	2.8113070760227288e-09
7.859009576011049	-1.76714687327717e-09
8.23570422033976	-7.61996199472037e-09
8.636551628113326	3.834375039701854e-10
9.063100564489073	-8.89768103640165e-09
9.516998831091398	1.5026585531430214e-09
10.0	-2.1537658323467213e-09
