0.0	0.9515996017131823
0.0010000000000041087	0.9512374036966742
0.0020000000000082174	0.9503654768363221
0.003000000000012548	0.9488920941239
0.004000000000016657	0.9468836720240765
0.005000000000020766	0.9442443067287871
0.006000000000024874	0.9410491266508515
0.007000000000029205	0.9372266936860396
0.008000000000033314	0.932807895769117
0.009000000000037423	0.9277605299110657
0.010000000000041753	0.9220935789050163
0.011000000000045862	0.9157698083119017
0.01200000000004997	0.9088147872385477
0.01300000000005408	0.9011894169862953
0.01400000000005841	0.892902256385594
0.015000000000062519	0.8839490305643798
0.016000000000066406	0.8743124489492754
0.017000000000070736	0.8640058132953287
0.018000000000074845	0.8530175677906133
0.019000000000078954	0.84135366243919
0.020000000000083062	0.8290207625325406
0.021000000000087393	0.8160378200929277
0.022000000000091502	0.8023888665196959
0.02300000000009561	0.788135170779415
0.02400000000009972	0.773234824345159
0.02500000000010405	0.7577682525949293
0.02600000000010816	0.7417147272758982
0.027000000000112268	0.7251352382066549
0.0280000000001166	0.7080323272692713
0.029000000000120707	0.6904765411101403
0.030000000000124816	0.6724627701012345
0.031000000000128924	0.6540599405854453
0.032000000000133255	0.63529924229653
0.033000000000137364	0.6162252671426216
0.03400000000014147	0.5968825211727389
0.0350000000001458	0.5773253113920828
0.03600000000014991	0.5575899778288531
0.03700000000015402	0.5377379774818072
0.03800000000015813	0.5178094263757327
0.03900000000016246	0.49786049169007063
0.04000000000016657	0.47793611700306704
0.04100000000017068	0.4580889976004885
0.04200000000017501	0.43836447310864446
0.04300000000017912	0.41881233802735907
0.044000000000183226	0.39946948917453284
0.045000000000187335	0.3803991141969103
0.046000000000191665	0.3616176380915056
0.04700000000019555	0.3431885329537875
0.04800000000019966	0.3251268618871519
0.04900000000020399	0.3074881541514096
0.0500000000002081	0.2902902577258495
0.05100000000021221	0.2735641079091605
0.05200000000021632	0.25734034585592835
0.05300000000022065	0.24163103397312513
0.05400000000022476	0.22647061458929385
0.055000000000228866	0.21185835979350975
0.0560000000002332	0.19782334556633574
0.057000000000237305	0.18436707762942928
0.058000000000241414	0.17148071292644906
0.05900000000024552	0.15919298680034966
0.060000000000249853	0.14751963937322243
0.06100000000025396	0.13639407506006396
0.06200000000025807	0.1258742642871734
0.0630000000002624	0.11594068681215353
0.06400000000026651	0.10655948131195447
0.06500000000027062	0.09774871215166048
0.06600000000027473	0.08947381130985166
0.06700000000027906	0.08172476864920952
0.06800000000028317	0.07450191492123848
0.06900000000028728	0.06776053776434254
0.0700000000002916	0.061511268837918465
0.07100000000029572	0.05570344880332567
0.07200000000029982	0.050339601712572346
0.07300000000030393	0.04538956831933183
0.07400000000030826	0.04083319010454389
0.07500000000031237	0.03664786601021641
0.07600000000031648	0.03282070743988341
0.07700000000032081	0.0293243609226429
0.0780000000003247	0.02613092750783408
0.07900000000032881	0.023235575212896764
0.08000000000033292	0.020612477614368796
0.08100000000033725	0.018234681654600293
0.08200000000034136	0.01609971459893267
0.08300000000034546	0.014170080064207724
0.0840000000003498	0.012451761365083414
0.0850000000003539	0.010901752011668764
0.08600000000035801	0.009530516952618862
0.08700000000036212	0.008303449397842222
0.08800000000036645	0.007219718521686125
0.08900000000037056	0.006258175439770364
0.09000000000037467	0.0054122902801793105
0.091000000000379	0.00466662523613981
0.09200000000038311	0.004011599801068133
0.09300000000038722	0.003440853546120337
0.09400000000039133	0.002938659483201045
0.09500000000039566	0.0025068288341436595
0.09600000000039977	0.0021280634785623143
0.09700000000040387	0.0018026570022743327
0.0980000000004082	0.0015225384163899403
0.09900000000041231	0.0012811050789597322
0.10000000000041642	0.0010756706077443834
0.10100000000042053	0.0008984864610603882
0.10200000000042486	0.0007495549885495612
0.10300000000042897	0.0006221719313146412
0.10400000000043308	0.0005143123318250842
0.10500000000043741	0.00042501950052975523
0.10600000000044152	0.00034873986254768674
0.10700000000044563	0.00028621459366517943
0.10800000000044951	0.0002340915072878147
0.10900000000045384	0.00019015364174479465
0.11000000000045795	0.00015415813759567243
0.11100000000046206	0.00012454434922382074
0.1120000000004664	0.0001004903604037155
0.1130000000004705	8.065287578751246e-05
0.11400000000047461	6.482953988895535e-05
0.11500000000047872	5.1840961000859664e-05
0.11600000000048305	4.149954175536319e-05
0.11700000000048716	3.296828801591101e-05
0.11800000000049127	2.6348995242009288e-05
0.1190000000004956	2.104698317917375e-05
0.12000000000049971	1.6873120464389046e-05
0.12100000000050382	1.3561259437078199e-05
0.12200000000050792	1.1002183208819183e-05
0.12300000000051226	9.005852206089848e-06
0.12400000000051636	7.590625836662035e-06
0.12500000000052047	6.497861548160344e-06
0.1260000000005248	5.678919779872338e-06
0.1270000000005289	5.009403190148198e-06
0.12800000000053302	4.465276147946895e-06
0.12900000000053713	3.930034131904847e-06
0.13000000000054146	3.436597516670581e-06
0.13100000000054557	2.9484152056502566e-06
0.13200000000054968	2.5373734160449857e-06
0.133000000000554	2.041596731672257e-06
0.13400000000055812	1.5560240131939906e-06
0.13500000000056223	1.113532498098202e-06
0.13600000000056633	7.958518648543134e-07
0.13700000000057067	5.675219145739874e-07
0.13800000000057477	4.773455629658585e-07
0.13900000000057866	4.6102627293542753e-07
0.140000000000583	5.399363396385581e-07
0.1410000000005871	7.259152877692188e-07
0.1420000000005912	9.996312806404006e-07
0.14300000000059532	1.344553715143526e-06
0.14400000000059965	1.7220382302340909e-06
0.14500000000060376	2.093268219205413e-06
0.14600000000060787	2.4603245896148707e-06
0.1470000000006122	2.80239769334667e-06
0.1480000000006163	3.1248350380597145e-06
0.14900000000062041	3.401598590802024e-06
0.15000000000062452	3.6240142067267556e-06
0.15100000000062885	3.774604207862353e-06
0.15200000000063296	3.852728057918142e-06
0.15300000000063707	3.856372539967623e-06
0.1540000000006414	3.7671497306046575e-06
0.1550000000006455	3.58016961565788e-06
0.15600000000064962	3.289541190221179e-06
0.15700000000065373	2.907081808389833e-06
0.15800000000065806	2.469742838129285e-06
0.15900000000066217	1.996509594426321e-06
0.16000000000066628	1.5405342090879515e-06
0.16100000000067038	1.1468123233271399e-06
0.16200000000067472	8.503859317832152e-07
0.16300000000067882	6.62717150046177e-07
0.16400000000068293	5.740072417381725e-07
0.16500000000068726	5.753201188785084e-07
0.16600000000069137	6.474982643389637e-07
0.16700000000069548	7.775336817728018e-07
0.1680000000006996	9.342482839569399e-07
0.16900000000070392	1.0994454709978285e-06
0.1700000000007078	1.254420551544122e-06
0.17100000000071192	1.393907765545599e-06
0.17200000000071625	1.511606616988459e-06
0.17300000000072036	1.6022280159289082e-06
0.17400000000072446	1.6691539205249128e-06
0.17500000000072857	1.7150188849068826e-06
0.1760000000007329	1.7409094743570108e-06
0.177000000000737	1.743866908321401e-06
0.17800000000074112	1.7211212852696889e-06
0.17900000000074545	1.6694706487241362e-06
0.18000000000074956	1.5992579343038216e-06
0.18100000000075367	1.5187449464715286e-06
0.18200000000075778	1.447549261568426e-06
0.1830000000007621	1.3921781821801815e-06
0.18400000000076622	1.3664518104805623e-06
0.18500000000077033	1.3795955654538616e-06
0.18600000000077466	1.4379142980747162e-06
0.18700000000077877	1.5475177621571135e-06
0.18800000000078287	1.7095545963297099e-06
0.18900000000078698	1.9268943567407604e-06
0.1900000000007913	2.1923248171296095e-06
0.19100000000079542	2.501973016544312e-06
0.19200000000079953	2.8365489236348296e-06
0.19300000000080386	3.1778441063057272e-06
0.19400000000080797	3.5028037977946624e-06
0.19500000000081208	3.792020811577146e-06
0.1960000000008162	4.026302898640921e-06
0.19700000000082052	4.194643117294561e-06
0.19800000000082463	4.2861724951492874e-06
0.19900000000082874	4.30186877387051e-06
0.20000000000083307	4.243823035210426e-06
0.20100000000083695	4.124633860569382e-06
0.20200000000084106	3.956367378599168e-06
0.20300000000084517	3.7577087949047794e-06
0.2040000000008495	3.54296188220804e-06
0.2050000000008536	3.3281602559442902e-06
0.20600000000085772	3.1230165139506383e-06
0.20700000000086205	2.9351984220937766e-06
0.20800000000086616	2.7647506881667283e-06
0.20900000000087027	2.609375227113908e-06
0.21000000000087438	2.4634390096700542e-06
0.2110000000008787	2.3211095270259108e-06
0.21200000000088282	2.1774878009583887e-06
0.21300000000088692	2.0287114310679755e-06
0.21400000000089126	1.8718366634473682e-06
0.21500000000089536	1.703843260036919e-06
0.21600000000089947	1.5242319701957996e-06
0.21700000000090358	1.3319045532034224e-06
0.2180000000009079	1.125329944562381e-06
0.21900000000091202	9.053266712966135e-07
0.22000000000091613	6.70915337397382e-07
0.22100000000092046	4.215852791311647e-07
0.22200000000092457	1.580710835558108e-07
0.22300000000092868	-1.1573898617278644e-07
0.2240000000009328	-3.9554407704756045e-07
0.22500000000093712	-6.720435203888542e-07
0.22600000000094123	-9.354952636986269e-07
0.22700000000094533	-1.1736970693121407e-06
0.22800000000094967	-1.3735082564636514e-06
0.22900000000095377	-1.5231449828068122e-06
0.23000000000095788	-1.612405111428572e-06
0.23100000000096177	-1.6370936770648825e-06
0.2320000000009661	-1.597309317258322e-06
0.2330000000009702	-1.5010639644597035e-06
0.23400000000097432	-1.3593755980867428e-06
0.23500000000097865	-1.1885539266121015e-06
0.23600000000098276	-1.003137457100678e-06
0.23700000000098687	-8.144190464243195e-07
0.23800000000099097	-6.311840561323834e-07
0.2390000000009953	-4.5753433064454896e-07
0.24000000000099941	-2.9317274319318187e-07
0.24100000000100352	-1.362365551482725e-07
0.24200000000100785	1.9185622646133993e-08
0.24300000000101196	1.786844602280624e-07
0.24400000000101607	3.514631143897162e-07
0.24500000000102018	5.45604740054273e-07
0.2460000000010245	7.665949146584694e-07
0.24700000000102862	1.020312843991178e-06
0.24800000000103273	1.3061633983291188e-06
0.24900000000103706	1.6235181137247423e-06
0.25000000000104117	1.965980002793799e-06
0.2510000000010453	2.326877627689683e-06
0.2520000000010494	2.6930397363233993e-06
0.2530000000010537	3.0519388847238815e-06
0.2540000000010578	3.390043711970492e-06
0.25500000000106193	3.6953397987149472e-06
0.25600000000106626	3.961261931695326e-06
0.25700000000107037	4.181589878027303e-06
0.2580000000010745	4.353600314033201e-06
0.2590000000010786	4.481751273210932e-06
0.2600000000010829	4.569233216122903e-06
0.26100000000108703	4.623844853668402e-06
0.2620000000010909	4.653174966118279e-06
0.26300000000109525	4.664644433494125e-06
0.26400000000109936	4.663076718536274e-06
0.26500000000110346	4.652802719551374e-06
0.2660000000011076	4.636304946181724e-06
0.2670000000011119	4.616269650092875e-06
0.268000000001116	4.590660729553164e-06
0.2690000000011201	4.559614080856811e-06
0.27000000000112445	4.5172161341477945e-06
0.27100000000112856	4.4611436245123315e-06
0.27200000000113267	4.382598434937712e-06
0.2730000000011368	4.278937930535243e-06
0.2740000000011411	4.141438223470573e-06
0.2750000000011452	3.971499880850438e-06
0.2760000000011493	3.768748523480525e-06
0.27700000000115366	3.535139173949098e-06
0.27800000000115777	3.2769828779422028e-06
0.2790000000011619	3.0018167841427967e-06
0.280000000001166	2.7203745627257803e-06
0.2810000000011703	2.443719055778004e-06
0.2820000000011744	2.183633586172462e-06
0.28300000000117853	1.9493409265658457e-06
0.28400000000118286	1.748665432899088e-06
0.28500000000118697	1.5854773544043965e-06
0.2860000000011911	1.464887182889285e-06
0.2870000000011952	1.3849385077646659e-06
0.2880000000011995	1.3440370001394086e-06
0.2890000000012036	1.3367176581180473e-06
0.29000000000120774	1.3561453733323958e-06
0.29100000000121207	1.394991119618716e-06
0.2920000000012162	1.443339244344699e-06
0.29300000000122006	1.4917025930039074e-06
0.29400000000122417	1.5296171340661857e-06
0.2950000000012285	1.5478329874474284e-06
0.2960000000012326	1.5372487824905079e-06
0.2970000000012367	1.4905360609107632e-06
0.29800000000124083	1.4031120914026474e-06
0.29900000000124516	1.2698297733315655e-06
0.30000000000124927	1.0879097114280256e-06
0.3010000000012534	8.561468906043146e-07
0.3020000000012577	5.73974884732209e-07
0.3030000000012618	2.4383441021846863e-07
0.3040000000012659	-1.2813936156597094e-07
0.30500000000127003	-5.344089533121377e-07
0.30600000000127436	-9.654701607075822e-07
0.3070000000012785	-1.4111356685386767e-06
0.3080000000012826	-1.8603244285042564e-06
0.3090000000012869	-2.299871490807348e-06
0.310000000001291	-2.717465761081783e-06
0.31100000000129513	-3.0988872072867935e-06
0.31200000000129924	-3.4292222736986844e-06
0.31300000000130357	-3.697257040080615e-06
0.3140000000013077	-3.893263789134238e-06
0.3150000000013118	-4.013838816652182e-06
0.3160000000013161	-4.05090356636606e-06
0.3170000000013202	-4.002939230751679e-06
0.31800000000132433	-3.875398420394305e-06
0.31900000000132844	-3.657555137870361e-06
0.3200000000013328	-3.358920266594012e-06
0.3210000000013369	-2.981421157066677e-06
0.322000000001341	-2.524794639580108e-06
0.3230000000013453	-2.005859434550672e-06
0.3240000000013492	-1.4277813065177725e-06
0.3250000000013533	-7.968840836092284e-07
0.3260000000013574	-1.2797930049046613e-07
0.32700000000136176	5.748483973277985e-07
0.32800000000136587	1.2997896108313256e-06
0.32900000000137	2.0362497143988634e-06
0.3300000000013743	2.774017984208399e-06
0.3310000000013784	3.5039179620000027e-06
0.3320000000013825	4.211380657759278e-06
0.33300000000138663	4.891244397065009e-06
0.33400000000139096	5.526356244955899e-06
0.33500000000139507	6.10995422034577e-06
0.3360000000013992	6.639338815062068e-06
0.3370000000014035	7.09460327685818e-06
0.3380000000014076	7.481346146032131e-06
0.3390000000014117	7.791700808112978e-06
0.34000000000141584	8.017303626317585e-06
0.34100000000142017	8.159118419337474e-06
0.3420000000014243	8.213089991215838e-06
0.3430000000014284	8.186145449950999e-06
0.3440000000014327	8.077830913166828e-06
0.3450000000014368	7.887475450996106e-06
0.34600000000144093	7.624238984149656e-06
0.34700000000144504	7.290160722872585e-06
0.34800000000144937	6.8964302419871615e-06
0.3490000000014535	6.449284095877417e-06
0.3500000000014576	5.954905891947249e-06
0.3510000000014619	5.420974683367774e-06
0.35200000000146603	4.853337569388216e-06
0.35300000000147014	4.261516133530208e-06
0.35400000000147425	3.654674637920685e-06
0.35500000000147836	3.0436778534204123e-06
0.35600000000148246	2.4360433384940094e-06
0.3570000000014866	1.8435642926695195e-06
0.3580000000014909	1.2759803691420046e-06
0.359000000001495	7.506216521679931e-07
0.3600000000014991	2.7699842097828054e-07
0.36100000000150323	-1.4024812755586424e-07
0.36200000000150756	-4.878812891462303e-07
0.36300000000151167	-7.650002433745584e-07
0.3640000000015158	-9.676266801150746e-07
0.3650000000015201	-1.0892606190360254e-06
0.3660000000015242	-1.1365756964476503e-06
0.3670000000015283	-1.1170243590097328e-06
0.36800000000153243	-1.0328358299727114e-06
0.36900000000153677	-9.006353161034042e-07
0.3700000000015409	-7.348746349222779e-07
0.371000000001545	-5.498176771645547e-07
0.3720000000015493	-3.6376398449000646e-07
0.3730000000015534	-1.873697894616555e-07
0.37400000000155753	-3.8018880044177195e-08
0.37500000000156164	7.214785457954065e-08
0.37600000000156597	1.2813487892948672e-07
0.3770000000015701	1.1511144193399048e-07
0.3780000000015742	1.9756784985780484e-08
0.3790000000015785	-1.611732862727422e-07
0.3800000000015826	-4.3041888475592316e-07
0.38100000000158674	-7.854134236318089e-07
0.38200000000159084	-1.218880318010207e-06
0.3830000000015952	-1.7277591786157842e-06
0.3840000000015993	-2.2980118101756375e-06
0.3850000000016034	-2.9210146204050602e-06
0.3860000000016075	-3.5785506722341154e-06
0.3870000000016116	-4.2529794332946125e-06
0.3880000000016157	-4.923159806935473e-06
0.38900000000161983	-5.5753126888546944e-06
0.39000000000162416	-6.183397089465359e-06
0.39100000000162827	-6.740439962182876e-06
0.3920000000016324	-7.220924822082253e-06
0.3930000000016367	-7.6195071518903035e-06
0.3940000000016408	-7.9165896957889e-06
0.3950000000016449	-8.104673104192273e-06
0.39600000000164903	-8.17458271451521e-06
0.39700000000165336	-8.138810298374821e-06
0.3980000000016575	-7.99470265855362e-06
0.3990000000016616	-7.752925105908304e-06
0.4000000000016659	-7.421428337206493e-06
0.40100000000167	-7.018171525041694e-06
0.40200000000167413	-6.554526625457413e-06
0.40300000000167824	-6.043667063693192e-06
0.40400000000168257	-5.502550289859798e-06
0.4050000000016867	-4.940017240162575e-06
0.4060000000016908	-4.375256212441059e-06
0.4070000000016951	-3.816134107825775e-06
0.4080000000016992	-3.2787122918875866e-06
0.40900000000170333	-2.7681631828979647e-06
0.41000000000170744	-2.2953256921809384e-06
0.4110000000017118	-1.8675176860494247e-06
0.4120000000017159	-1.4902240101921649e-06
0.41300000000172	-1.1633136700606173e-06
0.4140000000017243	-8.918146825465101e-07
0.41500000000172843	-6.785221817739995e-07
0.41600000000173254	-5.263676698952224e-07
0.4170000000017364	-4.319096962301927e-07
0.41800000000174076	-3.933857419813336e-07
0.41900000000174487	-4.1338923617573187e-07
0.420000000001749	-4.87108941626957e-07
0.4210000000017533	-6.169961803692559e-07
0.4220000000017574	-8.045108301768522e-07
0.4230000000017615	-1.038094957994673e-06
0.42400000000176563	-1.3123784585733489e-06
0.42500000000176996	-1.6190339180433e-06
0.42600000000177407	-1.9485139988173472e-06
0.4270000000017782	-2.294328206531304e-06
0.4280000000017825	-2.6464964242300937e-06
0.4290000000017866	-2.997541027838224e-06
0.4300000000017907	-3.338819903442314e-06
0.43100000000179484	-3.6623469990004764e-06
0.43200000000179917	-3.956615596489854e-06
0.4330000000018033	-4.213790408158502e-06
0.4340000000018074	-4.4272559445168724e-06
0.4350000000018115	-4.5919214022305255e-06
0.4360000000018158	-4.703075435541493e-06
0.43700000000181993	-4.755002071199499e-06
0.43800000000182404	-4.742505047339307e-06
0.43900000000182837	-4.664098132822758e-06
0.4400000000018325	-4.523034538461701e-06
0.4410000000018366	-4.315758437067885e-06
0.4420000000018407	-4.059215897411761e-06
0.44300000000184503	-3.755051928289177e-06
0.44400000000184914	-3.4111571911576988e-06
0.44500000000185325	-3.0328123630241066e-06
0.4460000000018576	-2.625259088784304e-06
0.4470000000018617	-2.196021171130269e-06
0.4480000000018656	-1.750674400113894e-06
0.4490000000018697	-1.2962337718747108e-06
0.450000000001874	-8.405157354562931e-07
0.4510000000018781	-3.920626179265696e-07
0.45200000000188223	4.099560768633381e-08
0.45300000000188656	4.509369225802473e-07
0.45400000000189067	8.312397944409966e-07
0.4550000000018948	1.1811096578551172e-06
0.4560000000018989	1.4963249824750946e-06
0.4570000000019032	1.7736374828825063e-06
0.4580000000019073	2.0086029849375464e-06
0.45900000000191143	2.1998331002359706e-06
0.46000000000191577	2.3480425042077258e-06
0.4610000000019199	2.452703974920034e-06
0.462000000001924	2.5158821032045253e-06
0.4630000000019281	2.536620407722623e-06
0.4640000000019324	2.5159812171438034e-06
0.46500000000193653	2.4589093766680392e-06
0.46600000000194064	2.3686740314721177e-06
0.46700000000194497	2.2485152977314016e-06
0.4680000000019491	2.104319897555662e-06
0.4690000000019532	1.94225785521418e-06
0.4700000000019573	1.768475843544337e-06
0.4710000000019616	1.5893138536338114e-06
0.47200000000196574	1.4112709081359753e-06
0.47300000000196984	1.2405741741661203e-06
0.4740000000019742	1.0819693355701432e-06
0.4750000000019783	9.383333492429813e-07
0.4760000000019824	8.104901528804831e-07
0.4770000000019865	6.987158267524052e-07
0.47800000000199083	6.040864504175403e-07
0.4790000000019947	5.259141877544948e-07
0.48000000000199883	4.636617059183834e-07
0.48100000000200316	4.1618876989168996e-07
0.48200000000200727	3.8232474763866264e-07
0.4830000000020114	3.6175214113143284e-07
0.4840000000020155	3.534161510110323e-07
0.4850000000020198	3.56837095982776e-07
0.4860000000020239	3.7034707167649117e-07
0.48700000000202803	3.934250203396772e-07
0.48800000000203236	4.2602607153163774e-07
0.4890000000020365	4.668743445179757e-07
0.4900000000020406	5.137007540456651e-07
0.4910000000020447	5.652907195674572e-07
0.492000000002049	6.196823143511665e-07
0.49300000000205313	6.750981565994962e-07
0.49400000000205724	7.305350534503319e-07
0.49500000000206157	7.841764790850192e-07
0.4960000000020657	8.353864998644767e-07
0.4970000000020698	8.836289415725673e-07
0.4980000000020739	9.271606273841826e-07
0.4990000000020782	9.64010180348751e-07
0.5000000000020823	9.931468201163085e-07
0.5010000000020864	1.0127568677020804e-06
0.5020000000020908	1.0216250113659342e-06
0.5030000000020949	1.0197496305153209e-06
0.504000000002099	1.0072842206998445e-06
0.5050000000021031	9.848133254442004e-07
0.5060000000021074	9.529423766752032e-07
0.5070000000021115	9.126574157525269e-07
0.5080000000021156	8.645833706744099e-07
0.50900000000212	8.091504030138807e-07
0.5100000000021239	7.476499574998741e-07
0.511000000002128	6.811295374387072e-07
0.5120000000021321	6.102113890849026e-07
0.5130000000021364	5.350074090415546e-07
0.5140000000021405	4.555817187945621e-07
0.5150000000021446	3.722125884175753e-07
0.516000000002149	2.8492356118903217e-07
0.5170000000021531	1.9425198605205196e-07
0.5180000000021572	1.0070172495879604e-07
0.5190000000021613	4.9918259525938424e-09
0.5200000000021656	-9.245734111651416e-08
0.5210000000021697	-1.9101877879457163e-07
0.5220000000021738	-2.907111225081138e-07
0.5230000000021782	-3.913442745417939e-07
0.5240000000021823	-4.924245711190878e-07
0.5250000000021864	-5.934119158279572e-07
0.5260000000021905	-6.925968349946743e-07
0.5270000000021948	-7.890760682638387e-07
0.5280000000021989	-8.804825615271739e-07
0.529000000002203	-9.64918200896392e-07
0.5300000000022074	-1.0409831774360612e-06
0.5310000000022115	-1.1072879022577808e-06
0.5320000000022156	-1.162870024939977e-06
0.5330000000022197	-1.2048177540080474e-06
0.534000000002224	-1.236185209307905e-06
0.5350000000022281	-1.251158049608847e-06
0.5360000000022322	-1.2530034823043934e-06
0.5370000000022366	-1.236662322989801e-06
0.5380000000022407	-1.2030833858034384e-06
0.5390000000022448	-1.1501286345527717e-06
0.5400000000022487	-1.0777881676027334e-06
0.541000000002253	-9.861313250425496e-07
0.5420000000022571	-8.763382475240888e-07
0.5430000000022612	-7.475907879417321e-07
0.5440000000022656	-6.019789446920498e-07
0.5450000000022697	-4.4010884869827294e-07
0.5460000000022738	-2.6473313874397775e-07
0.5470000000022779	-7.746630803495691e-08
0.5480000000022822	1.2023956930118374e-07
0.5490000000022863	3.2634573754464213e-07
0.5500000000022904	5.400014464473912e-07
0.5510000000022948	7.595993017917024e-07
0.5520000000022989	9.83163903844897e-07
0.553000000002303	1.2084729972272612e-06
0.5540000000023071	1.4325388768554603e-06
0.5550000000023114	1.6531515801831986e-06
0.5560000000023155	1.8686943334955686e-06
0.5570000000023196	2.0778858633718755e-06
0.558000000002324	2.2804572128443112e-06
0.5590000000023281	2.4763945193351233e-06
0.5600000000023322	2.666186452393582e-06
0.5610000000023363	2.8500352176052957e-06
0.5620000000023406	3.0263835077981582e-06
0.5630000000023447	3.194340323919853e-06
0.5640000000023488	3.3516565118851815e-06
0.5650000000023532	3.4947878858604398e-06
0.5660000000023573	3.621310654566834e-06
0.5670000000023614	3.728133396774247e-06
0.5680000000023655	3.8127197187209916e-06
0.5690000000023698	3.874940542325511e-06
0.5700000000023739	3.915414045985166e-06
0.5710000000023778	3.933406439227127e-06
0.5720000000023819	3.929438599281632e-06
0.5730000000023863	3.9027666878244105e-06
0.5740000000023904	3.852000520998544e-06
0.5750000000023945	3.777526775605722e-06
0.5760000000023988	3.6784194465955267e-06
0.5770000000024029	3.5542717620185016e-06
0.578000000002407	3.4067038546803374e-06
0.5790000000024111	3.237561878699502e-06
0.5800000000024155	3.048992417209462e-06
0.5810000000024196	2.844608140706306e-06
0.5820000000024237	2.6263602870280067e-06
0.583000000002428	2.396920335656638e-06
0.5840000000024321	2.1587175342840936e-06
0.5850000000024362	1.9140604241574266e-06
0.5860000000024403	1.6635758577354665e-06
0.5870000000024447	1.4093873774712051e-06
0.5880000000024488	1.1532944987902027e-06
0.5890000000024529	8.963750849355634e-07
0.5900000000024572	6.413093589507923e-07
0.5910000000024613	3.8889296516408933e-07
0.5920000000024654	1.4059212427586232e-07
0.5930000000024696	-1.0161985120049621e-07
0.5940000000024739	-3.357363467237917e-07
0.595000000002478	-5.608914976917845e-07
0.5960000000024821	-7.759478779512108e-07
0.5970000000024864	-9.797232223274221e-07
0.5980000000024905	-1.1714117327255025e-06
0.5990000000024946	-1.3489441159642013e-06
0.6000000000024988	-1.5107200901365303e-06
0.6010000000025031	-1.6544260763584617e-06
0.602000000002507	-1.7795737214942875e-06
0.6030000000025111	-1.8851227163718676e-06
0.6040000000025154	-1.9694986719276386e-06
0.6050000000025195	-2.0337499726519326e-06
0.6060000000025236	-2.077535148137244e-06
0.6070000000025277	-2.1020395466475605e-06
0.6080000000025321	-2.1089599233636847e-06
0.6090000000025362	-2.1001805619036418e-06
0.6100000000025403	-2.0752970806281468e-06
0.6110000000025446	-2.035889986373718e-06
0.6120000000025487	-1.982881779216683e-06
0.6130000000025528	-1.9168185487750122e-06
0.614000000002557	-1.8399859262885343e-06
0.6150000000025613	-1.754675122978e-06
0.6160000000025654	-1.6622645502284428e-06
0.6170000000025695	-1.5651957969708974e-06
0.6180000000025738	-1.4648715518372768e-06
0.6190000000025779	-1.3628515436181488e-06
0.620000000002582	-1.2600704655252315e-06
0.6210000000025861	-1.1569046742820888e-06
0.6220000000025905	-1.0527394240789079e-06
0.6230000000025946	-9.463919543595267e-07
0.6240000000025987	-8.362627812452672e-07
0.625000000002603	-7.2083536895029e-07
0.6260000000026071	-5.997848000482975e-07
0.6270000000026112	-4.7350752740982216e-07
0.6280000000026154	-3.4229474787927927e-07
0.6290000000026197	-2.0567753900024854e-07
0.6300000000026238	-6.361095339357803e-08
0.6310000000026279	8.42098970554872e-08
0.6320000000026322	2.375036939339381e-07
0.6330000000026361	3.948875524351081e-07
0.6340000000026402	5.555707998095016e-07
0.6350000000026443	7.17618592216418e-07
0.6360000000026487	8.798991159020275e-07
0.6370000000026528	1.0401517631652979e-06
0.6380000000026569	1.1963214837651392e-06
0.6390000000026612	1.3451783384965665e-06
0.6400000000026653	1.4849373163317026e-06
0.6410000000026694	1.6127797362042173e-06
0.6420000000026735	1.7277556833006358e-06
0.6430000000026779	1.8285017007180215e-06
0.644000000002682	1.9139837945658655e-06
0.6450000000026861	1.983471592525987e-06
0.6460000000026904	2.0365010875433853e-06
0.6470000000026945	2.0726546274829616e-06
0.6480000000026986	2.0922092329733744e-06
0.6490000000027027	2.0954941590822784e-06
0.6500000000027071	2.0834065214137e-06
0.6510000000027112	2.056992194687801e-06
0.6520000000027153	2.0202417166936826e-06
0.6530000000027196	1.9728494593529433e-06
0.6540000000027237	1.917418720465136e-06
0.6550000000027278	1.8550027344188535e-06
0.656000000002732	1.785617508076598e-06
0.6570000000027363	1.7086805903510083e-06
0.6580000000027404	1.6227090876563821e-06
0.6590000000027445	1.52821636778544e-06
0.6600000000027488	1.4246989917809927e-06
0.6610000000027529	1.3143965156281467e-06
0.662000000002757	1.1991100482555694e-06
0.6630000000027612	1.0815225266469497e-06
0.6640000000027653	9.646378305028236e-07
0.6650000000027694	8.502405947075076e-07
0.6660000000027735	7.391090774966358e-07
0.6670000000027778	6.315765508357885e-07
0.6680000000027819	5.265776580332115e-07
0.669000000002786	4.223491378851918e-07
0.6700000000027901	3.1779647047258663e-07
0.6710000000027945	2.1278623441034483e-07
0.6720000000027986	1.077720342967936e-07
0.6730000000028027	3.8348603181859175e-09
0.674000000002807	-9.715965298973117e-08
0.6750000000028111	-1.933059707859286e-07
0.6760000000028152	-2.8228837845034604e-07
0.6770000000028193	-3.6288601901190987e-07
0.6780000000028237	-4.349550879467756e-07
0.6790000000028278	-4.986879027502056e-07
0.6800000000028319	-5.556764115510759e-07
0.6810000000028362	-6.076204905891558e-07
0.6820000000028403	-6.563027683537115e-07
0.6830000000028444	-7.032619471214474e-07
0.6840000000028486	-7.495140885716012e-07
0.6850000000028529	-7.954017804401303e-07
0.686000000002857	-8.411481919878838e-07
0.6870000000028611	-8.866247878103195e-07
0.6880000000028654	-9.321613578805454e-07
0.6890000000028695	-9.788527830512095e-07
0.6900000000028736	-1.0283860831794556e-06
0.6910000000028778	-1.08220065131448e-06
0.6920000000028821	-1.1411643503489444e-06
0.6930000000028862	-1.2064111736265204e-06
0.6940000000028901	-1.2781281655271926e-06
0.6950000000028944	-1.3563190193188746e-06
0.6960000000028985	-1.4397659391374162e-06
0.6970000000029026	-1.5274287652466967e-06
0.6980000000029067	-1.617593562652786e-06
0.6990000000029111	-1.7086657142506567e-06
0.7000000000029152	-1.798947528275363e-06
0.7010000000029193	-1.8867279514278579e-06
0.7020000000029236	-1.9708358776071577e-06
0.7030000000029277	-2.0487951395420367e-06
0.7040000000029318	-2.1199584618880607e-06
0.705000000002936	-2.1829981693421985e-06
0.7060000000029403	-2.236918216658168e-06
0.7070000000029444	-2.2819782190541815e-06
0.7080000000029485	-2.3169837657377457e-06
0.7090000000029526	-2.342120182463603e-06
0.7100000000029569	-2.357673758002221e-06
0.711000000002961	-2.363509615577186e-06
0.7120000000029651	-2.359144890773379e-06
0.7130000000029695	-2.344570877887975e-06
0.7140000000029736	-2.319250640647752e-06
0.7150000000029777	-2.2825903958079152e-06
0.7160000000029818	-2.2345039372151376e-06
0.7170000000029861	-2.174548968669754e-06
0.7180000000029902	-2.101578753022082e-06
0.7190000000029944	-2.015647706743451e-06
0.7200000000029987	-1.916541518376391e-06
0.7210000000030028	-1.805135485755116e-06
0.7220000000030069	-1.6814170265000428e-06
0.723000000003011	-1.5471427574631491e-06
0.7240000000030153	-1.4041269140729895e-06
0.7250000000030195	-1.253966130709827e-06
0.7260000000030233	-1.0985392839835129e-06
0.7270000000030277	-9.395141544743524e-07
0.7280000000030318	-7.784998696802603e-07
0.7290000000030359	-6.167680768331962e-07
0.73000000000304	-4.5506271151296573e-07
0.7310000000030443	-2.94458120553287e-07
0.7320000000030484	-1.3512482555100291e-07
0.7330000000030525	2.2156224854796847e-08
0.7340000000030569	1.7638384330886936e-07
0.735000000003061	3.268543442569438e-07
0.7360000000030651	4.7085347198994043e-07
0.7370000000030692	6.064390158933008e-07
0.7380000000030735	7.320162953572407e-07
0.7390000000030776	8.465296164050784e-07
0.7400000000030817	9.496186302859755e-07
0.7410000000030861	1.042037196974377e-06
0.7420000000030902	1.124222928639007e-06
0.7430000000030943	1.1966014709097195e-06
0.7440000000030984	1.2596710736723082e-06
0.7450000000031027	1.3133834183554072e-06
0.7460000000031068	1.3579879183378551e-06
0.747000000003111	1.3936349738674636e-06
0.7480000000031153	1.4206719100018361e-06
0.7490000000031194	1.4402026083937258e-06
0.7500000000031235	1.4528024615545476e-06
0.7510000000031276	1.459418528693135e-06
0.7520000000031319	1.4610116240154625e-06
0.753000000003136	1.4581648830613858e-06
0.7540000000031402	1.4521458845395685e-06
0.7550000000031445	1.4444689433457114e-06
0.7560000000031484	1.4361631717196843e-06
0.7570000000031525	1.428126466973545e-06
0.7580000000031566	1.4211879848513576e-06
0.7590000000031609	1.4158881356252095e-06
0.760000000003165	1.4125024718758539e-06
0.7610000000031691	1.4121064613181744e-06
0.7620000000031735	1.4152473385431463e-06
0.7630000000031776	1.4237865462174426e-06
0.7640000000031817	1.4379725016278044e-06
0.7650000000031858	1.4598309241442564e-06
0.7660000000031901	1.4870068164585248e-06
0.7670000000031942	1.519603757160759e-06
0.7680000000031983	1.5553876440144165e-06
0.7690000000032027	1.5928516853280783e-06
0.7700000000032068	1.6303867148570461e-06
0.7710000000032109	1.6661429269593242e-06
0.772000000003215	1.6997826599585153e-06
0.7730000000032193	1.7302580986866545e-06
0.7740000000032234	1.757390805545711e-06
0.7750000000032276	1.7802606464556447e-06
0.7760000000032319	1.798835348454375e-06
0.777000000003236	1.8130779622094195e-06
0.7780000000032401	1.8231589496986444e-06
0.7790000000032442	1.8294749587477455e-06
0.7800000000032485	1.8332841514867582e-06
0.7810000000032526	1.8354045696611365e-06
0.7820000000032568	1.836808530719658e-06
0.7830000000032611	1.8377622725829212e-06
0.7840000000032652	1.838007998800073e-06
0.7850000000032693	1.8371554229013043e-06
0.7860000000032734	1.834627035846026e-06
0.7870000000032777	1.8296033033049497e-06
0.7880000000032816	1.8222861355443598e-06
0.7890000000032857	1.8128384777771345e-06
0.7900000000032901	1.8017155800631457e-06
0.7910000000032942	1.7894729456013891e-06
0.7920000000032983	1.776100070238762e-06
0.7930000000033024	1.7613564622376288e-06
0.7940000000033067	1.7447938136516683e-06
0.7950000000033108	1.725563157584098e-06
0.796000000003315	1.702860403685058e-06
0.7970000000033193	1.676039214970615e-06
0.7980000000033234	1.645284564477656e-06
0.7990000000033275	1.6105778672947935e-06
0.8000000000033316	1.5723847752724396e-06
0.8010000000033359	1.531656548037219e-06
0.80200000000334	1.489239633167827e-06
0.8030000000033441	1.4460903218216359e-06
0.8040000000033485	1.4032377284589614e-06
0.8050000000033526	1.3617145004918285e-06
0.8060000000033567	1.3223318318100752e-06
0.8070000000033608	1.2858184929021022e-06
0.8080000000033651	1.252532164763842e-06
0.8090000000033692	1.2226963728156903e-06
0.8100000000033734	1.1959298289454523e-06
0.8110000000033777	1.1724748841812627e-06
0.8120000000033818	1.152639560464408e-06
0.8130000000033859	1.1361017461242184e-06
0.81400000000339	1.1230381461446726e-06
0.8150000000033943	1.1135039257315071e-06
0.8160000000033985	1.1076025295819747e-06
0.8170000000034026	1.1057698872107835e-06
0.8180000000034067	1.107838746516876e-06
0.8190000000034108	1.1138011276612403e-06
0.8200000000034149	1.1233911717534184e-06
0.821000000003419	1.136530799250579e-06
0.8220000000034233	1.1531268439002318e-06
0.8230000000034274	1.1731689438798654e-06
0.8240000000034315	1.19644245644146e-06
0.8250000000034359	1.2218989386969525e-06
0.82600000000344	1.248292745836821e-06
0.8270000000034441	1.2740793106091886e-06
0.8280000000034482	1.2980156781638996e-06
0.8290000000034525	1.319163874136109e-06
0.8300000000034566	1.336973092680438e-06
0.8310000000034607	1.3502289176736681e-06
0.8320000000034651	1.3590444755129383e-06
0.8330000000034692	1.3631309432327043e-06
0.8340000000034733	1.361988183457008e-06
0.8350000000034774	1.3565556153949387e-06
0.8360000000034817	1.346324427942136e-06
0.8370000000034858	1.3317048018768318e-06
0.83800000000349	1.3130671263628102e-06
0.8390000000034943	1.290747703719397e-06
0.8400000000034984	1.26633013930455e-06
0.8410000000035025	1.240546092740047e-06
0.8420000000035066	1.2142107915780187e-06
0.8430000000035109	1.187843232108854e-06
0.844000000003515	1.1616909177947221e-06
0.8450000000035192	1.136320901040655e-06
0.8460000000035233	1.1122273300134822e-06
0.8470000000035276	1.0898917375268269e-06
0.8480000000035317	1.069566391231902e-06
0.8490000000035356	1.0512422774500152e-06
0.8500000000035399	1.0345347745133182e-06
0.851000000003544	1.018801279117909e-06
0.8520000000035481	1.0033989863433845e-06
0.8530000000035523	9.87657845286094e-07
0.8540000000035566	9.71482125411427e-07
0.8550000000035607	9.545753758555264e-07
0.8560000000035648	9.367515012570493e-07
0.8570000000035691	9.178220428118777e-07
0.8580000000035732	8.979280565757364e-07
0.8590000000035773	8.773134965167628e-07
0.8600000000035815	8.562223301478156e-07
0.8610000000035858	8.351705973463908e-07
0.8620000000035899	8.145923033886504e-07
0.863000000003594	7.946937168323842e-07
0.8640000000035983	7.755614599425087e-07
0.8650000000036024	7.572615383644177e-07
0.8660000000036066	7.399830339593905e-07
0.8670000000036107	7.241363066956552e-07
0.868000000003615	7.099645357167006e-07
0.8690000000036191	6.981179022647055e-07
0.8700000000036232	6.887083436879493e-07
0.8710000000036275	6.819690909765086e-07
0.8720000000036316	6.779711116955411e-07
0.8730000000036358	6.770107846554296e-07
0.8740000000036399	6.790354808439147e-07
0.8750000000036442	6.840662810647657e-07
0.8760000000036483	6.914652752598727e-07
0.8770000000036524	7.010668106044449e-07
0.8780000000036567	7.122186113095452e-07
0.8790000000036609	7.248243465429738e-07
0.8800000000036647	7.386063659575726e-07
0.8810000000036688	7.535027812810569e-07
0.8820000000036732	7.69222883723053e-07
0.8830000000036773	7.852782262229852e-07
0.8840000000036814	8.012439449700537e-07
0.8850000000036857	8.171895224950987e-07
0.8860000000036898	8.334721390834687e-07
0.887000000003694	8.503927475533857e-07
0.888000000003698	8.681377321462236e-07
0.8890000000037024	8.868447558540993e-07
0.8900000000037065	9.067197448420217e-07
0.8910000000037106	9.2801692330724e-07
0.8920000000037149	9.507689643362127e-07
0.893000000003719	9.750978235967267e-07
0.8940000000037231	1.00088895593764e-06
0.8950000000037273	1.0278184114920208e-06
0.8960000000037316	1.0559515803976183e-06
0.8970000000037357	1.0848976998989457e-06
0.8980000000037398	1.1142720219847746e-06
0.8990000000037441	1.1435568252338157e-06
0.9000000000037482	1.1719879819960255e-06
0.9010000000037524	1.198561926374353e-06
0.9020000000037565	1.2226545833549096e-06
0.9030000000037608	1.2438221891342138e-06
0.9040000000037649	1.2620167474386434e-06
0.905000000003769	1.2772264595950489e-06
0.9060000000037733	1.2894754605197178e-06
0.9070000000037775	1.2989902821169963e-06
0.9080000000037816	1.3060116507146446e-06
0.9090000000037857	1.3109014413981157e-06
0.91000000000379	1.3138230416931407e-06
0.9110000000037939	1.314778460326238e-06
0.912000000003798	1.313565914595749e-06
0.9130000000038023	1.3098911233466737e-06
0.9140000000038064	1.3037196456844313e-06
0.9150000000038105	1.2952171362101694e-06
0.9160000000038147	1.284653449618034e-06
0.917000000003819	1.2719390648507911e-06
0.9180000000038231	1.2574258201336619e-06
0.9190000000038272	1.241027181353438e-06
0.9200000000038315	1.2227940977549423e-06
0.9210000000038356	1.202667156419146e-06
0.9220000000038397	1.1805647843754485e-06
0.9230000000038439	1.1563433709449455e-06
0.9240000000038482	1.130428051387966e-06
0.9250000000038523	1.1027725634882302e-06
0.9260000000038564	1.0739596563169584e-06
0.9270000000038607	1.0441730884380718e-06
0.9280000000038648	1.0140877760855815e-06
0.929000000003869	9.840737200672578e-07
0.9300000000038731	9.54443447609421e-07
0.9310000000038774	9.24964526194394e-07
0.9320000000038815	8.954502381808283e-07
0.9330000000038856	8.65635506941409e-07
0.9340000000038899	8.354500002916154e-07
0.935000000003894	8.046510810988394e-07
0.9360000000038982	7.730098290359422e-07
0.9370000000039023	7.399890366022177e-07
0.9380000000039066	7.054250442672938e-07
0.9390000000039107	6.691538905201355e-07
0.9400000000039148	6.312314579925982e-07
0.9410000000039191	5.914699818809765e-07
0.942000000003923	5.497487697292414e-07
0.9430000000039271	5.063952195349941e-07
0.9440000000039312	4.616693849435194e-07
0.9450000000039356	4.1547825802012994e-07
0.9460000000039397	3.6802687564119196e-07
0.9470000000039438	3.1912106246423377e-07
0.9480000000039481	2.6836172684063797e-07
0.9490000000039522	2.1547352713202628e-07
0.9500000000039563	1.6016736203994242e-07
0.9510000000039605	1.0267043604184067e-07
0.9520000000039648	4.316409629723239e-08
0.9530000000039689	-1.8105175580984678e-08
0.954000000003973	-8.090235015245639e-08
0.9550000000039773	-1.4479022492075444e-07
0.9560000000039814	-2.093939990288618e-07
0.9570000000039856	-2.743308138430933e-07
0.9580000000039897	-3.393079546221145e-07
0.959000000003994	-4.041244012764622e-07
0.9600000000039981	-4.68844107093247e-07
0.9610000000040022	-5.331946737463511e-07
0.9620000000040065	-5.969796463833887e-07
0.9630000000040106	-6.597025929977463e-07
0.9640000000040148	-7.213426871377493e-07
0.9650000000040189	-7.812505358195665e-07
0.9660000000040232	-8.394654835708337e-07
0.9670000000040273	-8.953163281866239e-07
0.9680000000040314	-9.486209593401185e-07
0.9690000000040357	-9.988781994874074e-07
0.9700000000040399	-1.0458828942905285e-06
0.9710000000040437	-1.0897102262763525e-06
0.9720000000040478	-1.1304448872540007e-06
0.9730000000040522	-1.1683629437264642e-06
0.9740000000040563	-1.2037487384652934e-06
0.9750000000040604	-1.2365393788904555e-06
0.9760000000040647	-1.267073529209739e-06
0.9770000000040688	-1.2954627552907994e-06
0.978000000004073	-1.321925708452909e-06
0.979000000004077	-1.3468701753893697e-06
0.9800000000040812	-1.370508561526762e-06
0.9810000000040855	-1.3930216211655022e-06
0.9820000000040896	-1.4146136004811183e-06
0.9830000000040937	-1.4353649802067991e-06
0.984000000004098	-1.4552800542411148e-06
0.9850000000041004	-1.4741901348536146e-06
0.9860000000041018	-1.4918845607780895e-06
0.987000000004103	-1.5081263176064397e-06
0.9880000000041045	-1.5224545313330395e-06
0.9890000000041059	-1.5347257471542974e-06
0.9900000000041072	-1.5439798335403765e-06
0.9910000000041086	-1.550194676624983e-06
0.99200000000411	-1.5532427639630697e-06
0.9930000000041115	-1.5531193919837705e-06
0.9940000000041127	-1.5503729866583882e-06
0.9950000000041141	-1.5448219357061532e-06
0.9960000000041156	-1.5363253571543112e-06
0.997000000004117	-1.5252944187693629e-06
0.9980000000041185	-1.511570776768778e-06
0.9990000000041197	-1.4954153169099982e-06
1.0000000000041211	-1.4765478568712354e-06
1.001000000004117	-1.4549102094196797e-06
1.002000000004113	-1.4302299273794006e-06
1.0030000000041086	-1.402674241424151e-06
1.0040000000041045	-1.3723333165405194e-06
1.0050000000041002	-1.3392643016807426e-06
1.006000000004096	-1.3035796821991852e-06
1.007000000004092	-1.2650706293637626e-06
1.0080000000040878	-1.2236870303716785e-06
1.0090000000040837	-1.1794228655936934e-06
1.0100000000040794	-1.13250042543811e-06
1.0110000000040753	-1.082984894429373e-06
1.012000000004071	-1.031370757242911e-06
1.0130000000040669	-9.783459400392047e-07
1.0140000000040628	-9.240193539206132e-07
1.0150000000040587	-8.680884169276482e-07
1.0160000000040534	-8.100828929880066e-07
1.0170000000040464	-7.49593645377189e-07
1.0180000000040397	-6.865503068276269e-07
1.0190000000040325	-6.208380913808043e-07
1.0200000000040257	-5.523385055994368e-07
1.021000000004019	-4.813425094063462e-07
1.0220000000040117	-4.084504285906121e-07
1.023000000004005	-3.3387419651198513e-07
1.0240000000039977	-2.5827431504588105e-07
1.025000000003991	-1.817171924045624e-07
1.026000000003984	-1.0478458900564647e-07
1.027000000003977	-2.735298210154724e-08
1.0280000000039702	5.032323269205108e-08
1.0290000000039632	1.2792116044213486e-07
1.0300000000039562	2.0510642262383527e-07
1.0310000000039494	2.814877400059146e-07
1.0320000000039424	3.5697648104182633e-07
1.0330000000039354	4.314458479370842e-07
1.0340000000039287	5.047799553903332e-07
1.0350000000039217	5.766415143160231e-07
1.0360000000039147	6.470483563392193e-07
1.0370000000039077	7.162225326151628e-07
1.0380000000039007	7.843932060547232e-07
1.039000000003894	8.516016697379669e-07
1.0400000000038867	9.179686055738046e-07
1.04100000000388	9.836753445124913e-07
1.0420000000038732	1.0487510333501149e-06
1.043000000003866	1.1131246147044749e-06
1.0440000000038592	1.1767294295639275e-06
1.0450000000038522	1.239655035178977e-06
1.0460000000038452	1.3020754631165588e-06
1.0470000000038384	1.3642887611853283e-06
1.0480000000038314	1.4265196862650598e-06
1.0490000000038244	1.4888603614426899e-06
1.0500000000038174	1.5514289036788753e-06
1.0510000000038104	1.6141262764168829e-06
1.0520000000038037	1.6768354414997688e-06
1.0530000000037967	1.7393835063383989e-06
1.0540000000037897	1.801215708696624e-06
1.055000000003783	1.8622360401510107e-06
1.056000000003776	1.921745462540869e-06
1.057000000003769	1.979687346942427e-06
1.0580000000037622	2.0355915676395497e-06
1.059000000003755	2.089394634974262e-06
1.0600000000037482	2.14064256742752e-06
1.0610000000037412	2.189115981932055e-06
1.0620000000037342	2.2345477539431613e-06
1.0630000000037274	2.2765975072891464e-06
1.0640000000037202	2.3154642357914312e-06
1.0650000000037134	2.3511209767956842e-06
1.0660000000037064	2.3836176898939243e-06
1.0670000000036994	2.413416198998597e-06
1.0680000000036927	2.439983033175608e-06
1.0690000000036857	2.4636263409316683e-06
1.0700000000036787	2.4841414238974124e-06
1.071000000003672	2.5011483857362293e-06
1.072000000003665	2.5149828231096905e-06
1.073000000003658	2.5253344427822455e-06
1.0740000000036511	2.532376231489941e-06
1.075000000003644	2.536347053494481e-06
1.0760000000036372	2.5374330877570017e-06
1.0770000000036304	2.5357543813608885e-06
1.0780000000036232	2.5313437423957197e-06
1.0790000000036164	2.5246524295585715e-06
1.0800000000036092	2.5158344876263783e-06
1.0810000000036024	2.5051169151302233e-06
1.0820000000035954	2.492510827956096e-06
1.0830000000035884	2.4778239609002384e-06
1.0840000000035817	2.4609075985893014e-06
1.0850000000035747	2.441739444192237e-06
1.0860000000035677	2.4199807580060906e-06
1.087000000003561	2.3960703081638e-06
1.088000000003554	2.3702538092251757e-06
1.089000000003547	2.3426852637786766e-06
1.0900000000035401	2.313733561964959e-06
1.091000000003533	2.2831778606624553e-06
1.0920000000035262	2.250899081790436e-06
1.0930000000035192	2.21726213367468e-06
1.0940000000035122	2.182236755077227e-06
1.0950000000035054	2.1460055121824695e-06
1.0960000000034982	2.1084264767434746e-06
1.0970000000034914	2.0697169575978336e-06
1.0980000000034844	2.0300735785738766e-06
1.0990000000034774	1.9893399108017462e-06
1.1000000000034706	1.9477530208700244e-06
1.1010000000034637	1.9051883264342706e-06
1.1020000000034567	1.8618671415726595e-06
1.1030000000034499	1.8178264482582307e-06
1.104000000003443	1.7732071289078277e-06
1.105000000003436	1.7281564939075622e-06
1.106000000003429	1.6827293907173413e-06
1.107000000003422	1.6368687490997402e-06
1.1080000000034151	1.5903522998517161e-06
1.1090000000034081	1.5430208192279693e-06
1.1100000000034012	1.4948497570888009e-06
1.1110000000033944	1.4458219477209155e-06
1.1120000000033872	1.3959637630289734e-06
1.1130000000033804	1.3453802654161962e-06
1.1140000000033736	1.2940591250787392e-06
1.1150000000033664	1.2419971463506485e-06
1.1160000000033596	1.189185916183888e-06
1.1170000000033526	1.1356752267488446e-06
1.1180000000033457	1.0817104918459108e-06
1.1190000000033387	1.0275732158504525e-06
1.1200000000033317	9.735164526736284e-07
1.121000000003325	9.196824921620106e-07
1.122000000003318	8.659460601911917e-07
1.123000000003311	8.1229161474905e-07
1.1240000000033041	7.587101373829341e-07
1.1250000000032971	7.052157998677089e-07
1.1260000000032901	6.516573372028489e-07
1.1270000000032834	5.978948274254492e-07
1.1280000000032764	5.43883306725057e-07
1.1290000000032694	4.896457026504208e-07
1.1300000000032626	4.3519067571828884e-07
1.1310000000032554	3.8053271678162304e-07
1.1320000000032486	3.257375266185747e-07
1.1330000000032414	2.709922350963012e-07
1.1340000000032346	2.1648519732409e-07
1.1350000000032279	1.6224795051922314e-07
1.1360000000032207	1.0823023766093343e-07
1.1370000000032139	5.459966478937872e-08
1.138000000003207	1.5971919342661067e-09
1.1390000000032	-5.048744511348957e-08
1.1400000000031931	-1.0145734252731131e-07
1.1410000000031861	-1.5141572751176113e-07
1.1420000000031791	-2.0064462025182195e-07
1.1430000000031724	-2.495180917438944e-07
1.1440000000031654	-2.983309133064438e-07
1.1450000000031584	-3.4715114494154875e-07
1.1460000000031516	-3.9588160616332857e-07
1.1470000000031444	-4.444072330134219e-07
1.1480000000031376	-4.925700176627856e-07
1.1490000000031304	-5.402276275212614e-07
1.1500000000031236	-5.870008170649754e-07
1.1510000000031169	-6.325762822445569e-07
1.1520000000031096	-6.768075664354001e-07
1.1530000000031029	-7.197806819458918e-07
1.1540000000030959	-7.617171546847601e-07
1.155000000003089	-8.027221634065995e-07
1.1560000000030821	-8.431565681199515e-07
1.1570000000030751	-8.834166196347581e-07
1.1580000000030681	-9.239111176118087e-07
1.1590000000030614	-9.648255796523841e-07
1.1600000000030544	-1.0064357525152445e-06
1.1610000000030474	-1.04864305017216e-06
1.1620000000030404	-1.0915335884043031e-06
1.1630000000030334	-1.1349629589485488e-06
1.1640000000030266	-1.1788921778776995e-06
1.1650000000030196	-1.2230431074566894e-06
1.1660000000030126	-1.2672675866465255e-06
1.1670000000030059	-1.311413928561933e-06
1.1680000000029986	-1.3552806936711903e-06
1.1690000000029919	-1.3984870879113487e-06
1.1700000000029849	-1.440593468959861e-06
1.1710000000029779	-1.4812045330270251e-06
1.172000000002971	-1.5200000722526141e-06
1.1730000000029641	-1.55665969936436e-06
1.1740000000029571	-1.5909974111494307e-06
1.1750000000029501	-1.622940061007938e-06
1.1760000000029431	-1.6524347239421644e-06
1.1770000000029364	-1.6791833343798857e-06
1.1780000000029294	-1.7030534906758987e-06
1.1790000000029224	-1.7238992249257734e-06
1.1800000000029156	-1.7421402296324828e-06
1.1810000000029086	-1.7579658226907213e-06
1.1820000000029016	-1.7720546952038063e-06
1.1830000000028948	-1.7849412667914066e-06
1.1840000000028876	-1.7964635850020727e-06
1.1850000000028809	-1.8066184450660216e-06
1.186000000002874	-1.8149417209123442e-06
1.1870000000028669	-1.8214621002599074e-06
1.18800000000286	-1.8250970077460238e-06
1.1890000000028529	-1.825322796467077e-06
1.1900000000028461	-1.8215293513534903e-06
1.1910000000028391	-1.8128309200449166e-06
1.1920000000028321	-1.7994082854855264e-06
1.1930000000028254	-1.7811300514480877e-06
1.1940000000028184	-1.7580422488894243e-06
1.1950000000028114	-1.7311376923068167e-06
1.1960000000028046	-1.7011100652553068e-06
1.1970000000027976	-1.6681887780034543e-06
1.1980000000027906	-1.6323971343545907e-06
1.1990000000027838	-1.594180001340817e-06
1.2000000000027768	-1.5539677997722379e-06
1.2010000000027699	-1.5118234635291827e-06
1.2020000000027629	-1.4681580096098656e-06
1.2030000000027559	-1.4227898335050781e-06
1.204000000002749	-1.3754890904049688e-06
1.2050000000027419	-1.3265116773908403e-06
1.206000000002735	-1.2752089562084734e-06
1.2070000000027283	-1.2213602653687872e-06
1.2080000000027211	-1.1642610051598723e-06
1.2090000000027143	-1.1043958059175907e-06
1.2100000000027074	-1.0423776519719041e-06
1.2110000000027004	-9.781510623696477e-07
1.2120000000026936	-9.119648716193751e-07
1.2130000000026866	-8.434775367049951e-07
1.2140000000026796	-7.727545416891246e-07
1.2150000000026726	-6.999746389180217e-07
1.2160000000026656	-6.250951165576168e-07
1.2170000000026588	-5.485647565084406e-07
1.2180000000026519	-4.70669155649972e-07
1.2190000000026449	-3.9207451907330437e-07
1.220000000002638	-3.1319253501749245e-07
1.2210000000026309	-2.3443498098352222e-07
1.222000000002624	-1.5594239810567956e-07
1.2230000000026173	-7.776557642280579e-08
1.2240000000026101	1.1492740092933218e-10
1.2250000000026033	7.757769981964202e-08
1.2260000000025963	1.5424469246294592e-07
1.2270000000025894	2.2969490909297008e-07
1.2280000000025826	3.0350172297577416e-07
1.2290000000025754	3.752873549700553e-07
1.2300000000025686	4.445277764775213e-07
1.2310000000025616	5.110243461725616e-07
1.2320000000025546	5.752233063205381e-07
1.2330000000025478	6.374358461069818e-07
1.2340000000025408	6.979824085373565e-07
1.2350000000025338	7.574004097232745e-07
1.236000000002527	8.159910952487692e-07
1.23700000000252	8.740143733199091e-07
1.238000000002513	9.314069249199974e-07
1.2390000000025063	9.880117100014019e-07
1.240000000002499	1.043755268437252e-06
1.2410000000024923	1.0985060937551694e-06
1.2420000000024853	1.1521200506958706e-06
1.2430000000024783	1.2044669400745889e-06
1.2440000000024716	1.2550599607363822e-06
1.2450000000024644	1.3035682586703956e-06
1.2460000000024576	1.3496895830966693e-06
1.2470000000024506	1.3932227687085685e-06
1.2480000000024436	1.4341354999114486e-06
1.2490000000024368	1.472241379807393e-06
1.2500000000024298	1.5075366683880986e-06
1.2510000000024228	1.540167658853342e-06
1.252000000002416	1.569860388017652e-06
1.253000000002409	1.5966224693464426e-06
1.254000000002402	1.6204522756968487e-06
1.2550000000023953	1.641101834204406e-06
1.256000000002388	1.6587728287609238e-06
1.2570000000023813	1.673986383621262e-06
1.2580000000023743	1.6870221226650273e-06
1.2590000000023673	1.6985185672391268e-06
1.2600000000023606	1.709064685107009e-06
1.2610000000023533	1.7186595124840665e-06
1.2620000000023466	1.727102670545655e-06
1.2630000000023396	1.7344528832063943e-06
1.2640000000023326	1.7406102890138442e-06
1.2650000000023258	1.7461469047352907e-06
1.2660000000023188	1.7512209516956645e-06
1.2670000000023118	1.755411384585237e-06
1.268000000002305	1.7586271880976057e-06
1.269000000002298	1.7602153230544815e-06
1.270000000002291	1.7599909610810371e-06
1.271000000002284	1.758049579025922e-06
1.272000000002277	1.7544688331039282e-06
1.2730000000022703	1.7493031675419601e-06
1.2740000000022633	1.7423230008750679e-06
1.2750000000022563	1.73336909770061e-06
1.2760000000022496	1.7223613472117094e-06
1.2770000000022423	1.7094081643520553e-06
1.2780000000022356	1.694799841134298e-06
1.2790000000022288	1.678903020385647e-06
1.2800000000022216	1.6617356641823733e-06
1.2810000000022148	1.6435273931802996e-06
1.2820000000022078	1.6246346847825777e-06
1.2830000000022008	1.6056528393537661e-06
1.2840000000021938	1.5867348005516035e-06
1.2850000000021868	1.5675705562490094e-06
1.28600000000218	1.5480006858581419e-06
1.287000000002173	1.5282052606702123e-06
1.288000000002166	1.5082718654024774e-06
1.2890000000021593	1.4879462686412381e-06
1.2900000000021523	1.4669460001170975e-06
1.2910000000021453	1.445064272687091e-06
1.2920000000021385	1.4220816071386366e-06
1.2930000000021313	1.3979782160777887e-06
1.2940000000021246	1.3727086058956672e-06
1.2950000000021178	1.3464683239483577e-06
1.2960000000021106	1.3192808163697833e-06
1.2970000000021038	1.2910710477376242e-06
1.2980000000020966	1.2618421277865721e-06
1.2990000000020898	1.231288184966317e-06
1.3000000000020828	1.1994022940386984e-06
1.3010000000020758	1.1660162013704678e-06
1.302000000002069	1.131346395899513e-06
1.303000000002062	1.095445807619555e-06
1.304000000002055	1.058584465529755e-06
1.3050000000020483	1.0210592249482175e-06
1.3060000000020413	9.828845615178494e-07
1.3070000000020343	9.440198870391825e-07
1.3080000000020275	9.041863170411446e-07
1.3090000000020205	8.629347687527655e-07
1.3100000000020136	8.199284557974806e-07
1.3110000000020068	7.753619216677166e-07
1.3120000000019996	7.295348907199184e-07
1.3130000000019928	6.82539989749209e-07
1.3140000000019856	6.34471307048301e-07
1.3150000000019788	5.853792863774743e-07
1.316000000001972	5.353068920355142e-07
1.3170000000019648	4.845443697387708e-07
1.318000000001958	4.3336628297030444e-07
1.319000000001951	3.8195698026655123e-07
1.320000000001944	3.303794195996801e-07
1.3210000000019373	2.7879003683395354e-07
1.3220000000019303	2.2731265847397708e-07
1.3230000000019233	1.7601258306410017e-07
1.3240000000019165	1.2494256762529687e-07
1.3250000000019095	7.434419591056951e-08
1.3260000000019025	2.4420417576997977e-08
1.3270000000018956	-2.471107340973333e-08
1.3280000000018886	-7.309761418383687e-08
1.3290000000018818	-1.208418072273787e-07
1.3300000000018748	-1.679670240672948e-07
1.3310000000018678	-2.1455819898541506e-07
1.332000000001861	-2.6074346282101146e-07
1.3330000000018538	-3.067388036903651e-07
1.334000000001847	-3.525959879624452e-07
1.33500000000184	-3.9826171915890995e-07
1.336000000001833	-4.4357383766069347e-07
1.3370000000018263	-4.882313837661911e-07
1.3380000000018193	-5.321025540183655e-07
1.3390000000018123	-5.750482845456872e-07
1.3400000000018053	-6.169486870266638e-07
1.3410000000017983	-6.575267450514843e-07
1.3420000000017915	-6.967091366050226e-07
1.3430000000017845	-7.343330705733564e-07
1.3440000000017776	-7.704082678472446e-07
1.3450000000017708	-8.050232203071772e-07
1.3460000000017638	-8.383419269897274e-07
1.3470000000017568	-8.705575025302892e-07
1.34800000000175	-9.016388895499716e-07
1.3490000000017428	-9.317592213342607e-07
1.350000000001736	-9.60862652998884e-07
1.3510000000017293	-9.888956982173625e-07
1.352000000001722	-1.0159867354087027e-06
1.3530000000017153	-1.0422875345028615e-06
1.354000000001708	-1.0680564166420936e-06
1.3550000000017013	-1.093384172978773e-06
1.3560000000016943	-1.11864279239704e-06
1.3570000000016873	-1.1441306813075869e-06
1.3580000000016805	-1.1698097415191455e-06
1.3590000000016735	-1.1954245107137496e-06
1.3600000000016665	-1.2206011092974478e-06
1.3610000000016598	-1.2451785689204797e-06
1.3620000000016528	-1.2694314643901805e-06
1.3630000000016458	-1.2934941371334219e-06
1.364000000001639	-1.3172892989743445e-06
1.3650000000016318	-1.3404507750447436e-06
1.366000000001625	-1.362481847566599e-06
1.367000000001618	-1.3830020426652823e-06
1.368000000001611	-1.4019702105905196e-06
1.3690000000016043	-1.4193506787663068e-06
1.370000000001597	-1.4351368051723767e-06
1.3710000000015903	-1.4491741608946285e-06
1.3720000000015833	-1.460998367397437e-06
1.3730000000015763	-1.470702274630753e-06
1.3740000000015695	-1.4784354349650641e-06
1.3750000000015625	-1.4845715385902736e-06
1.3760000000015555	-1.4892670214816661e-06
1.3770000000015488	-1.4927946341281029e-06
1.3780000000015418	-1.4955651930215197e-06
1.3790000000015348	-1.4974599877870531e-06
1.3800000000015278	-1.498476156713835e-06
1.3810000000015208	-1.498944920186318e-06
1.382000000001514	-1.4994095012266229e-06
1.383000000001507	-1.500153831601736e-06
1.3840000000015	-1.5009326881365581e-06
1.3850000000014933	-1.5010894138800523e-06
1.386000000001486	-1.5003280835479416e-06
1.3870000000014793	-1.4985060223793312e-06
1.3880000000014725	-1.495392866646128e-06
1.3890000000014653	-1.4906663308167367e-06
1.3900000000014585	-1.4834133175156694e-06
1.3910000000014515	-1.4733246973541725e-06
1.3920000000014445	-1.4601518720791518e-06
1.3930000000014378	-1.4444249369915951e-06
1.3940000000014305	-1.4266628141079707e-06
1.3950000000014238	-1.407472849601632e-06
1.3960000000014168	-1.3875387727679822e-06
1.3970000000014098	-1.3674718044587308e-06
1.398000000001403	-1.3472509514667053e-06
1.399000000001396	-1.326810938007128e-06
1.400000000001389	-1.3058743668636907e-06
1.4010000000013823	-1.2842569678817028e-06
1.4020000000013753	-1.2614324083060069e-06
1.4030000000013683	-1.2374738933562668e-06
1.4040000000013615	-1.2126826676173152e-06
1.4050000000013543	-1.1870007463610222e-06
1.4060000000013475	-1.1604052578828572e-06
1.4070000000013405	-1.1330049531910191e-06
1.4080000000013335	-1.10488318605384e-06
1.4090000000013267	-1.0761333208986201e-06
1.4100000000013195	-1.0470051403643765e-06
1.4110000000013128	-1.0177770857211499e-06
1.4120000000013058	-9.886667786673797e-07
1.4130000000012988	-9.598275951816504e-07
1.414000000001292	-9.315764673001325e-07
1.415000000001285	-9.041497708306423e-07
1.416000000001278	-8.773969415454275e-07
1.4170000000012712	-8.507726572126728e-07
1.4180000000012642	-8.238782429614844e-07
1.4190000000012573	-7.963576302838504e-07
1.4200000000012505	-7.680358529160713e-07
1.4210000000012433	-7.387222105137425e-07
1.4220000000012365	-7.083638651206314e-07
1.4230000000012293	-6.772364997686964e-07
1.4240000000012225	-6.454167267300193e-07
1.4250000000012157	-6.130157170769479e-07
1.4260000000012085	-5.799453997035187e-07
1.4270000000012018	-5.459449305966757e-07
1.4280000000011948	-5.108703988732088e-07
1.4290000000011878	-4.746602613181494e-07
1.430000000001181	-4.3745201772082964e-07
1.431000000001174	-3.9979247823396236e-07
1.432000000001167	-3.620467876608302e-07
1.4330000000011602	-3.2445070563547063e-07
1.4340000000011532	-2.871638185020231e-07
1.4350000000011462	-2.505118577023069e-07
1.4360000000011393	-2.1461939314626477e-07
1.4370000000011323	-1.7946205721486308e-07
1.4380000000011255	-1.4501940714950479e-07
1.4390000000011185	-1.1113398579176703e-07
1.4400000000011115	-7.773509591579852e-08
1.4410000000011047	-4.4759521644621714e-08
1.4420000000010975	-1.2092312040579145e-08
1.4430000000010907	2.0493211017047486e-08
1.4440000000010837	5.320784879359053e-08
1.4450000000010768	8.620085312216474e-08
1.44600000000107	1.193201597526894e-07
1.447000000001063	1.5243311879409305e-07
1.448000000001056	1.8536840440397384e-07
1.449000000001049	2.181582405835769e-07
1.450000000001042	2.5071407605548046e-07
1.4510000000010352	2.830457950242504e-07
1.4520000000010282	3.1488120888489846e-07
1.4530000000010213	3.4603208420858067e-07
1.4540000000010145	3.763997052930179e-07
1.4550000000010075	4.060625071744539e-07
1.4560000000010005	4.3534740812312123e-07
1.4570000000009937	4.6440413070669706e-07
1.4580000000009865	4.931517821882281e-07
1.4590000000009797	5.214078071524852e-07
1.460000000000973	5.48887997497971e-07
1.4610000000009657	5.752704496098104e-07
1.462000000000959	6.005662918084909e-07
1.4630000000009518	6.250753645797857e-07
1.464000000000945	6.492326163343165e-07
1.465000000000938	6.730918334918456e-07
1.466000000000931	6.966714838352317e-07
1.4670000000009242	7.197472935427385e-07
1.4680000000009172	7.420750026687628e-07
1.4690000000009102	7.636674068667304e-07
1.4700000000009035	7.846194979288512e-07
1.4710000000008965	8.048832418339202e-07
1.4720000000008895	8.244846736449318e-07
1.4730000000008827	8.434582665639567e-07
1.4740000000008757	8.619129918674417e-07
1.4750000000008687	8.801051180062913e-07
1.476000000000862	8.981256618412203e-07
1.4770000000008547	9.159531921820729e-07
1.478000000000848	9.333355049934156e-07
1.4790000000008408	9.500351777491645e-07
1.480000000000834	9.65967818400415e-07
1.4810000000008272	9.814257102558344e-07
1.48200000000082	9.965755938257104e-07
1.4830000000008132	1.011595323507919e-06
1.4840000000008062	1.0265119438912507e-06
1.4850000000007992	1.0413467625980388e-06
1.4860000000007925	1.0560594410069513e-06
1.4870000000007855	1.0706410649152787e-06
1.4880000000007785	1.0849031983894974e-06
1.4890000000007717	1.0987201489731646e-06
1.4900000000007645	1.111612569326681e-06
1.4910000000007577	1.1236172390294286e-06
1.4920000000007507	1.134312849648822e-06
1.4930000000007437	1.1439035321192392e-06
1.494000000000737	1.1523406362456967e-06
1.49500000000073	1.1596296849436527e-06
1.496000000000723	1.1659897019011822e-06
1.497000000000716	1.1716978938203226e-06
1.498000000000709	1.1771886545552945e-06
1.4990000000007022	1.1823693537582614e-06
1.5000000000006952	1.1868785252389102e-06
1.5010000000006882	1.1904390704309264e-06
1.5020000000006815	1.192813022354855e-06
1.5030000000006745	1.1942232229777971e-06
1.5040000000006675	1.1946694540299063e-06
1.5050000000006605	1.1944004895125815e-06
1.5060000000006535	1.1935782225913627e-06
1.5070000000006467	1.1923751781495184e-06
1.5080000000006397	1.1909726895797945e-06
1.5090000000006327	1.1896042672043805e-06
1.5100000000006257	1.1881765011878542e-06
1.5110000000006187	1.186655410601034e-06
1.512000000000612	1.1848907957023869e-06
1.513000000000605	1.1827521904095306e-06
1.514000000000598	1.1802708751451618e-06
1.5150000000005912	1.1774706116796096e-06
1.5160000000005842	1.174600139486337e-06
1.5170000000005772	1.1718712698005618e-06
1.5180000000005702	1.169337179529606e-06
1.5190000000005632	1.166831736898466e-06
1.5200000000005565	1.1641408695917121e-06
1.5210000000005495	1.1608328112089339e-06
1.5220000000005425	1.156761164411435e-06
1.5230000000005357	1.1516965752189634e-06
1.5240000000005285	1.1458517059637074e-06
1.5250000000005217	1.1393977938922717e-06
1.5260000000005147	1.1325529716277316e-06
1.5270000000005077	1.1253465811433827e-06
1.528000000000501	1.1179459324939245e-06
1.529000000000494	1.110317773611591e-06
1.530000000000487	1.1023942644294848e-06
1.53100000000048	1.094207744523068e-06
1.532000000000473	1.085942125778061e-06
1.5330000000004662	1.0776762773279103e-06
1.5340000000004592	1.069497747807624e-06
1.5350000000004522	1.0614222335503243e-06
1.5360000000004455	1.053384701465987e-06
1.5370000000004385	1.0451504658393063e-06
1.5380000000004315	1.0360936097963958e-06
1.5390000000004245	1.0255416295068542e-06
1.5400000000004175	1.0134155160601566e-06
1.5410000000004107	9.997744803147413e-07
1.5420000000004037	9.849240651949032e-07
1.5430000000003967	9.694655040970446e-07
1.5440000000003897	9.54319447687979e-07
1.5450000000003827	9.405577847676483e-07
1.546000000000376	9.281177966169452e-07
1.547000000000369	9.162112131200217e-07
1.548000000000362	9.036280836927091e-07
1.549000000000355	8.899220731439783e-07
1.5500000000003482	8.75347576867469e-07
1.5510000000003412	8.597111844643734e-07
1.5520000000003342	8.439946641569662e-07
1.5530000000003272	8.290778991115744e-07
1.5540000000003205	8.156540838299975e-07
1.5550000000003135	8.037499135138404e-07
1.5560000000003065	7.930438561398745e-07
1.5570000000002997	7.828632224704535e-07
1.5580000000002925	7.725605212227649e-07
1.5590000000002857	7.6162334183838e-07
1.5600000000002787	7.494143791086927e-07
1.5610000000002717	7.359395203243579e-07
1.5620000000002647	7.213944811512718e-07
1.5630000000002577	7.064770350950766e-07
1.564000000000251	6.91532717755905e-07
1.565000000000244	6.771492068180507e-07
1.566000000000237	6.635918591291201e-07
1.5670000000002302	6.509244219188304e-07
1.5680000000002232	6.39149775327752e-07
1.5690000000002162	6.282162456905382e-07
1.5700000000002092	6.177831139986267e-07
1.5710000000002025	6.078830105948896e-07
1.5720000000001955	5.988161402292747e-07
1.5730000000001885	5.905792513916097e-07
1.5740000000001815	5.832515330705945e-07
1.5750000000001747	5.769914215303373e-07
1.5760000000001675	5.717620051859384e-07
1.5770000000001607	5.671894274250633e-07
1.5780000000001537	5.627020399634475e-07
1.5790000000001467	5.57968756753624e-07
1.58000000000014	5.52930272457175e-07
1.581000000000133	5.472617417012771e-07
1.582000000000126	5.404260103869518e-07
1.583000000000119	5.317336907451065e-07
1.584000000000112	5.210580007464216e-07
1.5850000000001052	5.08146040134605e-07
1.5860000000000982	4.932629945608724e-07
1.5870000000000912	4.768251870013174e-07
1.5880000000000845	4.5956136218716637e-07
1.5890000000000775	4.419320720483455e-07
1.5900000000000705	4.2440224023998496e-07
1.5910000000000635	4.0713509208423204e-07
1.5920000000000565	3.9034360821421643e-07
1.5930000000000497	3.7419704379537677e-07
1.5940000000000427	3.5916501195387696e-07
1.5950000000000357	3.4545684080011796e-07
1.5960000000000287	3.333851228415341e-07
1.5970000000000217	3.2247890957570746e-07
1.598000000000015	3.129738790352832e-07
1.599000000000008	3.047014760504396e-07
1.600000000000001	2.97229183487957e-07
1.6009999999999942	2.9026404835263975e-07
1.6019999999999872	2.833463791374058e-07
1.6029999999999802	2.7663977109071425e-07
1.6039999999999732	2.701641816926781e-07
1.6049999999999662	2.6390513130358784e-07
1.6059999999999595	2.5784606183520964e-07
1.6069999999999525	2.5182699103787343e-07
1.6079999999999455	2.4562456202303906e-07
1.6089999999999387	2.394072416977977e-07
1.6099999999999315	2.3327808396089722e-07
1.6109999999999247	2.2735036009358112e-07
1.6119999999999177	2.2153191059359756e-07
1.6129999999999107	2.157893979060077e-07
1.6139999999999037	2.1009772133151472e-07
1.614999999999897	2.0462086991468453e-07
1.61599999999989	1.9970769149502132e-07
1.616999999999883	1.9548360485899252e-07
1.617999999999876	1.9228035430529644e-07
1.6189999999998692	1.9006002249799536e-07
1.6199999999998622	1.888144723904972e-07
1.6209999999998552	1.8828620984567834e-07
1.6219999999998485	1.8825448022674607e-07
1.6229999999998415	1.8835567583419532e-07
1.6239999999998345	1.8828433101525377e-07
1.6249999999998275	1.878629141138788e-07
1.6259999999998205	1.8684518665601502e-07
1.6269999999998137	1.8513993116364702e-07
1.6279999999998067	1.8275189717087414e-07
1.6289999999997997	1.7966647525291535e-07
1.6299999999997927	1.7588780476529564e-07
1.6309999999997857	1.7151115949687323e-07
1.631999999999779	1.6649467393659023e-07
1.632999999999772	1.607856375818173e-07
1.633999999999765	1.5440208667172328e-07
1.634999999999758	1.4765846323427922e-07
1.6359999999997512	1.4104666612446692e-07
1.6369999999997442	1.3468397830340706e-07
1.6379999999997372	1.28355365447419e-07
1.6389999999997302	1.2190942100254176e-07
1.6399999999997235	1.1546728218014835e-07
1.6409999999997165	1.092572122773916e-07
1.6419999999997095	1.035829290119139e-07
1.6429999999997025	9.892216024098843e-08
1.6439999999996955	9.515234644652537e-08
1.6449999999996887	9.17052768167892e-08
1.6459999999996817	8.836975429193927e-08
1.6469999999996747	8.513214100336342e-08
1.6479999999996677	8.210501889482913e-08
1.6489999999996607	7.922932887538536e-08
1.649999999999654	7.629889475779805e-08
1.650999999999647	7.337228569159748e-08
1.65199999999964	7.056257356197193e-08
1.6529999999996332	6.798659402118545e-08
1.6539999999996262	6.593528500964396e-08
1.6549999999996192	6.428329779595288e-08
1.6559999999996122	6.281776776528858e-08
1.6569999999996052	6.078707581735898e-08
1.6579999999995985	5.727608498595771e-08
1.6589999999995915	5.195071606234336e-08
1.6599999999995845	4.4991498526769647e-08
1.6609999999995777	3.663740022474826e-08
1.6619999999995705	2.712279612016033e-08
1.6629999999995637	1.6625152365890017e-08
1.6639999999995567	5.1831957614822954e-09
1.6649999999995497	-6.752856274161445e-09
1.665999999999543	-1.9033313591876322e-08
1.666999999999536	-3.1518271326191893e-08
1.667999999999529	-4.417027343883717e-08
1.668999999999522	-5.7202832692837546e-08
1.669999999999515	-7.054408035500614e-08
1.6709999999995082	-8.43734695443743e-08
1.6719999999995012	-9.880725415634117e-08
1.6729999999994942	-1.138664003086376e-07
1.6739999999994875	-1.2941811000644066e-07
1.6749999999994805	-1.4521991609228735e-07
1.6759999999994735	-1.6126063551169523e-07
1.6769999999994665	-1.7730936385795815e-07
1.6779999999994595	-1.930944601991058e-07
1.6789999999994527	-2.084983283801023e-07
1.6799999999994457	-2.2323352411035557e-07
1.6809999999994387	-2.3733287424221317e-07
1.6819999999994317	-2.509375103265654e-07
1.6829999999994247	-2.6406754116692355e-07
1.683999999999418	-2.769405305080852e-07
1.684999999999411	-2.8932075868404183e-07
1.685999999999404	-3.011894740279075e-07
1.6869999999993972	-3.1269124001198634e-07
1.6879999999993902	-3.2376177405701867e-07
1.6889999999993832	-3.3428188284112537e-07
1.6899999999993762	-3.4415167338153196e-07
1.6909999999993692	-3.534692170070741e-07
1.6919999999993625	-3.619931761011941e-07
1.6929999999993555	-3.6970159866811514e-07
1.6939999999993485	-3.765518064025031e-07
1.6949999999993415	-3.827705359338296e-07
1.6959999999993345	-3.8870113416855645e-07
1.6969999999993277	-3.9429512077582274e-07
1.6979999999993207	-3.995552608770936e-07
1.6989999999993137	-4.045089343485131e-07
1.6999999999993067	-4.094322751946322e-07
1.7009999999993	-4.1446322196492247e-07
1.701999999999293	-4.1957161189820624e-07
1.702999999999286	-4.2474359984723264e-07
1.703999999999279	-4.3020625395406853e-07
1.7049999999992722	-4.3609584987613914e-07
1.7059999999992652	-4.4289772493932844e-07
1.7069999999992582	-4.507258710706452e-07
1.7079999999992515	-4.594917020206424e-07
1.7089999999992442	-4.691926096533905e-07
1.7099999999992375	-4.794002266272912e-07
1.7109999999992305	-4.895888539024895e-07
1.7119999999992235	-4.999204765709919e-07
1.7129999999992167	-5.103380555926407e-07
1.7139999999992095	-5.205769235683277e-07
1.7149999999992027	-5.302596866041398e-07
1.7159999999991957	-5.389511588127505e-07
1.7169999999991887	-5.466267400944247e-07
1.717999999999182	-5.533563740556247e-07
1.718999999999175	-5.590008347322595e-07
1.719999999999168	-5.635036681717054e-07
1.720999999999161	-5.670357652309832e-07
1.721999999999154	-5.697126228554339e-07
1.7229999999991472	-5.718490254658093e-07
1.7239999999991402	-5.734635450949099e-07
1.7249999999991332	-5.747386064847149e-07
1.7259999999991265	-5.75656695644966e-07
1.7269999999991195	-5.762018653321377e-07
1.7279999999991125	-5.763376893508365e-07
1.7289999999991055	-5.760147532285487e-07
1.7299999999990985	-5.753417262610583e-07
1.7309999999990917	-5.742708872880087e-07
1.7319999999990847	-5.727205496519616e-07
1.7329999999990777	-5.708815393745681e-07
1.7339999999990707	-5.690630646704165e-07
1.7349999999990655	-5.673058187660729e-07
1.7359999999990614	-5.654734247517723e-07
1.7369999999990573	-5.632401822719402e-07
1.7379999999990532	-5.60346040678894e-07
1.7389999999990489	-5.566799203826633e-07
1.7399999999990448	-5.521623172022316e-07
1.7409999999990406	-5.463309855624487e-07
1.7419999999990363	-5.394676467762594e-07
1.7429999999990322	-5.314205091533353e-07
1.743999999999028	-5.22360819488199e-07
1.744999999999024	-5.120310144768325e-07
1.74599999999902	-5.006857639600071e-07
1.7469999999990156	-4.886770996748169e-07
1.7479999999990115	-4.764731020845403e-07
1.7489999999990071	-4.644475581905283e-07
1.749999999999003	-4.528739900866441e-07
1.7509999999990045	-4.417830388181443e-07
1.751999999999006	-4.311959465042037e-07
1.7529999999990071	-4.2108551445707576e-07
1.7539999999990086	-4.113034286490347e-07
1.75499999999901	-4.018479373701922e-07
1.7559999999990115	-3.9251282846208824e-07
1.756999999999013	-3.8298691396043694e-07
1.7579999999990141	-3.7330881541564054e-07
1.7589999999990156	-3.6373948408829904e-07
1.759999999999017	-3.5442489654258225e-07
1.7609999999990182	-3.451834744705451e-07
1.7619999999990197	-3.355663764637029e-07
1.7629999999990211	-3.253925724422402e-07
1.7639999999990226	-3.1484157814176683e-07
1.7649999999990238	-3.0427214348094367e-07
1.7659999999990263	-2.9372475807143417e-07
1.7669999999990305	-2.831893439747546e-07
1.7679999999990346	-2.726902978977819e-07
1.7689999999990387	-2.6224395144325285e-07
1.769999999999043	-2.517619870356924e-07
1.7709999999990471	-2.410226938032167e-07
1.7719999999990512	-2.2990778481002394e-07
1.7729999999990556	-2.1852880749406722e-07
1.7739999999990597	-2.0687329582713687e-07
1.7749999999990638	-1.9487233493542533e-07
1.7759999999990679	-1.827936215725856e-07
1.776999999999072	-1.7057859191815794e-07
1.7779999999990763	-1.581405244532874e-07
1.7789999999990804	-1.4534721426429087e-07
1.7799999999990845	-1.3219615713211397e-07
1.7809999999990886	-1.1914154485204165e-07
1.781999999999093	-1.065840553593489e-07
1.782999999999097	-9.417398461053494e-08
1.7839999999991012	-8.15372724893848e-08
1.7849999999991053	-6.882934089347259e-08
1.7859999999991096	-5.614037568157926e-08
1.7869999999991137	-4.3690934869999865e-08
1.7879999999991179	-3.154082994782925e-08
1.788999999999122	-1.943981486896007e-08
1.789999999999126	-7.208912133904732e-09
1.7909999999991304	4.9033839211176655e-09
1.7919999999991345	1.680124328551358e-08
1.7929999999991386	2.782229124864699e-08
1.7939999999991427	3.811442095269513e-08
1.794999999999147	4.766747263573734e-08
1.7959999999991512	5.683996207039854e-08
1.7969999999991553	6.602349877926628e-08
1.7979999999991594	7.50403919003162e-08
1.7989999999991637	8.386780547819939e-08
1.7999999999991678	9.181377258471457e-08
1.800999999999172	9.901915754007007e-08
1.801999999999176	1.0533596628281572e-07
1.8029999999991801	1.1064488336653966e-07
1.8039999999991845	1.1534528354673057e-07
1.8049999999991886	1.195204909487657e-07
1.8059999999991927	1.228823145460467e-07
1.8069999999991968	1.2546979899497046e-07
1.8079999999992011	1.2797498782912697e-07
1.8089999999992052	1.3108985918997007e-07
1.8099999999992094	1.3526604814018128e-07
1.8109999999992135	1.4012616578185089e-07
1.8119999999992178	1.4507233014882104e-07
1.812999999999222	1.4972229867016296e-07
1.813999999999226	1.5392005670022968e-07
1.8149999999992301	1.5783698359417286e-07
1.8159999999992344	1.623056713473403e-07
1.8169999999992386	1.6749203801680324e-07
1.8179999999992427	1.7342361402494788e-07
1.8189999999992468	1.803942872857789e-07
1.819999999999251	1.8790606248764163e-07
1.8209999999992552	1.9534324358083666e-07
1.8219999999992593	2.0273857848085441e-07
1.8229999999992634	2.100780684965997e-07
1.8239999999992675	2.1717920939412494e-07
1.8249999999992719	2.2401553390061224e-07
1.825999999999276	2.3107106184028225e-07
1.82699999999928	2.383585535614685e-07
1.8279999999992842	2.4575921120373323e-07
1.8289999999992885	2.531323113341699e-07
1.8299999999992926	2.6062915425839606e-07
1.8309999999992967	2.684932906005244e-07
1.8319999999993009	2.768905214001194e-07
1.8329999999993052	2.860316222763615e-07
1.8339999999993093	2.961839651316467e-07
1.8349999999993134	3.0702650177794055e-07
1.8359999999993175	3.179503428318853e-07
1.8369999999993218	3.283198953818456e-07
1.837999999999326	3.37957670404343e-07
1.83899999999933	3.471826746093143e-07
1.8399999999993342	3.560441110828094e-07
1.8409999999993385	3.642213364241087e-07
1.8419999999993426	3.7213250991818825e-07
1.8429999999993467	3.802081711690164e-07
1.8439999999993508	3.88699788356206e-07
1.844999999999355	3.982509853006633e-07
1.8459999999993593	4.089426515196948e-07
1.8469999999993634	4.2023822832693014e-07
1.8479999999993675	4.320509505717496e-07
1.8489999999993716	4.44526450538163e-07
1.849999999999376	4.571065260750018e-07
1.85099999999938	4.7001448244543553e-07
1.8519999999993841	4.831008982852936e-07
1.8529999999993882	4.953111636396557e-07
1.8539999999993926	5.053420177869583e-07
1.8549999999993967	5.131191982421512e-07
1.8559999999994008	5.193391846569639e-07
1.856999999999405	5.243303953239575e-07
1.857999999999409	5.284606763300559e-07
1.8589999999994133	5.323707303883651e-07
1.8599999999994175	5.364571320498612e-07
1.8609999999994216	5.407215772912366e-07
1.861999999999426	5.453637968999558e-07
1.86299999999943	5.508371490048347e-07
1.863999999999434	5.57252555433152e-07
1.8649999999994382	5.648867424934423e-07
1.8659999999994423	5.737598043342729e-07
1.8669999999994467	5.838696846005575e-07
1.8679999999994508	5.948550705348055e-07
1.8689999999994549	6.062462398759294e-07
1.869999999999459	6.177756478598084e-07
1.870999999999463	6.290843095335674e-07
1.8719999999994674	6.398053602474363e-07
1.8729999999994715	6.486828287854962e-07
1.8739999999994756	6.553077012139141e-07
1.87499999999948	6.594539895266038e-07
1.875999999999484	6.612194319854936e-07
1.8769999999994882	6.610321310329681e-07
1.8779999999994923	6.591109726894473e-07
1.8789999999994964	6.555182111567248e-07
1.8799999999995007	6.51091642822621e-07
1.8809999999995048	6.463916444321427e-07
1.881999999999509	6.423443330572098e-07
1.882999999999513	6.394319664870807e-07
1.8839999999995174	6.377795298551092e-07
1.8849999999995215	6.380751638168647e-07
1.8859999999995256	6.398819566433289e-07
1.8869999999995297	6.427489469551517e-07
1.887999999999534	6.464462787292291e-07
1.8889999999995382	6.508016117123816e-07
1.8899999999995423	6.557037599552729e-07
1.8909999999995464	6.611231651021399e-07
1.8919999999995505	6.669005948589657e-07
1.8929999999995548	6.728923462873126e-07
1.893999999999559	6.791698825558967e-07
1.894999999999563	6.858390372288525e-07
1.8959999999995671	6.927390510114151e-07
1.8969999999995715	6.993607613026143e-07
1.8979999999995756	7.055956242618677e-07
1.8989999999995797	7.115243336741628e-07
1.8999999999995838	7.169482176827557e-07
1.9009999999995881	7.217228318312507e-07
1.9019999999995922	7.256291680857174e-07
1.9029999999995963	7.286373968629078e-07
1.9039999999996005	7.305972239413094e-07
1.9049999999996048	7.310388722148176e-07
1.905999999999609	7.30289620110014e-07
1.906999999999613	7.288019818751934e-07
1.9079999999996171	7.269511801410999e-07
1.9089999999996214	7.246856261744483e-07
1.9099999999996256	7.217770867651296e-07
1.9109999999996297	7.183492384266188e-07
1.9119999999996338	7.147434264442865e-07
1.9129999999996379	7.108750074147352e-07
1.9139999999996422	7.069623394473368e-07
1.9149999999996463	7.033100910547319e-07
1.9159999999996504	6.992971389729874e-07
1.9169999999996545	6.942192745107434e-07
1.9179999999996589	6.879722543873257e-07
1.918999999999663	6.810870414319936e-07
1.919999999999667	6.729585994014187e-07
1.9209999999996712	6.642452428096135e-07
1.9219999999996755	6.55243719061005e-07
1.9229999999996796	6.458146838417278e-07
1.9239999999996837	6.362824405137246e-07
1.9249999999996878	6.281423736709257e-07
1.9259999999996922	6.207913201272675e-07
1.9269999999996963	6.140095162310288e-07
1.9279999999997004	6.093078182001221e-07
1.9289999999997045	6.054771433117168e-07
1.9299999999997088	6.024862344577997e-07
1.930999999999713	6.000655472515604e-07
1.931999999999717	5.988448714688843e-07
1.9329999999997212	5.987180583533203e-07
1.9339999999997253	5.986457858320193e-07
1.9349999999997296	5.980551536222123e-07
1.9359999999997337	5.96949168651939e-07
1.9369999999997378	5.95509320522325e-07
1.937999999999742	5.929741244692366e-07
1.9389999999997463	5.89736601219748e-07
1.9399999999997504	5.858501674893546e-07
1.9409999999997545	5.818583543870659e-07
1.9419999999997586	5.765510133759477e-07
1.942999999999763	5.697143923288905e-07
1.943999999999767	5.617503096022602e-07
1.9449999999997711	5.52946171739066e-07
1.9459999999997752	5.429026233016998e-07
1.9469999999997794	5.316101437946585e-07
1.9479999999997837	5.183690573451472e-07
1.9489999999997878	5.038846979665834e-07
1.949999999999792	4.909911551775892e-07
1.950999999999796	4.795873006502305e-07
1.9519999999998003	4.675953505506314e-07
1.9529999999998044	4.544161246178291e-07
1.9539999999998086	4.4211002858673965e-07
1.9549999999998127	4.303681200301668e-07
1.955999999999817	4.16994708540841e-07
1.956999999999821	4.011489855848538e-07
1.9579999999998252	3.8411470515420376e-07
1.9589999999998293	3.6660335478444495e-07
1.9599999999998337	3.4947713001276526e-07
1.9609999999998378	3.330662061706846e-07
1.9619999999998419	3.172506304327527e-07
1.962999999999846	3.0269313744391013e-07
1.9639999999998503	2.893838665363191e-07
1.9649999999998544	2.770977919341888e-07
1.9659999999998585	2.6612530612535323e-07
1.9669999999998626	2.556170810574798e-07
1.9679999999998667	2.443811767394166e-07
1.968999999999871	2.3134746762742964e-07
1.9699999999998752	2.1701618124758681e-07
1.9709999999998793	2.013884647933395e-07
1.9719999999998834	1.870772419199085e-07
1.9729999999998877	1.766825015181439e-07
1.9739999999998918	1.6916031930769293e-07
1.974999999999896	1.606444185453526e-07
1.9759999999999	1.5043815304593977e-07
1.9769999999999044	1.39844417601509e-07
1.9779999999999085	1.3073529225859915e-07
1.9789999999999126	1.2167691432196648e-07
1.9799999999999167	1.1270991462364321e-07
1.980999999999921	1.0363101288213272e-07
1.9819999999999252	9.29913379632552e-08
1.9829999999999293	7.930517442744645e-08
1.9839999999999334	6.221879467194213e-08
1.9849999999999375	4.393268127067529e-08
1.9859999999999418	2.6644268569242513e-08
1.986999999999946	1.0962670327074875e-08
1.98799999999995	-3.555799210630539e-09
1.9889999999999541	-1.77342269758185e-08
1.9899999999999585	-3.2113547376866336e-08
1.9909999999999626	-4.666684949583555e-08
1.9919999999999667	-6.229810578517458e-08
1.9929999999999708	-7.844447025284751e-08
1.9939999999999751	-9.463077166316225e-08
1.9949999999999792	-1.1120413834220244e-07
1.9959999999999833	-1.2756144451842033e-07
1.9969999999999875	-1.4215993848765152e-07
1.9979999999999918	-1.5617307336235342e-07
1.998999999999996	-1.6680805514646124e-07
2.0	-1.7457558088018743e-07
2.0010279404845495	-1.8215416996980593e-07
2.0021217900815715	-1.9298219622321255e-07
2.0032857751923165	-2.066137161360615e-07
2.004524391841744	-2.2463000637351627e-07
2.005842426366887	-2.4512446628044415e-07
2.007244970197923	-2.70347601860621e-07
2.0087374418720856	-3.0124011107801607e-07
2.0103256076664273	-3.315300647344088e-07
2.0120156028936726	-3.612912551353986e-07
2.013813957200875	-3.855930690299658e-07
2.0157276178435577	-4.0208651141959706e-07
2.0177639781367303	-4.157944817340109e-07
2.019930905358886	-4.432899260997658e-07
2.0222367711443985	-5.01358797366791e-07
2.024690484011897	-5.651649352955701e-07
2.027301523572695	-6.308858684356267e-07
2.0300799770731848	-6.857632244283707e-07
2.033036578410754	-7.321048840491784e-07
2.036182751117039	-7.807667681269947e-07
2.039530649180409	-8.528153567777252e-07
2.043093206833892	-9.366297084589803e-07
2.046884188175661	-1.0119092264115892e-06
2.050918238233338	-1.0800362888474524e-06
2.0552109433735133	-1.1414123246566987e-06
2.059778886913171	-1.1979838592246494e-06
2.0646397170403086	-1.2432127474149013e-06
2.0698122132469665	-1.2642128004447528e-06
2.0753163565584574	-1.2417362595940062e-06
2.081173414838828	-1.2154323874025152e-06
2.0874060143976347	-1.1496626763918272e-06
2.094038234979271	-1.0124129441457796e-06
2.1010956980169606	-8.356116711905059e-07
2.1086056699538682	-6.465502671026968e-07
2.116597165034399	-4.3619611433953764e-07
2.125101056786564	-2.1670031702392123e-07
2.1341501990307465	1.9294854824991603e-08
2.143779554474847	2.3800481530056317e-07
2.1540263207146424	4.1020192598217875e-07
2.1649300857539027	4.875288005523615e-07
2.1765329774064615	5.01468487401624e-07
2.1888798204423576	5.818814322600119e-07
2.2020183144046843	6.336327931233399e-07
2.2159992202680474	5.295946781114225e-07
2.2308765524295735	5.205584031608979e-07
2.246707783705272	6.314513472105432e-07
2.263554079768369	7.387405798198188e-07
2.2814805235907363	7.286970371556123e-07
2.3005563724108544	5.465596799592021e-07
2.320855322320133	3.717296791494462e-07
2.3424557929209753	1.7725185497141638e-07
2.3654412374910825	7.171849669695973e-09
2.389900455657507	-1.213236437980214e-07
2.41592795027163	-1.6425921645080166e-07
2.44362426638729	-8.775586790576995e-08
2.473096411506492	2.0149648172207435e-08
2.5044582437089975	6.797415208481539e-08
2.537830924630887	2.523965880740775e-08
2.5733433911797423	-5.3806060940075895e-08
2.611132843166974	8.00952852930692e-08
2.6513452603475027	4.0846172888464594e-08
2.6941360153529494	5.1528898703523396e-08
2.739670418177515	1.958582100947126e-07
2.788124380079947	1.9932488470875143e-07
2.839685109337027	1.6386824774894393e-07
2.894551789617174	7.769289200876273e-08
2.9529364084026577	-3.0054454502881356e-07
3.0150645170164534	-3.6968940264614503e-07
3.0811761422888653	-1.2573874497157078e-07
3.1515266965252042	8.302494269862848e-08
3.226387989377641	-1.0129724747898194e-07
3.30604919671757	-1.2959591666472647e-07
3.39081811677136	4.497869043884606e-08
3.4810222154328754	-1.0231829872253684e-07
3.577010018652917	-4.4262725706900596e-07
3.6791523315125145	-4.1214776347331394e-07
3.7878438030764574	-8.888539460016887e-08
3.9035043177534527	3.7182819068171113e-07
4.02658072998157	1.291499239775007e-07
4.157548527011607	-2.3373436874862819e-07
4.296913682346355	-1.0836119868073979e-07
4.445214635465608	2.806488987872058e-07
4.603024347307951	-1.5263463337689132e-07
4.770952424745148	-2.970914654287782e-07
4.9496476786701376	-2.1486955992244816e-08
5.139800459354712	-6.316947542828188e-08
5.342145448462832	-8.081248004110364e-08
5.557464321076707	-2.8799241880150817e-07
5.786588991858403	-1.147295378700619e-07
6.03040459644804	2.774835416996524e-08
6.289853138906711	-3.760971312161132e-08
6.565936951835777	-7.923041422941424e-08
6.859722633511745	-1.947162631132926e-08
7.172345245053396	4.758934735171749e-08
7.505012494394354	-1.9371648063426505e-08
7.859009576011049	-1.2313048358691958e-08
8.23570422033976	2.2665189280957065e-08
8.636551628113326	1.6687056514363974e-08
9.063100564489073	4.9692711945326096e-08
9.516998831091398	1.960995454908243e-08
10.0	-1.1759471174599412e-08
