0.0	0.4243916480479971
0.0010000000000041087	0.4243848339608961
0.0020000000000082174	0.4243669693907989
0.003000000000012548	0.4243381072587953
0.004000000000016657	0.42429853099941395
0.005000000000020766	0.424246971315243
0.006000000000024874	0.42418465075185496
0.007000000000029205	0.4241107015414465
0.008000000000033314	0.4240254146916056
0.009000000000037423	0.42392918759286935
0.010000000000041753	0.42382132503548975
0.011000000000045862	0.4237021877247481
0.01200000000004997	0.42357187272425834
0.01300000000005408	0.42343002264768415
0.01400000000005841	0.42327735605470396
0.015000000000062519	0.4231132875242021
0.016000000000066406	0.4229375209915134
0.017000000000070736	0.42275104023559484
0.018000000000074845	0.4225533399077923
0.019000000000078954	0.42234410292488833
0.020000000000083062	0.4221239450051306
0.021000000000087393	0.42189250491050356
0.022000000000091502	0.4216498189539115
0.02300000000009561	0.42139656740569087
0.02400000000009972	0.4211313643540333
0.02500000000010405	0.42085573893114536
0.02600000000010816	0.420568950794851
0.027000000000112268	0.420270810313513
0.0280000000001166	0.41996181966523816
0.029000000000120707	0.4196421432742039
0.030000000000124816	0.4193111029842548
0.031000000000128924	0.4189692313924014
0.032000000000133255	0.41861663432997187
0.033000000000137364	0.41825285525451306
0.03400000000014147	0.4178784667254425
0.0350000000001458	0.41749333156384183
0.03600000000014991	0.41709713971068374
0.03700000000015402	0.4166903800027506
0.03800000000015813	0.4162728799195413
0.03900000000016246	0.41584486013890554
0.04000000000016657	0.41540586253672807
0.04100000000017068	0.41495635107543916
0.04200000000017501	0.4144963830511712
0.04300000000017912	0.4140258345559109
0.044000000000183226	0.4135448194912841
0.045000000000187335	0.41305301769169644
0.046000000000191665	0.4125512549591317
0.04700000000019555	0.41203908498232533
0.04800000000019966	0.4115160706751818
0.04900000000020399	0.4109832188847077
0.0500000000002081	0.4104399928773942
0.05100000000021221	0.40988643186445817
0.05200000000021632	0.4093230295531871
0.05300000000022065	0.40874934606544555
0.05400000000022476	0.40816527488887167
0.055000000000228866	0.4075716659043658
0.0560000000002332	0.40696784958151133
0.057000000000237305	0.40635385924478395
0.058000000000241414	0.4057305419915811
0.05900000000024552	0.4050970511168842
0.060000000000249853	0.40445361763613086
0.06100000000025396	0.4038009177691608
0.06200000000025807	0.4031380852764429
0.0630000000002624	0.40246578159411384
0.06400000000026651	0.4017840624501682
0.06500000000027062	0.40109281595631363
0.06600000000027473	0.40039190719204076
0.06700000000027906	0.3996815415448678
0.06800000000028317	0.39896202651906476
0.06900000000028728	0.3982333877363853
0.0700000000002916	0.3974949068650949
0.07100000000029572	0.39674779496443446
0.07200000000029982	0.39599148380719806
0.07300000000030393	0.3952258310417871
0.07400000000030826	0.39445149229877685
0.07500000000031237	0.393668168783571
0.07600000000031648	0.39287561085709743
0.07700000000032081	0.39207465489950366
0.0780000000003247	0.3912647549250411
0.07900000000032881	0.3904461264077248
0.08000000000033292	0.3896190284200416
0.08100000000033725	0.38878321696010887
0.08200000000034136	0.3879389677217113
0.08300000000034546	0.3870862769760969
0.0840000000003498	0.38622531316697917
0.0850000000003539	0.3853559533271135
0.08600000000035801	0.38447841338082456
0.08700000000036212	0.38359259603329
0.08800000000036645	0.3826987271207567
0.08900000000037056	0.38179669319287646
0.09000000000037467	0.38088693714126676
0.091000000000379	0.3799692623948887
0.09200000000038311	0.37904346549735113
0.09300000000038722	0.3781102000105615
0.09400000000039133	0.37716927492219965
0.09500000000039566	0.37622032627172997
0.09600000000039977	0.37526436536623775
0.09700000000040387	0.3743008619704976
0.0980000000004082	0.37332970817510935
0.09900000000041231	0.37235129599202477
0.10000000000041642	0.3713654356104983
0.10100000000042053	0.37037266520005496
0.10200000000042486	0.3693728584628817
0.10300000000042897	0.36836614218511077
0.10400000000043308	0.3673521525234035
0.10500000000043741	0.3663309985580361
0.10600000000044152	0.3653036334245613
0.10700000000044563	0.36426927660813513
0.10800000000044951	0.3632283041849945
0.10900000000045384	0.36218084453441646
0.11000000000045795	0.3611264539092791
0.11100000000046206	0.36006605460680174
0.1120000000004664	0.35899932438911764
0.1130000000004705	0.3579261761838888
0.11400000000047461	0.3568468194746892
0.11500000000047872	0.3557613862731669
0.11600000000048305	0.35466990030963264
0.11700000000048716	0.3535724638928138
0.11800000000049127	0.35246913404348046
0.1190000000004956	0.3513599850779342
0.12000000000049971	0.35024510499349004
0.12100000000050382	0.3491246113454677
0.12200000000050792	0.34799852506164064
0.12300000000051226	0.3468669596088463
0.12400000000051636	0.34572997669538885
0.12500000000052047	0.3445876579649494
0.1260000000005248	0.3434401162008338
0.1270000000005289	0.34228737650328256
0.12800000000053302	0.3411295670790544
0.12900000000053713	0.33996674072431354
0.13000000000054146	0.3387990001457736
0.13100000000054557	0.3376263949605173
0.13200000000054968	0.3364488176929622
0.133000000000554	0.33526689285422107
0.13400000000055812	0.33408042872385757
0.13500000000056223	0.33288899604885525
0.13600000000056633	0.33169335908768405
0.13700000000057067	0.3304933605027185
0.13800000000057477	0.3292891005813261
0.13900000000057866	0.32808052024928913
0.140000000000583	0.3268680107252633
0.1410000000005871	0.32565120824808413
0.1420000000005912	0.3244306642366458
0.14300000000059532	0.32320604124312513
0.14400000000059965	0.32197781030234496
0.14500000000060376	0.3207458280552009
0.14600000000060787	0.3195100781937147
0.1470000000006122	0.31827082027890863
0.1480000000006163	0.31702816411760293
0.14900000000062041	0.3157820126872546
0.15000000000062452	0.31453262205932087
0.15100000000062885	0.31327991369691477
0.15200000000063296	0.31202410753046705
0.15300000000063707	0.3107651979469954
0.1540000000006414	0.3095033483335017
0.1550000000006455	0.308238513235098
0.15600000000064962	0.30697087682355273
0.15700000000065373	0.30570047102331477
0.15800000000065806	0.304427411723871
0.15900000000066217	0.30315171654130757
0.16000000000066628	0.3018735259952635
0.16100000000067038	0.30059293386833696
0.16200000000067472	0.29930991654240924
0.16300000000067882	0.2980245586728709
0.16400000000068293	0.29673713738257557
0.16500000000068726	0.29544754908549353
0.16600000000069137	0.29415593273392293
0.16700000000069548	0.29286226244229063
0.1680000000006996	0.2915668060369947
0.16900000000070392	0.2902694201626189
0.1700000000007078	0.2889703501099756
0.17100000000071192	0.2876696815751133
0.17200000000071625	0.2863673852059987
0.17300000000072036	0.2850634466341424
0.17400000000072446	0.28375837702802265
0.17500000000072857	0.2824518368872756
0.1760000000007329	0.28114385244698203
0.177000000000737	0.27983480573215425
0.17800000000074112	0.27852458719295803
0.17900000000074545	0.27721338286394304
0.18000000000074956	0.2759011288720463
0.18100000000075367	0.27458799808883594
0.18200000000075778	0.2732740270614622
0.1830000000007621	0.2719593490900696
0.18400000000076622	0.27064395533705554
0.18500000000077033	0.26932794804534144
0.18600000000077466	0.26801135614335136
0.18700000000077877	0.26669442942767807
0.18800000000078287	0.26537703484332564
0.18900000000078698	0.26405925843142664
0.1900000000007913	0.2627413198749361
0.19100000000079542	0.2614231487712677
0.19200000000079953	0.26010491931053625
0.19300000000080386	0.2587866114031112
0.19400000000080797	0.25746832376589135
0.19500000000081208	0.25615018024475367
0.1960000000008162	0.2548322170847046
0.19700000000082052	0.25351445357733204
0.19800000000082463	0.2521969880892174
0.19900000000082874	0.2508799331897634
0.20000000000083307	0.24956328673381156
0.20100000000083695	0.24824717562271614
0.20200000000084106	0.24693160758769261
0.20300000000084517	0.24561673374179982
0.2040000000008495	0.24430252701838384
0.2050000000008536	0.2429890864214066
0.20600000000085772	0.24167650759563752
0.20700000000086205	0.24036480776940627
0.20800000000086616	0.23905409086486218
0.20900000000087027	0.2377443863297688
0.21000000000087438	0.23643579504013257
0.2110000000008787	0.23512834370942737
0.21200000000088282	0.23382210401176706
0.21300000000088692	0.2325171531888981
0.21400000000089126	0.23121352957742036
0.21500000000089536	0.22991131307736157
0.21600000000089947	0.22861054628165234
0.21700000000090358	0.22731130969193214
0.2180000000009079	0.22601364216339082
0.21900000000091202	0.22471761307261762
0.22000000000091613	0.22342328215796203
0.22100000000092046	0.22213070245264321
0.22200000000092457	0.22083993013308012
0.22300000000092868	0.21955102845708352
0.2240000000009328	0.21826404304878444
0.22500000000093712	0.21697904668719936
0.22600000000094123	0.2156960754643309
0.22700000000094533	0.21441518942664228
0.22800000000094967	0.21313645328974218
0.22900000000095377	0.21185990995564896
0.23000000000095788	0.21058561616684124
0.23100000000096177	0.20931362379451313
0.2320000000009661	0.2080439846556622
0.2330000000009702	0.2067767450922553
0.23400000000097432	0.20551195548497403
0.23500000000097865	0.20424973017315473
0.23600000000098276	0.20299002179584624
0.23700000000098687	0.20173286748017427
0.23800000000099097	0.20047841131315358
0.2390000000009953	0.1992266469579278
0.24000000000099941	0.19797770960982808
0.24100000000100352	0.19673152228828805
0.24200000000100785	0.19548814051207075
0.24300000000101196	0.1942476931434608
0.24400000000101607	0.19301017596663195
0.24500000000102018	0.1917756022452255
0.2460000000010245	0.19054408212400775
0.24700000000102862	0.18931565683098361
0.24800000000103273	0.1880903241803853
0.24900000000103706	0.18686814532278084
0.25000000000104117	0.1856491698599525
0.2510000000010453	0.18443344062514355
0.2520000000010494	0.18322100567286292
0.2530000000010537	0.18201189299396148
0.2540000000010578	0.18080613876998275
0.25500000000106193	0.1796037796040444
0.25600000000106626	0.17840486121946486
0.25700000000107037	0.1772094307042601
0.2580000000010745	0.17601752543834603
0.2590000000010786	0.17482917202361592
0.2600000000010829	0.17364441091797012
0.26100000000108703	0.17246328624592488
0.2620000000010909	0.17128583154626853
0.26300000000109525	0.17011206788303634
0.26400000000109936	0.1689420433240627
0.26500000000110346	0.1677758010876791
0.2660000000011076	0.16661335788351095
0.2670000000011119	0.1654547543050724
0.268000000001116	0.16430000121472887
0.2690000000011201	0.1631491336969526
0.27000000000112445	0.1620022432499688
0.27100000000112856	0.16085934293199433
0.27200000000113267	0.15972038055389015
0.2730000000011368	0.15858547874123452
0.2740000000011411	0.1574546612710055
0.2750000000011452	0.1563278066292071
0.2760000000011493	0.15520516514971927
0.27700000000115366	0.15408669709025447
0.27800000000115777	0.15297227440840266
0.2790000000011619	0.15186211960558704
0.280000000001166	0.1507561758900926
0.2810000000011703	0.14965445311763648
0.2820000000011744	0.1485570001541726
0.28300000000117853	0.14746391123340286
0.28400000000118286	0.14637508053496628
0.28500000000118697	0.14529060118217685
0.2860000000011911	0.14421049289593235
0.2870000000011952	0.14313475946483445
0.2880000000011995	0.142063492478105
0.2890000000012036	0.14099661052469414
0.29000000000120774	0.13993414887740874
0.29100000000121207	0.13887621051776466
0.2920000000012162	0.1378227499554746
0.29300000000122006	0.13677377622819042
0.29400000000122417	0.13572936204928876
0.2950000000012285	0.1346895148595142
0.2960000000012326	0.13365419892253128
0.2970000000012367	0.13262349154520514
0.29800000000124083	0.13159738885650696
0.29900000000124516	0.13057588208431514
0.30000000000124927	0.12955901502691325
0.3010000000012534	0.12854680810897023
0.3020000000012577	0.12753926691706385
0.3030000000012618	0.12653641696121132
0.3040000000012659	0.1255382337739086
0.30500000000127003	0.12454476611890031
0.30600000000127436	0.1235560341827302
0.3070000000012785	0.12257201274247098
0.3080000000012826	0.12159274573573209
0.3090000000012869	0.12061825217125133
0.310000000001291	0.11964849568430425
0.31100000000129513	0.11868352858806763
0.31200000000129924	0.1177233576812392
0.31300000000130357	0.11676800360438178
0.3140000000013077	0.11581744609769085
0.3150000000013118	0.11487168396605874
0.3160000000013161	0.11393076285223691
0.3170000000013202	0.11299465717110191
0.31800000000132433	0.1120634057935469
0.31900000000132844	0.11113704234799981
0.3200000000013328	0.11021545662595322
0.3210000000013369	0.10929876585661624
0.322000000001341	0.10838700401575196
0.3230000000013453	0.1074800147123095
0.3240000000013492	0.10657791927775728
0.3250000000013533	0.10568080782344147
0.3260000000013574	0.10478846660142294
0.32700000000136176	0.10390107049857322
0.32800000000136587	0.10301857096685962
0.32900000000137	0.10214094525322626
0.3300000000013743	0.10126819550482358
0.3310000000013784	0.10040040099317693
0.3320000000013825	0.09953749143172741
0.33300000000138663	0.0986794546914671
0.33400000000139096	0.09782638594758164
0.33500000000139507	0.0969781795128406
0.3360000000013992	0.09613488246776347
0.3370000000014035	0.09529651139965545
0.3380000000014076	0.09446303550114177
0.3390000000014117	0.09363447102229838
0.34000000000141584	0.09281077148379413
0.34100000000142017	0.0919920059397431
0.3420000000014243	0.0911781756790846
0.3430000000014284	0.09036915111166965
0.3440000000014327	0.08956510716366017
0.3450000000014368	0.08876596287841543
0.34600000000144093	0.08797162058524832
0.34700000000144504	0.08718227646362564
0.34800000000144937	0.08639768862304464
0.3490000000014535	0.08561806101831682
0.3500000000014576	0.08484331420537183
0.3510000000014619	0.08407335610776656
0.35200000000146603	0.08330833304010865
0.35300000000147014	0.08254814997777415
0.35400000000147425	0.0817927997168002
0.35500000000147836	0.08104230526795908
0.35600000000148246	0.08029664464747344
0.3570000000014866	0.07955581496934638
0.3580000000014909	0.0788198079834197
0.359000000001495	0.07808862382729698
0.3600000000014991	0.07736224541378689
0.36100000000150323	0.07664067198000046
0.36200000000150756	0.07592386515323768
0.36300000000151167	0.07521184317734375
0.3640000000015158	0.07450462719749151
0.3650000000015201	0.07380215360326237
0.3660000000015242	0.07310442184908617
0.3670000000015283	0.07241144843076774
0.36800000000153243	0.07172320826850243
0.36900000000153677	0.07103968545059802
0.3700000000015409	0.07036090580268295
0.371000000001545	0.06968681771885776
0.3720000000015493	0.06901744682066002
0.3730000000015534	0.0683526655257759
0.37400000000155753	0.06769265236821576
0.37500000000156164	0.06703722206343321
0.37600000000156597	0.06638641303609483
0.3770000000015701	0.06574035675346379
0.3780000000015742	0.06509889013016479
0.3790000000015785	0.0644620000403191
0.3800000000015826	0.06382973002635695
0.38100000000158674	0.06320202668939645
0.38200000000159084	0.06257884635868805
0.3830000000015952	0.06196019539671449
0.3840000000015993	0.06134615538412658
0.3850000000016034	0.0607367182398012
0.3860000000016075	0.0601317025293604
0.3870000000016116	0.05953117472279479
0.3880000000016157	0.05893515234389668
0.38900000000161983	0.05834354975785394
0.39000000000162416	0.05775647361180636
0.39100000000162827	0.05717380815062778
0.3920000000016324	0.05659558794480968
0.3930000000016367	0.05602175714377089
0.3940000000016408	0.05545231832007402
0.3950000000016449	0.05488724746166218
0.39600000000164903	0.054326533721853365
0.39700000000165336	0.053770221645978555
0.3980000000016575	0.05321818615759433
0.3990000000016616	0.05267043598679355
0.4000000000016659	0.05212704835768189
0.40100000000167	0.05158788814497317
0.40200000000167413	0.051052995791986855
0.40300000000167824	0.0505223559823329
0.40400000000168257	0.04999595105768695
0.4050000000016867	0.0494737522860742
0.4060000000016908	0.04895573560947164
0.4070000000016951	0.0484419201492875
0.4080000000016992	0.047932215828227154
0.40900000000170333	0.04742667491730024
0.41000000000170744	0.04692526083515858
0.4110000000017118	0.046427908578881794
0.4120000000017159	0.04593472093248685
0.41300000000172	0.0454455272741211
0.4140000000017243	0.04496039934680196
0.41500000000172843	0.044479317167168464
0.41600000000173254	0.04400219849964215
0.4170000000017364	0.04352914999165358
0.41800000000174076	0.04306001924592473
0.41900000000174487	0.04259484292702309
0.420000000001749	0.04213360482239148
0.4210000000017533	0.04167628359973263
0.4220000000017574	0.041222860155908814
0.4230000000017615	0.04077331890018643
0.42400000000176563	0.04032763577999765
0.42500000000176996	0.03988573336304757
0.42600000000177407	0.039447725674247924
0.4270000000017782	0.039013452948003735
0.4280000000017825	0.03858303791208917
0.4290000000017866	0.03815633749138647
0.4300000000017907	0.03773337323953674
0.43100000000179484	0.037314144665234306
0.43200000000179917	0.03689854350374877
0.4330000000018033	0.03648669830223383
0.4340000000018074	0.036078454766597545
0.4350000000018115	0.03567393142792652
0.4360000000018158	0.03527299274400497
0.43700000000181993	0.0348756319961846
0.43800000000182404	0.034481860830007593
0.43900000000182837	0.03409159493763103
0.4400000000018325	0.03370494945538938
0.4410000000018366	0.03332174384694819
0.4420000000018407	0.032942094647962494
0.44300000000184503	0.03256592961532889
0.44400000000184914	0.03219319401373344
0.44500000000185325	0.031823875518490086
0.4460000000018576	0.031458011352090365
0.4470000000018617	0.031095503312174366
0.4480000000018656	0.030736368992773544
0.4490000000018697	0.03038061795207192
0.450000000001874	0.030028172636619166
0.4510000000018781	0.029679044725863246
0.45200000000188223	0.029333237284122182
0.45300000000188656	0.028990659733302393
0.45400000000189067	0.028651372662971797
0.4550000000018948	0.02831529616970241
0.4560000000018989	0.027982391412822105
0.4570000000019032	0.02765267823517048
0.4580000000019073	0.027326162088516348
0.45900000000191143	0.02700283645412538
0.46000000000191577	0.02668258772977672
0.4610000000019199	0.02636544251829065
0.462000000001924	0.026051372289583874
0.4630000000019281	0.025740367389682217
0.4640000000019324	0.025432410352702717
0.46500000000193653	0.025127492772436533
0.46600000000194064	0.024825576228306057
0.46700000000194497	0.02452662630663527
0.4680000000019491	0.02423064365740024
0.4690000000019532	0.023937602211601572
0.4700000000019573	0.023647481335988707
0.4710000000019616	0.023360259929403604
0.47200000000196574	0.023075918553414065
0.47300000000196984	0.022794437513047328
0.4740000000019742	0.022515794793628974
0.4750000000019783	0.02223996874039269
0.4760000000019824	0.021966942730907824
0.4770000000019865	0.021696703728256828
0.47800000000199083	0.02142921851013324
0.4790000000019947	0.0211644451311761
0.48000000000199883	0.020902400431200174
0.48100000000200316	0.020643052273507156
0.48200000000200727	0.020386401167745705
0.4830000000020114	0.020132394741735782
0.4840000000020155	0.01988103012191078
0.4850000000020198	0.01963224877405212
0.4860000000020239	0.01938614305322872
0.48700000000202803	0.019142538989160185
0.48800000000203236	0.018901554751016847
0.4890000000020365	0.018663067841237058
0.4900000000020406	0.018427102187489997
0.4910000000020447	0.018193640540939304
0.492000000002049	0.01796262447690511
0.49300000000205313	0.017734138061196725
0.49400000000205724	0.017508028110931995
0.49500000000206157	0.017284403518013414
0.4960000000020657	0.017063141295019735
0.4970000000020698	0.016844260797658217
0.4980000000020739	0.016627743510111204
0.4990000000020782	0.016413580255450033
0.5000000000020823	0.016201719035318196
0.5010000000020864	0.01599218820458903
0.5020000000020908	0.015784951575999906
0.5030000000020949	0.015579965937974616
0.504000000002099	0.01537723550342529
0.5050000000021031	0.015176738074767382
0.5060000000021074	0.01497845369723394
0.5070000000021115	0.014782363953545374
0.5080000000021156	0.014588450083679372
0.50900000000212	0.014396693258789561
0.5100000000021239	0.01420707479666139
0.511000000002128	0.014019576640499354
0.5120000000021321	0.01383418406260617
0.5130000000021364	0.013650886530752304
0.5140000000021405	0.013469642336124132
0.5150000000021446	0.013290423748952174
0.516000000002149	0.013113250430172307
0.5170000000021531	0.012938111264480412
0.5180000000021572	0.01276496421229989
0.5190000000021613	0.012593780420762979
0.5200000000021656	0.012424560278095242
0.5210000000021697	0.012257278200698773
0.5220000000021738	0.012091937116618934
0.5230000000021782	0.011928518135826849
0.5240000000021823	0.011766951686824845
0.5250000000021864	0.011607277982785713
0.5260000000021905	0.01144945152636856
0.5270000000021948	0.011293466888050552
0.5280000000021989	0.011139307563301504
0.529000000002203	0.010986954263787707
0.5300000000022074	0.010836392830781194
0.5310000000022115	0.010687608861845499
0.5320000000022156	0.010540585444998252
0.5330000000022197	0.010395290757718834
0.534000000002224	0.01025171456989904
0.5350000000022281	0.010109890855798609
0.5360000000022322	0.009969683656819606
0.5370000000022366	0.00983122211132137
0.5380000000022407	0.00969437279118035
0.5390000000022448	0.009559185481586518
0.5400000000022487	0.009425628281978349
0.541000000002253	0.00929368745449588
0.5420000000022571	0.009163325856869964
0.5430000000022612	0.009034568831380207
0.5440000000022656	0.008907356499279429
0.5450000000022697	0.008781715378122001
0.5460000000022738	0.008657590660756775
0.5470000000022779	0.00853500520115591
0.5480000000022822	0.008413915855896459
0.5490000000022863	0.008294315428068133
0.5500000000022904	0.008176198776973953
0.5510000000022948	0.008059537655834448
0.5520000000022989	0.007944319752716145
0.553000000002303	0.007830535167517194
0.5540000000023071	0.00771817049277379
0.5550000000023114	0.007607209779685986
0.5560000000023155	0.007497638632297576
0.5570000000023196	0.007389443067979395
0.558000000002324	0.007282609123046679
0.5590000000023281	0.007177121661205321
0.5600000000023322	0.007072965543584719
0.5610000000023363	0.006970127337122656
0.5620000000023406	0.00686859473925816
0.5630000000023447	0.006768354812368593
0.5640000000023488	0.006669393500552068
0.5650000000023532	0.006571698316893082
0.5660000000023573	0.0064752560491943
0.5670000000023614	0.006380052184101315
0.5680000000023655	0.006286073866138553
0.5690000000023698	0.006193308785353069
0.5700000000023739	0.006101743892094391
0.5710000000023778	0.0060113661867661206
0.5720000000023819	0.005922162220611926
0.5730000000023863	0.005834118768321961
0.5740000000023904	0.005747224126083861
0.5750000000023945	0.005661466202570575
0.5760000000023988	0.00557683337750825
0.5770000000024029	0.0054933158443079
0.578000000002407	0.00541090128307764
0.5790000000024111	0.005329565450990392
0.5800000000024155	0.005249308426018895
0.5810000000024196	0.005170117523146223
0.5820000000024237	0.005091979448523021
0.583000000002428	0.005014877891395875
0.5840000000024321	0.004938812038473905
0.5850000000024362	0.0048637660024661855
0.5860000000024403	0.004789718487529515
0.5870000000024447	0.00471667302973644
0.5880000000024488	0.004644607287393354
0.5890000000024529	0.004573513929952533
0.5900000000024572	0.004503385196471976
0.5910000000024613	0.0044342065625989635
0.5920000000024654	0.004365968948410348
0.5930000000024696	0.0042986609169023415
0.5940000000024739	0.004232269930043997
0.595000000002478	0.004166787131591132
0.5960000000024821	0.004102200302751546
0.5970000000024864	0.004038502730304372
0.5980000000024905	0.003975680847560614
0.5990000000024946	0.003913728081745171
0.6000000000024988	0.0038526277003941845
0.6010000000025031	0.0037923793572332
0.602000000002507	0.0037329668390413406
0.6030000000025111	0.003674376525111156
0.6040000000025154	0.0036166111434297044
0.6050000000025195	0.0035596469126614183
0.6060000000025236	0.0035034860703642146
0.6070000000025277	0.0034481080179996626
0.6080000000025321	0.0033935140511297535
0.6090000000025362	0.0033396864808372673
0.6100000000025403	0.00328662289664039
0.6110000000025446	0.0032343071070090046
0.6120000000025487	0.0031827324984285976
0.6130000000025528	0.0031318927495753712
0.614000000002557	0.003081778303867133
0.6150000000025613	0.0030323793728721515
0.6160000000025654	0.0029836871260864317
0.6170000000025695	0.002935692847878535
0.6180000000025738	0.0028883879611264485
0.6190000000025779	0.002841764041909056
0.620000000002582	0.0027958127498362018
0.6210000000025861	0.0027505258759802365
0.6220000000025905	0.0027058954873199204
0.6230000000025946	0.0026619135108069125
0.6240000000025987	0.0026185718209079667
0.625000000002603	0.0025758626951101204
0.6260000000026071	0.0025337780910332786
0.6270000000026112	0.0024923060590118506
0.6280000000026154	0.0024514441507607065
0.6290000000026197	0.0024111810429732206
0.6300000000026238	0.0023715136293172012
0.6310000000026279	0.0023324289924944175
0.6320000000026322	0.0022939246652710077
0.6330000000026361	0.0022559907693207037
0.6340000000026402	0.0022186201482786716
0.6350000000026443	0.00218180557983505
0.6360000000026487	0.0021455399480908577
0.6370000000026528	0.002109816141555698
0.6380000000026569	0.002074627429738851
0.6390000000026612	0.0020399669143637
0.6400000000026653	0.0020058267862069767
0.6410000000026694	0.00197219929303738
0.6420000000026735	0.0019390818490681028
0.6430000000026779	0.0019064620467272864
0.644000000002682	0.0018743413898405503
0.6450000000026861	0.0018427085147760813
0.6460000000026904	0.0018115553436258702
0.6470000000026945	0.0017808760335544793
0.6480000000026986	0.0017506648581802065
0.6490000000027027	0.0017209176950954141
0.6500000000027071	0.0016916238488566826
0.6510000000027112	0.0016627825566329912
0.6520000000027153	0.0016343865508983146
0.6530000000027196	0.0016064251816576558
0.6540000000027237	0.0015789002376056516
0.6550000000027278	0.0015517980395554076
0.656000000002732	0.0015251198264647492
0.6570000000027363	0.0014988532168370705
0.6580000000027404	0.0014729985857707684
0.6590000000027445	0.001447544536776757
0.6600000000027488	0.0014224909382762885
0.6610000000027529	0.001397827558031084
0.662000000002757	0.001373553691076168
0.6630000000027612	0.00134966028804695
0.6640000000027653	0.0013261461060196655
0.6650000000027694	0.0013029995616635759
0.6660000000027735	0.001280222367495587
0.6670000000027778	0.0012578056368092172
0.6680000000027819	0.001235744189933663
0.669000000002786	0.0012140347086890824
0.6700000000027901	0.001192670884805569
0.6710000000027945	0.0011716486508336343
0.6720000000027986	0.0011509626132543138
0.6730000000028027	0.0011306089902538563
0.674000000002807	0.0011105820377981246
0.6750000000028111	0.0010908772603808181
0.6760000000028152	0.0010714907165528809
0.6770000000028193	0.001052417314284182
0.6780000000028237	0.0010336533516972501
0.6790000000028278	0.0010151929531693193
0.6800000000028319	0.0009970317723811961
0.6810000000028362	0.0009791703121507789
0.6820000000028403	0.0009615949177064209
0.6830000000028444	0.0009443117577215832
0.6840000000028486	0.0009273076634838118
0.6850000000028529	0.0009105864408214259
0.686000000002857	0.0008941360373377893
0.6870000000028611	0.0008779613272703601
0.6880000000028654	0.000862048236187074
0.6890000000028695	0.0008464025263440478
0.6900000000028736	0.0008310118723562354
0.6910000000028778	0.0008158802898995399
0.6920000000028821	0.0008009963640928097
0.6930000000028862	0.000786366270464689
0.6940000000028901	0.0007719750149277615
0.6950000000028944	0.0007578258850289288
0.6960000000028985	0.0007439151607553374
0.6970000000029026	0.0007302327820909449
0.6980000000029067	0.0007167851195133412
0.6990000000029111	0.0007035642025812194
0.7000000000029152	0.0006905635436654789
0.7010000000029193	0.0006777857623154748
0.7020000000029236	0.0006652213900906201
0.7030000000029277	0.0006528728169352682
0.7040000000029318	0.0006407322194246223
0.705000000002936	0.0006287989271865912
0.7060000000029403	0.000617069316300678
0.7070000000029444	0.0006055400917018838
0.7080000000029485	0.0005942081311903769
0.7090000000029526	0.0005830705990446106
0.7100000000029569	0.0005721242317500153
0.711000000002961	0.0005613665051666938
0.7120000000029651	0.0005507942796882936
0.7130000000029695	0.0005404045819698
0.7140000000029736	0.0005301951968030849
0.7150000000029777	0.0005201626649476987
0.7160000000029818	0.0005103045315261179
0.7170000000029861	0.0005006174109714046
0.7180000000029902	0.0004911001120287972
0.7190000000029944	0.0004817473470111189
0.7200000000029987	0.000472561288910045
0.7210000000030028	0.00046353301390900103
0.7220000000030069	0.0004546633574569192
0.723000000003011	0.00044595238488354116
0.7240000000030153	0.0004373921503468825
0.7250000000030195	0.00042898417404502176
0.7260000000030233	0.00042072507026280626
0.7270000000030277	0.0004126119853178345
0.7280000000030318	0.00040464357326885914
0.7290000000030359	0.000396815637775938
0.73000000000304	0.00038912788832490275
0.7310000000030443	0.0003815778262312719
0.7320000000030484	0.00037416131366985184
0.7330000000030525	0.0003668775138913061
0.7340000000030569	0.00035972573852394163
0.735000000003061	0.00035270186833913364
0.7360000000030651	0.00034580442268661304
0.7370000000030692	0.0003390313250019039
0.7380000000030735	0.0003323808919148963
0.7390000000030776	0.0003258504805964124
0.7400000000030817	0.00031943850888516145
0.7410000000030861	0.00031314242870572606
0.7420000000030902	0.0003069612366669583
0.7430000000030943	0.0003008929858208109
0.7440000000030984	0.0002949355013815991
0.7450000000031027	0.0002890867874791869
0.7460000000031068	0.00028334528578588536
0.747000000003111	0.0002777091515612229
0.7480000000031153	0.00027217657012823526
0.7490000000031194	0.00026674585194153
0.7500000000031235	0.00026141548686553495
0.7510000000031276	0.0002561826107017051
0.7520000000031319	0.0002510475867909534
0.753000000003136	0.00024600751474423976
0.7540000000031402	0.00024106121956435356
0.7550000000031445	0.00023620731117979243
0.7560000000031484	0.00023144307829114918
0.7570000000031525	0.00022676825381540144
0.7580000000031566	0.00022218064825985095
0.7590000000031609	0.0002176785176442042
0.760000000003165	0.00021326150553480083
0.7610000000031691	0.0002089276674989149
0.7620000000031735	0.00020467486596220663
0.7630000000031776	0.00020050279777472646
0.7640000000031817	0.00019640815345312035
0.7650000000031858	0.00019239405920479236
0.7660000000031901	0.0001884526007738252
0.7670000000031942	0.0001845885654869761
0.7680000000031983	0.00018079634602663486
0.7690000000032027	0.0001770768885037688
0.7700000000032068	0.00017342872823222777
0.7710000000032109	0.00016985050358953035
0.772000000003215	0.0001663404296767812
0.7730000000032193	0.00016289777270239725
0.7740000000032234	0.00015952002138197585
0.7750000000032276	0.0001562104135758302
0.7760000000032319	0.0001529613200205171
0.777000000003236	0.00014977696020590514
0.7780000000032401	0.00014665345899489424
0.7790000000032442	0.00014359057105362005
0.7800000000032485	0.00014058727812005234
0.7810000000032526	0.00013764242592584353
0.7820000000032568	0.00013475481630131902
0.7830000000032611	0.00013192362287428594
0.7840000000032652	0.00012914804294428261
0.7850000000032693	0.00012642571206900044
0.7860000000032734	0.00012375783682583297
0.7870000000032777	0.00012114234653770595
0.7880000000032816	0.0001185769405748216
0.7890000000032857	0.00011606400693109364
0.7900000000032901	0.00011359902095042784
0.7910000000032942	0.00011118467987680791
0.7920000000032983	0.00010881619334945913
0.7930000000033024	0.00010649552003549889
0.7940000000033067	0.00010422175676882972
0.7950000000033108	0.00010199153296386321
0.796000000003315	9.980641917595179e-05
0.7970000000033193	9.766571846858696e-05
0.7980000000033234	9.556718109027251e-05
0.7990000000033275	9.351082114428255e-05
0.8000000000033316	9.149577837719303e-05
0.8010000000033359	8.952066620826482e-05
0.80200000000334	8.758611019621387e-05
0.8030000000033441	8.569077328146602e-05
0.8040000000033485	8.38325305797527e-05
0.8050000000033526	8.201285197362296e-05
0.8060000000033567	8.022929191953132e-05
0.8070000000033608	7.848262666265704e-05
0.8080000000033651	7.677111808002124e-05
0.8090000000033692	7.509431331498284e-05
0.8100000000033734	7.345222533616802e-05
0.8110000000033777	7.184335571075451e-05
0.8120000000033818	7.026765048123718e-05
0.8130000000033859	6.87236436692773e-05
0.81400000000339	6.721214655869279e-05
0.8150000000033943	6.573088158279283e-05
0.8160000000033985	6.428102661104607e-05
0.8170000000034026	6.286059904625496e-05
0.8180000000034067	6.146910691307017e-05
0.8190000000034108	6.010709495696265e-05
0.8200000000034149	5.877250051855576e-05
0.821000000003419	5.746660109817725e-05
0.8220000000034233	5.618717498823145e-05
0.8230000000034274	5.4934641795956196e-05
0.8240000000034315	5.370797542059158e-05
0.8250000000034359	5.250720242022666e-05
0.82600000000344	5.133179690552936e-05
0.8270000000034441	5.018077472640492e-05
0.8280000000034482	4.905379603981075e-05
0.8290000000034525	4.795058000917063e-05
0.8300000000034566	4.68706824212628e-05
0.8310000000034607	4.581350259558192e-05
0.8320000000034651	4.4778660294619854e-05
0.8330000000034692	4.3765720008415165e-05
0.8340000000034733	4.277429692056689e-05
0.8350000000034774	4.1803839389453756e-05
0.8360000000034817	4.085404828291228e-05
0.8370000000034858	3.9924523823620106e-05
0.83800000000349	3.9014771857304176e-05
0.8390000000034943	3.812446764295263e-05
0.8400000000034984	3.725322207148718e-05
0.8410000000035025	3.640068719379386e-05
0.8420000000035066	3.5566411148435506e-05
0.8430000000035109	3.4750079439316295e-05
0.844000000003515	3.395134183237225e-05
0.8450000000035192	3.3169819593004135e-05
0.8460000000035233	3.240514103486358e-05
0.8470000000035276	3.165715470920816e-05
0.8480000000035317	3.092523988645901e-05
0.8490000000035356	3.020913840945383e-05
0.8500000000035399	2.9509069050526193e-05
0.851000000003544	2.8823654951604105e-05
0.8520000000035481	2.815340171113956e-05
0.8530000000035523	2.7497677922538877e-05
0.8540000000035566	2.685639406341256e-05
0.8550000000035607	2.6229229809215937e-05
0.8560000000035648	2.5615902548015157e-05
0.8570000000035691	2.5015997498822884e-05
0.8580000000035732	2.442908365096752e-05
0.8590000000035773	2.3855297190178426e-05
0.8600000000035815	2.3294143550955937e-05
0.8610000000035858	2.2745376840993536e-05
0.8620000000035899	2.2208791828459695e-05
0.863000000003594	2.1684249448594706e-05
0.8640000000035983	2.117120289202301e-05
0.8650000000036024	2.0669454609767435e-05
0.8660000000036066	2.0179029197375797e-05
0.8670000000036107	1.969968378434661e-05
0.868000000003615	1.923085024468918e-05
0.8690000000036191	1.8772665744681838e-05
0.8700000000036232	1.8324630156829613e-05
0.8710000000036275	1.7886670612088373e-05
0.8720000000036316	1.745858836266212e-05
0.8730000000036358	1.7040093184594873e-05
0.8740000000036399	1.6631143175072083e-05
0.8750000000036442	1.6231447548253897e-05
0.8760000000036483	1.584075729499368e-05
0.8770000000036524	1.545907145716896e-05
0.8780000000036567	1.5085831010841488e-05
0.8790000000036609	1.4721087708835512e-05
0.8800000000036647	1.4364653228127189e-05
0.8810000000036688	1.4016557200347002e-05
0.8820000000036732	1.3676182170074824e-05
0.8830000000036773	1.334372990435817e-05
0.8840000000036814	1.3018842441536727e-05
0.8850000000036857	1.2701446746699041e-05
0.8860000000036898	1.239131898689294e-05
0.887000000003694	1.2088296648782304e-05
0.888000000003698	1.179234148118713e-05
0.8890000000037024	1.1503207883567512e-05
0.8900000000037065	1.122074908410653e-05
0.8910000000037106	1.0944807608215257e-05
0.8920000000037149	1.0675306343133073e-05
0.893000000003719	1.041205383423005e-05
0.8940000000037231	1.015487944677762e-05
0.8950000000037273	9.903779432995918e-06
0.8960000000037316	9.658427235437195e-06
0.8970000000037357	9.418890218548803e-06
0.8980000000037398	9.184951289098464e-06
0.8990000000037441	8.956528656622886e-06
0.9000000000037482	8.733452877440762e-06
0.9010000000037524	8.515631190753048e-06
0.9020000000037565	8.30293088671663e-06
0.9030000000037608	8.095223077209113e-06
0.9040000000037649	7.892507895346235e-06
0.905000000003769	7.69449831561353e-06
0.9060000000037733	7.501174630664131e-06
0.9070000000037775	7.31245305329864e-06
0.9080000000037816	7.128255792743232e-06
0.9090000000037857	6.948469916667754e-06
0.91000000000379	6.772932557130851e-06
0.9110000000037939	6.601568452113682e-06
0.912000000003798	6.434294604562574e-06
0.9130000000038023	6.271108579758433e-06
0.9140000000038064	6.111750420312312e-06
0.9150000000038105	5.956276817320472e-06
0.9160000000038147	5.804523104724346e-06
0.917000000003819	5.656405349996341e-06
0.9180000000038231	5.511899886401217e-06
0.9190000000038272	5.370878478405672e-06
0.9200000000038315	5.233227041934185e-06
0.9210000000038356	5.09902094136816e-06
0.9220000000038397	4.967905805730588e-06
0.9230000000038439	4.840149291363005e-06
0.9240000000038482	4.7154244793290445e-06
0.9250000000038523	4.59374874262064e-06
0.9260000000038564	4.475023120398269e-06
0.9270000000038607	4.35925415442906e-06
0.9280000000038648	4.246270221330839e-06
0.929000000003869	4.136116574349202e-06
0.9300000000038731	4.028615651074929e-06
0.9310000000038774	3.923757165180675e-06
0.9320000000038815	3.821533853476389e-06
0.9330000000038856	3.721826184799326e-06
0.9340000000038899	3.624549933745058e-06
0.935000000003894	3.5297203171413827e-06
0.9360000000038982	3.437197468536546e-06
0.9370000000039023	3.3469956343123997e-06
0.9380000000039066	3.259047560377759e-06
0.9390000000039107	3.1732939741457855e-06
0.9400000000039148	3.089659881383433e-06
0.9410000000039191	3.008155053052519e-06
0.942000000003923	2.928613764274779e-06
0.9430000000039271	2.8511316962909206e-06
0.9440000000039312	2.775558515022425e-06
0.9450000000039356	2.7019097932345915e-06
0.9460000000039397	2.630099959599619e-06
0.9470000000039438	2.5601093026628163e-06
0.9480000000039481	2.4918512890881317e-06
0.9490000000039522	2.4253831548692872e-06
0.9500000000039563	2.360520297450819e-06
0.9510000000039605	2.2973758226907393e-06
0.9520000000039648	2.2358153420887206e-06
0.9530000000039689	2.175823867522908e-06
0.954000000003973	2.117319763517145e-06
0.9550000000039773	2.0603335936231204e-06
0.9560000000039814	2.0048399193006716e-06
0.9570000000039856	1.950683994667024e-06
0.9580000000039897	1.8979780966876802e-06
0.959000000003994	1.84666791924748e-06
0.9600000000039981	1.7965616558868192e-06
0.9610000000040022	1.7478128280234984e-06
0.9620000000040065	1.7003191289388653e-06
0.9630000000040106	1.6540322146374464e-06
0.9640000000040148	1.608960703780582e-06
0.9650000000040189	1.5650402722666712e-06
0.9660000000040232	1.5222862775887691e-06
0.9670000000040273	1.4806101766851043e-06
0.9680000000040314	1.440013800535489e-06
0.9690000000040357	1.4005187922716544e-06
0.9700000000040399	1.3620087085941535e-06
0.9710000000040437	1.3245421512930733e-06
0.9720000000040478	1.288030791135597e-06
0.9730000000040522	1.2524633732358126e-06
0.9740000000040563	1.2178678950869326e-06
0.9750000000040604	1.1841435655357557e-06
0.9760000000040647	1.151338760330134e-06
0.9770000000040688	1.1193847938573143e-06
0.978000000004073	1.088257614911825e-06
0.979000000004077	1.0579849325509372e-06
0.9800000000040812	1.0284791881476352e-06
0.9810000000040855	9.99787426847476e-07
0.9820000000040896	9.71842945229895e-07
0.9830000000040937	9.446462925222221e-07
0.984000000004098	9.181612872222189e-07
0.9850000000041004	8.923922769632497e-07
0.9860000000041018	8.673189366703582e-07
0.987000000004103	8.428895316159313e-07
0.9880000000041045	8.19131823037722e-07
0.9890000000041059	7.960210577362403e-07
0.9900000000041072	7.735347768988987e-07
0.9910000000041086	7.516211492086811e-07
0.99200000000411	7.303112815604251e-07
0.9930000000041115	7.096017231589258e-07
0.9940000000041127	6.894248485433963e-07
0.9950000000041141	6.697956629331259e-07
0.9960000000041156	6.507109356901353e-07
0.997000000004117	6.321319542257342e-07
0.9980000000041185	6.14058997983058e-07
0.9990000000041197	5.964892398901966e-07
1.0000000000041211	5.793865291980893e-07
1.001000000004117	5.627528368856716e-07
1.002000000004113	5.465817369820769e-07
1.0030000000041086	5.308409138926606e-07
1.0040000000041045	5.15541422108079e-07
1.0050000000041002	5.006633246873449e-07
1.006000000004096	4.861833908798019e-07
1.007000000004092	4.7211086928733437e-07
1.0080000000040878	4.584249206907032e-07
1.0090000000040837	4.45117599556788e-07
1.0100000000040794	4.3217515910409787e-07
1.0110000000040753	4.1959216545706113e-07
1.012000000004071	4.0735892192778067e-07
1.0130000000040669	3.954663896355015e-07
1.0140000000040628	3.839032898245165e-07
1.0150000000040587	3.726635258161082e-07
1.0160000000040534	3.617374245701299e-07
1.0170000000040464	3.5111749951965976e-07
1.0180000000040397	3.407928276244476e-07
1.0190000000040325	3.3075947469818345e-07
1.0200000000040257	3.210057972768965e-07
1.021000000004019	3.115252168450766e-07
1.0220000000040117	3.023135701774038e-07
1.023000000004005	2.933664164928018e-07
1.0240000000039977	2.846620464902472e-07
1.025000000003991	2.7621039977443473e-07
1.026000000003984	2.6799679542222066e-07
1.027000000003977	2.600164343835587e-07
1.0280000000039702	2.5226276467726905e-07
1.0290000000039632	2.4472624893245865e-07
1.0300000000039562	2.3740923726922603e-07
1.0310000000039494	2.3030168350146596e-07
1.0320000000039424	2.2339060801179755e-07
1.0330000000039354	2.1668297944810178e-07
1.0340000000039287	2.1016550488806018e-07
1.0350000000039217	2.0383545074054155e-07
1.0360000000039147	1.9768679260234734e-07
1.0370000000039077	1.917176614130156e-07
1.0380000000039007	1.8591753581098658e-07
1.039000000003894	1.8028590487162433e-07
1.0400000000038867	1.7481817438103064e-07
1.04100000000388	1.6950595804754442e-07
1.0420000000038732	1.6435027083705478e-07
1.043000000003866	1.5934426678132496e-07
1.0440000000038592	1.5448328860578897e-07
1.0450000000038522	1.4976323703397298e-07
1.0460000000038452	1.451813304020888e-07
1.0470000000038384	1.4073389198454578e-07
1.0480000000038314	1.3641475582470974e-07
1.0490000000038244	1.3222451344940822e-07
1.0500000000038174	1.2815499372820227e-07
1.0510000000038104	1.2420740258534124e-07
1.0520000000038037	1.2037470698000874e-07
1.0530000000037967	1.1665516952419352e-07
1.0540000000037897	1.1304537472778264e-07
1.055000000003783	1.0954107954042058e-07
1.056000000003776	1.0614489087679146e-07
1.057000000003769	1.0284320772768751e-07
1.0580000000037622	9.964288005814836e-08
1.059000000003755	9.653904275985781e-08
1.0600000000037482	9.352437246867851e-08
1.0610000000037412	9.060129413374085e-08
1.0620000000037342	8.776578663827195e-08
1.0630000000037274	8.501348069955839e-08
1.0640000000037202	8.234699500064835e-08
1.0650000000037134	7.9756751869553e-08
1.0660000000037064	7.724607420378504e-08
1.0670000000036994	7.481244024276634e-08
1.0680000000036927	7.244873290179754e-08
1.0690000000036857	7.015929970322077e-08
1.0700000000036787	6.793793372317225e-08
1.071000000003672	6.578353439756768e-08
1.072000000003665	6.369491745150668e-08
1.073000000003658	6.166997756906767e-08
1.0740000000036511	5.970538086152999e-08
1.075000000003644	5.780184642034669e-08
1.0760000000036372	5.59569993674458e-08
1.0770000000036304	5.416565351801239e-08
1.0780000000036232	5.243121425912989e-08
1.0790000000036164	5.0750276758826374e-08
1.0800000000036092	4.911957385278498e-08
1.0810000000036024	4.753994953254903e-08
1.0820000000035954	4.6008756138249396e-08
1.0830000000035884	4.4524234854570466e-08
1.0840000000035817	4.308597456592622e-08
1.0850000000035747	4.1691575081159726e-08
1.0860000000035677	4.0340885187895026e-08
1.087000000003561	3.9032804988181624e-08
1.088000000003554	3.776390078424896e-08
1.089000000003547	3.653527791414035e-08
1.0900000000035401	3.534519743553233e-08
1.091000000003533	3.4191124154148156e-08
1.0920000000035262	3.307378149131068e-08
1.0930000000035192	3.1991689075638874e-08
1.0940000000035122	3.094284706239847e-08
1.0950000000035054	2.9927320399636415e-08
1.0960000000034982	2.894369222072868e-08
1.0970000000034914	2.7990634365870903e-08
1.0980000000034844	2.7067867613972396e-08
1.0990000000034774	2.6174243883403392e-08
1.1000000000034706	2.5308903972565133e-08
1.1010000000034637	2.447122704474225e-08
1.1020000000034567	2.3659562642386334e-08
1.1030000000034499	2.2873878791074276e-08
1.104000000003443	2.211322747136535e-08
1.105000000003436	2.137678889457817e-08
1.106000000003429	2.0663908806284326e-08
1.107000000003422	1.9973672826800737e-08
1.1080000000034151	1.9305607557029703e-08
1.1090000000034081	1.8658934064497146e-08
1.1100000000034012	1.803301186154016e-08
1.1110000000033944	1.7427161602689978e-08
1.1120000000033872	1.6840845606935773e-08
1.1130000000033804	1.6273386416187918e-08
1.1140000000033736	1.5724363255920082e-08
1.1150000000033664	1.5193038604977005e-08
1.1160000000033596	1.4678792958910947e-08
1.1170000000033526	1.4181357865794553e-08
1.1180000000033457	1.370030533465183e-08
1.1190000000033387	1.3234416895713252e-08
1.1200000000033317	1.2783951452988163e-08
1.121000000003325	1.2348167155451506e-08
1.122000000003318	1.1926752585544875e-08
1.123000000003311	1.151877404570456e-08
1.1240000000033041	1.1124461130052055e-08
1.1250000000032971	1.0743064438045735e-08
1.1260000000032901	1.0374182846106805e-08
1.1270000000032834	1.0017443430321293e-08
1.1280000000032764	9.672497913726374e-09
1.1290000000032694	9.338930073710117e-09
1.1300000000032626	9.016362434444147e-09
1.1310000000032554	8.704494347533398e-09
1.1320000000032486	8.403001072743166e-09
1.1330000000032414	8.111514793185393e-09
1.1340000000032346	7.829686010651926e-09
1.1350000000032279	7.557352299514264e-09
1.1360000000032207	7.294030823778996e-09
1.1370000000032139	7.039483551629644e-09
1.138000000003207	6.793653195558136e-09
1.1390000000032	6.555926801432577e-09
1.1400000000031931	6.326071999573912e-09
1.1410000000031861	6.1040764665065694e-09
1.1420000000031791	5.8897461352458436e-09
1.1430000000031724	5.682249781813198e-09
1.1440000000031654	5.481933906814618e-09
1.1450000000031584	5.288589344232264e-09
1.1460000000031516	5.101597588819118e-09
1.1470000000031444	4.920957641374457e-09
1.1480000000031376	4.746486315099219e-09
1.1490000000031304	4.577995427190729e-09
1.1500000000031236	4.415211640740324e-09
1.1510000000031169	4.258034369541974e-09
1.1520000000031096	4.1062073741215954e-09
1.1530000000031029	3.959566008404636e-09
1.1540000000030959	3.817938298844581e-09
1.155000000003089	3.6812879411485255e-09
1.1560000000030821	3.5492219163657523e-09
1.1570000000030751	3.42175909828768e-09
1.1580000000030681	3.298678552532408e-09
1.1590000000030614	3.179867369418332e-09
1.1600000000030544	3.0651861049335594e-09
1.1610000000030474	2.9544050539342948e-09
1.1620000000030404	2.8475584112896968e-09
1.1630000000030334	2.7443888273026573e-09
1.1640000000030266	2.644815033647774e-09
1.1650000000030196	2.548738331498157e-09
1.1660000000030126	2.455978864723818e-09
1.1670000000030059	2.366476348214519e-09
1.1680000000029986	2.280145405819667e-09
1.1690000000029919	2.1968075136769016e-09
1.1700000000029849	2.1164128227724177e-09
1.1710000000029779	2.0388546406735486e-09
1.172000000002971	1.964027496192955e-09
1.1730000000029641	1.891849343849117e-09
1.1740000000029571	1.8221910647042705e-09
1.1750000000029501	1.7550306763425283e-09
1.1760000000029431	1.690237283469287e-09
1.1770000000029364	1.6277869052672145e-09
1.1780000000029294	1.5675191145092526e-09
1.1790000000029224	1.50940859811044e-09
1.1800000000029156	1.4533685366302507e-09
1.1810000000029086	1.3993279868174113e-09
1.1820000000029016	1.3472021276328405e-09
1.1830000000028948	1.2969648688354596e-09
1.1840000000028876	1.2485315004084896e-09
1.1850000000028809	1.201842847464718e-09
1.186000000002874	1.1568636049119618e-09
1.1870000000028669	1.1134534405599084e-09
1.18800000000286	1.071645105987784e-09
1.1890000000028529	1.0313357945435087e-09
1.1900000000028461	9.924894239787818e-10
1.1910000000028391	9.550480406517181e-10
1.1920000000028321	9.189610183923946e-10
1.1930000000028254	8.841926080194185e-10
1.1940000000028184	8.506964022103602e-10
1.1950000000028114	8.184130040334026e-10
1.1960000000028046	7.873062202179426e-10
1.1970000000027976	7.573509597236239e-10
1.1980000000027906	7.284831626819255e-10
1.1990000000027838	7.00666968889152e-10
1.2000000000027768	6.738885005574957e-10
1.2010000000027699	6.480969094724287e-10
1.2020000000027629	6.232305782560843e-10
1.2030000000027559	5.993039398077826e-10
1.204000000002749	5.762643695561565e-10
1.2050000000027419	5.540405911830248e-10
1.206000000002735	5.32679456100027e-10
1.2070000000027283	5.120940338443347e-10
1.2080000000027211	4.922755536540535e-10
1.2090000000027143	4.731964819981727e-10
1.2100000000027074	4.54821735829114e-10
1.2110000000027004	4.371395467828165e-10
1.2120000000026936	4.2011272238795527e-10
1.2130000000026866	4.037232770315313e-10
1.2140000000026796	3.879450094501635e-10
1.2150000000026726	3.727594899416431e-10
1.2160000000026656	3.5814329280015045e-10
1.2170000000026588	3.440765450335448e-10
1.2180000000026519	3.3053759729284593e-10
1.2190000000026449	3.1752001028451105e-10
1.220000000002638	3.049830388235364e-10
1.2210000000026309	2.929091413861329e-10
1.222000000002624	2.813007604629547e-10
1.2230000000026173	2.7013724590574384e-10
1.2240000000026101	2.59394283830261e-10
1.2250000000026033	2.490521122666678e-10
1.2260000000025963	2.3910873281351996e-10
1.2270000000025894	2.2954205203262745e-10
1.2280000000025826	2.203377480469726e-10
1.2290000000025754	2.114836084032845e-10
1.2300000000025686	2.0296697655908247e-10
1.2310000000025616	1.9477619517260791e-10
1.2320000000025546	1.868966092999358e-10
1.2330000000025478	1.7931689466621492e-10
1.2340000000025408	1.7203216629013696e-10
1.2350000000025338	1.650211078896291e-10
1.236000000002527	1.5827839039417313e-10
1.23700000000252	1.5179757451022624e-10
1.238000000002513	1.4556500449458554e-10
1.2390000000025063	1.3956846789398014e-10
1.240000000002499	1.3380274666019432e-10
1.2410000000024923	1.2826406603494434e-10
1.2420000000024853	1.2293543960595343e-10
1.2430000000024783	1.1780754149981476e-10
1.2440000000024716	1.1287970558271354e-10
1.2450000000024644	1.0814260598124292e-10
1.2460000000024576	1.0358702784429852e-10
1.2470000000024506	9.920608778912765e-11
1.2480000000024436	9.499478981211951e-11
1.2490000000024368	9.094669461973126e-11
1.2500000000024298	8.705403065079054e-11
1.2510000000024228	8.331302314701361e-11
1.252000000002416	7.97150123688084e-11
1.253000000002409	7.625533537947149e-11
1.254000000002402	7.292999537611422e-11
1.2550000000023953	6.973166488677407e-11
1.256000000002388	6.66586785769141e-11
1.2570000000023813	6.370282079615208e-11
1.2580000000023743	6.086042780850676e-11
1.2590000000023673	5.8129390190231334e-11
1.2600000000023606	5.550127024633866e-11
1.2610000000023533	5.2974735709199194e-11
1.2620000000023466	5.054645590973905e-11
1.2630000000023396	4.82103246213228e-11
1.2640000000023326	4.596534264322827e-11
1.2650000000023258	4.38051817042151e-11
1.2660000000023188	4.1728953625863596e-11
1.2670000000023118	3.973210649377279e-11
1.268000000002305	3.781053248275157e-11
1.269000000002298	3.5964231592799933e-11
1.270000000002291	3.418765270879476e-11
1.271000000002284	3.247890845159418e-11
1.272000000002277	3.0836555531266185e-11
1.2730000000022703	2.9254376698872875e-11
1.2740000000022633	2.773292706592656e-11
1.2750000000022563	2.6269320052563216e-11
1.2760000000022496	2.4860558056616355e-11
1.2770000000022423	2.350586392196874e-11
1.2780000000022356	2.2201462890336643e-11
1.2790000000022288	2.094613371639298e-11
1.2800000000022216	1.9738877199415583e-11
1.2810000000022148	1.8576029603423194e-11
1.2820000000022078	1.7456813772298574e-11
1.2830000000022008	1.6379675393807247e-11
1.2840000000021938	1.534361526722705e-11
1.2850000000021868	1.4344081478157023e-11
1.28600000000218	1.3382406294226712e-11
1.287000000002173	1.2456369269386869e-11
1.288000000002166	1.156452711370548e-11
1.2890000000021593	1.0704548358830834e-11
1.2900000000021523	9.876544027065393e-12
1.2910000000021453	9.07895980617468e-12
1.2920000000021385	8.31057445083161e-12
1.2930000000021313	7.569500581894317e-12
1.2940000000021246	6.855516154757879e-12
1.2950000000021178	6.1668448125828945e-12
1.2960000000021106	5.502487354647201e-12
1.2970000000021038	4.861333557926173e-12
1.2980000000020966	4.243494444722273e-12
1.2990000000020898	3.647304680498564e-12
1.3000000000020828	3.0724311983476582e-12
1.3010000000020758	2.5172086637326174e-12
1.302000000002069	1.981859121258367e-12
1.303000000002062	1.4653833702027441e-12
1.304000000002055	9.660050537263487e-13
1.3050000000020483	4.840572387365683e-13
1.3060000000020413	1.8984813721090177e-14
1.3070000000020343	-4.298783551348606e-13
1.3080000000020275	-8.641976023682219e-13
1.3090000000020205	-1.284305994886381e-12
1.3100000000020136	-1.6890933096647132e-12
1.3110000000020068	-2.0810020373573934e-12
1.3120000000019996	-2.460254222569347e-12
1.3130000000019928	-2.8257396422759484e-12
1.3140000000019856	-3.1796787425264483e-12
1.3150000000019788	-3.5218494787159216e-12
1.316000000001972	-3.852473895449293e-12
1.3170000000019648	-4.172218126541338e-12
1.318000000001958	-4.482858528831457e-12
1.319000000001951	-4.782396700875324e-12
1.320000000001944	-5.07260899951234e-12
1.3210000000019373	-5.35371746934743e-12
1.3220000000019303	-5.625278021170743e-12
1.3230000000019233	-5.88817883340198e-12
1.3240000000019165	-6.143530129065766e-12
1.3250000000019095	-6.388667372903001e-12
1.3260000000019025	-6.626699189382634e-12
1.3270000000018956	-6.857625578504667e-12
1.3280000000018886	-7.080780406454323e-12
1.3290000000018818	-7.297051851651304e-12
1.3300000000018748	-7.506217869490683e-12
1.3310000000018678	-7.709388682997087e-12
1.332000000001861	-7.906120202960665e-12
1.3330000000018538	-8.096856518591267e-12
1.334000000001847	-8.280931496074118e-12
1.33500000000184	-8.459233313828918e-12
1.336000000001833	-8.632650150275367e-12
1.3370000000018263	-8.799405648574066e-12
1.3380000000018193	-8.960832076354563e-12
1.3390000000018123	-9.11737352282671e-12
1.3400000000018053	-9.268363854175732e-12
1.3410000000017983	-9.415135338031178e-12
1.3420000000017915	-9.556799795973347e-12
1.3430000000017845	-9.694245406421942e-12
1.3440000000017776	-9.827250124772036e-12
1.3450000000017708	-9.956258040233479e-12
1.3460000000017638	-1.0080825063596421e-11
1.3470000000017568	-1.0201395284070713e-11
1.34800000000175	-1.031730256784158e-11
1.3490000000017428	-1.042943509332872e-11
1.350000000001736	-1.0537348771322286e-11
1.3510000000017293	-1.0641931780241976e-11
1.352000000001722	-1.074229594166809e-11
1.3530000000017153	-1.0839329434020328e-11
1.354000000001708	-1.0932810212693767e-11
1.3550000000017013	-1.1022516233083479e-11
1.3560000000016943	-1.1108447495189466e-11
1.3570000000016873	-1.1190826043616653e-11
1.3580000000016805	-1.127098414599459e-11
1.3590000000016735	-1.13473674900888e-11
1.3600000000016665	-1.1421308343528835e-11
1.3610000000016598	-1.149258466170977e-11
1.3620000000016528	-1.155964213239713e-11
1.3630000000016458	-1.1623813023220464e-11
1.364000000001639	-1.1684653244969923e-11
1.3650000000016318	-1.174282893146028e-11
1.366000000001625	-1.1798562127296464e-11
1.367000000001618	-1.1851408743268621e-11
1.368000000001611	-1.1901368779376753e-11
1.3690000000016043	-1.194888632483071e-11
1.370000000001597	-1.1993295245815716e-11
1.3710000000015903	-1.2035039631541622e-11
1.3720000000015833	-1.2074563571218278e-11
1.3730000000015763	-1.2111422975635833e-11
1.3740000000015695	-1.2145617844794288e-11
1.3750000000015625	-1.2177148178693642e-11
1.3760000000015555	-1.2206902155753596e-11
1.3770000000015488	-1.223399159755445e-11
1.3780000000015418	-1.2258194459491278e-11
1.3790000000015348	-1.2280398919983782e-11
1.3800000000015278	-1.2299494756007334e-11
1.3810000000015208	-1.2315926056771787e-11
1.382000000001514	-1.2330581000696839e-11
1.383000000001507	-1.2342793453967715e-11
1.3840000000015	-1.2353451595004117e-11
1.3850000000014933	-1.2361445200781418e-11
1.386000000001486	-1.2365886092879919e-11
1.3870000000014793	-1.2369438806558719e-11
1.3880000000014725	-1.237121516339812e-11
1.3890000000014653	-1.2370549029583344e-11
1.3900000000014585	-1.2367884494324244e-11
1.3910000000014515	-1.2363443602225743e-11
1.3920000000014445	-1.2356338174868142e-11
1.3930000000014378	-1.234612412304159e-11
1.3940000000014305	-1.2334799848190414e-11
1.3950000000014238	-1.2321477171894912e-11
1.3960000000014168	-1.2306156094155085e-11
1.3970000000014098	-1.2289058659575858e-11
1.398000000001403	-1.2269518734342455e-11
1.399000000001396	-1.2248202452269652e-11
1.400000000001389	-1.2224887768752524e-11
1.4010000000013823	-1.220090695142062e-11
1.4020000000013753	-1.2174261598829617e-11
1.4030000000013683	-1.2145395800189362e-11
1.4040000000013615	-1.2114753644709708e-11
1.4050000000013543	-1.2082335132390654e-11
1.4060000000013475	-1.2048806397046974e-11
1.4070000000013405	-1.2013501304863894e-11
1.4080000000013335	-1.1974421454397088e-11
1.4090000000013267	-1.1934675470115508e-11
1.4100000000013195	-1.1893597218204377e-11
1.4110000000013128	-1.1850076475639071e-11
1.4120000000013058	-1.180500142083929e-11
1.4130000000012988	-1.1759260232224733e-11
1.414000000001292	-1.1712408820585551e-11
1.415000000001285	-1.1661782650662644e-11
1.416000000001278	-1.1610490346924962e-11
1.4170000000012712	-1.155830986476758e-11
1.4180000000012642	-1.1504575070375722e-11
1.4190000000012573	-1.144973005295924e-11
1.4200000000012505	-1.1392664589493506e-11
1.4210000000012433	-1.1334044813793298e-11
1.4220000000012365	-1.1273870725858615e-11
1.4230000000012293	-1.1212586414899306e-11
1.4240000000012225	-1.1149525747100597e-11
1.4250000000012157	-1.1085354856277263e-11
1.4260000000012085	-1.1020073742429304e-11
1.4270000000012018	-1.0953460360951794e-11
1.4280000000011948	-1.0885514711844735e-11
1.4290000000011878	-1.0815792705898275e-11
1.430000000001181	-1.074496047692719e-11
1.431000000001174	-1.067301802493148e-11
1.432000000001167	-1.060018739451607e-11
1.4330000000011602	-1.0525358362656334e-11
1.4340000000011532	-1.0449419107771973e-11
1.4350000000011462	-1.0371703496048212e-11
1.4360000000011393	-1.0293099705904751e-11
1.4370000000011323	-1.021405182655144e-11
1.4380000000011255	-1.0134337813383354e-11
1.4390000000011185	-1.0053291532585718e-11
1.4400000000011115	-9.970468894948681e-12
1.4410000000011047	-9.886758078891944e-12
1.4420000000010975	-9.801937039810582e-12
1.4430000000010907	-9.716893956124295e-12
1.4440000000010837	-9.630740649413383e-12
1.4450000000010768	-9.543477119677846e-12
1.44600000000107	-9.455103366917683e-12
1.447000000001063	-9.365175301923045e-12
1.448000000001056	-9.275247236928408e-12
1.449000000001049	-9.184208948909145e-12
1.450000000001042	-9.092504527075107e-12
1.4510000000010352	-9.000578060636144e-12
1.4520000000010282	-8.90643114814793e-12
1.4530000000010213	-8.811618101844942e-12
1.4540000000010145	-8.717471189356729e-12
1.4550000000010075	-8.621992009238966e-12
1.4560000000010005	-8.525180561491652e-12
1.4570000000009937	-8.427480935324638e-12
1.4580000000009865	-8.328893130737924e-12
1.4590000000009797	-8.22986123694136e-12
1.460000000000973	-8.130829343144796e-12
1.4610000000009657	-8.031575404743307e-12
1.462000000000959	-7.931211243317193e-12
1.4630000000009518	-7.830402992681229e-12
1.464000000000945	-7.729594742045265e-12
1.465000000000938	-7.6278983129896e-12
1.466000000000931	-7.525979839329011e-12
1.4670000000009242	-7.422062964224097e-12
1.4680000000009172	-7.318368133724107e-12
1.4690000000009102	-7.214451258619192e-12
1.4700000000009035	-7.1103123389093525e-12
1.4710000000008965	-7.005951374594588e-12
1.4720000000008895	-6.900702231860123e-12
1.4730000000008827	-6.795453089125658e-12
1.4740000000008757	-6.689981901786268e-12
1.4750000000008687	-6.5845107144468784e-12
1.476000000000862	-6.4783733932927134e-12
1.4770000000008547	-6.3722360721385485e-12
1.478000000000848	-6.2665428401942336e-12
1.4790000000008408	-6.160849608249919e-12
1.480000000000834	-6.054046153280979e-12
1.4810000000008272	-5.9472426983120386e-12
1.48200000000082	-5.8404392433430985e-12
1.4830000000008132	-5.7336357883741584e-12
1.4840000000008062	-5.626166199590443e-12
1.4850000000007992	-5.518696610806728e-12
1.4860000000007925	-5.411227022023013e-12
1.4870000000007855	-5.304201522449148e-12
1.4880000000007785	-5.196509889060508e-12
1.4890000000007717	-5.0885962110669425e-12
1.4900000000007645	-4.981348666888152e-12
1.4910000000007577	-4.873657033499512e-12
1.4920000000007507	-4.766631533925647e-12
1.4930000000007437	-4.658939900537007e-12
1.494000000000737	-4.552358490172992e-12
1.49500000000073	-4.444888901389277e-12
1.496000000000723	-4.337641357210487e-12
1.497000000000716	-4.2306158576366215e-12
1.498000000000709	-4.1244785364824565e-12
1.4990000000007022	-4.0181191707233666e-12
1.5000000000006952	-3.912647983383977e-12
1.5010000000006882	-3.807176796044587e-12
1.5020000000006815	-3.701483564100272e-12
1.5030000000006745	-3.596012376760882e-12
1.5040000000006675	-3.4909852786313422e-12
1.5050000000006605	-3.3859581805018024e-12
1.5060000000006535	-3.2813751715821127e-12
1.5070000000006467	-3.177014207267348e-12
1.5080000000006397	-3.0724311983476582e-12
1.5090000000006327	-2.9689584124525936e-12
1.5100000000006257	-2.866373804977229e-12
1.5110000000006187	-2.7635671528969397e-12
1.512000000000612	-2.6614266346314253e-12
1.513000000000605	-2.559952250180686e-12
1.514000000000598	-2.4584778657299466e-12
1.5150000000005912	-2.3587798381186076e-12
1.5160000000005842	-2.2581936320875684e-12
1.5170000000005772	-2.1582735598713043e-12
1.5180000000005702	-2.0587975768648903e-12
1.5190000000005632	-1.9602097722781764e-12
1.5200000000005565	-1.8616219676914625e-12
1.5210000000005495	-1.7643664307342988e-12
1.5220000000005425	-1.6675549829869851e-12
1.5230000000005357	-1.5709655798445965e-12
1.5240000000005285	-1.474820265912058e-12
1.5250000000005217	-1.3784529073745944e-12
1.5260000000005147	-1.2829737272568309e-12
1.5270000000005077	-1.1890488593735427e-12
1.528000000000501	-1.0955680807001045e-12
1.529000000000494	-1.0029754804463664e-12
1.530000000000487	-9.114931032172535e-13
1.53100000000048	-8.202327705930657e-13
1.532000000000473	-7.296385717836529e-13
1.5330000000004662	-6.399325513939402e-13
1.5340000000004592	-5.508926648190027e-13
1.5350000000004522	-4.625189120588402e-13
1.5360000000004455	-3.752553823233029e-13
1.5370000000004385	-2.886579864025407e-13
1.5380000000004315	-2.0117241206207837e-13
1.5390000000004245	-1.156852391659413e-13
1.5400000000004175	-3.175237850427948e-14
1.5410000000004107	5.1958437552457326e-14
1.5420000000004037	1.3533618670180658e-13
1.5430000000003967	2.1804780203638074e-13
1.5440000000003897	2.9953817204386723e-13
1.5450000000003827	3.8036240823657863e-13
1.546000000000376	4.596323321948148e-13
1.547000000000369	5.395683899678261e-13
1.548000000000362	6.185052470186747e-13
1.549000000000355	6.965539256498232e-13
1.5500000000003482	7.734923812563466e-13
1.5510000000003412	8.493206138382448e-13
1.5520000000003342	9.241496456979803e-13
1.5530000000003272	9.982015214404782e-13
1.5540000000003205	1.0719203302755886e-12
1.5550000000003135	1.144750960690999e-12
1.5560000000003065	1.2165823903842465e-12
1.5570000000002997	1.2880807531701066e-12
1.5580000000002925	1.3575807145116414e-12
1.5590000000002857	1.425748408223626e-12
1.5600000000002787	1.493138945818373e-12
1.5610000000002717	1.5594192603884949e-12
1.5620000000002647	1.6250334411438416e-12
1.5630000000002577	1.6892043319671757e-12
1.564000000000251	1.7525980666732721e-12
1.565000000000244	1.8151036229596684e-12
1.566000000000237	1.876609978523902e-12
1.5670000000002302	1.9372281556684356e-12
1.5680000000002232	1.996514065183419e-12
1.5690000000002162	2.055910997000865e-12
1.5700000000002092	2.114752817305998e-12
1.5710000000002025	2.1722623699815813e-12
1.5720000000001955	2.228217610422689e-12
1.5730000000001885	2.283284672444097e-12
1.5740000000001815	2.337574578348267e-12
1.5750000000001747	2.390754261227812e-12
1.5760000000001675	2.4436008771999695e-12
1.5770000000001607	2.4952262478450393e-12
1.5780000000001537	2.545963440070409e-12
1.5790000000001467	2.595479386968691e-12
1.58000000000014	2.644107155447273e-12
1.581000000000133	2.6916247009012295e-12
1.582000000000126	2.738254067935486e-12
1.583000000000119	2.7844393457598926e-12
1.584000000000112	2.829958489769524e-12
1.5850000000001052	2.8743674107545303e-12
1.5860000000000982	2.916333841085361e-12
1.5870000000000912	2.958744360626042e-12
1.5880000000000845	3.000488746351948e-12
1.5890000000000775	3.0404567752384537e-12
1.5900000000000705	3.0797586703101842e-12
1.5910000000000635	3.1187274984745272e-12
1.5920000000000565	3.15636405900932e-12
1.5930000000000497	3.1917801734948625e-12
1.5940000000000427	3.2273073102828675e-12
1.5950000000000357	3.26227933555856e-12
1.5960000000000287	3.2953639816923896e-12
1.5970000000000217	3.326894315591744e-12
1.598000000000015	3.3582026048861735e-12
1.599000000000008	3.3884006711559778e-12
1.600000000000001	3.418154648215932e-12
1.6009999999999942	3.447464536066036e-12
1.6019999999999872	3.475220111681665e-12
1.6029999999999802	3.502975687297294e-12
1.6039999999999732	3.5299541067956852e-12
1.6049999999999662	3.555489236362064e-12
1.6059999999999595	3.58046925441613e-12
1.6069999999999525	3.6041170048406457e-12
1.6079999999999455	3.6266545322405364e-12
1.6089999999999387	3.648525925825652e-12
1.6099999999999315	3.66962016329353e-12
1.6109999999999247	3.690270311551558e-12
1.6119999999999177	3.7098102367849606e-12
1.6129999999999107	3.728573005901126e-12
1.6139999999999037	3.746891685807441e-12
1.614999999999897	3.763878098084206e-12
1.61599999999989	3.7801983765461955e-12
1.616999999999883	3.795963543495873e-12
1.617999999999876	3.810618487420925e-12
1.6189999999998692	3.825051386741052e-12
1.6199999999998622	3.838929174548866e-12
1.6209999999998552	3.852695940054218e-12
1.6219999999998485	3.863576125695545e-12
1.6229999999998415	3.874456311336871e-12
1.6239999999998345	3.884781385465885e-12
1.6249999999998275	3.8941072588727366e-12
1.6259999999998205	3.902989043069738e-12
1.6269999999998137	3.911204693451964e-12
1.6279999999998067	3.9184211431120275e-12
1.6289999999997997	3.925193503562241e-12
1.6299999999997927	3.931299730197679e-12
1.6309999999997857	3.93574062229618e-12
1.631999999999779	3.9399594697897555e-12
1.632999999999772	3.943734228073481e-12
1.633999999999765	3.9468428525424315e-12
1.634999999999758	3.9498404547089194e-12
1.6359999999997512	3.951727833850782e-12
1.6369999999997442	3.9532821460852574e-12
1.6379999999997372	3.9537262352951075e-12
1.6389999999997302	3.9537262352951075e-12
1.6399999999997235	3.95250498996802e-12
1.6409999999997165	3.950395566221232e-12
1.6419999999997095	3.948730231684294e-12
1.6429999999997025	3.9461767187276564e-12
1.6439999999996955	3.9434011611660935e-12
1.6449999999996887	3.939848447487293e-12
1.6459999999996817	3.93618471150603e-12
1.6469999999996747	3.931632797105067e-12
1.6479999999996677	3.9255265704696285e-12
1.6489999999996607	3.919531366136653e-12
1.649999999999654	3.913758206408602e-12
1.650999999999647	3.906541756748538e-12
1.65199999999964	3.898770195576162e-12
1.6529999999996332	3.891220679008711e-12
1.6539999999996262	3.882116850206785e-12
1.6549999999996192	3.872457909892546e-12
1.6559999999996122	3.86290999188077e-12
1.6569999999996052	3.852806962356681e-12
1.6579999999995985	3.842481888227667e-12
1.6589999999995915	3.831823747191265e-12
1.6599999999995845	3.820166405432701e-12
1.6609999999995777	3.808287019069212e-12
1.6619999999995705	3.79629661040326e-12
1.6629999999995637	3.7834180233176085e-12
1.6639999999995567	3.770872503139344e-12
1.6649999999995497	3.7582159606586174e-12
1.665999999999543	3.743672039036028e-12
1.666999999999536	3.729905273530676e-12
1.667999999999529	3.715250329605624e-12
1.668999999999522	3.700373341075647e-12
1.669999999999515	3.6850522633358196e-12
1.6709999999995082	3.668954029478755e-12
1.6719999999995012	3.6525227287143025e-12
1.6729999999994942	3.6366465394621628e-12
1.6739999999994875	3.6197711494878604e-12
1.6749999999994805	3.602451670303708e-12
1.6759999999994735	3.5844660573047804e-12
1.6769999999994665	3.5665914666083154e-12
1.6779999999994595	3.549049942819238e-12
1.6789999999994527	3.5306202406104603e-12
1.6799999999994457	3.511413382284445e-12
1.6809999999994387	3.4914293678411923e-12
1.6819999999994317	3.4716673980028645e-12
1.6829999999994247	3.450906227442374e-12
1.683999999999418	3.4307001683941962e-12
1.684999999999411	3.409938997833706e-12
1.685999999999404	3.3891778272732154e-12
1.6869999999993972	3.368416656712725e-12
1.6879999999993902	3.347322419244847e-12
1.6889999999993832	3.325562047962194e-12
1.6899999999993762	3.304023721284466e-12
1.6909999999993692	3.2825964169092003e-12
1.6919999999993625	3.2607250233240848e-12
1.6929999999993555	3.2396307858562068e-12
1.6939999999993485	3.2176483699686287e-12
1.6949999999993415	3.1958879986859756e-12
1.6959999999993345	3.1734614935885475e-12
1.6969999999993277	3.1510349884911193e-12
1.6979999999993207	3.127276215764141e-12
1.6989999999993137	3.1042945991544002e-12
1.6999999999993067	3.0817570717545095e-12
1.7009999999993	3.0582203436324562e-12
1.701999999999293	3.034683615510403e-12
1.702999999999286	3.0111468873883496e-12
1.703999999999279	2.986721980846596e-12
1.7049999999992722	2.963185252724543e-12
1.7059999999992652	2.9382052346704768e-12
1.7069999999992582	2.913669305826261e-12
1.7079999999992515	2.889133376982045e-12
1.7089999999992442	2.8653746042550665e-12
1.7099999999992375	2.840283563898538e-12
1.7109999999992305	2.815081501239547e-12
1.7119999999992235	2.790323527790406e-12
1.7129999999992167	2.76578759894619e-12
1.7139999999992095	2.7406965585896614e-12
1.7149999999992027	2.7159385851405204e-12
1.7159999999991957	2.6896262994569042e-12
1.7169999999991887	2.6647573037053007e-12
1.717999999999182	2.638556040324147e-12
1.718999999999175	2.6132429553626935e-12
1.719999999999168	2.587707825796315e-12
1.720999999999161	2.5626167854397863e-12
1.721999999999154	2.5374147227807953e-12
1.7229999999991472	2.511324481702104e-12
1.7239999999991402	2.485456285228338e-12
1.7249999999991332	2.459810133359497e-12
1.7259999999991265	2.434052959188193e-12
1.7269999999991195	2.409072941134127e-12
1.7279999999991125	2.3837598561726736e-12
1.7289999999991055	2.3585577935136826e-12
1.7299999999990985	2.333022663947304e-12
1.7309999999990917	2.307376512078463e-12
1.7319999999990847	2.2812862709997717e-12
1.7329999999990777	2.255307052223543e-12
1.7339999999990707	2.2297719226571644e-12
1.7349999999990655	2.2035706592760107e-12
1.7359999999990614	2.178257574314557e-12
1.7369999999990573	2.1539436900752662e-12
1.7379999999990532	2.1288526497187377e-12
1.7389999999990489	2.103983653967134e-12
1.7399999999990448	2.0784485244007556e-12
1.7409999999990406	2.052247261019602e-12
1.7419999999990363	2.0264900868482982e-12
1.7429999999990322	2.0009549572819196e-12
1.743999999999028	1.9761969838327786e-12
1.744999999999024	1.9512169657787126e-12
1.74599999999902	1.9257928585147965e-12
1.7469999999990156	1.900701818158268e-12
1.7479999999990115	1.8751666885918894e-12
1.7489999999990071	1.8501866705378234e-12
1.749999999999003	1.8269830093231576e-12
1.7509999999990045	1.8027801473863292e-12
1.751999999999006	1.7784662631470383e-12
1.7529999999990071	1.7538193120003598e-12
1.7539999999990086	1.7289503162487563e-12
1.75499999999901	1.7048584766143904e-12
1.7559999999990115	1.680655614677562e-12
1.756999999999013	1.6560086635308835e-12
1.7579999999990141	1.631361712384205e-12
1.7589999999990156	1.6072698727498391e-12
1.759999999999017	1.5839551892327108e-12
1.7609999999990182	1.5606405057155825e-12
1.7619999999990197	1.5367707106861417e-12
1.7629999999990211	1.5133450048665509e-12
1.7639999999990226	1.4891421429297225e-12
1.7649999999990238	1.4652723479002816e-12
1.7659999999990263	1.4415135751733033e-12
1.7669999999990305	1.418642980866025e-12
1.7679999999990346	1.3962164757685969e-12
1.7689999999990387	1.3737899706711687e-12
1.769999999999043	1.3509193763638905e-12
1.7709999999990471	1.3281598043590748e-12
1.7719999999990512	1.3058443215641091e-12
1.7729999999990556	1.2839729279789935e-12
1.7739999999990597	1.2626566459061905e-12
1.7749999999990638	1.241229341530925e-12
1.7759999999990679	1.219691014853197e-12
1.776999999999072	1.197930643570544e-12
1.7779999999990763	1.1756151607755783e-12
1.7789999999990804	1.1548539902150878e-12
1.7799999999990845	1.13420384195706e-12
1.7809999999990886	1.1132206267916445e-12
1.781999999999093	1.091571277811454e-12
1.782999999999097	1.0712541964608135e-12
1.7839999999991012	1.0501599589929356e-12
1.7849999999991053	1.0296208330373702e-12
1.7859999999991096	1.0098588631990424e-12
1.7869999999991137	9.896528041508645e-13
1.7879999999991179	9.698908343125368e-13
1.788999999999122	9.504619313815965e-13
1.789999999999126	9.309220061481938e-13
1.7909999999991304	9.12048214729566e-13
1.7919999999991345	8.93285445613401e-13
1.7929999999991386	8.748557434046234e-13
1.7939999999991427	8.558709296835332e-13
1.794999999999147	8.375522497772181e-13
1.7959999999991512	8.19011525265978e-13
1.7969999999991553	8.004708007547379e-13
1.7979999999991594	7.818190539410352e-13
1.7989999999991637	7.640554855470327e-13
1.7999999999991678	7.462919171530302e-13
1.800999999999172	7.295275494811904e-13
1.801999999999176	7.114309141798003e-13
1.8029999999991801	6.941114349956479e-13
1.8039999999991845	6.772360450213455e-13
1.8049999999991886	6.605826996519681e-13
1.8059999999991927	6.440403765850533e-13
1.8069999999991968	6.286082765427636e-13
1.8079999999992011	6.125100426856989e-13
1.8089999999992052	5.966338534335591e-13
1.8099999999992094	5.807576641814194e-13
1.8109999999992135	5.651035195342047e-13
1.8119999999992178	5.495603971894525e-13
1.812999999999222	5.337952302397753e-13
1.813999999999226	5.182521078950231e-13
1.8149999999992301	5.031530747601209e-13
1.8159999999992344	4.878319970202938e-13
1.8169999999992386	4.730660307927792e-13
1.8179999999992427	4.576339307504895e-13
1.8189999999992468	4.4275694222051243e-13
1.819999999999251	4.2799097599299785e-13
1.8209999999992552	4.1455727739503345e-13
1.8219999999992593	4.0101255649460654e-13
1.8229999999992634	3.872457909892546e-13
1.8239999999992675	3.739231146937527e-13
1.8249999999992719	3.597122599785507e-13
1.825999999999276	3.460565167756613e-13
1.82699999999928	3.33288951992472e-13
1.8279999999992842	3.207434318142077e-13
1.8289999999992885	3.0819791163594346e-13
1.8299999999992926	2.9454216843305403e-13
1.8309999999992967	2.8255175976710234e-13
1.8319999999993009	2.710054403110007e-13
1.8329999999993052	2.594591208548991e-13
1.8339999999993093	2.475797344914099e-13
1.8349999999993134	2.355893258254582e-13
1.8359999999993175	2.2437607327674414e-13
1.8369999999993218	2.1249668691325496e-13
1.837999999999326	2.013944566670034e-13
1.83899999999933	1.9118040484045196e-13
1.8399999999993342	1.8118839761882555e-13
1.8409999999993385	1.709743457922741e-13
1.8419999999993426	1.6076029396572267e-13
1.8429999999993467	1.509903313490213e-13
1.8439999999993508	1.4155343563970746e-13
1.844999999999355	1.3222756223285614e-13
1.8459999999993593	1.2279066652354231e-13
1.8469999999993634	1.1324274851176597e-13
1.8479999999993675	1.0447198661722723e-13
1.8489999999993716	9.536815781530095e-14
1.849999999999376	8.64863736182997e-14
1.85099999999938	7.838174553853605e-14
1.8519999999993841	6.972200594645983e-14
1.8529999999993882	6.150635556423367e-14
1.8539999999993926	5.3512749786932545e-14
1.8549999999993967	4.529709940470639e-14
1.8559999999994008	3.785860513971784e-14
1.856999999999405	2.9531932455029164e-14
1.857999999999409	2.1649348980190553e-14
1.8589999999994133	1.4432899320127035e-14
1.8599999999994175	7.105427357601002e-15
1.8609999999994216	4.440892098500626e-16
1.861999999999426	-6.8833827526759706e-15
1.86299999999943	-1.4432899320127035e-14
1.863999999999434	-2.1316282072803006e-14
1.8649999999994382	-2.842170943040401e-14
1.8659999999994423	-3.4861002973229915e-14
1.8669999999994467	-4.063416270128073e-14
1.8679999999994508	-4.6851411639181606e-14
1.8689999999994549	-5.284661597215745e-14
1.869999999999459	-5.795364188543317e-14
1.870999999999463	-6.283862319378386e-14
1.8719999999994674	-6.838973831690964e-14
1.8729999999994715	-7.394085344003543e-14
1.8739999999994756	-7.838174553853605e-14
1.87499999999948	-8.304468224196171e-14
1.875999999999484	-8.79296635503124e-14
1.8769999999994882	-9.237055564881302e-14
1.8779999999994923	-9.658940314238862e-14
1.8789999999994964	-1.0058620603103918e-13
1.8799999999995007	-1.0458300891968975e-13
1.8809999999995048	-1.0880185641326534e-13
1.881999999999509	-1.1213252548714081e-13
1.882999999999513	-1.1546319456101628e-13
1.8839999999995174	-1.1901590823981678e-13
1.8849999999995215	-1.219024881038422e-13
1.8859999999995256	-1.254552017826427e-13
1.8869999999995297	-1.283417816466681e-13
1.887999999999534	-1.312283615106935e-13
1.8889999999995382	-1.3455903058456897e-13
1.8899999999995423	-1.3700152123874432e-13
1.8909999999995464	-1.3988810110276972e-13
1.8919999999995505	-1.432187701766452e-13
1.8929999999995548	-1.4477308241112041e-13
1.893999999999559	-1.4654943925052066e-13
1.894999999999563	-1.4832579608992091e-13
1.8959999999995671	-1.503241975342462e-13
1.8969999999995715	-1.5143442055887135e-13
1.8979999999995756	-1.525446435834965e-13
1.8989999999995797	-1.5432100042289676e-13
1.8999999999995838	-1.567634910770721e-13
1.9009999999995881	-1.5765166949677223e-13
1.9019999999995922	-1.5898393712632242e-13
1.9029999999995963	-1.5987211554602254e-13
1.9039999999996005	-1.609823385706477e-13
1.9049999999996048	-1.6187051699034782e-13
1.905999999999609	-1.6253665080512292e-13
1.906999999999613	-1.6342482922482304e-13
1.9079999999996171	-1.638689184346731e-13
1.9089999999996214	-1.6364687382974807e-13
1.9099999999996256	-1.6364687382974807e-13
1.9109999999996297	-1.6298074001497298e-13
1.9119999999996338	-1.6364687382974807e-13
1.9129999999996379	-1.6364687382974807e-13
1.9139999999996422	-1.6275869541004795e-13
1.9149999999996463	-1.63202784619898e-13
1.9159999999996504	-1.6231460620019789e-13
1.9169999999996545	-1.616484723854228e-13
1.9179999999996589	-1.6076029396572267e-13
1.918999999999663	-1.596500709410975e-13
1.919999999999667	-1.5876189252139739e-13
1.9209999999996712	-1.5720758028692217e-13
1.9219999999996755	-1.5631940186722204e-13
1.9229999999996796	-1.545430450278218e-13
1.9239999999996837	-1.532107773982716e-13
1.9249999999996878	-1.5165646516379638e-13
1.9259999999996922	-1.4988010832439613e-13
1.9269999999996963	-1.474376176702208e-13
1.9279999999997004	-1.4566126083082054e-13
1.9289999999997045	-1.4299672557172016e-13
1.9299999999997088	-1.4077627952246985e-13
1.930999999999713	-1.3877787807814457e-13
1.931999999999717	-1.3655743202889425e-13
1.9329999999997212	-1.3367085216486885e-13
1.9339999999997253	-1.3078427230084344e-13
1.9349999999997296	-1.2789769243681803e-13
1.9359999999997337	-1.2567724638756772e-13
1.9369999999997378	-1.234568003383174e-13
1.937999999999742	-1.2079226507921703e-13
1.9389999999997463	-1.176836406102666e-13
1.9399999999997504	-1.1457501614131615e-13
1.9409999999997545	-1.1102230246251565e-13
1.9419999999997586	-1.0724754417879012e-13
1.942999999999763	-1.0325074129013956e-13
1.943999999999767	-9.9253938401489e-14
1.9449999999997711	-9.547918011776346e-14
1.9459999999997752	-9.14823772291129e-14
1.9469999999997794	-8.770761894538737e-14
1.9479999999997837	-8.348877145181177e-14
1.9489999999997878	-7.882583474838611e-14
1.949999999999792	-7.37188088351104e-14
1.950999999999796	-6.88338275267597e-14
1.9519999999998003	-6.350475700855895e-14
1.9529999999998044	-5.928590951498336e-14
1.9539999999998086	-5.46229728115577e-14
1.9549999999998127	-4.929390229335695e-14
1.955999999999817	-4.374278717023117e-14
1.956999999999821	-3.8191672047105385e-14
1.9579999999998252	-3.2862601528904634e-14
1.9589999999998293	-2.7533531010703882e-14
1.9599999999998337	-2.2426505097428162e-14
1.9609999999998378	-1.7319479184152442e-14
1.9619999999998419	-1.1546319456101628e-14
1.962999999999846	-6.217248937900877e-15
1.9639999999998503	1.1102230246251565e-16
1.9649999999998544	6.328271240363392e-15
1.9659999999998585	1.199040866595169e-14
1.9669999999998626	1.8318679906315083e-14
1.9679999999998667	2.4868995751603507e-14
1.968999999999871	3.164135620181696e-14
1.9699999999998752	3.8413716652030416e-14
1.9709999999998793	4.529709940470639e-14
1.9719999999998834	5.162537064506978e-14
1.9729999999998877	5.828670879282072e-14
1.9739999999998918	6.494804694057166e-14
1.974999999999896	7.227551890309769e-14
1.9759999999999	7.904787935331115e-14
1.9769999999999044	8.626432901337466e-14
1.9779999999999085	9.370282327836321e-14
1.9789999999999126	1.0169642905566434e-13
1.9799999999999167	1.084687895058778e-13
1.980999999999921	1.163513729807164e-13
1.9819999999999252	1.2434497875801753e-13
1.9829999999999293	1.3211653993039363e-13
1.9839999999999334	1.4033219031261979e-13
1.9849999999999375	1.4865886299730846e-13
1.9859999999999418	1.5709655798445965e-13
1.986999999999946	1.652011860642233e-13
1.98799999999995	1.7352785874891197e-13
1.9889999999999541	1.8185453143360064e-13
1.9899999999999585	1.900701818158268e-13
1.9909999999999626	1.9817480989559044e-13
1.9919999999999667	2.0683454948766666e-13
1.9929999999999708	2.1538326677728037e-13
1.9939999999999751	2.2448709557920665e-13
1.9949999999999792	2.3381296898605797e-13
1.9959999999999833	2.4291679778798425e-13
1.9969999999999875	2.5224267119483557e-13
1.9979999999999918	2.6134649999676185e-13
1.998999999999996	2.7067237340361316e-13
2.0	2.799982468104645e-13
2.0010279404845495	2.8954616482224083e-13
2.0021217900815715	3.0020430585864233e-13
2.0032857751923165	3.11972669919669e-13
2.004524391841744	3.241851231905457e-13
2.005842426366887	3.3706371027619753e-13
2.007244970197923	3.517186542012496e-13
2.0087374418720856	3.672617765460018e-13
2.0103256076664273	3.8336001040306655e-13
2.0120156028936726	4.0123460109953157e-13
2.013813957200875	4.2010839251815923e-13
2.0157276178435577	4.412026299860372e-13
2.0177639781367303	4.636291350834654e-13
2.019930905358886	4.871658632055187e-13
2.0222367711443985	5.134781488891349e-13
2.024690484011897	5.414557691096888e-13
2.027301523572695	5.717648576819556e-13
2.0300799770731848	6.047384815133228e-13
2.033036578410754	6.400435736964027e-13
2.036182751117039	6.792344464656708e-13
2.039530649180409	7.212008767965017e-13
2.043093206833892	7.66275931596283e-13
2.046884188175661	8.164580123093401e-13
2.050918238233338	8.699707620962727e-13
2.0552109433735133	9.278133816792433e-13
2.059778886913171	9.905409825705647e-13
2.0646397170403086	1.0591527654923993e-12
2.0698122132469665	1.1327605520250472e-12
2.0753163565584574	1.2114753644709708e-12
2.081173414838828	1.2965184481572578e-12
2.0874060143976347	1.3871126469666706e-12
2.094038234979271	1.4837020501090592e-12
2.1010956980169606	1.5862866575844237e-12
2.1086056699538682	1.6932011348558262e-12
2.116597165034399	1.8043344596208044e-12
2.125101056786564	1.918132319644883e-12
2.1341501990307465	2.032929380391124e-12
2.143779554474847	2.1456170173905775e-12
2.1540263207146424	2.252753539266905e-12
2.1649300857539027	2.3494539647117563e-12
2.1765329774064615	2.42816877715768e-12
2.1888798204423576	2.484568106808638e-12
2.2020183144046843	2.5101032363750164e-12
2.2159992202680474	2.4981128277090647e-12
2.2308765524295735	2.4390489627990064e-12
2.246707783705272	2.3301360840832785e-12
2.263554079768369	2.1697088570249434e-12
2.2814805235907363	1.960764883790489e-12
2.3005563724108544	1.7180701306074297e-12
2.320855322320133	1.4638290579682689e-12
2.3424557929209753	1.2315704012166862e-12
2.3654412374910825	1.0623724122638123e-12
2.389900455657507	1.0021983243291288e-12
2.41592795027163	1.091793322416379e-12
2.44362426638729	1.3492540418269527e-12
2.473096411506492	1.7599255386357981e-12
2.5044582437089975	2.2597479443220436e-12
2.537830924630887	2.7393642909601112e-12
2.5733433911797423	3.085975919248085e-12
2.611132843166974	3.178568519501823e-12
2.6513452603475027	2.9676261448230434e-12
2.6941360153529494	2.548516953027047e-12
2.739670418177515	2.0614621121239907e-12
2.788124380079947	1.7295054277610689e-12
2.839685109337027	1.6393553181615061e-12
2.894551789617174	1.75603975804961e-12
2.9529364084026577	1.7490453529944716e-12
3.0150645170164534	1.4592771435673058e-12
3.0811761422888653	6.87672141452822e-13
3.1515266965252042	-1.8740564655672642e-13
3.226387989377641	-5.255795798575491e-13
3.30604919671757	-1.709743457922741e-14
3.39081811677136	1.1644019082268642e-12
3.4810222154328754	1.9977353105105067e-12
3.577010018652917	1.7013057629355899e-12
3.6791523315125145	5.757616605706062e-13
3.7878438030764574	-6.323830348264892e-13
3.9035043177534527	-1.311395436687235e-12
4.02658072998157	-7.238654120556021e-13
4.157548527011607	3.885780586188048e-14
4.296913682346355	-2.9265478929119126e-13
4.445214635465608	-4.798383912429927e-13
4.603024347307951	-4.0034642267983145e-13
4.770952424745148	-4.614086890342151e-13
4.9496476786701376	-1.1857181902996672e-13
5.139800459354712	3.1596947280831955e-13
5.342145448462832	5.563327576396659e-13
5.557464321076707	9.037215420448774e-14
5.786588991858403	-3.1907809727727e-13
6.03040459644804	1.9761969838327786e-14
6.289853138906711	6.323830348264892e-13
6.565936951835777	5.193623309196482e-13
6.859722633511745	-2.2537527399890678e-13
7.172345245053396	-5.506706202140776e-13
7.505012494394354	6.417089082333405e-14
7.859009576011049	2.013944566670034e-13
8.23570422033976	7.116529587847253e-14
8.636551628113326	-8.593126210598712e-14
9.063100564489073	-2.0183854587685346e-13
9.516998831091398	-1.3322676295501878e-15
10.0	-6.8833827526759706e-15
