0.0	0.1748211055961283
0.0010000000000041087	0.17482104410683919
0.0020000000000082174	0.17482087822989434
0.003000000000012548	0.17482061780350155
0.004000000000016657	0.17482026406281803
0.005000000000020766	0.17481979878360399
0.006000000000024874	0.17481923928879495
0.007000000000029205	0.17481857431049386
0.008000000000033314	0.17481780638227795
0.009000000000037423	0.1748169427142171
0.010000000000041753	0.17481597297667595
0.011000000000045862	0.17481489999058986
0.01200000000004997	0.17481372615838586
0.01300000000005408	0.17481244885534664
0.01400000000005841	0.17481107700994447
0.015000000000062519	0.1748096002055275
0.016000000000066406	0.17480801512950972
0.017000000000070736	0.1748063354323297
0.018000000000074845	0.17480455319653287
0.019000000000078954	0.17480266358940344
0.020000000000083062	0.17480067742444916
0.021000000000087393	0.17479858787225622
0.022000000000091502	0.17479639551689186
0.02300000000009561	0.1747941069023533
0.02400000000009972	0.1747917063806621
0.02500000000010405	0.17478921252766955
0.02600000000010816	0.1747866149816727
0.027000000000112268	0.17478390983975
0.0280000000001166	0.17478110643956568
0.029000000000120707	0.17477820680367584
0.030000000000124816	0.17477519994773105
0.031000000000128924	0.17477209167882968
0.032000000000133255	0.17476888282268077
0.033000000000137364	0.17476556706870872
0.03400000000014147	0.17476215477519208
0.0350000000001458	0.17475864382416817
0.03600000000014991	0.1747550250471166
0.03700000000015402	0.17475130599203859
0.03800000000015813	0.17474748582914923
0.03900000000016246	0.17474356510724054
0.04000000000016657	0.1747395374246543
0.04100000000017068	0.17473541045511998
0.04200000000017501	0.17473118506902097
0.04300000000017912	0.17472685663202092
0.044000000000183226	0.17472242591485254
0.045000000000187335	0.17471788950249723
0.046000000000191665	0.17471325889640998
0.04700000000019555	0.17470852506448176
0.04800000000019966	0.17470368188577268
0.04900000000020399	0.17469874250023842
0.0500000000002081	0.17469370000159978
0.05100000000021221	0.174688555222422
0.05200000000021632	0.17468331486740984
0.05300000000022065	0.17467796953614845
0.05400000000022476	0.17467251728568178
0.055000000000228866	0.1746669707485915
0.0560000000002332	0.17466131910835947
0.057000000000237305	0.17465556160231255
0.058000000000241414	0.17464971118514117
0.05900000000024552	0.1746437549175891
0.060000000000249853	0.17463769375200433
0.06100000000025396	0.1746315385896957
0.06200000000025807	0.17462527593752541
0.0630000000002624	0.17461891326022294
0.06400000000026651	0.17461245091157285
0.06500000000027062	0.17460588569422986
0.06600000000027473	0.17459921601692874
0.06700000000027906	0.17459244465902524
0.06800000000028317	0.17458557730782842
0.06900000000028728	0.17457860920656088
0.0700000000002916	0.17457153063059838
0.07100000000029572	0.17456435884126542
0.07200000000029982	0.17455708407872317
0.07300000000030393	0.17454970276096937
0.07400000000030826	0.17454222616254544
0.07500000000031237	0.17453464722623524
0.07600000000031648	0.1745269608310489
0.07700000000032081	0.17451917999436295
0.0780000000003247	0.17451129548737243
0.07900000000032881	0.17450330918095214
0.08000000000033292	0.17449522307543597
0.08100000000033725	0.1744870337527975
0.08200000000034136	0.17447874392741525
0.08300000000034546	0.17447035296428526
0.0840000000003498	0.17446186191451774
0.0850000000003539	0.17445326820877471
0.08600000000035801	0.1744445735993979
0.08700000000036212	0.1744357761241161
0.08800000000036645	0.1744268779665088
0.08900000000037056	0.1744178771289142
0.09000000000037467	0.17440878145951055
0.091000000000379	0.17439958461571192
0.09200000000038311	0.17439027786239603
0.09300000000038722	0.174380876104957
0.09400000000039133	0.17437137344682996
0.09500000000039566	0.17436176188424035
0.09600000000039977	0.17435205958740507
0.09700000000040387	0.17434225548680637
0.0980000000004082	0.17433234364429073
0.09900000000041231	0.1743223287032798
0.10000000000041642	0.17431221157627608
0.10100000000042053	0.1743020004613689
0.10200000000042486	0.17429169305729597
0.10300000000042897	0.17428128826610934
0.10400000000043308	0.17427077243890887
0.10500000000043741	0.1742601487414137
0.10600000000044152	0.17424943544022753
0.10700000000044563	0.17423861806844754
0.10800000000044951	0.17422770051135794
0.10900000000045384	0.17421668334843765
0.11000000000045795	0.17420555641234747
0.11100000000046206	0.17419433747549973
0.1120000000004664	0.17418301953647175
0.1130000000004705	0.17417159643723412
0.11400000000047461	0.17416007207877682
0.11500000000047872	0.1741484482318162
0.11600000000048305	0.1741367236232808
0.11700000000048716	0.17412489853073976
0.11800000000049127	0.1741129725756192
0.1190000000004956	0.174100945673187
0.12000000000049971	0.1740888180884681
0.12100000000050382	0.1740765905298718
0.12200000000050792	0.17406426199315683
0.12300000000051226	0.17405183303716631
0.12400000000051636	0.17403930338180007
0.12500000000052047	0.1740266731068254
0.1260000000005248	0.17401394282285731
0.1270000000005289	0.17400111154239606
0.12800000000053302	0.17398818008475425
0.12900000000053713	0.1739751480110454
0.13000000000054146	0.17396201555627078
0.13100000000054557	0.17394878188574114
0.13200000000054968	0.17393544435500452
0.133000000000554	0.1739220162584163
0.13400000000055812	0.17390849122236363
0.13500000000056223	0.17389485231435242
0.13600000000056633	0.17388111777820792
0.13700000000057067	0.1738672832377619
0.13800000000057477	0.1738533487182652
0.13900000000057866	0.17383931259668717
0.140000000000583	0.1738251808186405
0.1410000000005871	0.173810942974837
0.1420000000005912	0.17379660964707244
0.14300000000059532	0.1737821722010463
0.14400000000059965	0.17376763921785632
0.14500000000060376	0.1737530058779614
0.14600000000060787	0.17373826784269886
0.1470000000006122	0.1737234312907182
0.1480000000006163	0.17370849714225278
0.14900000000062041	0.1736934608612234
0.15000000000062452	0.17367832644419479
0.15100000000062885	0.17366309018163006
0.15200000000063296	0.17364775546613753
0.15300000000063707	0.17363232051890987
0.1540000000006414	0.17361678723279872
0.1550000000006455	0.17360115247003172
0.15600000000064962	0.173585418851829
0.15700000000065373	0.1735695854568986
0.15800000000065806	0.17355365338133233
0.15900000000066217	0.17353762097593783
0.16000000000066628	0.17352148888887786
0.16100000000067038	0.17350525713799525
0.16200000000067472	0.17348892369336688
0.16300000000067882	0.17347248952320216
0.16400000000068293	0.17345596056191792
0.16500000000068726	0.1734393316515329
0.16600000000069137	0.17342260409581334
0.16700000000069548	0.1734057747047526
0.1680000000006996	0.17338884689910716
0.16900000000070392	0.1733718152374042
0.1700000000007078	0.1733546871041607
0.17100000000071192	0.17333746248784532
0.17200000000071625	0.17332013693662374
0.17300000000072036	0.1733027083764418
0.17400000000072446	0.17328519216344807
0.17500000000072857	0.17326757433728657
0.1760000000007329	0.17324984742696914
0.177000000000737	0.173232025713271
0.17800000000074112	0.17321410378113922
0.17900000000074545	0.17319608548359655
0.18000000000074956	0.1731779652794624
0.18100000000075367	0.17315974698764236
0.18200000000075778	0.17314142962020762
0.1830000000007621	0.17312301609263425
0.18400000000076622	0.17310450232135355
0.18500000000077033	0.1730858893897853
0.18600000000077466	0.17306717583024112
0.18700000000077877	0.17304836900990916
0.18800000000078287	0.17302945979383577
0.18900000000078698	0.17301044862860304
0.1900000000007913	0.1729913431291834
0.19100000000079542	0.1729721363673925
0.19200000000079953	0.1729528334951299
0.19300000000080386	0.1729334297445495
0.19400000000080797	0.17291392664310534
0.19500000000081208	0.17289432854154496
0.1960000000008162	0.17287463294603878
0.19700000000082052	0.1728548357784485
0.19800000000082463	0.17283493957022178
0.19900000000082874	0.1728149472479774
0.20000000000083307	0.17279485458542676
0.20100000000083695	0.172774665361085
0.20200000000084106	0.172754375775507
0.20300000000084517	0.17273399239634635
0.2040000000008495	0.1727135073714683
0.2050000000008536	0.17269292360403254
0.20600000000085772	0.17267224363660638
0.20700000000086205	0.17265146392088715
0.20800000000086616	0.17263058759236016
0.20900000000087027	0.17260961204333936
0.21000000000087438	0.17258854061812323
0.2110000000008787	0.17256736968691955
0.21200000000088282	0.17254610046031638
0.21300000000088692	0.17252473434364968
0.21400000000089126	0.17250326946258332
0.21500000000089536	0.1724817075117142
0.21600000000089947	0.17246004694624784
0.21700000000090358	0.1724382900585335
0.2180000000009079	0.17241643438533127
0.21900000000091202	0.17239448111480093
0.22000000000091613	0.17237243073648545
0.22100000000092046	0.17235028273633846
0.22200000000092457	0.1723280368851865
0.22300000000092868	0.17230569436694898
0.2240000000009328	0.1722832534896207
0.22500000000093712	0.17226071675821086
0.22600000000094123	0.17223808131405338
0.22700000000094533	0.17221534766387525
0.22800000000094967	0.17219251827268423
0.22900000000095377	0.17216959163583434
0.23000000000095788	0.1721465677569045
0.23100000000096177	0.17212344648081812
0.2320000000009661	0.17210022792277613
0.2330000000009702	0.1720769112946251
0.23400000000097432	0.17205349870159226
0.23500000000097865	0.17202999480754144
0.23600000000098276	0.17200638887630426
0.23700000000098687	0.17198267769486675
0.23800000000099097	0.1719588795153476
0.2390000000009953	0.17193498212696778
0.24000000000099941	0.17191099263748655
0.24100000000100352	0.1718869090860824
0.24200000000100785	0.17186271434689904
0.24300000000101196	0.17183843392461673
0.24400000000101607	0.17181405630504165
0.24500000000102018	0.17178957478487078
0.2460000000010245	0.17176500007593387
0.24700000000102862	0.1717403333946601
0.24800000000103273	0.17171556720704606
0.24900000000103706	0.17169070464630087
0.25000000000104117	0.17166574573535165
0.2510000000010453	0.17164069089989775
0.2520000000010494	0.17161553747932534
0.2530000000010537	0.17159028926576814
0.2540000000010578	0.17156494597041405
0.25500000000106193	0.17153950721028177
0.25600000000106626	0.17151397181039296
0.25700000000107037	0.1714883404404004
0.2580000000010745	0.17146261075825886
0.2590000000010786	0.17143678947731555
0.2600000000010829	0.17141086807383887
0.26100000000108703	0.1713848528335944
0.2620000000010909	0.17135874069408807
0.26300000000109525	0.17133253361776513
0.26400000000109936	0.1713062308479213
0.26500000000110346	0.17127983170237637
0.2660000000011076	0.17125333877485538
0.2670000000011119	0.1712267530155962
0.268000000001116	0.17120006572486868
0.2690000000011201	0.1711732793477947
0.27000000000112445	0.17114640288073413
0.27100000000112856	0.17111943780134664
0.27200000000113267	0.17109237998827098
0.2730000000011368	0.17106521537585884
0.2740000000011411	0.17103795030433355
0.2750000000011452	0.17101060358550446
0.2760000000011493	0.17098315672946895
0.27700000000115366	0.17095560753408956
0.27800000000115777	0.170927975856762
0.2790000000011619	0.17090024533107873
0.280000000001166	0.17087241246407459
0.2810000000011703	0.1708444899204815
0.2820000000011744	0.17081647725188343
0.28300000000117853	0.17078835962606886
0.28400000000118286	0.17076015265833544
0.28500000000118697	0.17073185503806054
0.2860000000011911	0.17070345945473242
0.2870000000011952	0.17067496966910878
0.2880000000011995	0.17064638278878097
0.2890000000012036	0.17061770342085003
0.29000000000120774	0.17058893095949235
0.29100000000121207	0.17056006171980365
0.2920000000012162	0.17053109867211957
0.29300000000122006	0.17050204271526925
0.29400000000122417	0.17047289147875522
0.2950000000012285	0.17044364525796452
0.2960000000012326	0.1704143065817525
0.2970000000012367	0.17038487280264392
0.29800000000124083	0.17035534469301739
0.29900000000124516	0.17032572358458564
0.30000000000124927	0.1702960083451892
0.3010000000012534	0.17026619916681818
0.3020000000012577	0.17023629608937896
0.3030000000012618	0.1702062986258096
0.3040000000012659	0.17017620866025995
0.30500000000127003	0.17014602467429696
0.30600000000127436	0.17011574631658222
0.3070000000012785	0.17008537543389224
0.3080000000012826	0.17005491068569822
0.3090000000012869	0.1700243517516764
0.310000000001291	0.16999370077935327
0.31100000000129513	0.16996295610437273
0.31200000000129924	0.16993211781439288
0.31300000000130357	0.16990118548011102
0.3140000000013077	0.16987016061841398
0.3150000000013118	0.16983904345137435
0.3160000000013161	0.16980783270110134
0.3170000000013202	0.16977652953528422
0.31800000000132433	0.16974513267657854
0.31900000000132844	0.16971364151839685
0.3200000000013328	0.16968206092461469
0.3210000000013369	0.16965038569205237
0.322000000001341	0.16961861537983924
0.3230000000013453	0.16958675665011114
0.3240000000013492	0.16955480432203696
0.3250000000013533	0.16952275519706816
0.3260000000013574	0.16949061945137922
0.32700000000136176	0.1694583907576328
0.32800000000136587	0.16942606393911308
0.32900000000137	0.16939364571671556
0.3300000000013743	0.16936114364783905
0.3310000000013784	0.16932854031616917
0.3320000000013825	0.16929584541682574
0.33300000000138663	0.16926306732603524
0.33400000000139096	0.1692301882315299
0.33500000000139507	0.1691972202712737
0.3360000000013992	0.16916416160378867
0.3370000000014035	0.169131003653046
0.3380000000014076	0.16909776252780317
0.3390000000014117	0.16906442938205002
0.34000000000141584	0.16903100025091944
0.34100000000142017	0.16899748031481554
0.3420000000014243	0.16896386780610584
0.3430000000014284	0.1689301683901192
0.3440000000014327	0.1688963735882829
0.3450000000014368	0.1688624867139049
0.34600000000144093	0.16882851258857023
0.34700000000144504	0.16879444209889694
0.34800000000144937	0.16876028580208435
0.3490000000014535	0.1687260349530908
0.3500000000014576	0.16869169259919103
0.3510000000014619	0.16865726241350076
0.35200000000146603	0.1686227383086556
0.35300000000147014	0.16858812379629307
0.35400000000147425	0.16855341921592704
0.35500000000147836	0.16851862341533697
0.35600000000148246	0.16848373698687658
0.3570000000014866	0.1684487598111718
0.3580000000014909	0.16841369195555167
0.359000000001495	0.1683785331095644
0.3600000000014991	0.16834328387147468
0.36100000000150323	0.16830794418790362
0.36200000000150756	0.16827251507096408
0.36300000000151167	0.1682369952990148
0.3640000000015158	0.16820138397865825
0.3650000000015201	0.16816568343083826
0.3660000000015242	0.16812989368672715
0.3670000000015283	0.16809401301270943
0.36800000000153243	0.16805804264426705
0.36900000000153677	0.1680219825945548
0.3700000000015409	0.16798583185845994
0.371000000001545	0.1679495920922327
0.3720000000015493	0.16791326026084608
0.3730000000015534	0.1678768442195009
0.37400000000155753	0.1678403323890254
0.37500000000156164	0.1678037336208944
0.37600000000156597	0.16776703972363527
0.3770000000015701	0.16773026735087004
0.3780000000015742	0.16769339820433538
0.3790000000015785	0.1676564420173099
0.3800000000015826	0.1676193969755959
0.38100000000158674	0.16758226248839503
0.38200000000159084	0.16754504147355387
0.3830000000015952	0.1675077212425069
0.3840000000015993	0.16747032696002728
0.3850000000016034	0.16743283191524783
0.3860000000016075	0.16739525181390924
0.3870000000016116	0.1673575818191786
0.3880000000016157	0.16731982286460056
0.38900000000161983	0.1672819774105102
0.39000000000162416	0.16724404288079053
0.39100000000162827	0.16720602250740058
0.3920000000016324	0.16716790948031068
0.3930000000016367	0.16712970793526094
0.3940000000016408	0.16709141780524406
0.3950000000016449	0.16705304434001378
0.39600000000164903	0.16701458471723407
0.39700000000165336	0.16697602967553304
0.3980000000016575	0.1669373861709167
0.3990000000016616	0.16689865652047542
0.4000000000016659	0.16685983759267875
0.40100000000167	0.1668209334145091
0.40200000000167413	0.1667819412579501
0.40300000000167824	0.1667428608376461
0.40400000000168257	0.1667036924774573
0.4050000000016867	0.16666443723615543
0.4060000000016908	0.16662509626126787
0.4070000000016951	0.16658566729425528
0.4080000000016992	0.1665461512487929
0.40900000000170333	0.16650654371750528
0.41000000000170744	0.16646685081325707
0.4110000000017118	0.1664270758691485
0.4120000000017159	0.1663871941275179
0.41300000000172	0.16634725483338986
0.4140000000017243	0.16630721398572745
0.41500000000172843	0.1662670721347912
0.41600000000173254	0.1662268715026307
0.4170000000017364	0.16618656730392023
0.41800000000174076	0.16614617877297122
0.41900000000174487	0.16610570419035608
0.420000000001749	0.166065143183036
0.4210000000017533	0.1660244957200412
0.4220000000017574	0.16598376186529507
0.4230000000017615	0.16594294174231516
0.42400000000176563	0.1659020358799338
0.42500000000176996	0.1658610462320802
0.42600000000177407	0.1658199536818009
0.4270000000017782	0.16577880278984392
0.4280000000017825	0.16573754888717795
0.4290000000017866	0.1656962111252226
0.4300000000017907	0.16565478842673653
0.43100000000179484	0.16561328017070265
0.43200000000179917	0.1655716893540191
0.4330000000018033	0.16552999649343048
0.4340000000018074	0.16548824512042226
0.4350000000018115	0.165446391427177
0.4360000000018158	0.16540445427295491
0.43700000000181993	0.1653624331817638
0.43800000000182404	0.16532032487319848
0.43900000000182837	0.16527813614769704
0.4400000000018325	0.16523584716907191
0.4410000000018366	0.16519349890272905
0.4420000000018407	0.16515104878151954
0.44300000000184503	0.16510851488609268
0.44400000000184914	0.16506589816809392
0.44500000000185325	0.16502319728491
0.4460000000018576	0.16498040956235682
0.4470000000018617	0.1649375389982124
0.4480000000018656	0.16489458409701885
0.4490000000018697	0.16485154340455566
0.450000000001874	0.1648084198487869
0.4510000000018781	0.16476521162600233
0.45200000000188223	0.164721917718615
0.45300000000188656	0.16467854204633303
0.45400000000189067	0.16463508123957338
0.4550000000018948	0.1645915381267815
0.4560000000018989	0.1645479120635367
0.4570000000019032	0.16450419057775512
0.4580000000019073	0.16446040027754527
0.45900000000191143	0.16441651641171418
0.46000000000191577	0.164372553346529
0.4610000000019199	0.16432850538584687
0.462000000001924	0.16428437437091392
0.4630000000019281	0.16424015989352037
0.4640000000019324	0.16419586227696992
0.46500000000193653	0.16415148061468954
0.46600000000194064	0.16410701563371588
0.46700000000194497	0.1640624682623557
0.4680000000019491	0.16401783769679446
0.4690000000019532	0.16397312427812138
0.4700000000019573	0.16392832797705603
0.4710000000019616	0.16388344887907558
0.47200000000196574	0.1638384870359333
0.47300000000196984	0.16379344250977135
0.4740000000019742	0.16374831542422053
0.4750000000019783	0.16370310588240145
0.4760000000019824	0.1636578139113516
0.4770000000019865	0.16361243927657232
0.47800000000199083	0.16356698272564996
0.4790000000019947	0.16352144537001023
0.48000000000199883	0.16347582544116557
0.48100000000200316	0.1634301232966251
0.48200000000200727	0.1633843380688489
0.4830000000020114	0.16333847187679318
0.4840000000020155	0.16329252410359163
0.4850000000020198	0.16324649694470517
0.4860000000020239	0.16320036969759877
0.48700000000202803	0.1631541905801268
0.48800000000203236	0.16310791265958968
0.4890000000020365	0.1630615556584204
0.4900000000020406	0.16301511789596856
0.4910000000020447	0.16296859940838937
0.492000000002049	0.16292200205165386
0.49300000000205313	0.1628753065715578
0.49400000000205724	0.16282855843584798
0.49500000000206157	0.16278171233797356
0.4960000000020657	0.16273478780097228
0.4970000000020698	0.1626877831292457
0.4980000000020739	0.16264069804131143
0.4990000000020782	0.16259353191352133
0.5000000000020823	0.1625462865856243
0.5010000000020864	0.162498959429919
0.5020000000020908	0.1624515513684518
0.5030000000020949	0.16240406405423813
0.504000000002099	0.1623564963785431
0.5050000000021031	0.16230884855223582
0.5060000000021074	0.1622611206797535
0.5070000000021115	0.16221331284182927
0.5080000000021156	0.1621654251257436
0.50900000000212	0.16211745761049734
0.5100000000021239	0.16206941035745803
0.511000000002128	0.16202128339667388
0.5120000000021321	0.16197307670854055
0.5130000000021364	0.16192478997400017
0.5140000000021405	0.16187642492625653
0.5150000000021446	0.16182798207204319
0.516000000002149	0.1617794589226581
0.5170000000021531	0.16173085497859307
0.5180000000021572	0.16168217249668426
0.5190000000021613	0.1616334122811598
0.5200000000021656	0.16158457215493782
0.5210000000021697	0.16153565540415737
0.5220000000021738	0.16148665724822098
0.5230000000021782	0.16143757967050076
0.5240000000021823	0.16138842598400116
0.5250000000021864	0.1613391922548656
0.5260000000021905	0.1612898807077474
0.5270000000021948	0.16124049083417624
0.5280000000021989	0.16119102268708496
0.529000000002203	0.1611414764301139
0.5300000000022074	0.16109185207871957
0.5310000000022115	0.1610421496429516
0.5320000000022156	0.16099236915215864
0.5330000000022197	0.16094251183555208
0.534000000002224	0.1608925775639165
0.5350000000022281	0.16084255835458505
0.5360000000022322	0.16079247177262446
0.5370000000022366	0.1607423018927686
0.5380000000022407	0.16069205817316545
0.5390000000022448	0.16064173671377213
0.5400000000022487	0.16059133439570616
0.541000000002253	0.16054085553106923
0.5420000000022571	0.16049030185501922
0.5430000000022612	0.16043966934373988
0.5440000000022656	0.16038896187904472
0.5450000000022697	0.16033817583585952
0.5460000000022738	0.1602873148164904
0.5470000000022779	0.16023637546804914
0.5480000000022822	0.16018536046148246
0.5490000000022863	0.16013426945508014
0.5500000000022904	0.16008310127311876
0.5510000000022948	0.16003185733226022
0.5520000000022989	0.15998053750981256
0.553000000002303	0.15992914144534587
0.5540000000023071	0.1598776691852094
0.5550000000023114	0.15982612092031223
0.5560000000023155	0.15977449681071088
0.5570000000023196	0.15972279696915626
0.558000000002324	0.15967102143629042
0.5590000000023281	0.15961917026542716
0.5600000000023322	0.15956724352347795
0.5610000000023363	0.15951524128163375
0.5620000000023406	0.15946316365307145
0.5630000000023447	0.15941101079745856
0.5640000000023488	0.15935878287465854
0.5650000000023532	0.15930647987602353
0.5660000000023573	0.15925410185881772
0.5670000000023614	0.1592016489949042
0.5680000000023655	0.1591491213458459
0.5690000000023698	0.1590965189479573
0.5700000000023739	0.15904384189144083
0.5710000000023778	0.15899109026328195
0.5720000000023819	0.15893826421572044
0.5730000000023863	0.15888536390199692
0.5740000000023904	0.15883238935143007
0.5750000000023945	0.1587793406165834
0.5760000000023988	0.15872621769778683
0.5770000000024029	0.15867302047699983
0.578000000002407	0.1586197490637795
0.5790000000024111	0.15856640486567175
0.5800000000024155	0.15851298683449055
0.5810000000024196	0.1584594948361513
0.5820000000024237	0.1584059302999673
0.583000000002428	0.15835229388379102
0.5840000000024321	0.1582985797717107
0.5850000000024362	0.1582447929221933
0.5860000000024403	0.15819093441349852
0.5870000000024447	0.15813700188113344
0.5880000000024488	0.15808299713379925
0.5890000000024529	0.15802891943022201
0.5900000000024572	0.15797476864176752
0.5910000000024613	0.157920545220823
0.5920000000024654	0.15786624906252011
0.5930000000024696	0.1578118802611317
0.5940000000024739	0.1577574390201888
0.595000000002478	0.15770292515786877
0.5960000000024821	0.15764833908242049
0.5970000000024864	0.1575936806166197
0.5980000000024905	0.15753895035379373
0.5990000000024946	0.15748414817861867
0.6000000000024988	0.15742927577738108
0.6010000000025031	0.15737432721308997
0.602000000002507	0.15731930812444794
0.6030000000025111	0.1572642193205317
0.6040000000025154	0.157209057337113
0.6050000000025195	0.15715382532249
0.6060000000025236	0.15709852060542628
0.6070000000025277	0.15704314586327928
0.6080000000025321	0.1569876987171135
0.6090000000025362	0.1569321812646003
0.6100000000025403	0.1568765920206303
0.6110000000025446	0.15682093263928365
0.6120000000025487	0.15676520263867633
0.6130000000025528	0.1567094016397168
0.614000000002557	0.15665352977875502
0.6150000000025613	0.15659758731016749
0.6160000000025654	0.15654157436019767
0.6170000000025695	0.15648549103557774
0.6180000000025738	0.1564293374335085
0.6190000000025779	0.15637311365872264
0.620000000002582	0.15631681981050616
0.6210000000025861	0.15626045598088312
0.6220000000025905	0.1562040222254104
0.6230000000025946	0.15614751863469
0.6240000000025987	0.15609094528706957
0.625000000002603	0.15603430212418767
0.6260000000026071	0.15597758924240257
0.6270000000026112	0.15592080764215765
0.6280000000026154	0.1558639561466162
0.6290000000026197	0.15580703581640631
0.6300000000026238	0.1557500455249573
0.6310000000026279	0.1556929869806295
0.6320000000026322	0.1556358588058505
0.6330000000026361	0.15557866198058412
0.6340000000026402	0.1555213962889348
0.6350000000026443	0.1554640620722112
0.6360000000026487	0.15540665911386964
0.6370000000026528	0.1553491878551415
0.6380000000026569	0.15529164799386663
0.6390000000026612	0.1552340400778094
0.6400000000026653	0.1551763641970334
0.6410000000026694	0.15511862139371657
0.6420000000026735	0.15506081036443653
0.6430000000026779	0.1550029245580784
0.644000000002682	0.1549449788361268
0.6450000000026861	0.15488696523570566
0.6460000000026904	0.15482887969646852
0.6470000000026945	0.15477072801630798
0.6480000000026986	0.15471250955044447
0.6490000000027027	0.15465422387893657
0.6500000000027071	0.15459587294740418
0.6510000000027112	0.15453745032548483
0.6520000000027153	0.15447896150985707
0.6530000000027196	0.15442040780016542
0.6540000000027237	0.15436178562203584
0.6550000000027278	0.154303098132064
0.656000000002732	0.15424434252417796
0.6570000000027363	0.1541855215762037
0.6580000000027404	0.15412663285047623
0.6590000000027445	0.15406767880624284
0.6600000000027488	0.15400865736008607
0.6610000000027529	0.1539495706110643
0.662000000002757	0.15389041683221627
0.6630000000027612	0.1538311976745219
0.6640000000027653	0.15377191171852178
0.6650000000027694	0.15371256140640044
0.6660000000027735	0.153653144208999
0.6670000000027778	0.15359366154330067
0.6680000000027819	0.153534113667941
0.669000000002786	0.15347450002765173
0.6700000000027901	0.153414821248683
0.6710000000027945	0.15335507713518515
0.6720000000027986	0.15329526798793613
0.6730000000028027	0.15323539350410775
0.674000000002807	0.15317545420650536
0.6750000000028111	0.1531154501834745
0.6760000000028152	0.15305538125809293
0.6770000000028193	0.15299524778299423
0.6780000000028237	0.15293504956413584
0.6790000000028278	0.15287478726387882
0.6800000000028319	0.15281446092658246
0.6810000000028362	0.1527540685051485
0.6820000000028403	0.15269361437250328
0.6830000000028444	0.15263309391874125
0.6840000000028486	0.15257251137188554
0.6850000000028529	0.15251186320203636
0.686000000002857	0.15245115311717317
0.6870000000028611	0.1523903770476348
0.6880000000028654	0.15232954001753207
0.6890000000028695	0.15226863734921614
0.6900000000028736	0.1522076731077675
0.6910000000028778	0.152146643715645
0.6920000000028821	0.1520855533640716
0.6930000000028862	0.15202439831798165
0.6940000000028901	0.15196317927524883
0.6950000000028944	0.1519018982109237
0.6960000000028985	0.15184055530938634
0.6970000000029026	0.15177914873146292
0.6980000000029067	0.15171767842111628
0.6990000000029111	0.1516561459094512
0.7000000000029152	0.15159455257269194
0.7010000000029193	0.15153289514049262
0.7020000000029236	0.1514711773757096
0.7030000000029277	0.1514093959243803
0.7040000000029318	0.15134755352842766
0.705000000002936	0.1512856488636054
0.7060000000029403	0.1512236823288058
0.7070000000029444	0.15116165405971016
0.7080000000029485	0.15109956426029802
0.7090000000029526	0.15103741295528594
0.7100000000029569	0.15097520043242152
0.711000000002961	0.15091292650582233
0.7120000000029651	0.1508505914145728
0.7130000000029695	0.15078819534030452
0.7140000000029736	0.15072573793237676
0.7150000000029777	0.1506632197590171
0.7160000000029818	0.15060064072127155
0.7170000000029861	0.15053800142111395
0.7180000000029902	0.1504753008436459
0.7190000000029944	0.15041254098548174
0.7200000000029987	0.15034971815505505
0.7210000000030028	0.15028683751712946
0.7220000000030069	0.15022389636735445
0.723000000003011	0.15016089274320654
0.7240000000030153	0.15009783157735035
0.7250000000030195	0.15003470957957388
0.7260000000030233	0.1499715282945152
0.7270000000030277	0.14990828894259256
0.7280000000030318	0.1498449858387504
0.7290000000030359	0.1497816251072499
0.73000000000304	0.1497182049103476
0.7310000000030443	0.14965472549545333
0.7320000000030484	0.14959118887948286
0.7330000000030525	0.1495275900826929
0.7340000000030569	0.14946393229129318
0.735000000003061	0.14940021640325207
0.7360000000030651	0.1493364420679626
0.7370000000030692	0.14927260883430915
0.7380000000030735	0.14920871686560122
0.7390000000030776	0.1491447666344301
0.7400000000030817	0.1490807581317264
0.7410000000030861	0.1490166919360736
0.7420000000030902	0.14895256722220918
0.7430000000030943	0.1488883840972115
0.7440000000030984	0.14882414296822144
0.7450000000031027	0.14875984417575938
0.7460000000031068	0.1486954875356954
0.747000000003111	0.14863107318506663
0.7480000000031153	0.14856660120438636
0.7490000000031194	0.14850207159040474
0.7500000000031235	0.14843748437579518
0.7510000000031276	0.14837284100685488
0.7520000000031319	0.14830813927801456
0.753000000003136	0.14824338071625565
0.7540000000031402	0.14817856504065263
0.7550000000031445	0.1481136922306575
0.7560000000031484	0.14804876348864604
0.7570000000031525	0.1479837775580649
0.7580000000031566	0.14791873609205175
0.7590000000031609	0.14785363977056032
0.760000000003165	0.1477884832189208
0.7610000000031691	0.14772327093865212
0.7620000000031735	0.14765800365085635
0.7630000000031776	0.14759267987193447
0.7640000000031817	0.1475273026537044
0.7650000000031858	0.14746186228690916
0.7660000000031901	0.1473963744710024
0.7670000000031942	0.14733082731011582
0.7680000000031983	0.1472652266658403
0.7690000000032027	0.1471995705007002
0.7700000000032068	0.14713385556510428
0.7710000000032109	0.147068085998052
0.772000000003215	0.14700226257542148
0.7730000000032193	0.1469363844512659
0.7740000000032234	0.14687045323154446
0.7750000000032276	0.1468044622578376
0.7760000000032319	0.1467384217173069
0.777000000003236	0.1466723234040922
0.7780000000032401	0.14660617172941626
0.7790000000032442	0.1465399656906764
0.7800000000032485	0.14647370529124948
0.7810000000032526	0.14640739068998065
0.7820000000032568	0.14634102218808298
0.7830000000032611	0.14627459944352594
0.7840000000032652	0.1462081223507794
0.7850000000032693	0.14614159349100198
0.7860000000032734	0.14607500904037363
0.7870000000032777	0.14600837122285748
0.7880000000032816	0.14594168258412854
0.7890000000032857	0.1458749266934446
0.7900000000032901	0.14580814000220876
0.7910000000032942	0.14574128684406384
0.7920000000032983	0.14567438548404288
0.7930000000033024	0.14560742651260905
0.7940000000033067	0.14554041311000543
0.7950000000033108	0.14547335417907292
0.796000000003315	0.1454062415920887
0.7970000000033193	0.14533907193372397
0.7980000000033234	0.1452718516391216
0.7990000000033275	0.14520457925459052
0.8000000000033316	0.14513725525354404
0.8010000000033359	0.1450698810158515
0.80200000000334	0.14500245006059975
0.8030000000033441	0.14493496669603045
0.8040000000033485	0.14486743280128445
0.8050000000033526	0.14479985049260236
0.8060000000033567	0.1447322202582011
0.8070000000033608	0.14466453004102986
0.8080000000033651	0.144596791423792
0.8090000000033692	0.1445290026804562
0.8100000000033734	0.14446116113015328
0.8110000000033777	0.14439327112519384
0.8120000000033818	0.14432532823229383
0.8130000000033859	0.1442573362095575
0.81400000000339	0.14418928197284508
0.8150000000033943	0.1441211967104763
0.8160000000033985	0.14405304936351593
0.8170000000034026	0.1439848535397481
0.8180000000034067	0.143916609322831
0.8190000000034108	0.1438483043322295
0.8200000000034149	0.14377996730906062
0.821000000003419	0.14371156686719322
0.8220000000034233	0.14364311952725306
0.8230000000034274	0.14357462184939174
0.8240000000034315	0.14350607413667194
0.8250000000034359	0.14343748419151348
0.82600000000344	0.14336883671084943
0.8270000000034441	0.14330014132380697
0.8280000000034482	0.14323139805993912
0.8290000000034525	0.1431626055154147
0.8300000000034566	0.14309376332936163
0.8310000000034607	0.14302487252058715
0.8320000000034651	0.14295593290287822
0.8330000000034692	0.1428869445162193
0.8340000000034733	0.14281790718334098
0.8350000000034774	0.14274882187995863
0.8360000000034817	0.14267968793807828
0.8370000000034858	0.14261050542192866
0.83800000000349	0.14254127502560865
0.8390000000034943	0.14247199643351716
0.8400000000034984	0.1424026696885783
0.8410000000035025	0.1423332948259961
0.8420000000035066	0.14226387253197914
0.8430000000035109	0.14219440256320826
0.844000000003515	0.1421248849869341
0.8450000000035192	0.14205532003733157
0.8460000000035233	0.14198570807634692
0.8470000000035276	0.14191604793116175
0.8480000000035317	0.14184634152107933
0.8490000000035356	0.1417765885774942
0.8500000000035399	0.14170678553598026
0.851000000003544	0.1416369397453372
0.8520000000035481	0.1415670457258973
0.8530000000035523	0.14149710601343723
0.8540000000035566	0.14142711850701195
0.8550000000035607	0.14135708383160428
0.8560000000035648	0.1412870023237165
0.8570000000035691	0.1412168752569608
0.8580000000035732	0.14114670376384075
0.8590000000035773	0.1410764849939805
0.8600000000035815	0.14100622059894863
0.8610000000035858	0.14093591060332966
0.8620000000035899	0.1408655547128237
0.863000000003594	0.14079515238568674
0.8640000000035983	0.14072470656190195
0.8650000000036024	0.14065421738847494
0.8660000000036066	0.14058367885027112
0.8670000000036107	0.14051309404429135
0.868000000003615	0.14044246975087804
0.8690000000036191	0.14037179640645603
0.8700000000036232	0.1403010796104377
0.8710000000036275	0.14023031900218097
0.8720000000036316	0.14015951046323594
0.8730000000036358	0.14008865705680495
0.8740000000036399	0.14001776462657534
0.8750000000036442	0.13994682528773206
0.8760000000036483	0.1398758421433045
0.8770000000036524	0.13980481100965447
0.8780000000036567	0.13973373930882393
0.8790000000036609	0.1396626244041559
0.8800000000036647	0.1395914657696552
0.8810000000036688	0.13952026126362882
0.8820000000036732	0.13944901579892366
0.8830000000036773	0.13937772539490412
0.8840000000036814	0.13930639227712638
0.8850000000036857	0.13923501562306984
0.8860000000036898	0.13916359639623144
0.887000000003694	0.13909213457496528
0.888000000003698	0.1390206288429191
0.8890000000037024	0.1389490805074638
0.8900000000037065	0.13887748971488756
0.8910000000037106	0.13880585666353717
0.8920000000037149	0.1387341804810176
0.893000000003719	0.1386624622675776
0.8940000000037231	0.13859070249710814
0.8950000000037273	0.1385188994897757
0.8960000000037316	0.1384470568295897
0.8970000000037357	0.13837517090285512
0.8980000000037398	0.13830323822195267
0.8990000000037441	0.13823127024897586
0.9000000000037482	0.13815926026426473
0.9010000000037524	0.13808720576611933
0.9020000000037565	0.1380151109469543
0.9030000000037608	0.13794297611127182
0.9040000000037649	0.13787079653684742
0.905000000003769	0.13779857845712495
0.9060000000037733	0.13772632019764286
0.9070000000037775	0.13765402099635682
0.9080000000037816	0.1375816802857044
0.9090000000037857	0.13750929832956404
0.91000000000379	0.13743687658032377
0.9110000000037939	0.13736441493843454
0.912000000003798	0.1372919131826118
0.9130000000038023	0.1372193696154903
0.9140000000038064	0.13714678777442046
0.9150000000038105	0.13707416480575552
0.9160000000038147	0.13700150242323705
0.917000000003819	0.1369288006496625
0.9180000000038231	0.13685605817214086
0.9190000000038272	0.1367832762851704
0.9200000000038315	0.13671045592162412
0.9210000000038356	0.13663759360874106
0.9220000000038397	0.1365646962130923
0.9230000000038439	0.13649175545057957
0.9240000000038482	0.13641877770141853
0.9250000000038523	0.13634576131115184
0.9260000000038564	0.13627270689396753
0.9270000000038607	0.1361996123602639
0.9280000000038648	0.13612648142078
0.929000000003869	0.13605330844251795
0.9300000000038731	0.13598009929289134
0.9310000000038774	0.13590685119452683
0.9320000000038815	0.1358335654747279
0.9330000000038856	0.13576024110993212
0.9340000000038899	0.13568687871909046
0.935000000003894	0.1356134769224382
0.9360000000038982	0.13554004163420852
0.9370000000039023	0.13546656688779823
0.9380000000039066	0.13539305394042245
0.9390000000039107	0.13531950339636156
0.9400000000039148	0.13524591607092362
0.9410000000039191	0.1351722902094017
0.942000000003923	0.1350986301417605
0.9430000000039271	0.13502493038685914
0.9440000000039312	0.13495119515917697
0.9450000000039356	0.13487742211218823
0.9460000000039397	0.1348036133192505
0.9470000000039438	0.1347297679922992
0.9480000000039481	0.13465588774240078
0.9490000000039522	0.13458195941891238
0.9500000000039563	0.13450801522812228
0.9510000000039605	0.13443402259898574
0.9520000000039648	0.13435999498037077
0.9530000000039689	0.13428593213336226
0.954000000003973	0.1342118365528684
0.9550000000039773	0.134137701560747
0.9560000000039814	0.13406352901029106
0.9570000000039856	0.13398932778234074
0.9580000000039897	0.13391508041704991
0.959000000003994	0.13384081452537666
0.9600000000039981	0.13376649322247403
0.9610000000040022	0.13369215457576789
0.9620000000040065	0.13361777316329937
0.9630000000040106	0.13354335754363011
0.9640000000040148	0.13346890252669497
0.9650000000040189	0.13339442289729875
0.9660000000040232	0.13331990075418731
0.9670000000040273	0.13324534905128427
0.9680000000040314	0.13317076233773806
0.9690000000040357	0.13309612979302776
0.9700000000040399	0.13302148240460432
0.9710000000040437	0.13294679019965527
0.9720000000040478	0.13287206631192072
0.9730000000040522	0.1327973100116867
0.9740000000040563	0.1327225089337294
0.9750000000040604	0.13264769295674472
0.9760000000040647	0.13257283286488641
0.9770000000040688	0.13249794096133793
0.978000000004073	0.13242301752034558
0.979000000004077	0.13234804976657877
0.9800000000040812	0.13227306831593677
0.9810000000040855	0.13219804235364396
0.9820000000040896	0.1321229851391159
0.9830000000040937	0.13204789574875897
0.984000000004098	0.13197277582356604
0.9850000000041004	0.13189762037436048
0.9860000000041018	0.1318224317496134
0.987000000004103	0.13174721540327428
0.9880000000041045	0.13167196225408895
0.9890000000041059	0.1315966704293584
0.9900000000041072	0.13152136806315795
0.9910000000041086	0.13144601111506504
0.99200000000411	0.13137063892339584
0.9930000000041115	0.13129522464981425
0.9940000000041127	0.13121978465247808
0.9950000000041141	0.13114431302124463
0.9960000000041156	0.13106880474178528
0.997000000004117	0.13099326922737276
0.9980000000041185	0.13091770467297859
0.9990000000041197	0.13084210616726433
1.0000000000041211	0.13076647805267438
1.001000000004117	0.13069081887217315
1.002000000004113	0.13061512736034975
1.0030000000041086	0.13053940778825823
1.0040000000041045	0.13046365600249532
1.0050000000041002	0.1303878737691122
1.006000000004096	0.13031206367844728
1.007000000004092	0.13023622180628092
1.0080000000040878	0.13016035013425697
1.0090000000040837	0.13008444832779775
1.0100000000040794	0.13000851747351405
1.0110000000040753	0.12993255678279036
1.012000000004071	0.1298565663922826
1.0130000000040669	0.12978054641480063
1.0140000000040628	0.12970449746586032
1.0150000000040587	0.1296284189571918
1.0160000000040534	0.12955231125073507
1.0170000000040464	0.12947617428283442
1.0180000000040397	0.12940000883637792
1.0190000000040325	0.1293238141365498
1.0200000000040257	0.12924759174296696
1.021000000004019	0.12917134186864165
1.0220000000040117	0.1290950603034745
1.023000000004005	0.12901874924182266
1.0240000000039977	0.1289424159009127
1.025000000003991	0.1288660499058255
1.026000000003984	0.12878965657805708
1.027000000003977	0.12871323538063928
1.0280000000039702	0.12863678666382716
1.0290000000039632	0.12856031171985427
1.0300000000039562	0.12848380538724113
1.0310000000039494	0.1284072720782572
1.0320000000039424	0.12833071403482732
1.0330000000039354	0.12825412717673268
1.0340000000039287	0.1281775136877974
1.0350000000039217	0.12810087295725936
1.0360000000039147	0.1280242054292685
1.0370000000039077	0.12794750996901771
1.0380000000039007	0.12787078887649728
1.039000000003894	0.12779404064604982
1.0400000000038867	0.12771726538279438
1.04100000000388	0.1276404648556031
1.0420000000038732	0.12756363690126982
1.043000000003866	0.12748678268216052
1.0440000000038592	0.12740990262695107
1.0450000000038522	0.12733299679106813
1.0460000000038452	0.12725606478409357
1.0470000000038384	0.1271791067213328
1.0480000000038314	0.12710212418334177
1.0490000000038244	0.12702511484495826
1.0500000000038174	0.12694808192107587
1.0510000000038104	0.1268710205730592
1.0520000000038037	0.1267939351466162
1.0530000000037967	0.12671682464031764
1.0540000000037897	0.12663968930184544
1.055000000003783	0.12656252983256078
1.056000000003776	0.12648534048837923
1.057000000003769	0.1264081329833776
1.0580000000037622	0.12633089894565608
1.059000000003755	0.12625363727772576
1.0600000000037482	0.12617635418763373
1.0610000000037412	0.12609904622132895
1.0620000000037342	0.12602171412459384
1.0630000000037274	0.1259443590756183
1.0640000000037202	0.1258669699436814
1.0650000000037134	0.1257895744993036
1.0660000000037064	0.12571214624585447
1.0670000000036994	0.1256346856017958
1.0680000000036927	0.12555721849429347
1.0690000000036857	0.12547971797209012
1.0700000000036787	0.1254021950793336
1.071000000003672	0.12532464927844889
1.072000000003665	0.12524707867051144
1.073000000003658	0.12516948670493133
1.0740000000036511	0.12509187505290176
1.075000000003644	0.12501423602231665
1.0760000000036372	0.12493657356745724
1.0770000000036304	0.12485889410286843
1.0780000000036232	0.12478118634098112
1.0790000000036164	0.12470345437910868
1.0800000000036092	0.12462570528758887
1.0810000000036024	0.12454793290758337
1.0820000000035954	0.12447013940922114
1.0830000000035884	0.12439232517608001
1.0840000000035817	0.12431448325863126
1.0850000000035747	0.1242366266478393
1.0860000000035677	0.12415873591776527
1.087000000003561	0.12408083783822188
1.088000000003554	0.12400291579542366
1.089000000003547	0.12392496810794595
1.0900000000035401	0.12384699257559584
1.091000000003533	0.12376901089245529
1.0920000000035262	0.12369100063941874
1.0930000000035192	0.12361296298671276
1.0940000000035122	0.12353491768015012
1.0950000000035054	0.12345684513859023
1.0960000000034982	0.12337874615576017
1.0970000000034914	0.12330063605179187
1.0980000000034844	0.1232225007622535
1.0990000000034774	0.12314434356637227
1.1000000000034706	0.12306617284777399
1.1010000000034637	0.12298797590459964
1.1020000000034567	0.12290976077242055
1.1030000000034499	0.1228315256023178
1.104000000003443	0.12275327053109564
1.105000000003436	0.12267499589543929
1.106000000003429	0.12259670151153856
1.107000000003422	0.12251838818959515
1.1080000000034151	0.1224400551616528
1.1090000000034081	0.12236170294104731
1.1100000000034012	0.12228333154024507
1.1110000000033944	0.12220494127328907
1.1120000000033872	0.1221265318791962
1.1130000000033804	0.12204810382747655
1.1140000000033736	0.1219696565705497
1.1150000000033664	0.12189119096468004
1.1160000000033596	0.12181270734514782
1.1170000000033526	0.12173420463861973
1.1180000000033457	0.12165568268823757
1.1190000000033387	0.1215771450794706
1.1200000000033317	0.12149858921532797
1.121000000003325	0.12142001360671806
1.122000000003318	0.12134141753334149
1.123000000003311	0.12126280672836987
1.1240000000033041	0.12118417724639163
1.1250000000032971	0.12110553042310668
1.1260000000032901	0.1210268662076327
1.1270000000032834	0.12094818466365342
1.1280000000032764	0.12086948572825784
1.1290000000032694	0.12079076967090496
1.1300000000032626	0.12071203675260767
1.1310000000032554	0.12063328679484842
1.1320000000032486	0.12055451981512022
1.1330000000032414	0.12047573616951435
1.1340000000032346	0.12039693614138536
1.1350000000032279	0.12031811897047884
1.1360000000032207	0.12023928579193055
1.1370000000032139	0.12016043618068462
1.138000000003207	0.12008156945044313
1.1390000000032	0.12000268801962166
1.1400000000031931	0.11992379133235886
1.1410000000031861	0.11984487614110184
1.1420000000031791	0.11976594418353725
1.1430000000031724	0.11968700130764709
1.1440000000031654	0.1196080402401094
1.1450000000031584	0.11952905875444408
1.1460000000031516	0.119450064447024
1.1470000000031444	0.11937105784405189
1.1480000000031376	0.11929203562342072
1.1490000000031304	0.1192129973940752
1.1500000000031236	0.11913394452137349
1.1510000000031169	0.11905487618131372
1.1520000000031096	0.11897579340250153
1.1530000000031029	0.11889669608556575
1.1540000000030959	0.11881758430477873
1.155000000003089	0.1187384568413935
1.1560000000030821	0.11865931728751011
1.1570000000030751	0.11858016075864941
1.1580000000030681	0.11850099070196185
1.1590000000030614	0.11842180678633518
1.1600000000030544	0.11834260888948545
1.1610000000030474	0.11826339851153977
1.1620000000030404	0.11818417117337587
1.1630000000030334	0.11810493150972079
1.1640000000030266	0.1180256783884781
1.1650000000030196	0.11794641158056118
1.1660000000030126	0.11786713196697884
1.1670000000030059	0.11778783891694289
1.1680000000029986	0.11770853223902966
1.1690000000029919	0.11762921310058083
1.1700000000029849	0.11754988084453499
1.1710000000029779	0.11747053565665111
1.172000000002971	0.11739117785061726
1.1730000000029641	0.11731180665136964
1.1740000000029571	0.11723242304238435
1.1750000000029501	0.11715302416412343
1.1760000000029431	0.11707362053731185
1.1770000000029364	0.11699419852947313
1.1780000000029294	0.11691476572179393
1.1790000000029224	0.11683532088306048
1.1800000000029156	0.11675586422154505
1.1810000000029086	0.11667639578178135
1.1820000000029016	0.11659691610580081
1.1830000000028948	0.11651742411944754
1.1840000000028876	0.11643792057378344
1.1850000000028809	0.11635840535506814
1.186000000002874	0.11627887779160395
1.1870000000028669	0.1161993407673193
1.18800000000286	0.11611979158661645
1.1890000000028529	0.1160402316795136
1.1900000000028461	0.11596066070220057
1.1910000000028391	0.11588107903042821
1.1920000000028321	0.11580148677265645
1.1930000000028254	0.11572188360520164
1.1940000000028184	0.11564226969057034
1.1950000000028114	0.11556264564813434
1.1960000000028046	0.11548301138511652
1.1970000000027976	0.11540336632757042
1.1980000000027906	0.11532371146846532
1.1990000000027838	0.11524404685964562
1.2000000000027768	0.11516437157358739
1.2010000000027699	0.11508468697051188
1.2020000000027629	0.11500499417884869
1.2030000000027559	0.11492528879977049
1.204000000002749	0.11484557387974437
1.2050000000027419	0.11476585373596226
1.206000000002735	0.11468611845983723
1.2070000000027283	0.11460637475999147
1.2080000000027211	0.11452662428097904
1.2090000000027143	0.11444686427535067
1.2100000000027074	0.11436709606837359
1.2110000000027004	0.11428731775572887
1.2120000000026936	0.11420753147861773
1.2130000000026866	0.11412773643505014
1.2140000000026796	0.11404793327243334
1.2150000000026726	0.11396812168730952
1.2160000000026656	0.11388829730153771
1.2170000000026588	0.11380847018477036
1.2180000000026519	0.1137286342220809
1.2190000000026449	0.11364878978553095
1.220000000002638	0.1135689366567425
1.2210000000026309	0.11348907480586934
1.222000000002624	0.11340920559231016
1.2230000000026173	0.11332932836451715
1.2240000000026101	0.11324944401486703
1.2250000000026033	0.11316955316384858
1.2260000000025963	0.11308965416331296
1.2270000000025894	0.11300974802985253
1.2280000000025826	0.11292983492111841
1.2290000000025754	0.11284991468470895
1.2300000000025686	0.11276998726237719
1.2310000000025616	0.112690052764991
1.2320000000025546	0.11261011171025836
1.2330000000025478	0.11253016416159989
1.2340000000025408	0.11245020945644635
1.2350000000025338	0.11237024889002534
1.236000000002527	0.11229028181235545
1.23700000000252	0.11221030713019409
1.238000000002513	0.11213032777238019
1.2390000000025063	0.11205034437269967
1.240000000002499	0.11197035314670445
1.2410000000024923	0.11189035214291054
1.2420000000024853	0.11181034627185726
1.2430000000024783	0.11173033853757386
1.2440000000024716	0.11165032421966714
1.2450000000024644	0.11157030400775458
1.2460000000024576	0.11149027874140838
1.2470000000024506	0.11141024854976556
1.2480000000024436	0.11133021224692718
1.2490000000024368	0.11125017007984928
1.2500000000024298	0.11117012324678255
1.2510000000024228	0.11109007134756188
1.252000000002416	0.11101001528037235
1.253000000002409	0.11092995455649746
1.254000000002402	0.11084988912943161
1.2550000000023953	0.11076981921685247
1.256000000002388	0.11068974434495682
1.2570000000023813	0.11060966572285147
1.2580000000023743	0.11052958276996006
1.2590000000023673	0.11044949472350041
1.2600000000023606	0.11036940371516957
1.2610000000023533	0.11028930843297735
1.2620000000023466	0.11020920851858529
1.2630000000023396	0.11012910593247138
1.2640000000023326	0.11004899937933488
1.2650000000023258	0.10996889049000114
1.2660000000023188	0.10988877580745116
1.2670000000023118	0.10980865855996325
1.268000000002305	0.10972853855729714
1.269000000002298	0.10964841317873208
1.270000000002291	0.1095682879520713
1.271000000002284	0.10948815906411724
1.272000000002277	0.10940802491054569
1.2730000000022703	0.10932788979229868
1.2740000000022633	0.10924775168998468
1.2750000000022563	0.10916761074693326
1.2760000000022496	0.10908746762758326
1.2770000000022423	0.10900732191086027
1.2780000000022356	0.10892717321550682
1.2790000000022288	0.1088470240903906
1.2800000000022216	0.10876686815580294
1.2810000000022148	0.10868671603894042
1.2820000000022078	0.10860656041981365
1.2830000000022008	0.10852640203596431
1.2840000000021938	0.10844623887754368
1.2850000000021868	0.10836607829059797
1.28600000000218	0.10828591514728259
1.287000000002173	0.10820575034205315
1.288000000002166	0.10812558419320117
1.2890000000021593	0.10804541686159785
1.2900000000021523	0.10796524814538544
1.2910000000021453	0.10788507837729189
1.2920000000021385	0.10780490737593862
1.2930000000021313	0.10772473597144472
1.2940000000021246	0.10764456337731787
1.2950000000021178	0.10756439124511741
1.2960000000021106	0.10748421659837992
1.2970000000021038	0.10740404180621432
1.2980000000020966	0.10732386731305465
1.2990000000020898	0.10724369042830939
1.3000000000020828	0.10716351597804374
1.3010000000020758	0.10708334118742413
1.302000000002069	0.10700316393829401
1.303000000002062	0.10692298281318857
1.304000000002055	0.10684281253820682
1.3050000000020483	0.10676263764245486
1.3060000000020413	0.10668246150581162
1.3070000000020343	0.10660228816965067
1.3080000000020275	0.10652211395228806
1.3090000000020205	0.10644193963309068
1.3100000000020136	0.10636176583089096
1.3110000000020068	0.1062815934264012
1.3120000000019996	0.10620142182416181
1.3130000000019928	0.10612125120555993
1.3140000000019856	0.1060410818266041
1.3150000000019788	0.10596091365409843
1.316000000001972	0.10588074650067314
1.3170000000019648	0.10580058062960074
1.318000000001958	0.10572041652234754
1.319000000001951	0.10564025392111764
1.320000000001944	0.10556009283797196
1.3210000000019373	0.10547993277603473
1.3220000000019303	0.10539977309823123
1.3230000000019233	0.10531961585215255
1.3240000000019165	0.10523946274743556
1.3250000000019095	0.10515931139020429
1.3260000000019025	0.10507916184572852
1.3270000000018956	0.1049990143169004
1.3280000000018886	0.10491886906762948
1.3290000000018818	0.1048387267522215
1.3300000000018748	0.10475858687217132
1.3310000000018678	0.10467845040045254
1.332000000001861	0.10459831462638591
1.3330000000018538	0.10451818212525654
1.334000000001847	0.10443805361720404
1.33500000000184	0.10435792588922099
1.336000000001833	0.10427780230479322
1.3370000000018263	0.10419768202689217
1.3380000000018193	0.10411756507050263
1.3390000000018123	0.10403745233388217
1.3400000000018053	0.10395733724992673
1.3410000000017983	0.10387723492011236
1.3420000000017915	0.10379713203869267
1.3430000000017845	0.10371702980229103
1.3440000000017776	0.1036369362194145
1.3450000000017708	0.10355684320244873
1.3460000000017638	0.10347675443078375
1.3470000000017568	0.10339667065008618
1.34800000000175	0.10331659124228432
1.3490000000017428	0.10323651603410944
1.350000000001736	0.10315644515586742
1.3510000000017293	0.1030763786418466
1.352000000001722	0.10299631615398219
1.3530000000017153	0.10291625897439216
1.354000000001708	0.10283620620235645
1.3550000000017013	0.10275615916550529
1.3560000000016943	0.10267611519025965
1.3570000000016873	0.10259607652202973
1.3580000000016805	0.10251604206167308
1.3590000000016735	0.10243601174334449
1.3600000000016665	0.10235598931352086
1.3610000000016598	0.10227597224082907
1.3620000000016528	0.10219596004795128
1.3630000000016458	0.10211595302679344
1.364000000001639	0.10203595159686552
1.3650000000016318	0.1019559562047293
1.366000000001625	0.1018759663746368
1.367000000001618	0.10179598182876792
1.368000000001611	0.10171600372729128
1.3690000000016043	0.10163603154037482
1.370000000001597	0.10155606500285685
1.3710000000015903	0.10147610532814189
1.3720000000015833	0.10139615166046201
1.3730000000015763	0.10131620526737428
1.3740000000015695	0.10123626364165628
1.3750000000015625	0.10115632905959726
1.3760000000015555	0.1010764019272763
1.3770000000015488	0.10099647828086122
1.3780000000015418	0.10091656310277763
1.3790000000015348	0.10083665624624272
1.3800000000015278	0.10075675619879565
1.3810000000015208	0.10067686296783185
1.382000000001514	0.1005969772992279
1.383000000001507	0.10051709939902032
1.3840000000015	0.10043722695554624
1.3850000000014933	0.10035736245472648
1.386000000001486	0.10027750576777206
1.3870000000014793	0.10019765503344424
1.3880000000014725	0.10011781437441958
1.3890000000014653	0.10003798083027804
1.3900000000014585	0.09995815226565274
1.3910000000014515	0.0998783335146034
1.3920000000014445	0.09979852397769351
1.3930000000014378	0.09971872252257241
1.3940000000014305	0.09963892899589022
1.3950000000014238	0.09955914460651183
1.3960000000014168	0.09947936668348967
1.3970000000014098	0.09939959770485018
1.398000000001403	0.09931983810906297
1.399000000001396	0.09924008558576325
1.400000000001389	0.09916034309609834
1.4010000000013823	0.09908060370410254
1.4020000000013753	0.09900088203419855
1.4030000000013683	0.09892116459275346
1.4040000000013615	0.09884145838997027
1.4050000000013543	0.09876175941047116
1.4060000000013475	0.09868206898669463
1.4070000000013405	0.0986023894432686
1.4080000000013335	0.09852271953860248
1.4090000000013267	0.09844305871740988
1.4100000000013195	0.09836340820143286
1.4110000000013128	0.09828376575071274
1.4120000000013058	0.09820413324201693
1.4130000000012988	0.09812450993504085
1.414000000001292	0.0980448959977197
1.415000000001285	0.0979652940489456
1.416000000001278	0.09788570164265209
1.4170000000012712	0.09780611903064007
1.4180000000012642	0.09772654718627027
1.4190000000012573	0.09764698538726213
1.4200000000012505	0.09756743476542928
1.4210000000012433	0.09748789349077047
1.4220000000012365	0.09740836096389138
1.4230000000012293	0.09732884172664591
1.4240000000012225	0.09724933315034068
1.4250000000012157	0.09716983237569221
1.4260000000012085	0.09709034421821039
1.4270000000012018	0.09701086855870222
1.4280000000011948	0.09693140302192238
1.4290000000011878	0.09685194866349578
1.430000000001181	0.09677250536215554
1.431000000001174	0.09669307334449118
1.432000000001167	0.09661365275334555
1.4330000000011602	0.0965342434134886
1.4340000000011532	0.09645484568983065
1.4350000000011462	0.09637545990882423
1.4360000000011393	0.09629608543837131
1.4370000000011323	0.09621672206626586
1.4380000000011255	0.09613737059822014
1.4390000000011185	0.0960580316395575
1.4400000000011115	0.0959787049869909
1.4410000000011047	0.09589939058165542
1.4420000000010975	0.09582008817768273
1.4430000000010907	0.09574079818314529
1.4440000000010837	0.095661520623195
1.4450000000010768	0.09558225524820962
1.44600000000107	0.09550300157480596
1.447000000001063	0.0954237606256354
1.448000000001056	0.09534453276704546
1.449000000001049	0.09526531801998683
1.450000000001042	0.09518611568801083
1.4510000000010352	0.0951069262182147
1.4520000000010282	0.09502774949964832
1.4530000000010213	0.09494858719687671
1.4540000000010145	0.09486943641536705
1.4550000000010075	0.09479029871598632
1.4560000000010005	0.09471117624167746
1.4570000000009937	0.09463206678710345
1.4580000000009865	0.09455297054803324
1.4590000000009797	0.09447388728880479
1.460000000000973	0.0943948163904953
1.4610000000009657	0.09431576100943895
1.462000000000959	0.0942367204357335
1.4630000000009518	0.0941576927743043
1.464000000000945	0.09407867779002976
1.465000000000938	0.09399967605463488
1.466000000000931	0.09392069059457187
1.4670000000009242	0.09384171917490403
1.4680000000009172	0.09376276196045641
1.4690000000009102	0.09368381923260372
1.4700000000009035	0.09360489054737697
1.4710000000008965	0.09352597551409181
1.4720000000008895	0.09344707551154885
1.4730000000008827	0.09336819031302646
1.4740000000008757	0.0932893195750144
1.4750000000008687	0.09321046457970361
1.476000000000862	0.09313162546138543
1.4770000000008547	0.09305279950527479
1.478000000000848	0.09297398893751896
1.4790000000008408	0.09289519280554037
1.480000000000834	0.0928164115039064
1.4810000000008272	0.09273764744650304
1.48200000000082	0.09265889918327286
1.4830000000008132	0.09258016468453178
1.4840000000008062	0.09250144619072043
1.4850000000007992	0.0924227435637035
1.4860000000007925	0.09234405458665407
1.4870000000007855	0.09226538273316254
1.4880000000007785	0.09218672872391087
1.4890000000007717	0.09210808903050016
1.4900000000007645	0.09202946389797684
1.4910000000007577	0.09195085581895546
1.4920000000007507	0.09187226403968585
1.4930000000007437	0.0917936890578619
1.494000000000737	0.09171513068694004
1.49500000000073	0.09163658720395129
1.496000000000723	0.09155805945524265
1.497000000000716	0.09147955028806942
1.498000000000709	0.0914010575585461
1.4990000000007022	0.09132258128076687
1.5000000000006952	0.09124412131244664
1.5010000000006882	0.0911656777329437
1.5020000000006815	0.09108725105424842
1.5030000000006745	0.09100884196131576
1.5040000000006675	0.09093044998260769
1.5050000000006605	0.09085207538213158
1.5060000000006535	0.09077371778705379
1.5070000000006467	0.09069537754039692
1.5080000000006397	0.09061705431727463
1.5090000000006327	0.09053874776432269
1.5100000000006257	0.09046045909503952
1.5110000000006187	0.09038218845137025
1.512000000000612	0.0903039356830696
1.513000000000605	0.09022570075321368
1.514000000000598	0.09014748320343591
1.5150000000005912	0.09006928290659777
1.5160000000005842	0.08999110097628771
1.5170000000005772	0.08991293722330229
1.5180000000005702	0.08983479137928196
1.5190000000005632	0.08975666448974151
1.5200000000005565	0.08967855453656737
1.5210000000005495	0.08960046245907582
1.5220000000005425	0.08952239077491098
1.5230000000005357	0.0894443371737309
1.5240000000005285	0.08936630204587925
1.5250000000005217	0.08928828571092307
1.5260000000005147	0.08921028677596987
1.5270000000005077	0.08913230590714472
1.528000000000501	0.08905434573454274
1.529000000000494	0.08897640427000852
1.530000000000487	0.08889848025220548
1.53100000000048	0.08882057573070945
1.532000000000473	0.08874269154254666
1.5330000000004662	0.08866482682102284
1.5340000000004592	0.0885869816934165
1.5350000000004522	0.08850915469408194
1.5360000000004455	0.0884313452124661
1.5370000000004385	0.08835355650555865
1.5380000000004315	0.08827578875922559
1.5390000000004245	0.08819804030650036
1.5400000000004175	0.08812031145844101
1.5410000000004107	0.08804260222263549
1.5420000000004037	0.08796491260827122
1.5430000000003967	0.08788724265128633
1.5440000000003897	0.08780959255916199
1.5450000000003827	0.08773196306212383
1.546000000000376	0.08765435365692853
1.547000000000369	0.08757676428962913
1.548000000000362	0.0874991942689326
1.549000000000355	0.08742164602910651
1.5500000000003482	0.08734411829082123
1.5510000000003412	0.08726660907868822
1.5520000000003342	0.0871891215530276
1.5530000000003272	0.08711165555894207
1.5540000000003205	0.08703421002420486
1.5550000000003135	0.08695678525876638
1.5560000000003065	0.08687937790740319
1.5570000000002997	0.08680199648455056
1.5580000000002925	0.086724633477274
1.5590000000002857	0.08664729181774877
1.5600000000002787	0.08656997148417245
1.5610000000002717	0.0864926718607083
1.5620000000002647	0.08641539433371981
1.5630000000002577	0.08633813796828271
1.564000000000251	0.08626090126472796
1.565000000000244	0.08618368716285407
1.566000000000237	0.08610649622255795
1.5670000000002302	0.08602932555837273
1.5680000000002232	0.08595217498393448
1.5690000000002162	0.08587504697205073
1.5700000000002092	0.08579794221607417
1.5710000000002025	0.0857208586568794
1.5720000000001955	0.08564379642048126
1.5730000000001885	0.08556675661570123
1.5740000000001815	0.08548973928328296
1.5750000000001747	0.08541274419191058
1.5760000000001675	0.08533576858710645
1.5770000000001607	0.0852588192955791
1.5780000000001537	0.0851818898793788
1.5790000000001467	0.08510498347597584
1.58000000000014	0.08502809984673299
1.581000000000133	0.0849512384925526
1.582000000000126	0.08487439939445918
1.583000000000119	0.08479758299683793
1.584000000000112	0.08472078976196273
1.5850000000001052	0.08464401890743534
1.5860000000000982	0.08456727189868529
1.5870000000000912	0.08449054743859641
1.5880000000000845	0.08441384460064927
1.5890000000000775	0.08433716592948126
1.5900000000000705	0.08426051162457238
1.5910000000000635	0.08418387877172906
1.5920000000000565	0.08410726904796106
1.5930000000000497	0.08403068413413717
1.5940000000000427	0.08395412201350272
1.5950000000000357	0.08387758283292912
1.5960000000000287	0.08380106710290458
1.5970000000000217	0.08372457611117057
1.598000000000015	0.083648107821925
1.599000000000008	0.08357166307963115
1.600000000000001	0.08349524352466242
1.6009999999999942	0.0834188472023577
1.6019999999999872	0.08334247446316856
1.6029999999999802	0.08326612597100047
1.6039999999999732	0.08318980153885824
1.6049999999999662	0.08311350096701142
1.6059999999999595	0.08303722486143483
1.6069999999999525	0.08296097304753902
1.6079999999999455	0.08288474516803224
1.6089999999999387	0.08280854195900067
1.6099999999999315	0.08273236328012334
1.6109999999999247	0.08265620875903612
1.6119999999999177	0.08258007853208948
1.6129999999999107	0.08250397381480545
1.6139999999999037	0.08242789430784725
1.614999999999897	0.08235183848674499
1.61599999999989	0.08227580727417683
1.616999999999883	0.08219980194771914
1.617999999999876	0.08212382120355932
1.6189999999998692	0.08204786541298736
1.6199999999998622	0.08197193472692021
1.6209999999998552	0.08189602954415875
1.6219999999998485	0.0818201463639121
1.6229999999998415	0.08174429427881391
1.6239999999998345	0.08166846467950029
1.6249999999998275	0.08159265780378266
1.6259999999998205	0.08151688100976828
1.6269999999998137	0.081441127338715
1.6279999999998067	0.08136539961809564
1.6289999999997997	0.08128969761913774
1.6299999999997927	0.08121402112547005
1.6309999999997857	0.08113837099949239
1.631999999999779	0.08106274630340926
1.632999999999772	0.0809871468295178
1.633999999999765	0.08091157367982804
1.634999999999758	0.0808360266459398
1.6359999999997512	0.0807605064853919
1.6369999999997442	0.08068501198050193
1.6379999999997372	0.0806095438183041
1.6389999999997302	0.08053410191990706
1.6399999999997235	0.08045868614764295
1.6409999999997165	0.08038329695000879
1.6419999999997095	0.08030793426876803
1.6429999999997025	0.08023259785563419
1.6439999999996955	0.08015728792749122
1.6449999999996887	0.08008200453208192
1.6459999999996817	0.08000674765284399
1.6469999999996747	0.0799315181253456
1.6479999999996677	0.07985631569182106
1.6489999999996607	0.07978113933224296
1.649999999999654	0.07970599001642609
1.650999999999647	0.07963086833392241
1.65199999999964	0.07955577372206024
1.6529999999996332	0.07948070605659507
1.6539999999996262	0.07940566505415536
1.6549999999996192	0.0793306516795299
1.6559999999996122	0.07925566599638456
1.6569999999996052	0.07918070722888315
1.6579999999995985	0.07910577566772647
1.6589999999995915	0.07903087108347817
1.6599999999995845	0.07895599468221626
1.6609999999995777	0.0788811466066377
1.6619999999995705	0.07880632576108049
1.6629999999995637	0.07873153253776088
1.6639999999995567	0.07865676702323499
1.6649999999995497	0.07858202926629732
1.665999999999543	0.07850731917147247
1.666999999999536	0.07843263702053105
1.667999999999529	0.07835798301370589
1.668999999999522	0.07828335710295042
1.669999999999515	0.07820875935032778
1.6709999999995082	0.07813418976132003
1.6719999999995012	0.07805964826531542
1.6729999999994942	0.07798513581241417
1.6739999999994875	0.07791065120575791
1.6749999999994805	0.0778361945984154
1.6759999999994735	0.07776176717469307
1.6769999999994665	0.07768736828074707
1.6779999999994595	0.07761299792049714
1.6789999999994527	0.07753865541033655
1.6799999999994457	0.07746434118041146
1.6809999999994387	0.07739005687897682
1.6819999999994317	0.07731580131344806
1.6829999999994247	0.07724157452564895
1.683999999999418	0.07716737655819128
1.684999999999411	0.07709320733510805
1.685999999999404	0.07701906705100425
1.6869999999993972	0.07694495615070307
1.6879999999993902	0.07687087450526908
1.6889999999993832	0.07679681987534104
1.6899999999993762	0.07672279839064056
1.6909999999993692	0.07664880486743753
1.6919999999993625	0.07657484033022777
1.6929999999993555	0.0765009049568508
1.6939999999993485	0.0764269997769571
1.6949999999993415	0.0763531233117335
1.6959999999993345	0.07627927624634434
1.6969999999993277	0.07620545969985348
1.6979999999993207	0.07613167067595761
1.6989999999993137	0.07605791507701043
1.6999999999993067	0.07598418702000831
1.7009999999993	0.07591048886952978
1.701999999999293	0.07583682160434801
1.702999999999286	0.07576318371066304
1.703999999999279	0.07568957517002806
1.7049999999992722	0.075615997284324
1.7059999999992652	0.07554244923802866
1.7069999999992582	0.07546893195312765
1.7079999999992515	0.075395445178154
1.7089999999992442	0.07532198821089575
1.7099999999992375	0.07524856130524804
1.7109999999992305	0.07517516498405297
1.7119999999992235	0.07510179934471717
1.7129999999992167	0.07502846413803055
1.7139999999992095	0.07495515953708565
1.7149999999992027	0.07488188537069607
1.7159999999991957	0.07480864178649893
1.7169999999991887	0.07473542911863118
1.717999999999182	0.07466224726151582
1.718999999999175	0.07458909615716403
1.719999999999168	0.07451597603784244
1.720999999999161	0.07444288695293
1.721999999999154	0.07436982861823638
1.7229999999991472	0.0742968011748748
1.7239999999991402	0.07422380482438873
1.7249999999991332	0.07415084040732045
1.7259999999991265	0.0740779067374917
1.7269999999991195	0.07400500335976246
1.7279999999991125	0.07393213183748037
1.7289999999991055	0.07385929216566345
1.7299999999990985	0.07378648390002807
1.7309999999990917	0.0737137072208569
1.7319999999990847	0.073640961805157
1.7329999999990777	0.07356824772232329
1.7339999999990707	0.07349556502665788
1.7349999999990655	0.07342291405770884
1.7359999999990614	0.07335029479603561
1.7369999999990573	0.07327770774924847
1.7379999999990532	0.07320515232324443
1.7389999999990489	0.07313262871184212
1.7399999999990448	0.07306013687599366
1.7409999999990406	0.0729876768730765
1.7419999999990363	0.0729152487532011
1.7429999999990322	0.07284285261592127
1.743999999999028	0.07277048948788134
1.744999999999024	0.07269815826728065
1.74599999999902	0.0726258585617292
1.7469999999990156	0.0725535914322385
1.7479999999990115	0.07248135699731362
1.7489999999990071	0.07240915469815068
1.749999999999003	0.0723369846482641
1.7509999999990045	0.07226484723319304
1.751999999999006	0.07219274252162511
1.7529999999990071	0.07212067020108048
1.7539999999990086	0.0720486301667349
1.75499999999901	0.07197662288119011
1.7559999999990115	0.07190464850486544
1.756999999999013	0.07183270534594133
1.7579999999990141	0.0717607978684982
1.7589999999990156	0.07168892221245016
1.759999999999017	0.07161707920751392
1.7609999999990182	0.07154526823837104
1.7619999999990197	0.0714734900971099
1.7629999999990211	0.07140174575456637
1.7639999999990226	0.07133003486342837
1.7649999999990238	0.07125835681731862
1.7659999999990263	0.07118671194586201
1.7669999999990305	0.07111510029760171
1.7679999999990346	0.07104352202951159
1.7689999999990387	0.07097197704366143
1.769999999999043	0.07090046528260063
1.7709999999990471	0.07082898678829486
1.7719999999990512	0.0707575417313302
1.7729999999990556	0.07068613005322577
1.7739999999990597	0.07061475208929946
1.7749999999990638	0.07054340851848939
1.7759999999990679	0.07047209824679312
1.776999999999072	0.07040082128914027
1.7779999999990763	0.07032957777583604
1.7789999999990804	0.07025836794689022
1.7799999999990845	0.07018719275288943
1.7809999999990886	0.07011605158403045
1.781999999999093	0.07004494435325448
1.782999999999097	0.06997387062770366
1.7839999999991012	0.06990283038550438
1.7849999999991053	0.06983182428702461
1.7859999999991096	0.06976085214767247
1.7869999999991137	0.06968991495699228
1.7879999999991179	0.06961901198237097
1.788999999999122	0.06954814293787093
1.789999999999126	0.06947730826820242
1.7909999999991304	0.06940650798742287
1.7919999999991345	0.06933574205883619
1.7929999999991386	0.06926501047084332
1.7939999999991427	0.06919431307662127
1.794999999999147	0.06912365036164747
1.7959999999991512	0.06905302207504072
1.7969999999991553	0.0689824288975498
1.7979999999991594	0.06891187021054102
1.7989999999991637	0.06884134567808164
1.7999999999991678	0.06877085562232932
1.800999999999172	0.06870040053486659
1.801999999999176	0.06862998087807892
1.8029999999991801	0.06855959609738682
1.8039999999991845	0.06848924633315023
1.8049999999991886	0.06841893104450414
1.8059999999991927	0.06834864907110383
1.8069999999991968	0.06827840527435414
1.8079999999992011	0.06820819518864396
1.8089999999992052	0.06813802000492142
1.8099999999992094	0.06806788004649122
1.8109999999992135	0.06799777581407751
1.8119999999992178	0.06792770655864899
1.812999999999222	0.06785767078139249
1.813999999999226	0.06778767280494857
1.8149999999992301	0.06771770960231638
1.8159999999992344	0.06764778182916631
1.8169999999992386	0.06757788952134569
1.8179999999992427	0.06750803235482317
1.8189999999992468	0.06743821034708031
1.819999999999251	0.06736842414479571
1.8209999999992552	0.06729867326159833
1.8219999999992593	0.06722895850276889
1.8229999999992634	0.0671592800580294
1.8239999999992675	0.06708963702425064
1.8249999999992719	0.06702002940310248
1.825999999999276	0.06695045738809102
1.82699999999928	0.06688092155514513
1.8279999999992842	0.06681142149818142
1.8289999999992885	0.06674195738502486
1.8299999999992926	0.0666725293227255
1.8309999999992967	0.06660313723262223
1.8319999999993009	0.06653378142945665
1.8329999999993052	0.06646446175826393
1.8339999999993093	0.06639517714076781
1.8349999999993134	0.06632593111831708
1.8359999999993175	0.0662567203573412
1.8369999999993218	0.06618754495848789
1.837999999999326	0.0661184062042468
1.83899999999933	0.06604930387798902
1.8399999999993342	0.06598023829954536
1.8409999999993385	0.06591120876311196
1.8419999999993426	0.0658422153677668
1.8429999999993467	0.06577325855372229
1.8439999999993508	0.06570433837514467
1.844999999999355	0.06563545462453546
1.8459999999993593	0.06556660752130372
1.8469999999993634	0.06549779777431397
1.8479999999993675	0.06542902465251466
1.8489999999993716	0.06536028805047378
1.849999999999376	0.06529158812013947
1.85099999999938	0.06522292508097427
1.8519999999993841	0.06515429858370558
1.8529999999993882	0.065085708888454
1.8539999999993926	0.06501715624254212
1.8549999999993967	0.064948640587565
1.8559999999994008	0.06488016201496238
1.856999999999405	0.06481172071873087
1.857999999999409	0.06474331690434398
1.8589999999994133	0.0646749497984247
1.8599999999994175	0.06460661934845069
1.8609999999994216	0.06453832649716429
1.861999999999426	0.06447007083113232
1.86299999999943	0.06440185250713693
1.863999999999434	0.06433367152610214
1.8649999999994382	0.06426552754012294
1.8659999999994423	0.06419742100598202
1.8669999999994467	0.06412935194182201
1.8679999999994508	0.06406132024673528
1.8689999999994549	0.06399332607741026
1.869999999999459	0.06392536954198103
1.870999999999463	0.06385745068179383
1.8719999999994674	0.06378956951326242
1.8729999999994715	0.06372172563100209
1.8739999999994756	0.06365391949562882
1.87499999999948	0.06358615097182552
1.875999999999484	0.06351842045017597
1.8769999999994882	0.06345072745813174
1.8779999999994923	0.06338307221676465
1.8789999999994964	0.06331545494965174
1.8799999999995007	0.06324787535879317
1.8809999999995048	0.06318033378295285
1.881999999999509	0.06311283022570602
1.882999999999513	0.06304536518634252
1.8839999999995174	0.06297793783284056
1.8849999999995215	0.06291054820393505
1.8859999999995256	0.06284319647177383
1.8869999999995297	0.0627758829293823
1.887999999999534	0.06270860779266818
1.8889999999995382	0.06264137063633624
1.8899999999995423	0.06257417211607741
1.8909999999995464	0.06250701196625574
1.8919999999995505	0.062439889643518875
1.8929999999995548	0.06237280571381465
1.893999999999559	0.06230576026691115
1.894999999999563	0.06223875321644523
1.8959999999995671	0.06217178456515904
1.8969999999995715	0.06210485445904712
1.8979999999995756	0.062037962563471716
1.8989999999995797	0.061971108602136504
1.8999999999995838	0.06190429280858467
1.9009999999995881	0.06183751823462691
1.9019999999995922	0.06177078119611046
1.9029999999995963	0.06170408214169021
1.9039999999996005	0.061637421845204265
1.9049999999996048	0.06157080055960851
1.905999999999609	0.06150421792414429
1.906999999999613	0.06143767405889988
1.9079999999996171	0.061371168780443686
1.9089999999996214	0.06130470240380781
1.9099999999996256	0.06123827475202914
1.9109999999996297	0.061171886378685425
1.9119999999996338	0.06110553702751931
1.9129999999996379	0.061039226601868446
1.9139999999996422	0.06097295502139988
1.9149999999996463	0.06090672244790751
1.9159999999996504	0.06084052940110196
1.9169999999996545	0.060774375701350025
1.9179999999996589	0.060708260785896195
1.918999999999663	0.06064218461297377
1.919999999999667	0.060576147680910575
1.9209999999996712	0.06051014981055158
1.9219999999996755	0.0604441912564776
1.9229999999996796	0.06037827212051383
1.9239999999996837	0.060312392548409366
1.9249999999996878	0.06024655202955209
1.9259999999996922	0.06018075114756272
1.9269999999996963	0.06011498983340935
1.9279999999997004	0.060049267875636025
1.9289999999997045	0.05998358529553072
1.9299999999997088	0.05991794215380941
1.930999999999713	0.05985233804127321
1.931999999999717	0.059786774499542505
1.9329999999997212	0.059721249803945664
1.9339999999997253	0.05965576495621194
1.9349999999997296	0.059590319387994084
1.9359999999997337	0.05952491367386803
1.9369999999997378	0.059459547909433086
1.937999999999742	0.05939422212572831
1.9389999999997463	0.059328936006430966
1.9399999999997504	0.05926368937791726
1.9409999999997545	0.05919848211738932
1.9419999999997586	0.059133315113847784
1.942999999999763	0.05906818772439448
1.943999999999767	0.05900310068895798
1.9449999999997711	0.05893805352360393
1.9459999999997752	0.058873046425052866
1.9469999999997794	0.05880807920762776
1.9479999999997837	0.05874315200677993
1.9489999999997878	0.058678264968945015
1.949999999999792	0.05861341792612218
1.950999999999796	0.05854861064715777
1.9519999999998003	0.05848384380609195
1.9529999999998044	0.058419116863708376
1.9539999999998086	0.058354430155022174
1.9549999999998127	0.058289783589109745
1.955999999999817	0.058225177469252154
1.956999999999821	0.0581606115592761
1.9579999999998252	0.058096086504316746
1.9589999999998293	0.05803160106958949
1.9599999999998337	0.05796715608561476
1.9609999999998378	0.057902751530212404
1.9619999999998419	0.057838387513550193
1.962999999999846	0.05777406420226283
1.9639999999998503	0.057709781021045625
1.9649999999998544	0.05764553824802032
1.9659999999998585	0.05758133590645864
1.9669999999998626	0.05751717410974844
1.9679999999998667	0.05745305298383008
1.968999999999871	0.05738897242061769
1.9699999999998752	0.057324932414478114
1.9709999999998793	0.05726093294593393
1.9719999999998834	0.05719697451714989
1.9729999999998877	0.057133057350748695
1.9739999999998918	0.0570691800145986
1.974999999999896	0.057005343574717315
1.9759999999999	0.05694154732812318
1.9769999999999044	0.056877792536200844
1.9779999999999085	0.05681407877565414
1.9789999999999126	0.05675040569035916
1.9799999999999167	0.05668677365909924
1.980999999999921	0.05662318236691133
1.9819999999999252	0.05655963148645593
1.9829999999999293	0.05649612141126448
1.9839999999999334	0.05643265236384554
1.9849999999999375	0.05636922472564776
1.9859999999999418	0.05630583803707212
1.986999999999946	0.05624249253224778
1.98799999999995	0.05617918800886623
1.9889999999999541	0.05611592396500198
1.9899999999999585	0.05605270139896157
1.9909999999999626	0.05598952026643178
1.9919999999999667	0.05592638085711554
1.9929999999999708	0.05586328226367698
1.9939999999999751	0.05580022480367086
1.9949999999999792	0.05573720804349502
1.9959999999999833	0.055674232436999205
1.9969999999999875	0.055611298100017414
1.9979999999999918	0.05554840477516876
1.998999999999996	0.05548555386363385
2.0	0.05542274315490392
2.0010279404845495	0.05535822063221696
2.0021217900815715	0.05528960974150132
2.0032857751923165	0.05521665378641061
2.004524391841744	0.05513908099379161
2.005842426366887	0.055056604428617595
2.007244970197923	0.054968917980044885
2.0087374418720856	0.05487569994508057
2.0103256076664273	0.05477660745266022
2.0120156028936726	0.054671275747942616
2.013813957200875	0.054559321461330024
2.0157276178435577	0.054440337902762925
2.0177639781367303	0.05431389134930131
2.019930905358886	0.05417952623638855
2.0222367711443985	0.05403676032484639
2.024690484011897	0.053885087219396
2.027301523572695	0.05372396391572409
2.0300799770731848	0.053552824569953694
2.033036578410754	0.053371069796254056
2.036182751117039	0.05317806323382723
2.039530649180409	0.05297313820967953
2.043093206833892	0.05275559401375629
2.046884188175661	0.05252468826807377
2.050918238233338	0.052279643022342226
2.0552109433735133	0.05201964385617097
2.059778886913171	0.05174383818975459
2.0646397170403086	0.05145132005130981
2.0698122132469665	0.0511411544918845
2.0753163565584574	0.050812370684464425
2.081173414838828	0.050463909338989144
2.0874060143976347	0.050094710523229335
2.094038234979271	0.04970370105985766
2.1010956980169606	0.049289666451444614
2.1086056699538682	0.048851447690573147
2.116597165034399	0.04838784107487393
2.125101056786564	0.04789757063683786
2.1341501990307465	0.04737926190159425
2.143779554474847	0.046831595569934326
2.1540263207146424	0.04625330854731069
2.1649300857539027	0.0456430057628181
2.1765329774064615	0.04499929982162909
2.1888798204423576	0.04432072232238027
2.2020183144046843	0.04360602311579864
2.2159992202680474	0.04285395396063041
2.2308765524295735	0.042063047748834514
2.246707783705272	0.04123197607484996
2.263554079768369	0.04035991199416977
2.2814805235907363	0.03944579169261786
2.3005563724108544	0.038488478070047294
2.320855322320133	0.03748734035702428
2.3424557929209753	0.036442088779008674
2.3654412374910825	0.03535218015142427
2.389900455657507	0.03421750652953803
2.41592795027163	0.033038813351904395
2.44362426638729	0.03181681993964447
2.473096411506492	0.03055291411393346
2.5044582437089975	0.029248499682880125
2.537830924630887	0.027905728127818774
2.5733433911797423	0.026527283629649512
2.611132843166974	0.025117303421766435
2.6513452603475027	0.023679213212455585
2.6941360153529494	0.0222198023727338
2.739670418177515	0.020743504553535796
2.788124380079947	0.01925780722018955
2.839685109337027	0.017770129440743188
2.894551789617174	0.01628912321877829
2.9529364084026577	0.014822783489559344
3.0150645170164534	0.01338190659200067
3.0811761422888653	0.011977171537855269
3.1515266965252042	0.010618908124861104
3.226387989377641	0.009315133044412671
3.30604919671757	0.008080301980584959
3.39081811677136	0.006918181661407896
3.4810222154328754	0.005842414314846889
3.577010018652917	0.0048604026136025436
3.6791523315125145	0.003976152106301978
3.7878438030764574	0.003192838064898673
3.9035043177534527	0.0025123499476281674
4.02658072998157	0.0019324965468768829
4.157548527011607	0.0014502947356699325
4.296913682346355	0.0010579244015977984
4.445214635465608	0.000748726994499127
4.603024347307951	0.0005122617577173472
4.770952424745148	0.0003372420452296687
4.9496476786701376	0.00021333118369437631
5.139800459354712	0.00012892211009196686
5.342145448462832	7.366194527602676e-05
5.557464321076707	3.9757433654363794e-05
5.786588991858403	2.0093353886085907e-05
6.03040459644804	9.40742297084185e-06
6.289853138906711	4.0630714271960855e-06
6.565936951835777	1.595794350439661e-06
6.859722633511745	5.591309628627528e-07
7.172345245053396	1.7483381764549222e-07
7.505012494394354	4.60700626536692e-08
7.859009576011049	1.036336760851242e-08
8.23570422033976	1.8578641958200137e-09
8.636551628113326	2.3825219575002166e-10
9.063100564489073	2.8063551482659932e-11
9.516998831091398	9.50572953684059e-13
10.0	-6.337153024560394e-13
