0.0	0.9912025983013455
0.0010000000000041087	0.9909856136839388
0.0020000000000082174	0.990442713630471
0.003000000000012548	0.9894860723926204
0.004000000000016657	0.9881464233476396
0.005000000000020766	0.9863384366656023
0.006000000000024874	0.984076634447761
0.007000000000029205	0.9812468459865658
0.008000000000033314	0.9778483119417064
0.009000000000037423	0.9737613055057711
0.010000000000041753	0.9689888680709142
0.011000000000045862	0.9633776176627511
0.01200000000004997	0.9569129930428245
0.01300000000005408	0.9494964649859664
0.01400000000005841	0.9410668621226912
0.015000000000062519	0.9315434312446074
0.016000000000066406	0.9208662825570335
0.017000000000070736	0.9089809902797974
0.018000000000074845	0.8958147411058817
0.019000000000078954	0.8813532489796245
0.020000000000083062	0.8655660898719726
0.021000000000087393	0.8484492051670488
0.022000000000091502	0.8299541521228768
0.02300000000009561	0.8101977393679576
0.02400000000009972	0.7890746210573732
0.02500000000010405	0.7667575942735196
0.02600000000010816	0.7432115640006929
0.027000000000112268	0.718595571606933
0.0280000000001166	0.6929314213595911
0.029000000000120707	0.666410667843641
0.030000000000124816	0.6390463328548276
0.031000000000128924	0.6110423858288203
0.032000000000133255	0.582516402622486
0.033000000000137364	0.5536123453917583
0.03400000000014147	0.524487846477575
0.0350000000001458	0.49528002326003084
0.03600000000014991	0.4661596177262395
0.03700000000015402	0.43726567184626197
0.03800000000015813	0.40872641633863993
0.03900000000016246	0.3807398918752317
0.04000000000016657	0.35338710710884436
0.04100000000017068	0.32679142097030733
0.04200000000017501	0.3011055838115302
0.04300000000017912	0.27635436104800115
0.044000000000183226	0.2526395167990071
0.045000000000187335	0.23012024251077512
0.046000000000191665	0.2087277443922887
0.04700000000019555	0.18859894323077553
0.04800000000019966	0.1696717406393945
0.04900000000020399	0.15205478925580962
0.0500000000002081	0.1356823317949447
0.05100000000021221	0.12056676921450249
0.05200000000021632	0.10666977054294802
0.05300000000022065	0.093947233604179
0.05400000000022476	0.08239790304698558
0.055000000000228866	0.07191423328226221
0.0560000000002332	0.06251692748522542
0.057000000000237305	0.05407351257444337
0.058000000000241414	0.04653157641428152
0.05900000000024552	0.039857960544061655
0.060000000000249853	0.03401574377854588
0.06100000000025396	0.028822821669838294
0.06200000000025807	0.024340059311346973
0.0630000000002624	0.020452639710952125
0.06400000000026651	0.017071977142627537
0.06500000000027062	0.014198528288227208
0.06600000000027473	0.011723138272034195
0.06700000000027906	0.00962986534166066
0.06800000000028317	0.007874745981363729
0.06900000000028728	0.006398386085512908
0.0700000000002916	0.005172402225026462
0.07100000000029572	0.004152040283231906
0.07200000000029982	0.003317374843710752
0.07300000000030393	0.002634050360376672
0.07400000000030826	0.0020763697668040315
0.07500000000031237	0.0016292700816390449
0.07600000000031648	0.0012731076549412634
0.07700000000032081	0.0009820332254211195
0.0780000000003247	0.0007584965118994091
0.07900000000032881	0.000569123364851043
0.08000000000033292	0.0004373199479008605
0.08100000000033725	0.0003297059132624236
0.08200000000034136	0.00023273736412432466
0.08300000000034546	0.00018128862428212766
0.0840000000003498	0.00013524762892735964
0.0850000000003539	8.387233600781752e-05
0.08600000000035801	6.313280947156663e-05
0.08700000000036212	4.048406631151913e-05
0.08800000000036645	2.385947395644461e-05
0.08900000000037056	1.2764585592295319e-05
0.09000000000037467	4.688045551537456e-06
0.091000000000379	1.3815966641850252e-06
0.09200000000038311	-2.4024910660891408e-06
0.09300000000038722	-5.529882688870558e-06
0.09400000000039133	-6.8630440144268334e-06
0.09500000000039566	-1.0131250403944136e-05
0.09600000000039977	-9.645401290780953e-06
0.09700000000040387	-9.00023172456521e-06
0.0980000000004082	-8.233121675527144e-06
0.09900000000041231	-5.159565084289497e-06
0.10000000000041642	-4.486497760858299e-06
0.10100000000042053	-3.275530721325026e-06
0.10200000000042486	-1.7944241061940147e-06
0.10300000000042897	-4.48434183808466e-06
0.10400000000043308	-6.076801085885819e-06
0.10500000000043741	-5.829034238180597e-06
0.10600000000044152	-7.328869595424337e-06
0.10700000000044563	-6.630469356228019e-06
0.10800000000044951	-3.287009745722713e-06
0.10900000000045384	-2.546494411559408e-06
0.11000000000045795	-1.8960329937200981e-06
0.11100000000046206	2.2856718888686345e-06
0.1120000000004664	6.976209431686087e-06
0.1130000000004705	1.0266777703660246e-05
0.11400000000047461	1.2751244387487759e-05
0.11500000000047872	1.4321211792234223e-05
0.11600000000048305	1.4036710960452226e-05
0.11700000000048716	1.207592315688455e-05
0.11800000000049127	1.0907456584829944e-05
0.1190000000004956	8.37027694633452e-06
0.12000000000049971	5.108870073100569e-06
0.12100000000050382	1.6669146712944283e-06
0.12200000000050792	-1.8805335750826657e-06
0.12300000000051226	-4.11387954102338e-06
0.12400000000051636	-4.9542952103021065e-06
0.12500000000052047	-4.9632895791074105e-06
0.1260000000005248	-5.840925990430179e-06
0.1270000000005289	-5.2442437379340845e-06
0.12800000000053302	-4.1144226889944235e-06
0.12900000000053713	-3.91121863430044e-06
0.13000000000054146	-3.0091576324053904e-06
0.13100000000054557	-3.4005667304271014e-07
0.13200000000054968	1.6572514540680316e-06
0.133000000000554	1.7189688497065703e-06
0.13400000000055812	1.0482553135515715e-06
0.13500000000056223	5.792327160136779e-07
0.13600000000056633	8.304846721429726e-07
0.13700000000057067	9.222792320962014e-07
0.13800000000057477	1.3075077910373878e-06
0.13900000000057866	1.1062800920891291e-06
0.140000000000583	-4.871652237170565e-08
0.1410000000005871	-1.093118559669648e-06
0.1420000000005912	-1.8825364012098333e-06
0.14300000000059532	-2.635065321943131e-06
0.14400000000059965	-3.1582366455396027e-06
0.14500000000060376	-3.162684236723834e-06
0.14600000000060787	-2.394619009526977e-06
0.1470000000006122	-5.068306898614594e-07
0.1480000000006163	2.286567142184559e-06
0.14900000000062041	5.795583850942698e-06
0.15000000000062452	9.802876405284877e-06
0.15100000000062885	1.396897879513137e-05
0.15200000000063296	1.8333881919740946e-05
0.15300000000063707	2.2634439627466918e-05
0.1540000000006414	2.629256389685697e-05
0.1550000000006455	2.880226204327041e-05
0.15600000000064962	2.968263924763015e-05
0.15700000000065373	2.8841976076554587e-05
0.15800000000065806	2.6586291645980253e-05
0.15900000000066217	2.2900330424957538e-05
0.16000000000066628	1.8359079733132333e-05
0.16100000000067038	1.3589382915291104e-05
0.16200000000067472	9.036910480153537e-06
0.16300000000067882	4.9345113165566445e-06
0.16400000000068293	1.3121293697127001e-06
0.16500000000068726	-1.5015828997988478e-06
0.16600000000069137	-3.5737831816096133e-06
0.16700000000069548	-5.022018957134833e-06
0.1680000000006996	-6.1611857475885046e-06
0.16900000000070392	-6.957674252960899e-06
0.1700000000007078	-7.457842964742056e-06
0.17100000000071192	-7.506581998883988e-06
0.17200000000071625	-7.184816737559885e-06
0.17300000000072036	-6.260122255019596e-06
0.17400000000072446	-4.770139162335596e-06
0.17500000000072857	-2.8107897032114693e-06
0.1760000000007329	-6.008992574635386e-07
0.177000000000737	1.6602444302682429e-06
0.17800000000074112	3.72946099935767e-06
0.17900000000074545	5.282153177410542e-06
0.18000000000074956	6.158991268545577e-06
0.18100000000075367	6.253165337866129e-06
0.18200000000075778	5.60793042936325e-06
0.1830000000007621	4.340151465331843e-06
0.18400000000076622	2.618461052539267e-06
0.18500000000077033	6.551408842092599e-07
0.18600000000077466	-1.249743072140319e-06
0.18700000000077877	-2.883100535200356e-06
0.18800000000078287	-4.267313336470124e-06
0.18900000000078698	-5.440662076638958e-06
0.1900000000007913	-6.397043810002501e-06
0.19100000000079542	-7.149106130643901e-06
0.19200000000079953	-7.779318326850415e-06
0.19300000000080386	-8.372994933836253e-06
0.19400000000080797	-8.895642099604473e-06
0.19500000000081208	-9.342504651232986e-06
0.1960000000008162	-9.856174923994487e-06
0.19700000000082052	-1.0647330444424341e-05
0.19800000000082463	-1.1848201405761927e-05
0.19900000000082874	-1.3255397872891095e-05
0.20000000000083307	-1.4599894154532223e-05
0.20100000000083695	-1.5715582035502607e-05
0.20200000000084106	-1.6607902032061972e-05
0.20300000000084517	-1.7274544661827207e-05
0.2040000000008495	-1.7669155864874497e-05
0.2050000000008536	-1.768430347426353e-05
0.20600000000085772	-1.729571885467074e-05
0.20700000000086205	-1.6510801995606172e-05
0.20800000000086616	-1.536422092485168e-05
0.20900000000087027	-1.3892885410093925e-05
0.21000000000087438	-1.2102811257852508e-05
0.2110000000008787	-1.0020965793167136e-05
0.21200000000088282	-7.635529986504963e-06
0.21300000000088692	-4.945845349046962e-06
0.21400000000089126	-2.0319663840417945e-06
0.21500000000089536	9.407557182150583e-07
0.21600000000089947	3.905210596233388e-06
0.21700000000090358	6.8090952972665875e-06
0.2180000000009079	9.512763023744597e-06
0.21900000000091202	1.1999156986686188e-05
0.22000000000091613	1.425376446495541e-05
0.22100000000092046	1.6122530172801852e-05
0.22200000000092457	1.7528679321365814e-05
0.22300000000092868	1.8440312521628144e-05
0.2240000000009328	1.8760667576112056e-05
0.22500000000093712	1.855671965111938e-05
0.22600000000094123	1.788395506296947e-05
0.22700000000094533	1.6883327114580737e-05
0.22800000000094967	1.5655641997680547e-05
0.22900000000095377	1.4363026429764503e-05
0.23000000000095788	1.3117980457888478e-05
0.23100000000096177	1.196653087331967e-05
0.2320000000009661	1.088285627315333e-05
0.2330000000009702	9.843669160902735e-06
0.23400000000097432	8.838160353685787e-06
0.23500000000097865	7.806412060884504e-06
0.23600000000098276	6.733508762346574e-06
0.23700000000098687	5.520349372512001e-06
0.23800000000099097	4.187483908069112e-06
0.2390000000009953	2.717465987123191e-06
0.24000000000099941	1.1600193503547018e-06
0.24100000000100352	-4.3351365741628456e-07
0.24200000000100785	-2.044195161587936e-06
0.24300000000101196	-3.68871953315697e-06
0.24400000000101607	-5.288736601993804e-06
0.24500000000102018	-6.687644204861343e-06
0.2460000000010245	-7.761395948602257e-06
0.24700000000102862	-8.424839598175637e-06
0.24800000000103273	-8.734029455448322e-06
0.24900000000103706	-8.699085307206644e-06
0.25000000000104117	-8.370475454766435e-06
0.2510000000010453	-7.758815469438574e-06
0.2520000000010494	-6.948046664234653e-06
0.2530000000010537	-6.064053062138086e-06
0.2540000000010578	-5.232258956100466e-06
0.25500000000106193	-4.5490689859484235e-06
0.25600000000106626	-4.076187841706158e-06
0.25700000000107037	-3.861558224294015e-06
0.2580000000010745	-3.936006951033022e-06
0.2590000000010786	-4.28504349314629e-06
0.2600000000010829	-4.9061008531303685e-06
0.26100000000108703	-5.731480838377934e-06
0.2620000000010909	-6.666298654423031e-06
0.26300000000109525	-7.566633276612222e-06
0.26400000000109936	-8.360687685504686e-06
0.26500000000110346	-8.996408481731777e-06
0.2660000000011076	-9.425077007296778e-06
0.2670000000011119	-9.606671838469083e-06
0.268000000001116	-9.48143491275033e-06
0.2690000000011201	-9.04380756416856e-06
0.27000000000112445	-8.288863906358301e-06
0.27100000000112856	-7.245452110060668e-06
0.27200000000113267	-5.968976845904805e-06
0.2730000000011368	-4.5307369318514645e-06
0.2740000000011411	-2.9591369326009698e-06
0.2750000000011452	-1.2930688448875571e-06
0.2760000000011493	4.263524436831645e-07
0.27700000000115366	2.1482256358229534e-06
0.27800000000115777	3.8440670011574696e-06
0.2790000000011619	5.501402280838619e-06
0.280000000001166	7.096422917518552e-06
0.2810000000011703	8.636573397780012e-06
0.2820000000011744	1.0146486019935175e-05
0.28300000000117853	1.1665825917717143e-05
0.28400000000118286	1.3187230370248493e-05
0.28500000000118697	1.469749914828622e-05
0.2860000000011911	1.6133250056893367e-05
0.2870000000011952	1.7472779171634478e-05
0.2880000000011995	1.867406859989984e-05
0.2890000000012036	1.969931821532711e-05
0.29000000000120774	2.0543779108317395e-05
0.29100000000121207	2.118844265597275e-05
0.2920000000012162	2.1657931277174747e-05
0.29300000000122006	2.197458087827009e-05
0.29400000000122417	2.2146855949478628e-05
0.2950000000012285	2.2148093051232998e-05
0.2960000000012326	2.1957391505345036e-05
0.2970000000012367	2.15791914186525e-05
0.29800000000124083	2.104206247677265e-05
0.29900000000124516	2.037322050951751e-05
0.30000000000124927	1.958240723820559e-05
0.3010000000012534	1.8681962798305918e-05
0.3020000000012577	1.7648505375444934e-05
0.3030000000012618	1.644193506122882e-05
0.3040000000012659	1.5048492798208635e-05
0.30500000000127003	1.3480411773958423e-05
0.30600000000127436	1.1766977625837782e-05
0.3070000000012785	9.920241429095533e-06
0.3080000000012826	7.963532780097538e-06
0.3090000000012869	5.949190641230118e-06
0.310000000001291	3.953735236983391e-06
0.31100000000129513	2.0502743118822053e-06
0.31200000000129924	3.0364480041455977e-07
0.31300000000130357	-1.2598606171643212e-06
0.3140000000013077	-2.6515431565954373e-06
0.3150000000013118	-3.904231048457163e-06
0.3160000000013161	-5.018768716169575e-06
0.3170000000013202	-5.9915266410470736e-06
0.31800000000132433	-6.840778059569175e-06
0.31900000000132844	-7.535315879714233e-06
0.3200000000013328	-8.092243750201789e-06
0.3210000000013369	-8.52514956628525e-06
0.322000000001341	-8.861500800483313e-06
0.3230000000013453	-9.134236301777676e-06
0.3240000000013492	-9.321058782818525e-06
0.3250000000013533	-9.395791482402771e-06
0.3260000000013574	-9.361275763009047e-06
0.32700000000136176	-9.21121415853321e-06
0.32800000000136587	-8.979620916393927e-06
0.32900000000137	-8.716237053674192e-06
0.3300000000013743	-8.447571798964049e-06
0.3310000000013784	-8.199180896895086e-06
0.3320000000013825	-7.986441697749314e-06
0.33300000000138663	-7.822657660749854e-06
0.33400000000139096	-7.733327288317327e-06
0.33500000000139507	-7.689595674431615e-06
0.3360000000013992	-7.672381433732056e-06
0.3370000000014035	-7.684486544645708e-06
0.3380000000014076	-7.729235535158807e-06
0.3390000000014117	-7.820426823013094e-06
0.34000000000141584	-7.977940980730125e-06
0.34100000000142017	-8.184060547700156e-06
0.3420000000014243	-8.417327830079202e-06
0.3430000000014284	-8.629476052401941e-06
0.3440000000014327	-8.774876000927634e-06
0.3450000000014368	-8.805803686451341e-06
0.34600000000144093	-8.718865372348006e-06
0.34700000000144504	-8.49119559531708e-06
0.34800000000144937	-8.126250652829015e-06
0.3490000000014535	-7.611347150326964e-06
0.3500000000014576	-6.978740661578442e-06
0.3510000000014619	-6.260529280766036e-06
0.35200000000146603	-5.505451643905701e-06
0.35300000000147014	-4.768975188085278e-06
0.35400000000147425	-4.0900152158407366e-06
0.35500000000147836	-3.5030011076297995e-06
0.35600000000148246	-3.0686319305583964e-06
0.3570000000014866	-2.798287566774249e-06
0.3580000000014909	-2.668700043839678e-06
0.359000000001495	-2.6233050294255378e-06
0.3600000000014991	-2.5847277447255124e-06
0.36100000000150323	-2.5166166470746987e-06
0.36200000000150756	-2.3792686187906753e-06
0.36300000000151167	-2.1606060176537767e-06
0.3640000000015158	-1.8501071381571421e-06
0.3650000000015201	-1.418099817795948e-06
0.3660000000015242	-8.685061436697339e-07
0.3670000000015283	-2.1576700737213628e-07
0.36800000000153243	5.317319812236931e-07
0.36900000000153677	1.3336711226497044e-06
0.3700000000015409	2.1669808900615095e-06
0.371000000001545	3.0339105183685433e-06
0.3720000000015493	3.931045757799012e-06
0.3730000000015534	4.8600506595830595e-06
0.37400000000155753	5.826402884157034e-06
0.37500000000156164	6.814442487401706e-06
0.37600000000156597	7.806816768596292e-06
0.3770000000015701	8.75194341032337e-06
0.3780000000015742	9.579703766249281e-06
0.3790000000015785	1.0241012376455139e-05
0.3800000000015826	1.073976438026314e-05
0.38100000000158674	1.1083034744840958e-05
0.38200000000159084	1.1330068949044758e-05
0.3830000000015952	1.1473412738549627e-05
0.3840000000015993	1.1459593521778721e-05
0.3850000000016034	1.1234795823433785e-05
0.3860000000016075	1.0738910604546348e-05
0.3870000000016116	1.0001277264026776e-05
0.3880000000016157	9.059340385308978e-06
0.38900000000161983	7.975209438848552e-06
0.39000000000162416	6.845737167360255e-06
0.39100000000162827	5.679246409817651e-06
0.3920000000016324	4.515835685503511e-06
0.3930000000016367	3.3928107914249495e-06
0.3940000000016408	2.3759106184684242e-06
0.3950000000016449	1.5465656217905632e-06
0.39600000000164903	9.864815297966345e-07
0.39700000000165336	6.807464885127956e-07
0.3980000000016575	6.541474384391677e-07
0.3990000000016616	8.804959029662385e-07
0.4000000000016659	1.3372179239468096e-06
0.40100000000167	1.950859026766949e-06
0.40200000000167413	2.694142560377699e-06
0.40300000000167824	3.5211954454439365e-06
0.40400000000168257	4.393987436346336e-06
0.4050000000016867	5.268160044979986e-06
0.4060000000016908	6.039806671465087e-06
0.4070000000016951	6.682322448381406e-06
0.4080000000016992	7.140382802917067e-06
0.40900000000170333	7.437201811066885e-06
0.41000000000170744	7.534707701761789e-06
0.4110000000017118	7.436711706887422e-06
0.4120000000017159	7.161156247215139e-06
0.41300000000172	6.7479876123544e-06
0.4140000000017243	6.196224431209707e-06
0.41500000000172843	5.478748186460436e-06
0.41600000000173254	4.601239170343163e-06
0.4170000000017364	3.5954503156965245e-06
0.41800000000174076	2.501921307795918e-06
0.41900000000174487	1.3546209614023752e-06
0.420000000001749	1.8335164719829322e-07
0.4210000000017533	-1.0441749236367315e-06
0.4220000000017574	-2.3189601994211273e-06
0.4230000000017615	-3.5896274033220266e-06
0.42400000000176563	-4.819722519089353e-06
0.42500000000176996	-5.981945285560286e-06
0.42600000000177407	-7.066069005912112e-06
0.4270000000017782	-8.08763852422345e-06
0.4280000000017825	-9.036358236791386e-06
0.4290000000017866	-9.913603512989866e-06
0.4300000000017907	-1.072634405252515e-05
0.43100000000179484	-1.1463263529964962e-05
0.43200000000179917	-1.209256060996644e-05
0.4330000000018033	-1.2625993454529194e-05
0.4340000000018074	-1.3070332391951212e-05
0.4350000000018115	-1.3423186955296984e-05
0.4360000000018158	-1.367983838163056e-05
0.43700000000181993	-1.381874871597688e-05
0.43800000000182404	-1.3824547986374114e-05
0.43900000000182837	-1.3691375670754624e-05
0.4400000000018325	-1.3413739254009016e-05
0.4410000000018366	-1.2951939670768908e-05
0.4420000000018407	-1.2360365313268673e-05
0.44300000000184503	-1.164264472186538e-05
0.44400000000184914	-1.0830900201819205e-05
0.44500000000185325	-9.93489643597023e-06
0.4460000000018576	-8.9909520584186e-06
0.4470000000018617	-8.035616890333941e-06
0.4480000000018656	-7.081152083809883e-06
0.4490000000018697	-6.157054456501498e-06
0.450000000001874	-5.259656762568454e-06
0.4510000000018781	-4.381797859664971e-06
0.45200000000188223	-3.5459253262537516e-06
0.45300000000188656	-2.761400560880034e-06
0.45400000000189067	-2.030521748963565e-06
0.4550000000018948	-1.3266553207103016e-06
0.4560000000018989	-6.386854844997458e-07
0.4570000000019032	2.3539989735255062e-08
0.4580000000019073	6.419359854792361e-07
0.45900000000191143	1.2152630534112419e-06
0.46000000000191577	1.7454681467965472e-06
0.4610000000019199	2.2376212930330652e-06
0.462000000001924	2.710142744444255e-06
0.4630000000019281	3.133630821272604e-06
0.4640000000019324	3.4947961978781805e-06
0.46500000000193653	3.799551921535027e-06
0.46600000000194064	4.022574783602018e-06
0.46700000000194497	4.135400316851445e-06
0.4680000000019491	4.143764440245334e-06
0.4690000000019532	4.067630273940637e-06
0.4700000000019573	3.930728625256563e-06
0.4710000000019616	3.7748663760384105e-06
0.47200000000196574	3.617218360840724e-06
0.47300000000196984	3.482461465198483e-06
0.4740000000019742	3.3939390320369967e-06
0.4750000000019783	3.341281102464677e-06
0.4760000000019824	3.2959648879060666e-06
0.4770000000019865	3.245656789330198e-06
0.47800000000199083	3.190010778197916e-06
0.4790000000019947	3.1299483422841945e-06
0.48000000000199883	3.0511747652894883e-06
0.48100000000200316	2.9395568946766204e-06
0.48200000000200727	2.7976272062302243e-06
0.4830000000020114	2.6213936757946144e-06
0.4840000000020155	2.4098318072152125e-06
0.4850000000020198	2.150725476157689e-06
0.4860000000020239	1.8554983084451138e-06
0.48700000000202803	1.5383281265490822e-06
0.48800000000203236	1.2097074166828037e-06
0.4890000000020365	8.887304597804402e-07
0.4900000000020406	5.940731941933564e-07
0.4910000000020447	3.303933280296434e-07
0.492000000002049	9.46494347342508e-08
0.49300000000205313	-1.20082843002578e-07
0.49400000000205724	-3.1936813593702595e-07
0.49500000000206157	-5.002739120740785e-07
0.4960000000020657	-6.580567626368605e-07
0.4970000000020698	-7.904229752941916e-07
0.4980000000020739	-8.972562564046882e-07
0.4990000000020782	-9.72846347480072e-07
0.5000000000020823	-1.0248453501393584e-06
0.5010000000020864	-1.0723556300717973e-06
0.5020000000020908	-1.130142663008371e-06
0.5030000000020949	-1.2008893666148879e-06
0.504000000002099	-1.2813938057298913e-06
0.5050000000021031	-1.3586748297544915e-06
0.5060000000021074	-1.4166947031046817e-06
0.5070000000021115	-1.4480099845837202e-06
0.5080000000021156	-1.4494247688734418e-06
0.50900000000212	-1.4193916275662133e-06
0.5100000000021239	-1.3603801269912452e-06
0.511000000002128	-1.2748687159280792e-06
0.5120000000021321	-1.1657803085096674e-06
0.5130000000021364	-1.0356412643020008e-06
0.5140000000021405	-8.985473241018838e-07
0.5150000000021446	-7.666160006802869e-07
0.516000000002149	-6.42926009764011e-07
0.5170000000021531	-5.25672920970166e-07
0.5180000000021572	-4.1551339902135e-07
0.5190000000021613	-3.2049689013824434e-07
0.5200000000021656	-2.4406361309736724e-07
0.5210000000021697	-1.8051289796261472e-07
0.5220000000021738	-1.3587580793839038e-07
0.5230000000021782	-1.1773085706323627e-07
0.5240000000021823	-1.3028045198204552e-07
0.5250000000021864	-1.7208293989767753e-07
0.5260000000021905	-2.321039416219861e-07
0.5270000000021948	-3.0679249718446044e-07
0.5280000000021989	-3.864974393863463e-07
0.529000000002203	-4.714830643681722e-07
0.5300000000022074	-5.608961783920563e-07
0.5310000000022115	-6.542105122075981e-07
0.5320000000022156	-7.580297598508423e-07
0.5330000000022197	-8.708901613196929e-07
0.534000000002224	-9.87444674027671e-07
0.5350000000022281	-1.103730849383311e-06
0.5360000000022322	-1.2192543261679845e-06
0.5370000000022366	-1.3306765660470177e-06
0.5380000000022407	-1.4310361455827092e-06
0.5390000000022448	-1.5073943080423646e-06
0.5400000000022487	-1.549863370309268e-06
0.541000000002253	-1.5557096926244185e-06
0.5420000000022571	-1.5257558534376159e-06
0.5430000000022612	-1.4542887201152155e-06
0.5440000000022656	-1.3499068773903389e-06
0.5450000000022697	-1.2194398260056971e-06
0.5460000000022738	-1.0640411418627593e-06
0.5470000000022779	-8.790336387676234e-07
0.5480000000022822	-6.609625207154579e-07
0.5490000000022863	-4.211277619958764e-07
0.5500000000022904	-1.6553286541487466e-07
0.5510000000022948	9.830845060232463e-08
0.5520000000022989	3.6702640426877764e-07
0.553000000002303	6.438626658500368e-07
0.5540000000023071	9.260799901378292e-07
0.5550000000023114	1.2153482134014126e-06
0.5560000000023155	1.5099672656671004e-06
0.5570000000023196	1.810176416094933e-06
0.558000000002324	2.1163740958618504e-06
0.5590000000023281	2.43469095106974e-06
0.5600000000023322	2.775936060350759e-06
0.5610000000023363	3.1376755278422763e-06
0.5620000000023406	3.5137563971776586e-06
0.5630000000023447	3.9002308047653145e-06
0.5640000000023488	4.2915656888187215e-06
0.5650000000023532	4.686204834514207e-06
0.5660000000023573	5.081017753760797e-06
0.5670000000023614	5.474600996313583e-06
0.5680000000023655	5.864787941289862e-06
0.5690000000023698	6.243475643707974e-06
0.5700000000023739	6.608169884514403e-06
0.5710000000023778	6.940819344047888e-06
0.5720000000023819	7.227218727257068e-06
0.5730000000023863	7.463310522037858e-06
0.5740000000023904	7.644840249065865e-06
0.5750000000023945	7.779071219293776e-06
0.5760000000023988	7.863875826741307e-06
0.5770000000024029	7.899731393035125e-06
0.578000000002407	7.890642756192001e-06
0.5790000000024111	7.83079418908983e-06
0.5800000000024155	7.726710669286874e-06
0.5810000000024196	7.582354241364442e-06
0.5820000000024237	7.40703727863945e-06
0.583000000002428	7.213996485511132e-06
0.5840000000024321	7.007749660781215e-06
0.5850000000024362	6.798512925176858e-06
0.5860000000024403	6.564167447042912e-06
0.5870000000024447	6.311623244492637e-06
0.5880000000024488	6.024379096469801e-06
0.5890000000024529	5.696363403862037e-06
0.5900000000024572	5.320002759656717e-06
0.5910000000024613	4.888500056532408e-06
0.5920000000024654	4.40335405826886e-06
0.5930000000024696	3.872158014228688e-06
0.5940000000024739	3.321063349437381e-06
0.595000000002478	2.7612825600487056e-06
0.5960000000024821	2.2024739269044247e-06
0.5970000000024864	1.6513942209250843e-06
0.5980000000024905	1.1143770110022544e-06
0.5990000000024946	6.014494453587815e-07
0.6000000000024988	1.2677357241752674e-07
0.6010000000025031	-3.0680504048419266e-07
0.602000000002507	-6.967217913711465e-07
0.6030000000025111	-1.0385947730728873e-06
0.6040000000025154	-1.3208289773025683e-06
0.6050000000025195	-1.5431771747120848e-06
0.6060000000025236	-1.7079711602807635e-06
0.6070000000025277	-1.8206796605912956e-06
0.6080000000025321	-1.8945457658237075e-06
0.6090000000025362	-1.9457432351988047e-06
0.6100000000025403	-1.974380043012758e-06
0.6110000000025446	-1.984733030369057e-06
0.6120000000025487	-1.9763798666527777e-06
0.6130000000025528	-1.948260334394547e-06
0.614000000002557	-1.9040619183563479e-06
0.6150000000025613	-1.8438174687052111e-06
0.6160000000025654	-1.7643130096889337e-06
0.6170000000025695	-1.670787167062926e-06
0.6180000000025738	-1.5707973892720162e-06
0.6190000000025779	-1.4690540628414794e-06
0.620000000002582	-1.3658992377152401e-06
0.6210000000025861	-1.2618455231816483e-06
0.6220000000025905	-1.158029997894161e-06
0.6230000000025946	-1.0520353388443482e-06
0.6240000000025987	-9.431149625704904e-07
0.625000000002603	-8.249712077912363e-07
0.6260000000026071	-6.979313451616065e-07
0.6270000000026112	-5.647257421692586e-07
0.6280000000026154	-4.2507869912888907e-07
0.6290000000026197	-2.806354868489791e-07
0.6300000000026238	-1.3211391780565407e-07
0.6310000000026279	1.9164410836047807e-08
0.6320000000026322	1.7273863284206215e-07
0.6330000000026361	3.3088273121428813e-07
0.6340000000026402	4.964020683395631e-07
0.6350000000026443	6.724372645372512e-07
0.6360000000026487	8.684111914014636e-07
0.6370000000026528	1.0847952723880283e-06
0.6380000000026569	1.3126161034771044e-06
0.6390000000026612	1.534536785974261e-06
0.6400000000026653	1.7356803436729962e-06
0.6410000000026694	1.899535237326333e-06
0.6420000000026735	2.0234915167893774e-06
0.6430000000026779	2.1057461483398043e-06
0.644000000002682	2.1520575108624485e-06
0.6450000000026861	2.1659455948785933e-06
0.6460000000026904	2.1481602854311888e-06
0.6470000000026945	2.0975720511628992e-06
0.6480000000026986	2.015033078728301e-06
0.6490000000027027	1.8979286128262274e-06
0.6500000000027071	1.753508068969012e-06
0.6510000000027112	1.5919361708860436e-06
0.6520000000027153	1.4361339019108854e-06
0.6530000000027196	1.2915568117222165e-06
0.6540000000027237	1.1691585921624892e-06
0.6550000000027278	1.0658851287148607e-06
0.656000000002732	9.756634653523832e-07
0.6570000000027363	8.814417983282752e-07
0.6580000000027404	7.681722038466177e-07
0.6590000000027445	6.354798728347433e-07
0.6600000000027488	4.875260862791109e-07
0.6610000000027529	3.334291158729741e-07
0.662000000002757	1.8662386258583297e-07
0.6630000000027612	5.59890050988443e-08
0.6640000000027653	-4.717384105568101e-08
0.6650000000027694	-1.1526224064084545e-07
0.6660000000027735	-1.5178874823718047e-07
0.6670000000027778	-1.5689185395295624e-07
0.6680000000027819	-1.4133370052071825e-07
0.669000000002786	-1.2783807723515395e-07
0.6700000000027901	-1.2161980045277687e-07
0.6710000000027945	-1.2064954191259858e-07
0.6720000000027986	-1.2132239635143094e-07
0.6730000000028027	-1.1733687710346885e-07
0.674000000002807	-1.0153110396871057e-07
0.6750000000028111	-7.040304716987578e-08
0.6760000000028152	-2.1476781242313336e-08
0.6770000000028193	5.105897560309103e-08
0.6780000000028237	1.4545081916672586e-07
0.6790000000028278	2.637688963913476e-07
0.6800000000028319	4.029914442149618e-07
0.6810000000028362	5.5761263895171e-07
0.6820000000028403	7.248924747127461e-07
0.6830000000028444	8.928963528553879e-07
0.6840000000028486	1.0540170749528954e-06
0.6850000000028529	1.1938908900388512e-06
0.686000000002857	1.2996585677660377e-06
0.6870000000028611	1.3600267596558524e-06
0.6880000000028654	1.3764885590239473e-06
0.6890000000028695	1.3446291391439047e-06
0.6900000000028736	1.2681961597538205e-06
0.6910000000028778	1.1484604605094262e-06
0.6920000000028821	9.98280813568897e-07
0.6930000000028862	8.176490178257723e-07
0.6940000000028901	6.13363355772556e-07
0.6950000000028944	3.861594529697143e-07
0.6960000000028985	1.4118728819401127e-07
0.6970000000029026	-1.1612481576328548e-07
0.6980000000029067	-3.8138391533770744e-07
0.6990000000029111	-6.516305295356517e-07
0.7000000000029152	-9.228459392218724e-07
0.7010000000029193	-1.192701578833777e-06
0.7020000000029236	-1.4586784229386751e-06
0.7030000000029277	-1.7147051094568155e-06
0.7040000000029318	-1.957987883605128e-06
0.705000000002936	-2.1870652366917653e-06
0.7060000000029403	-2.4017582467283916e-06
0.7070000000029444	-2.604999467692437e-06
0.7080000000029485	-2.7954816639308433e-06
0.7090000000029526	-2.9768645459782306e-06
0.7100000000029569	-3.1513247364944874e-06
0.711000000002961	-3.3170698270357235e-06
0.7120000000029651	-3.468635516146179e-06
0.7130000000029695	-3.6046970075531704e-06
0.7140000000029736	-3.7252423552569525e-06
0.7150000000029777	-3.830284508010706e-06
0.7160000000029818	-3.9248351109133495e-06
0.7170000000029861	-4.005677642693328e-06
0.7180000000029902	-4.063350844685232e-06
0.7190000000029944	-4.092905730335161e-06
0.7200000000029987	-4.090074271045907e-06
0.7210000000030028	-4.053053589192501e-06
0.7220000000030069	-3.975318342286371e-06
0.723000000003011	-3.857432303799868e-06
0.7240000000030153	-3.7029977217883925e-06
0.7250000000030195	-3.517515610784727e-06
0.7260000000030233	-3.309489147174105e-06
0.7270000000030277	-3.0835165267806275e-06
0.7280000000030318	-2.843522802997711e-06
0.7290000000030359	-2.592491640029948e-06
0.73000000000304	-2.334764819478252e-06
0.7310000000030443	-2.0790484160926326e-06
0.7320000000030484	-1.8305378439720243e-06
0.7330000000030525	-1.5903686130247507e-06
0.7340000000030569	-1.3617299567947327e-06
0.735000000003061	-1.1438877551839255e-06
0.7360000000030651	-9.480623142099631e-07
0.7370000000030692	-7.802276333901403e-07
0.7380000000030735	-6.394125000586115e-07
0.7390000000030776	-5.242911438330111e-07
0.7400000000030817	-4.305071503729607e-07
0.7410000000030861	-3.5373185980347444e-07
0.7420000000030902	-2.9297869219568895e-07
0.7430000000030943	-2.464578403582607e-07
0.7440000000030984	-2.1091085700142287e-07
0.7450000000031027	-1.846239108260761e-07
0.7460000000031068	-1.6385366863325146e-07
0.747000000003111	-1.4544510129610444e-07
0.7480000000031153	-1.306343853091363e-07
0.7490000000031194	-1.2270204430286924e-07
0.7500000000031235	-1.256660329129744e-07
0.7510000000031276	-1.408191301344175e-07
0.7520000000031319	-1.6485474318983506e-07
0.753000000003136	-1.9325351163779203e-07
0.7540000000031402	-2.2127436238861264e-07
0.7550000000031445	-2.467111595017002e-07
0.7560000000031484	-2.6851455414700354e-07
0.7570000000031525	-2.8721995670721867e-07
0.7580000000031566	-2.9896452580224775e-07
0.7590000000031609	-2.993321674971128e-07
0.760000000003165	-2.928540305813243e-07
0.7610000000031691	-2.7785558431858703e-07
0.7620000000031735	-2.547260635754611e-07
0.7630000000031776	-2.1647495707100006e-07
0.7640000000031817	-1.5724299284869403e-07
0.7650000000031858	-7.063141338470302e-08
0.7660000000031901	3.1891452367815987e-08
0.7670000000031942	1.4661211511501904e-07
0.7680000000031983	2.6532526553602054e-07
0.7690000000032027	3.8591948570143586e-07
0.7700000000032068	5.059763867887312e-07
0.7710000000032109	6.191393473464757e-07
0.772000000003215	7.257389716963658e-07
0.7730000000032193	8.228639600815768e-07
0.7740000000032234	9.110016047086944e-07
0.7750000000032276	9.839511703191306e-07
0.7760000000032319	1.0382059039137914e-06
0.777000000003236	1.0738864111292656e-06
0.7780000000032401	1.0917500354867826e-06
0.7790000000032442	1.0928867139048393e-06
0.7800000000032485	1.0841483948365038e-06
0.7810000000032526	1.0703381283505564e-06
0.7820000000032568	1.0565802520678957e-06
0.7830000000032611	1.046817167282832e-06
0.7840000000032652	1.0401223742295684e-06
0.7850000000032693	1.0399713581410452e-06
0.7860000000032734	1.0446661471430474e-06
0.7870000000032777	1.0505916495651135e-06
0.7880000000032816	1.0599352562312703e-06
0.7890000000032857	1.072998179640905e-06
0.7900000000032901	1.0941457655455622e-06
0.7910000000032942	1.1236672411429893e-06
0.7920000000032983	1.1652206075574156e-06
0.7930000000033024	1.216227169087425e-06
0.7940000000033067	1.2735913406114463e-06
0.7950000000033108	1.3305641245464628e-06
0.796000000003315	1.3827207134831099e-06
0.7970000000033193	1.421362854525654e-06
0.7980000000033234	1.4487273496399666e-06
0.7990000000033275	1.4639250867087839e-06
0.8000000000033316	1.4704967339351782e-06
0.8010000000033359	1.4719406825625114e-06
0.80200000000334	1.4705740509768361e-06
0.8030000000033441	1.4694331479381262e-06
0.8040000000033485	1.4725924034619808e-06
0.8050000000033526	1.4840376382219134e-06
0.8060000000033567	1.50546759902781e-06
0.8070000000033608	1.536839366322873e-06
0.8080000000033651	1.5772216184206655e-06
0.8090000000033692	1.6257783883588672e-06
0.8100000000033734	1.6818912391691754e-06
0.8110000000033777	1.7494890992564294e-06
0.8120000000033818	1.8280026974348829e-06
0.8130000000033859	1.9136992772672556e-06
0.81400000000339	2.005645707292558e-06
0.8150000000033943	2.1030570168667495e-06
0.8160000000033985	2.2067644359635707e-06
0.8170000000034026	2.3184784209151488e-06
0.8180000000034067	2.4374889087130924e-06
0.8190000000034108	2.559817859126845e-06
0.8200000000034149	2.682754860372505e-06
0.821000000003419	2.804611597850837e-06
0.8220000000034233	2.9264666905337577e-06
0.8230000000034274	3.049777421271216e-06
0.8240000000034315	3.172911391735589e-06
0.8250000000034359	3.291846120023756e-06
0.82600000000344	3.4009688871794452e-06
0.8270000000034441	3.49648625241894e-06
0.8280000000034482	3.578132476089735e-06
0.8290000000034525	3.6466269968116194e-06
0.8300000000034566	3.7016673485323892e-06
0.8310000000034607	3.735927339487688e-06
0.8320000000034651	3.7512236408243638e-06
0.8330000000034692	3.7490014567209684e-06
0.8340000000034733	3.729177236788672e-06
0.8350000000034774	3.6976843137415116e-06
0.8360000000034817	3.6518089434611767e-06
0.8370000000034858	3.590979265499783e-06
0.83800000000349	3.5107786056087775e-06
0.8390000000034943	3.4101120851559585e-06
0.8400000000034984	3.2983302815647875e-06
0.8410000000035025	3.1779230594830565e-06
0.8420000000035066	3.050099642409876e-06
0.8430000000035109	2.9151525327009153e-06
0.844000000003515	2.7725355337127056e-06
0.8450000000035192	2.623597256889987e-06
0.8460000000035233	2.4695152028852974e-06
0.8470000000035276	2.3131299573542208e-06
0.8480000000035317	2.155097466594036e-06
0.8490000000035356	1.996420554761791e-06
0.8500000000035399	1.8385213601535e-06
0.851000000003544	1.6815153283111783e-06
0.8520000000035481	1.5238239641224283e-06
0.8530000000035523	1.3654242745353429e-06
0.8540000000035566	1.2065000032368545e-06
0.8550000000035607	1.0464391764219982e-06
0.8560000000035648	8.82719492611983e-07
0.8570000000035691	7.142402941306969e-07
0.8580000000035732	5.429827405478704e-07
0.8590000000035773	3.702420423579156e-07
0.8600000000035815	1.97378333566256e-07
0.8610000000035858	2.9281751912080267e-08
0.8620000000035899	-1.3105819496317395e-07
0.863000000003594	-2.8459901657562625e-07
0.8640000000035983	-4.338232217904192e-07
0.8650000000036024	-5.803178000363118e-07
0.8660000000036066	-7.272673656633089e-07
0.8670000000036107	-8.741473886964002e-07
0.868000000003615	-1.0194704411770061e-06
0.8690000000036191	-1.160955104717587e-06
0.8700000000036232	-1.2981852837157248e-06
0.8710000000036275	-1.4277034594556426e-06
0.8720000000036316	-1.5483416808681483e-06
0.8730000000036358	-1.6535157838504233e-06
0.8740000000036399	-1.7403719358988212e-06
0.8750000000036442	-1.8074600656170503e-06
0.8760000000036483	-1.8605046623321186e-06
0.8770000000036524	-1.9004614635331762e-06
0.8780000000036567	-1.9347265682867487e-06
0.8790000000036609	-1.9655668823670425e-06
0.8800000000036647	-1.995036785995552e-06
0.8810000000036688	-2.0226271757461944e-06
0.8820000000036732	-2.0473226776118736e-06
0.8830000000036773	-2.07008157748767e-06
0.8840000000036814	-2.0897486301407753e-06
0.8850000000036857	-2.1015568323345946e-06
0.8860000000036898	-2.0995915372967744e-06
0.887000000003694	-2.0836765250997757e-06
0.888000000003698	-2.057608877503725e-06
0.8890000000037024	-2.0219258485276725e-06
0.8900000000037065	-1.975579448032505e-06
0.8910000000037106	-1.914913578815458e-06
0.8920000000037149	-1.8402590367117e-06
0.893000000003719	-1.752934562393449e-06
0.8940000000037231	-1.6541164626904248e-06
0.8950000000037273	-1.5459664797212724e-06
0.8960000000037316	-1.425858450643247e-06
0.8970000000037357	-1.2948421446168368e-06
0.8980000000037398	-1.152141841043175e-06
0.8990000000037441	-9.982126580876383e-07
0.9000000000037482	-8.353746359102132e-07
0.9010000000037524	-6.706672528444813e-07
0.9020000000037565	-5.070388631178702e-07
0.9030000000037608	-3.4730119669035275e-07
0.9040000000037649	-1.898869927963176e-07
0.905000000003769	-3.846079099645294e-08
0.9060000000037733	1.0655753379662514e-07
0.9070000000037775	2.427150189721061e-07
0.9080000000037816	3.716223144767383e-07
0.9090000000037857	4.950138068338106e-07
0.91000000000379	6.130984349095314e-07
0.9110000000037939	7.27498216113176e-07
0.912000000003798	8.385184656622968e-07
0.9130000000038023	9.47048903632286e-07
0.9140000000038064	1.052950350466375e-06
0.9150000000038105	1.1556955662461732e-06
0.9160000000038147	1.2538606557477294e-06
0.917000000003819	1.3417517095160036e-06
0.9180000000038231	1.4193387780636613e-06
0.9190000000038272	1.4823646478090424e-06
0.9200000000038315	1.5276419599308255e-06
0.9210000000038356	1.5578459915399634e-06
0.9220000000038397	1.5722855893907095e-06
0.9230000000038439	1.572648953507283e-06
0.9240000000038482	1.5647686733011312e-06
0.9250000000038523	1.5477432058208507e-06
0.9260000000038564	1.5237832224901382e-06
0.9270000000038607	1.4900476216217484e-06
0.9280000000038648	1.449047641655099e-06
0.929000000003869	1.4034100820348172e-06
0.9300000000038731	1.3573654282783565e-06
0.9310000000038774	1.3110762815404797e-06
0.9320000000038815	1.2681661590852045e-06
0.9330000000038856	1.2332375198820245e-06
0.9340000000038899	1.2089605525567038e-06
0.935000000003894	1.2005492162625586e-06
0.9360000000038982	1.2025944949867196e-06
0.9370000000039023	1.2111818741278313e-06
0.9380000000039066	1.2247134444365315e-06
0.9390000000039107	1.2442922020516889e-06
0.9400000000039148	1.2695541156126922e-06
0.9410000000039191	1.2998166678546141e-06
0.942000000003923	1.3316129710005953e-06
0.9430000000039271	1.3622083623321402e-06
0.9440000000039312	1.3916242641576204e-06
0.9450000000039356	1.4193677866369825e-06
0.9460000000039397	1.446854260622743e-06
0.9470000000039438	1.4745117282721765e-06
0.9480000000039481	1.5020754929873092e-06
0.9490000000039522	1.5279348348773425e-06
0.9500000000039563	1.5502650783094651e-06
0.9510000000039605	1.5667231036964324e-06
0.9520000000039648	1.5753617526037544e-06
0.9530000000039689	1.5741742367403333e-06
0.954000000003973	1.5639913236720204e-06
0.9550000000039773	1.5472208935163323e-06
0.9560000000039814	1.5226450184036011e-06
0.9570000000039856	1.4905277953003448e-06
0.9580000000039897	1.4536747509064085e-06
0.959000000003994	1.4119082216712542e-06
0.9600000000039981	1.3629824910932342e-06
0.9610000000040022	1.3072084702470121e-06
0.9620000000040065	1.2471710827410831e-06
0.9630000000040106	1.1843049835258412e-06
0.9640000000040148	1.1226679221820746e-06
0.9650000000040189	1.0655802624714994e-06
0.9660000000040232	1.013471907507224e-06
0.9670000000040273	9.695487499516986e-07
0.9680000000040314	9.371959777126904e-07
0.9690000000040357	9.195433237074724e-07
0.9700000000040399	9.16018619068204e-07
0.9710000000040437	9.231776960660909e-07
0.9720000000040478	9.388374766494678e-07
0.9730000000040522	9.607124633603803e-07
0.9740000000040563	9.854246827423196e-07
0.9750000000040604	1.0114336763678011e-06
0.9760000000040647	1.0381101687162442e-06
0.9770000000040688	1.0661012000978687e-06
0.978000000004073	1.0951247866319846e-06
0.979000000004077	1.1259882468639404e-06
0.9800000000040812	1.1585131081126576e-06
0.9810000000040855	1.1916993591931657e-06
0.9820000000040896	1.2249199192737592e-06
0.9830000000040937	1.256974426100399e-06
0.984000000004098	1.2857976083857636e-06
0.9850000000041004	1.310326513626059e-06
0.9860000000041018	1.3318006426565887e-06
0.987000000004103	1.3476403522005853e-06
0.9880000000041045	1.3568211845171874e-06
0.9890000000041059	1.3605050366294336e-06
0.9900000000041072	1.359655799948456e-06
0.9910000000041086	1.3553882876049528e-06
0.99200000000411	1.3481276563975797e-06
0.9930000000041115	1.3389584108125518e-06
0.9940000000041127	1.327740689394119e-06
0.9950000000041141	1.3150106197290512e-06
0.9960000000041156	1.3006181702746034e-06
0.997000000004117	1.2837082652428222e-06
0.9980000000041185	1.262372359644992e-06
0.9990000000041197	1.2355582312828517e-06
1.0000000000041211	1.204365110307748e-06
1.001000000004117	1.1701987446821605e-06
1.002000000004113	1.1355397354639862e-06
1.0030000000041086	1.1014418385135727e-06
1.0040000000041045	1.068347300070549e-06
1.0050000000041002	1.0345800101063674e-06
1.006000000004096	9.970687633309439e-07
1.007000000004092	9.528207187692317e-07
1.0080000000040878	9.047411908547076e-07
1.0090000000040837	8.564189161175406e-07
1.0100000000040794	8.092450047847422e-07
1.0110000000040753	7.627636738893884e-07
1.012000000004071	7.144736902109372e-07
1.0130000000040669	6.63048618565476e-07
1.0140000000040628	6.095996561983341e-07
1.0150000000040587	5.56593060307975e-07
1.0160000000040534	5.060848491389436e-07
1.0170000000040464	4.59051502810226e-07
1.0180000000040397	4.168014580141488e-07
1.0190000000040325	3.814114550859671e-07
1.0200000000040257	3.554583489773222e-07
1.021000000004019	3.377069547338962e-07
1.0220000000040117	3.271490363054852e-07
1.023000000004005	3.223014607423025e-07
1.0240000000039977	3.190395817531666e-07
1.025000000003991	3.153169469971573e-07
1.026000000003984	3.1121861376881554e-07
1.027000000003977	3.077856397526446e-07
1.0280000000039702	3.0284498331312193e-07
1.0290000000039632	2.9374897780876097e-07
1.0300000000039562	2.7897799548259883e-07
1.0310000000039494	2.57765668920662e-07
1.0320000000039424	2.297725593125577e-07
1.0330000000039354	1.9455977584570405e-07
1.0340000000039287	1.5256571050947798e-07
1.0350000000039217	1.0164523911448953e-07
1.0360000000039147	4.2343082151674594e-08
1.0370000000039077	-2.0994000982099692e-08
1.0380000000039007	-8.331852452414523e-08
1.039000000003894	-1.428259861491199e-07
1.0400000000038867	-2.0004993261935056e-07
1.04100000000388	-2.535937906333885e-07
1.0420000000038732	-3.019278653759727e-07
1.043000000003866	-3.4313109553707477e-07
1.0440000000038592	-3.793109635275016e-07
1.0450000000038522	-4.1318870191986434e-07
1.0460000000038452	-4.425992736756257e-07
1.0470000000038384	-4.658445771354991e-07
1.0480000000038314	-4.826384565337349e-07
1.0490000000038244	-4.928988828201142e-07
1.0500000000038174	-4.981202554876774e-07
1.0510000000038104	-4.997526357186644e-07
1.0520000000038037	-4.989178599146271e-07
1.0530000000037967	-4.957962433937979e-07
1.0540000000037897	-4.91839378113923e-07
1.055000000003783	-4.883848703229887e-07
1.056000000003776	-4.869163516829644e-07
1.057000000003769	-4.877523824831087e-07
1.0580000000037622	-4.921764578114107e-07
1.059000000003755	-5.004746004289018e-07
1.0600000000037482	-5.116196808430118e-07
1.0610000000037412	-5.245960594812971e-07
1.0620000000037342	-5.385007708635925e-07
1.0630000000037274	-5.51703306372886e-07
1.0640000000037202	-5.634770721130167e-07
1.0650000000037134	-5.743832052207409e-07
1.0660000000037064	-5.843986841114202e-07
1.0670000000036994	-5.933343683039993e-07
1.0680000000036927	-6.012395368237833e-07
1.0690000000036857	-6.081285879311338e-07
1.0700000000036787	-6.138207448991295e-07
1.071000000003672	-6.193942911902894e-07
1.072000000003665	-6.258812850212792e-07
1.073000000003658	-6.330710176083443e-07
1.0740000000036511	-6.398323102452252e-07
1.075000000003644	-6.445284974621046e-07
1.0760000000036372	-6.482876098168333e-07
1.0770000000036304	-6.528531275584726e-07
1.0780000000036232	-6.592523453807786e-07
1.0790000000036164	-6.660442761763363e-07
1.0800000000036092	-6.721749643556763e-07
1.0810000000036024	-6.777226244647494e-07
1.0820000000035954	-6.834862980031886e-07
1.0830000000035884	-6.894777211385872e-07
1.0840000000035817	-6.953103222073764e-07
1.0850000000035747	-7.012030016628756e-07
1.0860000000035677	-7.092095837268886e-07
1.087000000003561	-7.193004143424275e-07
1.088000000003554	-7.305538511914733e-07
1.089000000003547	-7.412164919617936e-07
1.0900000000035401	-7.507161912112537e-07
1.091000000003533	-7.602942651008249e-07
1.0920000000035262	-7.711176657210217e-07
1.0930000000035192	-7.829376347245898e-07
1.0940000000035122	-7.947082663051219e-07
1.0950000000035054	-8.048705748553431e-07
1.0960000000034982	-8.145003014270458e-07
1.0970000000034914	-8.239548396904439e-07
1.0980000000034844	-8.315796784508223e-07
1.0990000000034774	-8.352252107712843e-07
1.1000000000034706	-8.36396952363927e-07
1.1010000000034637	-8.367665205177843e-07
1.1020000000034567	-8.368229116317849e-07
1.1030000000034499	-8.344914479430088e-07
1.104000000003443	-8.279570553604287e-07
1.105000000003436	-8.174205574640325e-07
1.106000000003429	-8.041982662021496e-07
1.107000000003422	-7.882080630405852e-07
1.1080000000034151	-7.688822014628727e-07
1.1090000000034081	-7.4693873131082e-07
1.1100000000034012	-7.229288856436256e-07
1.1110000000033944	-6.967523418222044e-07
1.1120000000033872	-6.689841287599307e-07
1.1130000000033804	-6.410266264467168e-07
1.1140000000033736	-6.132542744730074e-07
1.1150000000033664	-5.849151922809881e-07
1.1160000000033596	-5.550288695310712e-07
1.1170000000033526	-5.23449225076078e-07
1.1180000000033457	-4.915053746223919e-07
1.1190000000033387	-4.6029604217068254e-07
1.1200000000033317	-4.308738703606707e-07
1.121000000003325	-4.036854579503313e-07
1.122000000003318	-3.787079625450218e-07
1.123000000003311	-3.556557524042603e-07
1.1240000000033041	-3.3435894541966604e-07
1.1250000000032971	-3.152998506728011e-07
1.1260000000032901	-2.9934727807656714e-07
1.1270000000032834	-2.872985545021578e-07
1.1280000000032764	-2.784563390978434e-07
1.1290000000032694	-2.716900913135589e-07
1.1300000000032626	-2.6529198060565307e-07
1.1310000000032554	-2.583632239261391e-07
1.1320000000032486	-2.5164974570834886e-07
1.1330000000032414	-2.470840712032185e-07
1.1340000000032346	-2.456100058889632e-07
1.1350000000032279	-2.4561584299753747e-07
1.1360000000032207	-2.4511525476000884e-07
1.1370000000032139	-2.4436633205837666e-07
1.138000000003207	-2.44076587163633e-07
1.1390000000032	-2.452308858202912e-07
1.1400000000031931	-2.4895371297795066e-07
1.1410000000031861	-2.5486787991191306e-07
1.1420000000031791	-2.625726505112169e-07
1.1430000000031724	-2.7089209497788147e-07
1.1440000000031654	-2.7960170023710873e-07
1.1450000000031584	-2.8931145901189836e-07
1.1460000000031516	-3.001860173768023e-07
1.1470000000031444	-3.1257208155111016e-07
1.1480000000031376	-3.2603459354518805e-07
1.1490000000031304	-3.397838344021409e-07
1.1500000000031236	-3.5404709941566637e-07
1.1510000000031169	-3.6877693032622005e-07
1.1520000000031096	-3.8408251357147094e-07
1.1530000000031029	-4.0094244457833383e-07
1.1540000000030959	-4.1946127105063624e-07
1.155000000003089	-4.391856389673876e-07
1.1560000000030821	-4.598423735124868e-07
1.1570000000030751	-4.813975782447244e-07
1.1580000000030681	-5.036481129927495e-07
1.1590000000030614	-5.261224125252539e-07
1.1600000000030544	-5.48972892921995e-07
1.1610000000030474	-5.722073623815049e-07
1.1620000000030404	-5.952884387649959e-07
1.1630000000030334	-6.180401606048491e-07
1.1640000000030266	-6.401063927796713e-07
1.1650000000030196	-6.614120635628495e-07
1.1660000000030126	-6.816072504189918e-07
1.1670000000030059	-7.005931870196491e-07
1.1680000000029986	-7.182625227919459e-07
1.1690000000029919	-7.351121502630065e-07
1.1700000000029849	-7.517843214621678e-07
1.1710000000029779	-7.692994816732579e-07
1.172000000002971	-7.890615298933312e-07
1.1730000000029641	-8.123776349400202e-07
1.1740000000029571	-8.399686723947752e-07
1.1750000000029501	-8.715823323068861e-07
1.1760000000029431	-9.074954854249029e-07
1.1770000000029364	-9.477644908884031e-07
1.1780000000029294	-9.911857885569475e-07
1.1790000000029224	-1.0382703745648314e-06
1.1800000000029156	-1.0884120009713172e-06
1.1810000000029086	-1.1407127387119687e-06
1.1820000000029016	-1.1937713386700466e-06
1.1830000000028948	-1.2458183078489782e-06
1.1840000000028876	-1.296177967624601e-06
1.1850000000028809	-1.34414192221044e-06
1.186000000002874	-1.3885419800629961e-06
1.1870000000028669	-1.4295459198621074e-06
1.18800000000286	-1.4657415832175502e-06
1.1890000000028529	-1.4972863118245527e-06
1.1900000000028461	-1.5247941322904524e-06
1.1910000000028391	-1.547762490616833e-06
1.1920000000028321	-1.5674352731309682e-06
1.1930000000028254	-1.5846284808773703e-06
1.1940000000028184	-1.5993176194495362e-06
1.1950000000028114	-1.6117854100272666e-06
1.1960000000028046	-1.6216236615740343e-06
1.1970000000027976	-1.6282274046819367e-06
1.1980000000027906	-1.631492863030104e-06
1.1990000000027838	-1.63215162807262e-06
1.2000000000027768	-1.6311675410385362e-06
1.2010000000027699	-1.629316526141622e-06
1.2020000000027629	-1.6267478137876878e-06
1.2030000000027559	-1.6230455297527868e-06
1.204000000002749	-1.6172018773019659e-06
1.2050000000027419	-1.609554161952076e-06
1.206000000002735	-1.5999197107152696e-06
1.2070000000027283	-1.5882972848046961e-06
1.2080000000027211	-1.5741469387986484e-06
1.2090000000027143	-1.558647911847899e-06
1.2100000000027074	-1.5414470859731466e-06
1.2110000000027004	-1.521413653060577e-06
1.2120000000026936	-1.4991507661932246e-06
1.2130000000026866	-1.475125517069742e-06
1.2140000000026796	-1.4482770172019599e-06
1.2150000000026726	-1.417912510737196e-06
1.2160000000026656	-1.3837930938898069e-06
1.2170000000026588	-1.3470749213873034e-06
1.2180000000026519	-1.3088012373874136e-06
1.2190000000026449	-1.270349005988436e-06
1.220000000002638	-1.231714471305878e-06
1.2210000000026309	-1.1930349339550617e-06
1.222000000002624	-1.1545454590145e-06
1.2230000000026173	-1.1172222478261773e-06
1.2240000000026101	-1.0813340651782966e-06
1.2250000000026033	-1.0465993933728157e-06
1.2260000000025963	-1.013564361773689e-06
1.2270000000025894	-9.809306609209756e-07
1.2280000000025826	-9.478439153554064e-07
1.2290000000025754	-9.149939392827378e-07
1.2300000000025686	-8.831579940693501e-07
1.2310000000025616	-8.52958979002949e-07
1.2320000000025546	-8.244284035452409e-07
1.2330000000025478	-7.982082430579851e-07
1.2340000000025408	-7.748592096845641e-07
1.2350000000025338	-7.538499864345738e-07
1.236000000002527	-7.346920110062882e-07
1.23700000000252	-7.177163268146103e-07
1.238000000002513	-7.036008502492308e-07
1.2390000000025063	-6.926423381514724e-07
1.240000000002499	-6.842373889703879e-07
1.2410000000024923	-6.768647720090115e-07
1.2420000000024853	-6.696459375898911e-07
1.2430000000024783	-6.610648921601125e-07
1.2440000000024716	-6.510377865698302e-07
1.2450000000024644	-6.40591870215701e-07
1.2460000000024576	-6.29603976509685e-07
1.2470000000024506	-6.181718714692863e-07
1.2480000000024436	-6.070418465675687e-07
1.2490000000024368	-5.974880816772554e-07
1.2500000000024298	-5.888877876447651e-07
1.2510000000024228	-5.796887441178455e-07
1.252000000002416	-5.694109370679712e-07
1.253000000002409	-5.581627509076981e-07
1.254000000002402	-5.468214769877022e-07
1.2550000000023953	-5.353635428306802e-07
1.256000000002388	-5.228261210632468e-07
1.2570000000023813	-5.101557309927784e-07
1.2580000000023743	-4.980916357144594e-07
1.2590000000023673	-4.880623689640373e-07
1.2600000000023606	-4.809478433287495e-07
1.2610000000023533	-4.772189416968331e-07
1.2620000000023466	-4.7651114321034527e-07
1.2630000000023396	-4.786503542408838e-07
1.2640000000023326	-4.845283620991125e-07
1.2650000000023258	-4.945617251284062e-07
1.2660000000023188	-5.08979517199748e-07
1.2670000000023118	-5.278139230124879e-07
1.268000000002305	-5.499398334496419e-07
1.269000000002298	-5.764752404324724e-07
1.270000000002291	-6.069850055911985e-07
1.271000000002284	-6.396772600503198e-07
1.272000000002277	-6.728133554734228e-07
1.2730000000022703	-7.05648145693516e-07
1.2740000000022633	-7.377923663121067e-07
1.2750000000022563	-7.692894474775613e-07
1.2760000000022496	-8.002236153714648e-07
1.2770000000022423	-8.30465384682455e-07
1.2780000000022356	-8.595891762830377e-07
1.2790000000022288	-8.876528658774419e-07
1.2800000000022216	-9.152264421885548e-07
1.2810000000022148	-9.427873475242876e-07
1.2820000000022078	-9.71279394468283e-07
1.2830000000022008	-1.0010310980135273e-06
1.2840000000021938	-1.0316315470770832e-06
1.2850000000021868	-1.0631217042256225e-06
1.28600000000218	-1.0956872369405346e-06
1.287000000002173	-1.1291357473464103e-06
1.288000000002166	-1.1634650560754523e-06
1.2890000000021593	-1.1987913854927257e-06
1.2900000000021523	-1.2350998526144963e-06
1.2910000000021453	-1.2716474890872576e-06
1.2920000000021385	-1.308402465705072e-06
1.2930000000021313	-1.345827739251959e-06
1.2940000000021246	-1.3838641836905197e-06
1.2950000000021178	-1.4215514121396211e-06
1.2960000000021106	-1.4585847676329422e-06
1.2970000000021038	-1.4947713649071659e-06
1.2980000000020966	-1.530051509046615e-06
1.2990000000020898	-1.5643629049932883e-06
1.3000000000020828	-1.5979070688842967e-06
1.3010000000020758	-1.630876387492819e-06
1.302000000002069	-1.6631706201142293e-06
1.303000000002062	-1.6947176915138584e-06
1.304000000002055	-1.7251297939058219e-06
1.3050000000020483	-1.7538563319430267e-06
1.3060000000020413	-1.7795210609516943e-06
1.3070000000020343	-1.8023051688853542e-06
1.3080000000020275	-1.8232138656593122e-06
1.3090000000020205	-1.8434423636470854e-06
1.3100000000020136	-1.8637452801062437e-06
1.3110000000020068	-1.8842598872303995e-06
1.3120000000019996	-1.9042194550067393e-06
1.3130000000019928	-1.9233664227957803e-06
1.3140000000019856	-1.9415135090739e-06
1.3150000000019788	-1.9593513376214844e-06
1.316000000001972	-1.977892525539815e-06
1.3170000000019648	-1.9984756365332146e-06
1.318000000001958	-2.0212728655266687e-06
1.319000000001951	-2.0460511453990193e-06
1.320000000001944	-2.0718111333195566e-06
1.3210000000019373	-2.0975974805992337e-06
1.3220000000019303	-2.1232299112217135e-06
1.3230000000019233	-2.148522946221476e-06
1.3240000000019165	-2.173307207087305e-06
1.3250000000019095	-2.1968686048090547e-06
1.3260000000019025	-2.2188536175082874e-06
1.3270000000018956	-2.2393191358993647e-06
1.3280000000018886	-2.258837600743746e-06
1.3290000000018818	-2.277922846349867e-06
1.3300000000018748	-2.2954596337054767e-06
1.3310000000018678	-2.310373851122094e-06
1.332000000001861	-2.323139640658667e-06
1.3330000000018538	-2.3343337134384967e-06
1.334000000001847	-2.344247451713244e-06
1.33500000000184	-2.350814284790559e-06
1.336000000001833	-2.3527071038031977e-06
1.3370000000018263	-2.348931605444804e-06
1.3380000000018193	-2.3400282584962184e-06
1.3390000000018123	-2.32626888174714e-06
1.3400000000018053	-2.3079198401276813e-06
1.3410000000017983	-2.2852075625134916e-06
1.3420000000017915	-2.2583098815420755e-06
1.3430000000017845	-2.2273074506973245e-06
1.3440000000017776	-2.1924481450330546e-06
1.3450000000017708	-2.1545636201825147e-06
1.3460000000017638	-2.1155035767606023e-06
1.3470000000017568	-2.0767223860573836e-06
1.34800000000175	-2.037967536505647e-06
1.3490000000017428	-1.998305554362645e-06
1.350000000001736	-1.9564058537646645e-06
1.3510000000017293	-1.911294510881234e-06
1.352000000001722	-1.8625959892215604e-06
1.3530000000017153	-1.8106028223385806e-06
1.354000000001708	-1.7562709044849356e-06
1.3550000000017013	-1.6999231908787493e-06
1.3560000000016943	-1.6445651200847067e-06
1.3570000000016873	-1.5927970946627568e-06
1.3580000000016805	-1.5447381989108777e-06
1.3590000000016735	-1.4991859975665989e-06
1.3600000000016665	-1.4544363955426576e-06
1.3610000000016598	-1.4111156350082865e-06
1.3620000000016528	-1.370041178283543e-06
1.3630000000016458	-1.3312474349547188e-06
1.364000000001639	-1.2927858590305874e-06
1.3650000000016318	-1.2545686638443243e-06
1.366000000001625	-1.2169620997593e-06
1.367000000001618	-1.1801014097034823e-06
1.368000000001611	-1.1439693052839317e-06
1.3690000000016043	-1.1103212829155495e-06
1.370000000001597	-1.0801951402239496e-06
1.3710000000015903	-1.0529569387518478e-06
1.3720000000015833	-1.0293623378121453e-06
1.3730000000015763	-1.0082680039769087e-06
1.3740000000015695	-9.89516460103701e-07
1.3750000000015625	-9.716739455267742e-07
1.3760000000015555	-9.551231709981067e-07
1.3770000000015488	-9.385876398315673e-07
1.3780000000015418	-9.202520452333829e-07
1.3790000000015348	-8.989244857371403e-07
1.3800000000015278	-8.744556134754333e-07
1.3810000000015208	-8.476231150300606e-07
1.382000000001514	-8.187000166692826e-07
1.383000000001507	-7.878448831100116e-07
1.3840000000015	-7.55318052103604e-07
1.3850000000014933	-7.214011201739368e-07
1.386000000001486	-6.866475199540645e-07
1.3870000000014793	-6.528691920415497e-07
1.3880000000014725	-6.205187790264688e-07
1.3890000000014653	-5.889367158395942e-07
1.3900000000014585	-5.582538571413664e-07
1.3910000000014515	-5.283709216818977e-07
1.3920000000014445	-4.991575617285804e-07
1.3930000000014378	-4.704617240225417e-07
1.3940000000014305	-4.426979425264932e-07
1.3950000000014238	-4.1675945783303803e-07
1.3960000000014168	-3.9422610109696166e-07
1.3970000000014098	-3.746389760639346e-07
1.398000000001403	-3.573795925859713e-07
1.399000000001396	-3.4197568976601644e-07
1.400000000001389	-3.2794716320339035e-07
1.4010000000013823	-3.149197087548572e-07
1.4020000000013753	-3.030157331718186e-07
1.4030000000013683	-2.91947133801429e-07
1.4040000000013615	-2.80910275929358e-07
1.4050000000013543	-2.6970888944433113e-07
1.4060000000013475	-2.584728082677401e-07
1.4070000000013405	-2.469669591054213e-07
1.4080000000013335	-2.3610886756841865e-07
1.4090000000013267	-2.266086363000852e-07
1.4100000000013195	-2.1814226069949427e-07
1.4110000000013128	-2.1093483248968425e-07
1.4120000000013058	-2.0404369727167193e-07
1.4130000000012988	-1.9658574390568617e-07
1.414000000001292	-1.8836700355073788e-07
1.415000000001285	-1.7904858062856022e-07
1.416000000001278	-1.683708357180791e-07
1.4170000000012712	-1.5620829518780965e-07
1.4180000000012642	-1.4312783536141183e-07
1.4190000000012573	-1.2944336202913576e-07
1.4200000000012505	-1.1568258684313548e-07
1.4210000000012433	-1.0308395714808682e-07
1.4220000000012365	-9.312419080309553e-08
1.4230000000012293	-8.519846739218906e-08
1.4240000000012225	-7.902988685692947e-08
1.4250000000012157	-7.375129573716777e-08
1.4260000000012085	-6.870213331566788e-08
1.4270000000012018	-6.444300915120493e-08
1.4280000000011948	-6.082137238294649e-08
1.4290000000011878	-5.803754588029619e-08
1.430000000001181	-5.654703350010948e-08
1.431000000001174	-5.585374251992903e-08
1.432000000001167	-5.5318283731509155e-08
1.4330000000011602	-5.5943079502185356e-08
1.4340000000011532	-5.822180138004285e-08
1.4350000000011462	-6.057714907470313e-08
1.4360000000011393	-6.282737752272283e-08
1.4370000000011323	-6.557939213891473e-08
1.4380000000011255	-6.81183069950464e-08
1.4390000000011185	-7.05005893664179e-08
1.4400000000011115	-7.265799117917027e-08
1.4410000000011047	-7.447205563337889e-08
1.4420000000010975	-7.604896046231602e-08
1.4430000000010907	-7.695601733637147e-08
1.4440000000010837	-7.643619448494121e-08
1.4450000000010768	-7.428601911385613e-08
1.44600000000107	-7.026072279536777e-08
1.447000000001063	-6.371428051821226e-08
1.448000000001056	-5.419989768107314e-08
1.449000000001049	-4.243648876744999e-08
1.450000000001042	-2.8457312062357687e-08
1.4510000000010352	-1.2814771244151757e-08
1.4520000000010282	4.628390448679909e-09
1.4530000000010213	2.2934785626205212e-08
1.4540000000010145	4.1581694976144945e-08
1.4550000000010075	6.040793332218186e-08
1.4560000000010005	7.953102842961357e-08
1.4570000000009937	9.894277952504638e-08
1.4580000000009865	1.1889273177079218e-07
1.4590000000009797	1.4009934856673567e-07
1.460000000000973	1.6302834870973726e-07
1.4610000000009657	1.877431197172541e-07
1.462000000000959	2.135522121360367e-07
1.4630000000009518	2.400220371345796e-07
1.464000000000945	2.672272017001376e-07
1.465000000000938	2.954033979651882e-07
1.466000000000931	3.2390587334507615e-07
1.4670000000009242	3.5280091037481753e-07
1.4680000000009172	3.8189826256918025e-07
1.4690000000009102	4.1113117954516554e-07
1.4700000000009035	4.4063535009630783e-07
1.4710000000008965	4.699432463173281e-07
1.4720000000008895	4.983319433771172e-07
1.4730000000008827	5.260346556124063e-07
1.4740000000008757	5.52812880361131e-07
1.4750000000008687	5.782781429264361e-07
1.476000000000862	6.031402867145985e-07
1.4770000000008547	6.277966820844583e-07
1.478000000000848	6.515375448046257e-07
1.4790000000008408	6.744170001349303e-07
1.480000000000834	6.96674806954789e-07
1.4810000000008272	7.185650281460454e-07
1.48200000000082	7.399896917448245e-07
1.4830000000008132	7.605987658587665e-07
1.4840000000008062	7.801063279799791e-07
1.4850000000007992	7.983989468440811e-07
1.4860000000007925	8.156794980562765e-07
1.4870000000007855	8.319665464329162e-07
1.4880000000007785	8.470201861010551e-07
1.4890000000007717	8.606397396970777e-07
1.4900000000007645	8.734711079982915e-07
1.4910000000007577	8.857978154308555e-07
1.4920000000007507	8.977233471041401e-07
1.4930000000007437	9.096735884561724e-07
1.494000000000737	9.213801297480728e-07
1.49500000000073	9.322675491585386e-07
1.496000000000723	9.419890638628914e-07
1.497000000000716	9.508547387238053e-07
1.498000000000709	9.595639955950475e-07
1.4990000000007022	9.67767802118047e-07
1.5000000000006952	9.747849412100607e-07
1.5010000000006882	9.801994211855458e-07
1.5020000000006815	9.841237633700928e-07
1.5030000000006745	9.870619477325704e-07
1.5040000000006675	9.896940136311372e-07
1.5050000000006605	9.92366937513367e-07
1.5060000000006535	9.950978933082055e-07
1.5070000000006467	9.976895354313342e-07
1.5080000000006397	1.000353505586915e-06
1.5090000000006327	1.0029685187928905e-06
1.5100000000006257	1.004720082908861e-06
1.5110000000006187	1.005613029070318e-06
1.512000000000612	1.0054133379178154e-06
1.513000000000605	1.0038724964633872e-06
1.514000000000598	1.001233967956594e-06
1.5150000000005912	9.97009056424858e-07
1.5160000000005842	9.919312844441919e-07
1.5170000000005772	9.866769916655471e-07
1.5180000000005702	9.810450279923444e-07
1.5190000000005632	9.753850764848693e-07
1.5200000000005565	9.692988045539863e-07
1.5210000000005495	9.625825555525935e-07
1.5220000000005425	9.548773119982812e-07
1.5230000000005357	9.457647749400167e-07
1.5240000000005285	9.359736580227818e-07
1.5250000000005217	9.257132926876466e-07
1.5260000000005147	9.152767264097861e-07
1.5270000000005077	9.042953316162894e-07
1.528000000000501	8.930638877302499e-07
1.529000000000494	8.815986599630676e-07
1.530000000000487	8.694066371273124e-07
1.53100000000048	8.561988220634476e-07
1.532000000000473	8.426844342324102e-07
1.5330000000004662	8.289983305376225e-07
1.5340000000004592	8.15277632848499e-07
1.5350000000004522	8.014777570508613e-07
1.5360000000004455	7.88283907371401e-07
1.5370000000004385	7.762103997333014e-07
1.5380000000004315	7.639604002740441e-07
1.5390000000004245	7.502246566204462e-07
1.5400000000004175	7.347666628465532e-07
1.5410000000004107	7.178688256059829e-07
1.5420000000004037	6.995722243718916e-07
1.5430000000003967	6.811984444299313e-07
1.5440000000003897	6.641542371621512e-07
1.5450000000003827	6.497527624826915e-07
1.546000000000376	6.370756966411761e-07
1.547000000000369	6.244881303185679e-07
1.548000000000362	6.105203766981759e-07
1.549000000000355	5.949706729513338e-07
1.5500000000003482	5.786784227357344e-07
1.5510000000003412	5.600668600003189e-07
1.5520000000003342	5.400311881009756e-07
1.5530000000003272	5.197202063156325e-07
1.5540000000003205	5.013254344987672e-07
1.5550000000003135	4.855754829335979e-07
1.5560000000003065	4.7183505624825983e-07
1.5570000000002997	4.5786238256351197e-07
1.5580000000002925	4.4189210257616907e-07
1.5590000000002857	4.2406214562085154e-07
1.5600000000002787	4.043192125546824e-07
1.5610000000002717	3.8405240265770857e-07
1.5620000000002647	3.633709169115207e-07
1.5630000000002577	3.429111361530346e-07
1.564000000000251	3.217975423908115e-07
1.565000000000244	3.007166664570349e-07
1.566000000000237	2.804716222604142e-07
1.5670000000002302	2.6128862518071116e-07
1.5680000000002232	2.434133387074766e-07
1.5690000000002162	2.2628988938233618e-07
1.5700000000002092	2.0950438850420028e-07
1.5710000000002025	1.9349009150460006e-07
1.5720000000001955	1.7759205417355872e-07
1.5730000000001885	1.6153364756910094e-07
1.5740000000001815	1.463129525314244e-07
1.5750000000001747	1.3230948514575402e-07
1.5760000000001675	1.1907408514755247e-07
1.5770000000001607	1.0752240020561743e-07
1.5780000000001537	9.702121006593956e-08
1.5790000000001467	8.808613660704623e-08
1.58000000000014	8.029743525650446e-08
1.581000000000133	7.289173742375255e-08
1.582000000000126	6.479878078557988e-08
1.583000000000119	5.4854635500589666e-08
1.584000000000112	4.371776962663887e-08
1.5850000000001052	3.215607924378361e-08
1.5860000000000982	2.0273353884547873e-08
1.5870000000000912	7.663290668702416e-09
1.5880000000000845	-5.0340955848326985e-09
1.5890000000000775	-1.7513067662733306e-08
1.5900000000000705	-2.9615114582881574e-08
1.5910000000000635	-4.1451533983050126e-08
1.5920000000000565	-5.307406869548004e-08
1.5930000000000497	-6.470713853623522e-08
1.5940000000000427	-7.63850629414975e-08
1.5950000000000357	-8.778621474192505e-08
1.5960000000000287	-9.735101613728148e-08
1.5970000000000217	-1.0496755487032772e-07
1.598000000000015	-1.1007411293562086e-07
1.599000000000008	-1.1297039770319373e-07
1.600000000000001	-1.1493468043966004e-07
1.6009999999999942	-1.1737907312792117e-07
1.6019999999999872	-1.2060475484965139e-07
1.6029999999999802	-1.2430666651574995e-07
1.6039999999999732	-1.2863276177554894e-07
1.6049999999999662	-1.3246497521102185e-07
1.6059999999999595	-1.3522435504675911e-07
1.6069999999999525	-1.3696457679124308e-07
1.6079999999999455	-1.3908749196822612e-07
1.6089999999999387	-1.4215150878627014e-07
1.6099999999999315	-1.4641339030063705e-07
1.6109999999999247	-1.5079514636973101e-07
1.6119999999999177	-1.548921826355354e-07
1.6129999999999107	-1.5947095510782106e-07
1.6139999999999037	-1.6462434415664973e-07
1.614999999999897	-1.701558689504168e-07
1.61599999999989	-1.7568921428789963e-07
1.616999999999883	-1.8115251476658045e-07
1.617999999999876	-1.8662361522814308e-07
1.6189999999998692	-1.9188314714924104e-07
1.6199999999998622	-1.9537491069421264e-07
1.6209999999998552	-1.9740501233656005e-07
1.6219999999998485	-1.9819302377044323e-07
1.6229999999998415	-1.9911385651383284e-07
1.6239999999998345	-2.010675239638715e-07
1.6249999999998275	-2.0396877720152418e-07
1.6259999999998205	-2.0856059279594774e-07
1.6269999999998137	-2.146248223588998e-07
1.6279999999998067	-2.2113160258463438e-07
1.6289999999997997	-2.2725131398892984e-07
1.6299999999997927	-2.3237031854250745e-07
1.6309999999997857	-2.3654599834443957e-07
1.631999999999779	-2.393870606187676e-07
1.632999999999772	-2.4061825265597747e-07
1.633999999999765	-2.402010514934716e-07
1.634999999999758	-2.388237070327648e-07
1.6359999999997512	-2.384765773744135e-07
1.6369999999997442	-2.3984246566577383e-07
1.6379999999997372	-2.419890616778275e-07
1.6389999999997302	-2.440330844066807e-07
1.6399999999997235	-2.4562964684449184e-07
1.6409999999997165	-2.4669375964236906e-07
1.6419999999997095	-2.4697985967492286e-07
1.6429999999997025	-2.4671677434362493e-07
1.6439999999996955	-2.455269552115169e-07
1.6449999999996887	-2.418272004867106e-07
1.6459999999996817	-2.3493760115123052e-07
1.6469999999996747	-2.260175324675373e-07
1.6479999999996677	-2.1559968654827344e-07
1.6489999999996607	-2.0404931233564128e-07
1.649999999999654	-1.911619489369798e-07
1.650999999999647	-1.7907564053842862e-07
1.65199999999964	-1.6827163507038279e-07
1.6529999999996332	-1.571367538311108e-07
1.6539999999996262	-1.4892154842627292e-07
1.6549999999996192	-1.4362522837707559e-07
1.6559999999996122	-1.407600056513303e-07
1.6569999999996052	-1.3918364105691694e-07
1.6579999999995985	-1.3626574180136686e-07
1.6589999999995915	-1.3292581479973364e-07
1.6599999999995845	-1.293837079696658e-07
1.6609999999995777	-1.2497816226364478e-07
1.6619999999995705	-1.192229790447641e-07
1.6629999999995637	-1.1244184894287912e-07
1.6639999999995567	-1.0498457325702759e-07
1.6649999999995497	-9.715857141046058e-08
1.665999999999543	-8.942069573691924e-08
1.666999999999536	-8.245924942862359e-08
1.667999999999529	-7.64448142565044e-08
1.668999999999522	-7.130388235410123e-08
1.669999999999515	-6.719157275014709e-08
1.6709999999995082	-6.330919988251082e-08
1.6719999999995012	-5.932539348663113e-08
1.6729999999994942	-5.5078933858254686e-08
1.6739999999994875	-5.002542446952418e-08
1.6749999999994805	-4.420573440633291e-08
1.6759999999994735	-3.794972358583948e-08
1.6769999999994665	-3.218479127653495e-08
1.6779999999994595	-2.713696223288764e-08
1.6789999999994527	-2.3013562611140514e-08
1.6799999999994457	-1.9026311637304616e-08
1.6809999999994387	-1.503268176605843e-08
1.6819999999994317	-1.0515295745250341e-08
1.6829999999994247	-5.395849100864325e-09
1.683999999999418	1.1947596245676095e-09
1.684999999999411	9.39793332044303e-09
1.685999999999404	1.8369707199816787e-08
1.6869999999993972	2.8617932024133097e-08
1.6879999999993902	3.937181625168762e-08
1.6889999999993832	5.005537473401489e-08
1.6899999999993762	6.108381422897935e-08
1.6909999999993692	7.38697037983016e-08
1.6919999999993625	8.555258079745443e-08
1.6929999999993555	9.633079356419216e-08
1.6939999999993485	1.0527647742453183e-07
1.6949999999993415	1.1270596045331871e-07
1.6959999999993345	1.1971987667891426e-07
1.6969999999993277	1.2537935456524707e-07
1.6979999999993207	1.299839145207926e-07
1.6989999999993137	1.3276188071120743e-07
1.6999999999993067	1.346847779970517e-07
1.7009999999993	1.3596662040704643e-07
1.701999999999293	1.3723468883508616e-07
1.702999999999286	1.382852637954457e-07
1.703999999999279	1.3720985481135983e-07
1.7049999999992722	1.34920779104597e-07
1.7059999999992652	1.32798493091002e-07
1.7069999999992582	1.3158697886872517e-07
1.7079999999992515	1.3058142367405878e-07
1.7089999999992442	1.3093858097779076e-07
1.7099999999992375	1.3129150655544208e-07
1.7109999999992305	1.3006662147319048e-07
1.7119999999992235	1.269907268230952e-07
1.7129999999992167	1.2284179395916084e-07
1.7139999999992095	1.1805109845219874e-07
1.7149999999992027	1.1322724169371412e-07
1.7159999999991957	1.0834216235267036e-07
1.7169999999991887	1.0282116680304654e-07
1.717999999999182	9.70366310637516e-08
1.718999999999175	8.969801390534826e-08
1.719999999999168	8.003197105033166e-08
1.720999999999161	6.851689682285667e-08
1.721999999999154	5.57996573391506e-08
1.7229999999991472	4.1746981649382064e-08
1.7239999999991402	2.746797200803286e-08
1.7249999999991332	1.4147522930940681e-08
1.7259999999991265	1.8315942096336357e-09
1.7269999999991195	-9.545129131538488e-09
1.7279999999991125	-2.099957652212936e-08
1.7289999999991055	-3.264797876489922e-08
1.7299999999990985	-4.294432209839272e-08
1.7309999999990917	-5.218131771123069e-08
1.7319999999990847	-6.126368878867083e-08
1.7329999999990777	-6.975128030717315e-08
1.7339999999990707	-7.688979586362166e-08
1.7349999999990655	-8.296163400700607e-08
1.7359999999990614	-8.796352135576058e-08
1.7369999999990573	-9.242736331849244e-08
1.7379999999990532	-9.698371616906343e-08
1.7389999999990489	-1.0158370722379573e-07
1.7399999999990448	-1.0582773879441731e-07
1.7409999999990406	-1.102472586556047e-07
1.7419999999990363	-1.1547445954995794e-07
1.7429999999990322	-1.213822318213431e-07
1.743999999999028	-1.2813803795808099e-07
1.744999999999024	-1.3575271529120414e-07
1.74599999999902	-1.4397072911620512e-07
1.7469999999990156	-1.525185027162479e-07
1.7479999999990115	-1.6071354091984347e-07
1.7489999999990071	-1.6776602818069364e-07
1.749999999999003	-1.7378815719837348e-07
1.7509999999990045	-1.7922019734939454e-07
1.751999999999006	-1.8412292801528451e-07
1.7529999999990071	-1.8957293690391452e-07
1.7539999999990086	-1.9541574292070152e-07
1.75499999999901	-2.0096680120040844e-07
1.7559999999990115	-2.0567643810309733e-07
1.756999999999013	-2.0921029730835983e-07
1.7579999999990141	-2.1205581290928421e-07
1.7589999999990156	-2.141704800173727e-07
1.759999999999017	-2.1578432174429452e-07
1.7609999999990182	-2.1650442860732255e-07
1.7619999999990197	-2.1703919816928874e-07
1.7629999999990211	-2.1731084753895402e-07
1.7639999999990226	-2.1590853283015576e-07
1.7649999999990238	-2.1264085070527017e-07
1.7659999999990263	-2.0788639321089875e-07
1.7669999999990305	-2.0226635033537832e-07
1.7679999999990346	-1.9684626662019866e-07
1.7689999999990387	-1.9211679891384392e-07
1.769999999999043	-1.8741234253383254e-07
1.7709999999990471	-1.823201489781212e-07
1.7719999999990512	-1.7684542541474002e-07
1.7729999999990556	-1.7015376752027578e-07
1.7739999999990597	-1.6233153843359105e-07
1.7749999999990638	-1.5440336542660305e-07
1.7759999999990679	-1.4598781028496433e-07
1.776999999999072	-1.3759586403594426e-07
1.7779999999990763	-1.2939898330621702e-07
1.7789999999990804	-1.2145439765021138e-07
1.7799999999990845	-1.130868192422696e-07
1.7809999999990886	-1.0315294085572191e-07
1.781999999999093	-9.113345700306752e-08
1.782999999999097	-7.754126718495513e-08
1.7839999999991012	-6.341650582442071e-08
1.7849999999991053	-4.897331962183671e-08
1.7859999999991096	-3.413662708062759e-08
1.7869999999991137	-1.9060041989149568e-08
1.7879999999991179	-4.372692430365532e-09
1.788999999999122	9.616877294504889e-09
1.789999999999126	2.281304722906441e-08
1.7909999999991304	3.617252153365058e-08
1.7919999999991345	4.97829045764675e-08
1.7929999999991386	6.458054313540629e-08
1.7939999999991427	8.069177270808581e-08
1.794999999999147	9.9150468946263e-08
1.7959999999991512	1.2050905284777258e-07
1.7969999999991553	1.430841023442042e-07
1.7979999999991594	1.6630741039858066e-07
1.7989999999991637	1.8969354176334718e-07
1.7999999999991678	2.133424861217037e-07
1.800999999999172	2.3709876573185795e-07
1.801999999999176	2.613613812041393e-07
1.8029999999991801	2.867636033077048e-07
1.8039999999991845	3.1214718743122205e-07
1.8049999999991886	3.3772384866459504e-07
1.8059999999991927	3.6355150700995154e-07
1.8069999999991968	3.892037656605396e-07
1.8079999999992011	4.136182096825536e-07
1.8089999999992052	4.370478973170222e-07
1.8099999999992094	4.597988855215007e-07
1.8109999999992135	4.824619832533017e-07
1.8119999999992178	5.055742610116098e-07
1.812999999999222	5.286425462935895e-07
1.813999999999226	5.524941810719497e-07
1.8149999999992301	5.778081165752624e-07
1.8159999999992344	6.030029469084042e-07
1.8169999999992386	6.276755849521365e-07
1.8179999999992427	6.518636450625337e-07
1.8189999999992468	6.745376827099747e-07
1.819999999999251	6.948558826103124e-07
1.8209999999992552	7.136167201604593e-07
1.8219999999992593	7.306436187182186e-07
1.8229999999992634	7.46275880536551e-07
1.8239999999992675	7.605082361639148e-07
1.8249999999992719	7.741413002859687e-07
1.825999999999276	7.869030138607513e-07
1.82699999999928	7.993515950266428e-07
1.8279999999992842	8.12150788731536e-07
1.8289999999992885	8.254427219522853e-07
1.8299999999992926	8.393183299482132e-07
1.8309999999992967	8.530609004742118e-07
1.8319999999993009	8.664132092883747e-07
1.8329999999993052	8.792190098194652e-07
1.8339999999993093	8.918597079743407e-07
1.8349999999993134	9.05209158630349e-07
1.8359999999993175	9.192490463272307e-07
1.8369999999993218	9.339524635887386e-07
1.837999999999326	9.494624344519309e-07
1.83899999999933	9.648891133862136e-07
1.8399999999993342	9.796435529452197e-07
1.8409999999993385	9.94574495205569e-07
1.8419999999993426	1.0088825199705553e-06
1.8429999999993467	1.02222269215968e-06
1.8439999999993508	1.0348088006484346e-06
1.844999999999355	1.0457290833265631e-06
1.8459999999993593	1.0552292630805482e-06
1.8469999999993634	1.0641369617703234e-06
1.8479999999993675	1.0714146834178706e-06
1.8489999999993716	1.0771102036954971e-06
1.849999999999376	1.0834906472023675e-06
1.85099999999938	1.0894115948234528e-06
1.8519999999993841	1.0944914444754872e-06
1.8529999999993882	1.0990811785127619e-06
1.8539999999993926	1.1037108874623058e-06
1.8549999999993967	1.1087974846057946e-06
1.8559999999994008	1.1135966724307167e-06
1.856999999999405	1.1172333508335797e-06
1.857999999999409	1.121494452527294e-06
1.8589999999994133	1.1255591507719487e-06
1.8599999999994175	1.1275111690967066e-06
1.8609999999994216	1.127616220730765e-06
1.861999999999426	1.12598577417522e-06
1.86299999999943	1.1239632148329903e-06
1.863999999999434	1.1193599200876037e-06
1.8649999999994382	1.1125618518681435e-06
1.8659999999994423	1.1032241046260438e-06
1.8669999999994467	1.091348012405291e-06
1.8679999999994508	1.078378294216975e-06
1.8689999999994549	1.0657889504273044e-06
1.869999999999459	1.052086937680663e-06
1.870999999999463	1.0356305643055563e-06
1.8719999999994674	1.018412968512017e-06
1.8729999999994715	1.0020490804896198e-06
1.8739999999994756	9.858161986731062e-07
1.87499999999948	9.703029999474921e-07
1.875999999999484	9.535751497313782e-07
1.8769999999994882	9.352254798367099e-07
1.8779999999994923	9.176247295350493e-07
1.8789999999994964	9.022926453772229e-07
1.8799999999995007	8.881545823236081e-07
1.8809999999995048	8.748964378524349e-07
1.881999999999509	8.601385774742454e-07
1.882999999999513	8.436480015694414e-07
1.8839999999995174	8.274136389374576e-07
1.8849999999995215	8.11412416923396e-07
1.8859999999995256	7.9540007202894e-07
1.8869999999995297	7.782404087830486e-07
1.887999999999534	7.617525357161981e-07
1.8889999999995382	7.454903778736366e-07
1.8899999999995423	7.277282122464257e-07
1.8909999999995464	7.105216581759777e-07
1.8919999999995505	6.931107231489264e-07
1.8929999999995548	6.748099956599418e-07
1.893999999999559	6.545058157669814e-07
1.894999999999563	6.333730740992749e-07
1.8959999999995671	6.110065559061795e-07
1.8969999999995715	5.89156560204529e-07
1.8979999999995756	5.685101864827402e-07
1.8989999999995797	5.479815081699257e-07
1.8999999999995838	5.306656885029071e-07
1.9009999999995881	5.140389357505271e-07
1.9019999999995922	4.982442751710892e-07
1.9029999999995963	4.796966011078041e-07
1.9039999999996005	4.5842441964705216e-07
1.9049999999996048	4.3760769075085193e-07
1.905999999999609	4.14381399416186e-07
1.906999999999613	3.920827352787981e-07
1.9079999999996171	3.6918741452840464e-07
1.9089999999996214	3.482812355182219e-07
1.9099999999996256	3.314920570263169e-07
1.9109999999996297	3.170775183525265e-07
1.9119999999996338	3.008242709379161e-07
1.9129999999996379	2.8628346182557607e-07
1.9139999999996422	2.7135421820645433e-07
1.9149999999996463	2.5284787663615305e-07
1.9159999999996504	2.3435958507178611e-07
1.9169999999996545	2.171531390260384e-07
1.9179999999996589	1.9827772435032642e-07
1.918999999999663	1.759580221527557e-07
1.919999999999667	1.5384501084181323e-07
1.9209999999996712	1.3232074413949135e-07
1.9219999999996755	1.0929079707899803e-07
1.9229999999996796	8.763911574227734e-08
1.9239999999996837	6.988791834139363e-08
1.9249999999996878	5.2312327913917045e-08
1.9259999999996922	3.554369643055111e-08
1.9269999999996963	2.0238609121925322e-08
1.9279999999997004	7.305642979460458e-09
1.9289999999997045	-6.072921276967236e-09
1.9299999999997088	-2.0418259971677344e-08
1.930999999999713	-3.685038163503407e-08
1.931999999999717	-5.5371509155577314e-08
1.9329999999997212	-7.391127576639178e-08
1.9339999999997253	-9.04435986104346e-08
1.9349999999997296	-1.0180467779896674e-07
1.9359999999997337	-1.1566095503567908e-07
1.9369999999997378	-1.311860811092913e-07
1.937999999999742	-1.4747030685491325e-07
1.9389999999997463	-1.6311862993667603e-07
1.9399999999997504	-1.7371027904999892e-07
1.9409999999997545	-1.8584162986279296e-07
1.9419999999997586	-2.002600578698832e-07
1.942999999999763	-2.115236976685253e-07
1.943999999999767	-2.228634632395199e-07
1.9449999999997711	-2.3962563022728034e-07
1.9459999999997752	-2.6075749248732905e-07
1.9469999999997794	-2.7914921107985435e-07
1.9479999999997837	-2.947161865662906e-07
1.9489999999997878	-3.0897302827348483e-07
1.949999999999792	-3.252861959790465e-07
1.950999999999796	-3.4079301292067044e-07
1.9519999999998003	-3.541831812281515e-07
1.9529999999998044	-3.635772620746991e-07
1.9539999999998086	-3.728083133314186e-07
1.9549999999998127	-3.8265815915927703e-07
1.955999999999817	-3.9694303399784303e-07
1.956999999999821	-4.1296633424003915e-07
1.9579999999998252	-4.239546209650058e-07
1.9589999999998293	-4.274527642955661e-07
1.9599999999998337	-4.303693104112938e-07
1.9609999999998378	-4.383724456769045e-07
1.9619999999998419	-4.526227825873974e-07
1.962999999999846	-4.690473651702831e-07
1.9639999999998503	-4.761369036820895e-07
1.9649999999998544	-4.841820098189231e-07
1.9659999999998585	-4.87351545341852e-07
1.9669999999998626	-4.88715978130827e-07
1.9679999999998667	-4.939645967816375e-07
1.968999999999871	-5.064601231730137e-07
1.9699999999998752	-5.149993518305251e-07
1.9709999999998793	-5.159656231157328e-07
1.9719999999998834	-5.28208566885624e-07
1.9729999999998877	-5.499536475106481e-07
1.9739999999998918	-5.66337795770977e-07
1.974999999999896	-5.718051891978604e-07
1.9759999999999	-5.768446835752172e-07
1.9769999999999044	-5.776220326492165e-07
1.9779999999999085	-5.777218341496138e-07
1.9789999999999126	-5.925764678949008e-07
1.9799999999999167	-6.173417717025842e-07
1.980999999999921	-6.393818219319058e-07
1.9819999999999252	-6.530484819577964e-07
1.9829999999999293	-6.591258241428477e-07
1.9839999999999334	-6.628534083841231e-07
1.9849999999999375	-6.818067672664796e-07
1.9859999999999418	-7.055117792198473e-07
1.986999999999946	-7.245096931285389e-07
1.98799999999995	-7.375267767617544e-07
1.9889999999999541	-7.462828428561608e-07
1.9899999999999585	-7.53032874500903e-07
1.9909999999999626	-7.600020111020456e-07
1.9919999999999667	-7.599512372724604e-07
1.9929999999999708	-7.627344100757938e-07
1.9939999999999751	-7.680554907629755e-07
1.9949999999999792	-7.731807334376839e-07
1.9959999999999833	-7.764849534463991e-07
1.9969999999999875	-7.722831316669954e-07
1.9979999999999918	-7.584878045641119e-07
1.998999999999996	-7.432961626196999e-07
2.0	-7.399784123229836e-07
2.0010279404845495	-7.343799399706086e-07
2.0021217900815715	-7.3187699900501e-07
2.0032857751923165	-7.270997768316079e-07
2.004524391841744	-7.158831794029652e-07
2.005842426366887	-7.055332553740357e-07
2.007244970197923	-6.910923282532622e-07
2.0087374418720856	-6.635916633968009e-07
2.0103256076664273	-6.38253360829566e-07
2.0120156028936726	-6.106187031562627e-07
2.013813957200875	-5.860869243257127e-07
2.0157276178435577	-5.69083431267714e-07
2.0177639781367303	-5.559428934986954e-07
2.019930905358886	-5.333169126320314e-07
2.0222367711443985	-4.79075352277647e-07
2.024690484011897	-4.4514609154333584e-07
2.027301523572695	-4.156467572347111e-07
2.0300799770731848	-3.8185068085283547e-07
2.033036578410754	-3.6029467276321725e-07
2.036182751117039	-3.184773762487936e-07
2.039530649180409	-2.3249295244553991e-07
2.043093206833892	-1.1994543136495395e-07
2.046884188175661	-5.3671801225618765e-08
2.050918238233338	-1.2194631526796229e-08
2.0552109433735133	4.7597030872204016e-08
2.059778886913171	1.382989422982206e-07
2.0646397170403086	2.448617043571133e-07
2.0698122132469665	3.3641175301024617e-07
2.0753163565584574	3.780169726130822e-07
2.081173414838828	4.783529687912846e-07
2.0874060143976347	5.506542251065838e-07
2.094038234979271	5.811944230327271e-07
2.1010956980169606	6.624852550984883e-07
2.1086056699538682	7.177878779129898e-07
2.116597165034399	6.633753271145792e-07
2.125101056786564	5.147597954557881e-07
2.1341501990307465	4.2310793313404815e-07
2.143779554474847	4.110333399198751e-07
2.1540263207146424	3.378564067402223e-07
2.1649300857539027	2.3220709888249758e-07
2.1765329774064615	1.9340496137942864e-07
2.1888798204423576	2.2521986620116508e-07
2.2020183144046843	2.120559385865306e-07
2.2159992202680474	-6.539052721521443e-08
2.2308765524295735	-2.648813945960171e-07
2.246707783705272	-1.2742464861048575e-07
2.263554079768369	-8.004134022243647e-09
2.2814805235907363	3.477067156421043e-08
2.3005563724108544	4.155184085696817e-08
2.320855322320133	2.394863968246952e-07
2.3424557929209753	4.819775958342376e-07
2.3654412374910825	5.660403363805244e-07
2.389900455657507	5.59126881238825e-07
2.41592795027163	4.3403792693297305e-07
2.44362426638729	5.264233691182341e-07
2.473096411506492	6.325222680070297e-07
2.5044582437089975	6.73196844380719e-07
2.537830924630887	4.982975767564568e-07
2.5733433911797423	2.0682001866667576e-07
2.611132843166974	1.6780047007447507e-07
2.6513452603475027	1.6364933341783683e-07
2.6941360153529494	-1.5360764327176923e-07
2.739670418177515	-2.341908276193294e-07
2.788124380079947	-7.993810835493775e-08
2.839685109337027	-3.292980719216132e-07
2.894551789617174	-6.396288576571152e-07
2.9529364084026577	-9.61059764215122e-07
3.0150645170164534	-6.440356397074964e-07
3.0811761422888653	1.3734081805161225e-07
3.1515266965252042	3.998526469928265e-07
3.226387989377641	2.6348741921644603e-07
3.30604919671757	1.854888467267557e-07
3.39081811677136	-8.739324530715464e-08
3.4810222154328754	-2.531442770958847e-07
3.577010018652917	-4.076625619298113e-07
3.6791523315125145	-2.545170489920423e-07
3.7878438030764574	-2.1851821352392164e-07
3.9035043177534527	1.2097967982960256e-07
4.02658072998157	-2.397449940794161e-07
4.157548527011607	-3.4217038114014997e-07
4.296913682346355	1.5148719390012388e-07
4.445214635465608	3.392488479025957e-07
4.603024347307951	-2.1606215327985012e-07
4.770952424745148	-2.3317374608922137e-07
4.9496476786701376	-1.1846311531726883e-07
5.139800459354712	-5.5729707071350276e-08
5.342145448462832	3.4019068306800904e-07
5.557464321076707	-3.585910248737889e-07
5.786588991858403	3.6685698479033135e-08
6.03040459644804	3.5551234434105794e-07
6.289853138906711	1.0407749906349295e-07
6.565936951835777	-5.391050383884988e-08
6.859722633511745	-4.35232385687101e-08
7.172345245053396	1.3122979236612764e-07
7.505012494394354	-9.17137303879656e-08
7.859009576011049	-6.178502709452971e-08
8.23570422033976	-4.429370203951066e-08
8.636551628113326	3.696437000932917e-08
9.063100564489073	6.227027071759039e-08
9.516998831091398	-3.83261926639733e-08
10.0	-1.1734761651283065e-07
