0.0	0.15011792955009529
0.0010000000000041087	0.1501179054045405
0.0020000000000082174	0.15011784024715136
0.003000000000012548	0.1501177379900449
0.004000000000016657	0.15011759911083522
0.005000000000020766	0.1501174164170075
0.006000000000024874	0.15011719674343216
0.007000000000029205	0.15011693565028617
0.008000000000033314	0.15011663413111076
0.009000000000037423	0.15011629503503698
0.010000000000041753	0.15011591428529725
0.011000000000045862	0.15011549298663718
0.01200000000004997	0.15011503209299992
0.01300000000005408	0.1501145305789131
0.01400000000005841	0.1501139919612562
0.015000000000062519	0.1501134121223856
0.016000000000066406	0.15011278975760034
0.017000000000070736	0.15011213025081527
0.018000000000074845	0.1501114304764365
0.019000000000078954	0.15011068852738396
0.020000000000083062	0.1501099086778086
0.021000000000087393	0.1501090882285061
0.022000000000091502	0.15010822740852459
0.02300000000009561	0.15010732878868083
0.02400000000009972	0.1501063862090638
0.02500000000010405	0.15010540698761177
0.02600000000010816	0.15010438703657214
0.027000000000112268	0.15010332481308497
0.0280000000001166	0.15010222401097595
0.029000000000120707	0.15010108542860767
0.030000000000124816	0.15009990472583534
0.031000000000128924	0.15009868418620476
0.032000000000133255	0.15009742413255356
0.033000000000137364	0.15009612207683454
0.03400000000014147	0.15009478211681526
0.0350000000001458	0.15009340341550192
0.03600000000014991	0.15009198233547472
0.03700000000015402	0.1500905218571288
0.03800000000015813	0.15008902166033178
0.03900000000016246	0.15008748195303045
0.04000000000016657	0.15008590021008938
0.04100000000017068	0.1500842794649655
0.04200000000017501	0.15008262006220996
0.04300000000017912	0.15008092016238783
0.044000000000183226	0.15007918006590915
0.045000000000187335	0.15007739842919166
0.046000000000191665	0.15007557978883979
0.04700000000019555	0.15007372057091017
0.04800000000019966	0.1500718183603481
0.04900000000020399	0.15006987833774021
0.0500000000002081	0.15006789778457041
0.05100000000021221	0.15006587703296115
0.05200000000021632	0.15006381872594
0.05300000000022065	0.15006171914196753
0.05400000000022476	0.15005957751191312
0.055000000000228866	0.15005739882240132
0.0560000000002332	0.15005517880127062
0.057000000000237305	0.1500529171433732
0.058000000000241414	0.15005061896575023
0.05900000000024552	0.15004827916032015
0.060000000000249853	0.15004589809426183
0.06100000000025396	0.15004348007410462
0.06200000000025807	0.1500410197707457
0.0630000000002624	0.15003852012186802
0.06400000000026651	0.15003598126437967
0.06500000000027062	0.1500334019308387
0.06600000000027473	0.1500307814980033
0.06700000000027906	0.15002812106478114
0.06800000000028317	0.15002542287947274
0.06900000000028728	0.1500226850448909
0.0700000000002916	0.15001990372472496
0.07100000000029572	0.15001708573042838
0.07200000000029982	0.15001422720470492
0.07300000000030393	0.15001132672889894
0.07400000000030826	0.1500083887614101
0.07500000000031237	0.15000541050786376
0.07600000000031648	0.1500023899411672
0.07700000000032081	0.14999933220314243
0.0780000000003247	0.14999623364696535
0.07900000000032881	0.14999309500496572
0.08000000000033292	0.14998991705938125
0.08100000000033725	0.14998669846257817
0.08200000000034136	0.14998344028193544
0.08300000000034546	0.14998014226497802
0.0840000000003498	0.14997680482166187
0.0850000000003539	0.14997342693573856
0.08600000000035801	0.14997000929430948
0.08700000000036212	0.1499665511215924
0.08800000000036645	0.14996305327670845
0.08900000000037056	0.1499595149713986
0.09000000000037467	0.1499559393102231
0.091000000000379	0.14995232377260448
0.09200000000038311	0.14994866488428582
0.09300000000038722	0.14994496854945483
0.09400000000039133	0.14994123243107105
0.09500000000039566	0.1499374533604163
0.09600000000039977	0.14993363852248875
0.09700000000040387	0.1499297835346306
0.0980000000004082	0.14992588603440415
0.09900000000041231	0.14992194785123192
0.10000000000041642	0.14991796936888757
0.10100000000042053	0.14991395383087935
0.10200000000042486	0.1499099003268206
0.10300000000042897	0.14990580840493406
0.10400000000043308	0.14990167263629517
0.10500000000043741	0.14989749427789445
0.10600000000044152	0.14989328055994589
0.10700000000044563	0.14988902576199603
0.10800000000044951	0.1498847314116455
0.10900000000045384	0.14988039773114892
0.11000000000045795	0.14987602069242256
0.11100000000046206	0.14987160733100335
0.1120000000004664	0.14986715487410052
0.1130000000004705	0.14986266086846833
0.11400000000047461	0.1498581268579896
0.11500000000047872	0.14985355354306718
0.11600000000048305	0.1498489404147173
0.11700000000048716	0.14984428757756285
0.11800000000049127	0.14983959487712561
0.1190000000004956	0.1498348622751985
0.12000000000049971	0.14983008987230817
0.12100000000050382	0.1498252779439665
0.12200000000050792	0.14982042608838053
0.12300000000051226	0.14981553452169438
0.12400000000051636	0.14981060312845262
0.12500000000052047	0.14980563193549978
0.1260000000005248	0.14980062117956705
0.1270000000005289	0.1497955704651346
0.12800000000053302	0.1497904801112553
0.12900000000053713	0.14978534993984394
0.13000000000054146	0.14978018003863003
0.13100000000054557	0.1497749700723825
0.13200000000054968	0.14976971899544722
0.133000000000554	0.1497644320774939
0.13400000000055812	0.14975910678082394
0.13500000000056223	0.14975373636411105
0.13600000000056633	0.14974832806343608
0.13700000000057067	0.14974288014321202
0.13800000000057477	0.149737392609266
0.13900000000057866	0.1497318648193965
0.140000000000583	0.14972629912108393
0.1410000000005871	0.14972069138093524
0.1420000000005912	0.14971504578728434
0.14300000000059532	0.14970935891512227
0.14400000000059965	0.14970363415924237
0.14500000000060376	0.14969786960433162
0.14600000000060787	0.14969206351602327
0.1470000000006122	0.14968621834640927
0.1480000000006163	0.14968033445706141
0.14900000000062041	0.1496744100420101
0.15000000000062452	0.14966844668018098
0.15100000000062885	0.1496624428943869
0.15200000000063296	0.149656400024618
0.15300000000063707	0.14965031736024037
0.1540000000006414	0.1496441956456731
0.1550000000006455	0.14963803363021422
0.15600000000064962	0.14963183234804844
0.15700000000065373	0.1496255914288218
0.15800000000065806	0.1496193113022175
0.15900000000066217	0.1496129913063695
0.16000000000066628	0.14960663168548516
0.16100000000067038	0.14960023243817078
0.16200000000067472	0.14959379275911788
0.16300000000067882	0.1495873130309372
0.16400000000068293	0.14958079560448667
0.16500000000068726	0.14957423842614903
0.16600000000069137	0.14956764200491857
0.16700000000069548	0.14956100506561487
0.1680000000006996	0.1495543289463266
0.16900000000070392	0.14954761148631945
0.1700000000007078	0.14954085562553476
0.17100000000071192	0.14953406135336111
0.17200000000071625	0.14952722688983988
0.17300000000072036	0.14952035140758047
0.17400000000072446	0.14951344101277908
0.17500000000072857	0.1495064901373262
0.1760000000007329	0.14949949577744714
0.177000000000737	0.1494924636211461
0.17800000000074112	0.14948539151410833
0.17900000000074545	0.14947828098142557
0.18000000000074956	0.14947112981197574
0.18100000000075367	0.1494639395175994
0.18200000000075778	0.1494567097001842
0.1830000000007621	0.14944944151404604
0.18400000000076622	0.14944213332621026
0.18500000000077033	0.1494347855600765
0.18600000000077466	0.14942739762502777
0.18700000000077877	0.14941997244914762
0.18800000000078287	0.14941250638388526
0.18900000000078698	0.149404999594541
0.1900000000007913	0.14939745511342972
0.19100000000079542	0.14938987017349437
0.19200000000079953	0.14938224681988388
0.19300000000080386	0.1493745831454233
0.19400000000080797	0.1493668797500255
0.19500000000081208	0.14935913836650228
0.1960000000008162	0.14935135799101928
0.19700000000082052	0.14934353698519365
0.19800000000082463	0.14933567635116662
0.19900000000082874	0.14932777725023605
0.20000000000083307	0.14931983798964776
0.20100000000083695	0.14931186006839336
0.20200000000084106	0.14930384196352042
0.20300000000084517	0.14929578628921458
0.2040000000008495	0.1492876899012252
0.2050000000008536	0.14927955395014791
0.20600000000085772	0.14927137944455537
0.20700000000086205	0.1492631649602627
0.20800000000086616	0.1492549117409928
0.20900000000087027	0.1492466187375967
0.21000000000087438	0.1492382872774103
0.2110000000008787	0.14922991590068924
0.21200000000088282	0.14922150508231502
0.21300000000088692	0.14921305537616425
0.21400000000089126	0.14920456602490573
0.21500000000089536	0.14919603769783063
0.21600000000089947	0.14918746976981412
0.21700000000090358	0.14917886314975082
0.2180000000009079	0.14917021684430465
0.21900000000091202	0.1491615313202468
0.22000000000091613	0.14915280676549747
0.22100000000092046	0.14914404296592254
0.22200000000092457	0.14913523982125776
0.22300000000092868	0.1491263977969184
0.2240000000009328	0.1491175162070768
0.22500000000093712	0.1491085960456544
0.22600000000094123	0.14909963615962663
0.22700000000094533	0.14909063674246192
0.22800000000094967	0.14908159877362936
0.22900000000095377	0.14907252164218276
0.23000000000095788	0.14906340534017426
0.23100000000096177	0.149054249796435
0.2320000000009661	0.14904505504826693
0.2330000000009702	0.1490358207716238
0.23400000000097432	0.14902654780417635
0.23500000000097865	0.1490172380093544
0.23600000000098276	0.14900788705842805
0.23700000000098687	0.14899849365346385
0.23800000000099097	0.148989065121796
0.2390000000009953	0.1489795965591788
0.24000000000099941	0.1489700908075421
0.24100000000100352	0.14896054706944206
0.24200000000100785	0.1489509584333295
0.24300000000101196	0.14894133514662022
0.24400000000101607	0.14893167257971351
0.24500000000102018	0.14892196801765234
0.2460000000010245	0.14891222577581842
0.24700000000102862	0.14890244632746885
0.24800000000103273	0.1488926266290579
0.24900000000103706	0.14888276793080935
0.25000000000104117	0.148872870233419
0.2510000000010453	0.14886293370100412
0.2520000000010494	0.14885295725606063
0.2530000000010537	0.14884294241225104
0.2540000000010578	0.14883288904441827
0.25500000000106193	0.1488227969883269
0.25600000000106626	0.14881266576000662
0.25700000000107037	0.1488024956187628
0.2580000000010745	0.14879228561300906
0.2590000000010786	0.14878203843384818
0.2600000000010829	0.14877175064393233
0.26100000000108703	0.14876142475829823
0.2620000000010909	0.1487510595359508
0.26300000000109525	0.14874065575815987
0.26400000000109936	0.14873021311090961
0.26500000000110346	0.14871973131039384
0.2660000000011076	0.14870921139160398
0.2670000000011119	0.14869865372651825
0.268000000001116	0.14868805478927427
0.2690000000011201	0.14867741557001324
0.27000000000112445	0.14866673968305877
0.27100000000112856	0.1486560277195682
0.27200000000113267	0.14864527800974014
0.2730000000011368	0.14863448483190034
0.2740000000011411	0.14862365074542394
0.2750000000011452	0.14861278335229922
0.2760000000011493	0.14860187516611634
0.27700000000115366	0.1485909252829456
0.27800000000115777	0.14857994172900468
0.2790000000011619	0.1485689178695857
0.280000000001166	0.1485578522750547
0.2810000000011703	0.14854675007569174
0.2820000000011744	0.14853561106837154
0.28300000000117853	0.14852442923429976
0.28400000000118286	0.1485132109002395
0.28500000000118697	0.14850195551992706
0.2860000000011911	0.14849066011791445
0.2870000000011952	0.14847932620444393
0.2880000000011995	0.14846795259534118
0.2890000000012036	0.14845654114905205
0.29000000000120774	0.14844509160928854
0.29100000000121207	0.148433602467678
0.2920000000012162	0.14842207491919213
0.29300000000122006	0.14841050931983601
0.29400000000122417	0.1483989046949663
0.2950000000012285	0.14838726115266376
0.2960000000012326	0.14837557970973214
0.2970000000012367	0.14836385927812523
0.29800000000124083	0.14835210016018252
0.29900000000124516	0.14834030288675182
0.30000000000124927	0.14832846698649238
0.3010000000012534	0.1483165925255352
0.3020000000012577	0.14830467950868387
0.3030000000012618	0.1482927277259064
0.3040000000012659	0.1482807379323613
0.30500000000127003	0.14826870949795323
0.30600000000127436	0.14825664226767588
0.3070000000012785	0.14824453698205442
0.3080000000012826	0.14823239308318337
0.3090000000012869	0.14822021042879074
0.310000000001291	0.14820798988239625
0.31100000000129513	0.14819573075343195
0.31200000000129924	0.14818343306505755
0.31300000000130357	0.14817109663042394
0.3140000000013077	0.14815872205649416
0.3150000000013118	0.14814630942233276
0.3160000000013161	0.1481338581937931
0.3170000000013202	0.14812136883521043
0.31800000000132433	0.14810884081220843
0.31900000000132844	0.1480962738653686
0.3200000000013328	0.14808366996967737
0.3210000000013369	0.1480710269864176
0.322000000001341	0.14805834472239332
0.3230000000013453	0.14804562589013026
0.3240000000013492	0.14803286835711182
0.3250000000013533	0.14802007080401136
0.3260000000013574	0.1480072373800292
0.32700000000136176	0.1479943654810233
0.32800000000136587	0.14798145298394394
0.32900000000137	0.14796850262664885
0.3300000000013743	0.1479555174740672
0.3310000000013784	0.14794249040534058
0.3320000000013825	0.14792942537166798
0.33300000000138663	0.14791632577511993
0.33400000000139096	0.14790318432793392
0.33500000000139507	0.14789000597724677
0.3360000000013992	0.14787678995409836
0.3370000000014035	0.14786353274619235
0.3380000000014076	0.1478502409197564
0.3390000000014117	0.14783691085289263
0.34000000000141584	0.14782354091081562
0.34100000000142017	0.1478101331909002
0.3420000000014243	0.14779668696112624
0.3430000000014284	0.1477832045329488
0.3440000000014327	0.14776968241529942
0.3450000000014368	0.1477561219528687
0.34600000000144093	0.14774252511251107
0.34700000000144504	0.14772888814084406
0.34800000000144937	0.1477152153593847
0.3490000000014535	0.1477015031618032
0.3500000000014576	0.14768775278562007
0.3510000000014619	0.14767396573030434
0.35200000000146603	0.14766013947715106
0.35300000000147014	0.14764627545658304
0.35400000000147425	0.14763237379603766
0.35500000000147836	0.14761843400745067
0.35600000000148246	0.14760445632074815
0.3570000000014866	0.14759044067306926
0.3580000000014909	0.14757638707818865
0.359000000001495	0.14756229539484866
0.3600000000014991	0.14754816585539132
0.36100000000150323	0.14753399842473192
0.36200000000150756	0.1475197935067255
0.36300000000151167	0.14750555058351045
0.3640000000015158	0.14749126927174194
0.3650000000015201	0.14747695051643106
0.3660000000015242	0.14746259431532427
0.3670000000015283	0.14744819994085856
0.36800000000153243	0.14743376788691942
0.36900000000153677	0.14741929814609422
0.3700000000015409	0.1474047902887392
0.371000000001545	0.14739024498513853
0.3720000000015493	0.14737566096629162
0.3730000000015534	0.14736104145813134
0.37400000000155753	0.14734638166349567
0.37500000000156164	0.1473316852329144
0.37600000000156597	0.14731694879603263
0.3770000000015701	0.14730217912661503
0.3780000000015742	0.14728736874743253
0.3790000000015785	0.14727252163126403
0.3800000000015826	0.14725763700960615
0.38100000000158674	0.1472427146263141
0.38200000000159084	0.147227755672667
0.3830000000015952	0.14721275490899222
0.3840000000015993	0.14719772266117337
0.3850000000016034	0.14718264792122426
0.3860000000016075	0.1471675371688762
0.3870000000016116	0.147152388387763
0.3880000000016157	0.14713720194211244
0.38900000000161983	0.14712197884052503
0.39000000000162416	0.1471067179997304
0.39100000000162827	0.14709142073900505
0.3920000000016324	0.1470760842251162
0.3930000000016367	0.14706071015974098
0.3940000000016408	0.14704529850185089
0.3950000000016449	0.1470298514102958
0.39600000000164903	0.1470143676994542
0.39700000000165336	0.14699884349801673
0.3980000000016575	0.1469832816904092
0.3990000000016616	0.14696768322535936
0.4000000000016659	0.14695204678181373
0.40100000000167	0.1469363740247912
0.40200000000167413	0.14692066380421165
0.40300000000167824	0.14690491598521382
0.40400000000168257	0.14688913068706155
0.4050000000016867	0.14687330833572698
0.4060000000016908	0.14685744939209577
0.4070000000016951	0.1468415529054773
0.4080000000016992	0.1468256192353583
0.40900000000170333	0.14680964652214779
0.41000000000170744	0.1467936373055564
0.4110000000017118	0.14677759294805803
0.4120000000017159	0.14676150315563063
0.41300000000172	0.14674538836535866
0.4140000000017243	0.14672923028757912
0.41500000000172843	0.14671302913178508
0.41600000000173254	0.14669680243009564
0.4170000000017364	0.14668053154638339
0.41800000000174076	0.1466642244686257
0.41900000000174487	0.14664788046272892
0.420000000001749	0.14663149935752096
0.4210000000017533	0.14661508112456112
0.4220000000017574	0.1465986257745402
0.4230000000017615	0.14658213334246906
0.42400000000176563	0.14656560403332142
0.42500000000176996	0.14654903865039748
0.42600000000177407	0.14653242920203435
0.4270000000017782	0.1465157942483457
0.4280000000017825	0.14649911515024205
0.4290000000017866	0.14648239988135703
0.4300000000017907	0.1464656479744333
0.43100000000179484	0.14644885915212902
0.43200000000179917	0.14643203466140575
0.4330000000018033	0.14641516633804286
0.4340000000018074	0.1463982723447761
0.4350000000018115	0.14638133436924539
0.4360000000018158	0.14636436027671473
0.43700000000181993	0.1463473498540473
0.43800000000182404	0.14633030170689387
0.43900000000182837	0.1463132186714976
0.4400000000018325	0.14629609243039454
0.4410000000018366	0.14627894009563625
0.4420000000018407	0.14626174385505997
0.44300000000184503	0.14624451124436633
0.44400000000184914	0.14622724265804554
0.44500000000185325	0.14620993751364797
0.4460000000018576	0.1461925946632674
0.4470000000018617	0.14617521578191173
0.4480000000018656	0.1461578002199101
0.4490000000018697	0.14614034734506232
0.450000000001874	0.14612285837966454
0.4510000000018781	0.14610533254251212
0.45200000000188223	0.14608776938390022
0.45300000000188656	0.14607017054634364
0.45400000000189067	0.1460525345832231
0.4550000000018948	0.14603486268185772
0.4560000000018989	0.14601715455403808
0.4570000000019032	0.14599940494669528
0.4580000000019073	0.14598162496439526
0.45900000000191143	0.14596380424052913
0.46000000000191577	0.1459459488006739
0.4610000000019199	0.1459280562223133
0.462000000001924	0.1459101272651333
0.4630000000019281	0.14589216173819985
0.4640000000019324	0.14587415975879758
0.46500000000193653	0.14585612092440703
0.46600000000194064	0.1458380455291579
0.46700000000194497	0.14581993395202808
0.4680000000019491	0.14580178583035952
0.4690000000019532	0.14578360129210077
0.4700000000019573	0.14576538030742003
0.4710000000019616	0.14574712289484704
0.47200000000196574	0.14572882905842743
0.47300000000196984	0.14571049880671083
0.4740000000019742	0.14569213217468646
0.4750000000019783	0.14567372918848553
0.4760000000019824	0.14565528984080856
0.4770000000019865	0.14563681401316075
0.47800000000199083	0.145618302009216
0.4790000000019947	0.14559975428955307
0.48000000000199883	0.14558117007251792
0.48100000000200316	0.14556254949329084
0.48200000000200727	0.1455438921593578
0.4830000000020114	0.14552519896206983
0.4840000000020155	0.14550646961677716
0.4850000000020198	0.1454877050403357
0.4860000000020239	0.14546889644059213
0.48700000000202803	0.1454500642252432
0.48800000000203236	0.1454311884890218
0.4890000000020365	0.14541227758591013
0.4900000000020406	0.14539333077560546
0.4910000000020447	0.14537434805469962
0.492000000002049	0.14535533020218594
0.49300000000205313	0.145336269013702
0.49400000000205724	0.14531718377642622
0.49500000000206157	0.14529805523378048
0.4960000000020657	0.1452788916719755
0.4970000000020698	0.14525969234378888
0.4980000000020739	0.14524045711111688
0.4990000000020782	0.14522118568564069
0.5000000000020823	0.1452018788465791
0.5010000000020864	0.14518253543306303
0.5020000000020908	0.14516315582740869
0.5030000000020949	0.14514374072796188
0.504000000002099	0.14512428963374024
0.5050000000021031	0.1451048026167544
0.5060000000021074	0.14508527970346496
0.5070000000021115	0.14506572090950187
0.5080000000021156	0.1450461262532714
0.50900000000212	0.1450264957495555
0.5100000000021239	0.14500682940547704
0.511000000002128	0.144987127214531
0.5120000000021321	0.14496738914774543
0.5130000000021364	0.14494761504728837
0.5140000000021405	0.14492780564960073
0.5150000000021446	0.14490796115872995
0.516000000002149	0.14488808046442314
0.5170000000021531	0.14486816333008468
0.5180000000021572	0.1448482107199629
0.5190000000021613	0.14482822296704156
0.5200000000021656	0.14480819910942389
0.5210000000021697	0.14478814052946987
0.5220000000021738	0.14476804516321873
0.5230000000021782	0.14474791383044694
0.5240000000021823	0.14472774796933063
0.5250000000021864	0.144707545836549
0.5260000000021905	0.14468730838309307
0.5270000000021948	0.14466703536872216
0.5280000000021989	0.14464672679457502
0.529000000002203	0.14462638271389894
0.5300000000022074	0.14460600311028537
0.5310000000022115	0.14458558796832244
0.5320000000022156	0.1445651372820289
0.5330000000022197	0.14454465156875418
0.534000000002224	0.14452413074879322
0.5350000000022281	0.14450357133756642
0.5360000000022322	0.1444829809511775
0.5370000000022366	0.14446235262014417
0.5380000000022407	0.14444169047946798
0.5390000000022448	0.1444209927780543
0.5400000000022487	0.14440025816960356
0.541000000002253	0.1443794884841576
0.5420000000022571	0.14435868446917155
0.5430000000022612	0.14433784434019636
0.5440000000022656	0.14431696978408037
0.5450000000022697	0.14429605918696276
0.5460000000022738	0.14427511411309168
0.5470000000022779	0.14425413306603418
0.5480000000022822	0.14423311720077803
0.5490000000022863	0.14421206634419925
0.5500000000022904	0.144190979959254
0.5510000000022948	0.144169858651083
0.5520000000022989	0.14414870234342558
0.553000000002303	0.14412751085526299
0.5540000000023071	0.14410628418493832
0.5550000000023114	0.14408502239621057
0.5560000000023155	0.14406372553880653
0.5570000000023196	0.14404239364150873
0.558000000002324	0.14402102670135664
0.5590000000023281	0.14399962472129268
0.5600000000023322	0.14397818771021187
0.5610000000023363	0.1439567156782927
0.5620000000023406	0.14393520865379728
0.5630000000023447	0.14391366668568684
0.5640000000023488	0.14389208982331858
0.5650000000023532	0.14387047804097752
0.5660000000023573	0.1438488313425561
0.5670000000023614	0.14382714978325994
0.5680000000023655	0.14380543336895824
0.5690000000023698	0.14378368209418924
0.5700000000023739	0.1437618959776369
0.5710000000023778	0.14374007503632802
0.5720000000023819	0.1437182193165094
0.5730000000023863	0.14369632886508987
0.5740000000023904	0.1436744036733536
0.5750000000023945	0.1436524437427823
0.5760000000023988	0.14363044905132638
0.5770000000024029	0.14360841952373304
0.578000000002407	0.14358635518754936
0.5790000000024111	0.1435642566548485
0.5800000000024155	0.1435421234286678
0.5810000000024196	0.1435199554324038
0.5820000000024237	0.14349775326543646
0.583000000002428	0.14347551720018803
0.5840000000024321	0.1434532446665
0.5850000000024362	0.1434309378139036
0.5860000000024403	0.14340859709863707
0.5870000000024447	0.1433862214539523
0.5880000000024488	0.14336381165989953
0.5890000000024529	0.14334136736996894
0.5900000000024572	0.14331888849669783
0.5910000000024613	0.1432963752255626
0.5920000000024654	0.1432738274848816
0.5930000000024696	0.14325124529573918
0.5940000000024739	0.14322862872786923
0.595000000002478	0.14320597767739152
0.5960000000024821	0.14318329230586724
0.5970000000024864	0.14316057250662795
0.5980000000024905	0.14313781852678487
0.5990000000024946	0.14311503028423767
0.6000000000024988	0.14309220851343418
0.6010000000025031	0.14306935057419323
0.602000000002507	0.1430464589213023
0.6030000000025111	0.14302353389658906
0.6040000000025154	0.14300057393958077
0.6050000000025195	0.1429775804318263
0.6060000000025236	0.14295455216042352
0.6070000000025277	0.14293149029761276
0.6080000000025321	0.14290839375797648
0.6090000000025362	0.14288526345556962
0.6100000000025403	0.14286209870448563
0.6110000000025446	0.14283890022573043
0.6120000000025487	0.14281566778132937
0.6130000000025528	0.14279240117331915
0.614000000002557	0.14276910044048474
0.6150000000025613	0.14274576567523922
0.6160000000025654	0.14272239691166377
0.6170000000025695	0.1426989941749821
0.6180000000025738	0.14267555748609095
0.6190000000025779	0.14265208686914388
0.620000000002582	0.14262858234580522
0.6210000000025861	0.14260504393435436
0.6220000000025905	0.14258147163637924
0.6230000000025946	0.1425578654696068
0.6240000000025987	0.1425342254462605
0.625000000002603	0.14251055151670788
0.6260000000026071	0.14248684370172726
0.6270000000026112	0.14246310243480853
0.6280000000026154	0.1424393271566271
0.6290000000026197	0.14241551832314447
0.6300000000026238	0.1423916754010196
0.6310000000026279	0.142367799140094
0.6320000000026322	0.1423438888935965
0.6330000000026361	0.14231994507951706
0.6340000000026402	0.14229596758116358
0.6350000000026443	0.1422719565253222
0.6360000000026487	0.14224791179542207
0.6370000000026528	0.14222383356263868
0.6380000000026569	0.1421997216720685
0.6390000000026612	0.1421755763421746
0.6400000000026653	0.1421513975972486
0.6410000000026694	0.14212718587595785
0.6420000000026735	0.14210294055977357
0.6430000000026779	0.14207865878721515
0.644000000002682	0.14205434696669084
0.6450000000026861	0.14203000167661806
0.6460000000026904	0.1420056210861399
0.6470000000026945	0.1419812077295639
0.6480000000026986	0.14195676129454893
0.6490000000027027	0.14193228156112658
0.6500000000027071	0.1419077693945071
0.6510000000027112	0.14188322189477454
0.6520000000027153	0.14185864147582372
0.6530000000027196	0.14183402871733608
0.6540000000027237	0.1418093819745001
0.6550000000027278	0.1417847026617982
0.656000000002732	0.1417599894769881
0.6570000000027363	0.14173524366386392
0.6580000000027404	0.14171046408538301
0.6590000000027445	0.14168565184207615
0.6600000000027488	0.14166080595569552
0.6610000000027529	0.14163592736361386
0.662000000002757	0.14161101524824715
0.6630000000027612	0.14158607034311077
0.6640000000027653	0.14156109196933975
0.6650000000027694	0.14153608123383732
0.6660000000027735	0.14151103693756906
0.6670000000027778	0.14148595971383293
0.6680000000027819	0.14146084965770478
0.669000000002786	0.14143570648643589
0.6700000000027901	0.14141053046607754
0.6710000000027945	0.1413853214806331
0.6720000000027986	0.14136007964496788
0.6730000000028027	0.14133480479261473
0.674000000002807	0.14130949714231456
0.6750000000028111	0.1412841567101326
0.6760000000028152	0.14125878338813003
0.6770000000028193	0.14123337731553653
0.6780000000028237	0.14120793837609724
0.6790000000028278	0.14118246685463065
0.6800000000028319	0.14115696274529754
0.6810000000028362	0.1411314250650192
0.6820000000028403	0.14110585583628388
0.6830000000028444	0.14108025287332815
0.6840000000028486	0.14105461813223175
0.6850000000028529	0.141028949930873
0.686000000002857	0.1410032499866507
0.6870000000028611	0.14097751636158196
0.6880000000028654	0.14095175139002714
0.6890000000028695	0.14092595284206488
0.6900000000028736	0.14090012260905094
0.6910000000028778	0.140874258974498
0.6920000000028821	0.14084836388155364
0.6930000000028862	0.14082243551604445
0.6940000000028901	0.14079647431056186
0.6950000000028944	0.14077048104899492
0.6960000000028985	0.14074445579277706
0.6970000000029026	0.1407183977701788
0.6980000000029067	0.1406923067962964
0.6990000000029111	0.14066618359261107
0.7000000000029152	0.14064002880083315
0.7010000000029193	0.14061384084228756
0.7020000000029236	0.14058762147259585
0.7030000000029277	0.14056136907994254
0.7040000000029318	0.14053508494257883
0.705000000002936	0.14050876840307414
0.7060000000029403	0.1404824196222082
0.7070000000029444	0.14045603863998746
0.7080000000029485	0.14042962552572102
0.7090000000029526	0.14040318026487553
0.7100000000029569	0.14037670296775562
0.711000000002961	0.14035019351921407
0.7120000000029651	0.1403236520079575
0.7130000000029695	0.1402970784932004
0.7140000000029736	0.14027047278021199
0.7150000000029777	0.14024383511353622
0.7160000000029818	0.1402171654194857
0.7170000000029861	0.14019046395837986
0.7180000000029902	0.14016373021903883
0.7190000000029944	0.14013696512726903
0.7200000000029987	0.14011016689228095
0.7210000000030028	0.14008333796237604
0.7220000000030069	0.14005647701323332
0.723000000003011	0.14002958307453972
0.7240000000030153	0.14000265848441584
0.7250000000030195	0.13997570163823558
0.7260000000030233	0.1399487132331283
0.7270000000030277	0.13992169380941188
0.7280000000030318	0.1398946407338868
0.7290000000030359	0.13986755681458163
0.73000000000304	0.13984044113758443
0.7310000000030443	0.1398132937995602
0.7320000000030484	0.13978611575888777
0.7330000000030525	0.13975890466409246
0.7340000000030569	0.13973166191043984
0.735000000003061	0.1397043879379809
0.7360000000030651	0.13967708254663125
0.7370000000030692	0.1396497455070499
0.7380000000030735	0.1396223768572501
0.7390000000030776	0.1395949768101884
0.7400000000030817	0.13956754532819027
0.7410000000030861	0.13954008266997486
0.7420000000030902	0.13951258840123026
0.7430000000030943	0.13948506254515014
0.7440000000030984	0.13945750527399758
0.7450000000031027	0.13942991672570992
0.7460000000031068	0.13940229678261007
0.747000000003111	0.13937464548340273
0.7480000000031153	0.13934696283996761
0.7490000000031194	0.13931924882344482
0.7500000000031235	0.13929150341960317
0.7510000000031276	0.13926372731373127
0.7520000000031319	0.13923591938876512
0.753000000003136	0.1392080803672996
0.7540000000031402	0.13918021008072934
0.7550000000031445	0.13915230848774618
0.7560000000031484	0.1391243761656007
0.7570000000031525	0.13909641245864524
0.7580000000031566	0.13906841813482174
0.7590000000031609	0.13904039348860564
0.760000000003165	0.1390123359507447
0.7610000000031691	0.13898424761446382
0.7620000000031735	0.13895612881291286
0.7630000000031776	0.13892797879064878
0.7640000000031817	0.13889979903409078
0.7650000000031858	0.13887158477227013
0.7660000000031901	0.1388433436045905
0.7670000000031942	0.13881506969271107
0.7680000000031983	0.1387867659294847
0.7690000000032027	0.13875843123524934
0.7700000000032068	0.13873006407231958
0.7710000000032109	0.13870166635590564
0.772000000003215	0.1386732384602356
0.7730000000032193	0.13864477993992108
0.7740000000032234	0.13861629158565159
0.7750000000032276	0.1385877700058058
0.7760000000032319	0.13855922032099077
0.777000000003236	0.138530638354746
0.7780000000032401	0.1385020262985195
0.7790000000032442	0.13847338361761385
0.7800000000032485	0.13844471028180183
0.7810000000032526	0.1384160063432902
0.7820000000032568	0.13838727192566724
0.7830000000032611	0.13835850682703854
0.7840000000032652	0.13832971096091962
0.7850000000032693	0.1383008856131802
0.7860000000032734	0.1382720287982384
0.7870000000032777	0.13824314161782902
0.7880000000032816	0.1382142253335933
0.7890000000032857	0.13818527195544972
0.7900000000032901	0.13815629887191516
0.7910000000032942	0.1381272890154348
0.7920000000032983	0.13809825125001418
0.7930000000033024	0.13806918087192221
0.7940000000033067	0.1380400793883001
0.7950000000033108	0.1380109511793628
0.796000000003315	0.13798179217602524
0.7970000000033193	0.1379526007020948
0.7980000000033234	0.13792337992638537
0.7990000000033275	0.13789412904956344
0.8000000000033316	0.13786484828316015
0.8010000000033359	0.13783553832575068
0.80200000000334	0.1378061959143928
0.8030000000033441	0.1377768231292109
0.8040000000033485	0.13774742099622606
0.8050000000033526	0.13771799026106968
0.8060000000033567	0.13768853137436665
0.8070000000033608	0.13765903832885829
0.8080000000033651	0.13762951676458035
0.8090000000033692	0.13759996578352873
0.8100000000033734	0.13757038403708866
0.8110000000033777	0.1375407736440547
0.8120000000033818	0.13751113240334367
0.8130000000033859	0.1374814621807957
0.81400000000339	0.13745175657266506
0.8150000000033943	0.13742203055790125
0.8160000000033985	0.13739226913745428
0.8170000000034026	0.137362478935246
0.8180000000034067	0.13733265996225874
0.8190000000034108	0.13730280614461388
0.8200000000034149	0.13727293131497875
0.821000000003419	0.1372430202769982
0.8220000000034233	0.1372130811207517
0.8230000000034274	0.13718311204595546
0.8240000000034315	0.1371531132761139
0.8250000000034359	0.13712308825454234
0.82600000000344	0.13709302986351346
0.8270000000034441	0.13706294266435526
0.8280000000034482	0.1370328266311619
0.8290000000034525	0.13700268103638624
0.8300000000034566	0.13697250567308594
0.8310000000034607	0.13694230102427007
0.8320000000034651	0.13691206696752012
0.8330000000034692	0.13688180349236112
0.8340000000034733	0.1368515104796013
0.8350000000034774	0.1368211883931162
0.8360000000034817	0.13679083686469407
0.8370000000034858	0.13676045589450736
0.83800000000349	0.13673004580874504
0.8390000000034943	0.136699606414455
0.8400000000034984	0.13666913770447553
0.8410000000035025	0.136638639662919
0.8420000000035066	0.13660811261044148
0.8430000000035109	0.1365775563927465
0.844000000003515	0.13654697101289126
0.8450000000035192	0.1365163565621933
0.8460000000035233	0.13648571319099234
0.8470000000035276	0.13645504025812505
0.8480000000035317	0.13642433874134585
0.8490000000035356	0.13639360846017268
0.8500000000035399	0.13636284752333372
0.851000000003544	0.13633205976102247
0.8520000000035481	0.13630124225981177
0.8530000000035523	0.13627039629287307
0.8540000000035566	0.13623952076734325
0.8550000000035607	0.1362086159613316
0.8560000000035648	0.13617768200386848
0.8570000000035691	0.1361467195357875
0.8580000000035732	0.13611572914615044
0.8590000000035773	0.13608470927179228
0.8600000000035815	0.13605366076406167
0.8610000000035858	0.13602258360271646
0.8620000000035899	0.13599147759546537
0.863000000003594	0.13596034241363242
0.8640000000035983	0.13592917959174255
0.8650000000036024	0.1358979891508162
0.8660000000036066	0.1358667680117447
0.8670000000036107	0.1358355176677032
0.868000000003615	0.13580424153782134
0.8690000000036191	0.1357729347538481
0.8700000000036232	0.13574160018286063
0.8710000000036275	0.13571023754332512
0.8720000000036316	0.13567884480005532
0.8730000000036358	0.13564742349929548
0.8740000000036399	0.13561597619620658
0.8750000000036442	0.13558449923996063
0.8760000000036483	0.13555299410801325
0.8770000000036524	0.1355214586128649
0.8780000000036567	0.1354898965857949
0.8790000000036609	0.13545830657922164
0.8800000000036647	0.13542668828885107
0.8810000000036688	0.1353950405057569
0.8820000000036732	0.1353633658976705
0.8830000000036773	0.13533166224825255
0.8840000000036814	0.13529993073772129
0.8850000000036857	0.1352681708832133
0.8860000000036898	0.13523638317482967
0.887000000003694	0.13520456757461563
0.888000000003698	0.13517272331765096
0.8890000000037024	0.13514085108915685
0.8900000000037065	0.1351089509379394
0.8910000000037106	0.1350770229474223
0.8920000000037149	0.1350450666025489
0.893000000003719	0.13501308245845323
0.8940000000037231	0.13498107074968813
0.8950000000037273	0.1349490305152643
0.8960000000037316	0.1349169636558758
0.8970000000037357	0.134884868195986
0.8980000000037398	0.13485274252776203
0.8990000000037441	0.13482059202619034
0.9000000000037482	0.13478841360155125
0.9010000000037524	0.1347562059153008
0.9020000000037565	0.1347239710174204
0.9030000000037608	0.134691709060635
0.9040000000037649	0.13465941752541677
0.905000000003769	0.13462709970391296
0.9060000000037733	0.13459475465551796
0.9070000000037775	0.1345623819182713
0.9080000000037816	0.1345299811433539
0.9090000000037857	0.13449755244607997
0.91000000000379	0.13446509661912198
0.9110000000037939	0.13443261356212755
0.912000000003798	0.13440010311519546
0.9130000000038023	0.13436756427786722
0.9140000000038064	0.1343349990267395
0.9150000000038105	0.13430240570480956
0.9160000000038147	0.1342697852502167
0.917000000003819	0.134237137643617
0.9180000000038231	0.134204462102962
0.9190000000038272	0.13417175932466519
0.9200000000038315	0.13413902979847492
0.9210000000038356	0.13410627151224652
0.9220000000038397	0.13407348836321553
0.9230000000038439	0.13404067555847954
0.9240000000038482	0.13400783671512306
0.9250000000038523	0.13397497082717003
0.9260000000038564	0.13394207821906923
0.9270000000038607	0.13390915767994627
0.9280000000038648	0.13387621124909543
0.929000000003869	0.13384323581832813
0.9300000000038731	0.13381023458032626
0.9310000000038774	0.13377720604453813
0.9320000000038815	0.13374415051930866
0.9330000000038856	0.13371106780024788
0.9340000000038899	0.13367795816321149
0.935000000003894	0.1336448207734955
0.9360000000038982	0.13361165871882752
0.9370000000039023	0.1335784688015611
0.9380000000039066	0.13354525164831288
0.9390000000039107	0.13351200755581327
0.9400000000039148	0.13347873697804713
0.9410000000039191	0.13344543883003068
0.942000000003923	0.13341211562858057
0.9430000000039271	0.13337876413425664
0.9440000000039312	0.13334538674833585
0.9450000000039356	0.1333119820791332
0.9460000000039397	0.13327855127862775
0.9470000000039438	0.13324509384423344
0.9480000000039481	0.1332116106870872
0.9490000000039522	0.13317809476627696
0.9500000000039563	0.13314456292760224
0.9510000000039605	0.13311099804002924
0.9520000000039648	0.13307740722679662
0.9530000000039689	0.13304379029268665
0.954000000003973	0.1330101486648485
0.9550000000039773	0.1329764785952645
0.9560000000039814	0.13294278098696355
0.9570000000039856	0.13290906080647757
0.9580000000039897	0.13287530849224782
0.959000000003994	0.13284153800557474
0.9600000000039981	0.13280773187555928
0.9610000000040022	0.13277390795519906
0.9620000000040065	0.1327400537976564
0.9630000000040106	0.13270617387045514
0.9640000000040148	0.13267226528313258
0.9650000000040189	0.13263833561624205
0.9660000000040232	0.13260437564852823
0.9670000000040273	0.13257039221218225
0.9680000000040314	0.1325363823241794
0.9690000000040357	0.1325023401298454
0.9700000000040399	0.1324682820637766
0.9710000000040437	0.13243419217784524
0.9720000000040478	0.1324000775814692
0.9730000000040522	0.13236593779895023
0.9740000000040563	0.13233176609121755
0.9750000000040604	0.13229757833626477
0.9760000000040647	0.1322633589727863
0.9770000000040688	0.1322291146265876
0.978000000004073	0.13219484543720605
0.979000000004077	0.1321605444020617
0.9800000000040812	0.1321262278324421
0.9810000000040855	0.13209187925254107
0.9820000000040896	0.13205750584417564
0.9830000000040937	0.13202310696079778
0.984000000004098	0.13198868359665572
0.9850000000041004	0.1319542328919916
0.9860000000041018	0.1319197560850266
0.987000000004103	0.13188525627883918
0.9880000000041045	0.13185072825113986
0.9890000000041059	0.1318161711267105
0.9900000000041072	0.13178159934676148
0.9910000000041086	0.13174699106764165
0.99200000000411	0.13171236549295295
0.9930000000041115	0.131677708711603
0.9940000000041127	0.1316430298132294
0.9950000000041141	0.13160832541946565
0.9960000000041156	0.13157359265469937
0.997000000004117	0.13153883682252376
0.9980000000041185	0.1315040567331447
0.9990000000041197	0.1314692496030555
1.0000000000041211	0.13143441802272826
1.001000000004117	0.13139956100149353
1.002000000004113	0.13136467777568228
1.0030000000041086	0.13132977084814867
1.0040000000041045	0.13129483767780936
1.0050000000041002	0.13125987927367566
1.006000000004096	0.13122489719045605
1.007000000004092	0.13118988900668305
1.0080000000040878	0.13115485588128495
1.0090000000040837	0.1311197975905869
1.0100000000040794	0.13108471474625216
1.0110000000040753	0.13104960682787725
1.012000000004071	0.1310144738772896
1.0130000000040669	0.13097931592310663
1.0140000000040628	0.13094413330402632
1.0150000000040587	0.13090892562269485
1.0160000000040534	0.13087369305987506
1.0170000000040464	0.13083843553521368
1.0180000000040397	0.1308031535003802
1.0190000000040325	0.13076784642645167
1.0200000000040257	0.13073251520952867
1.021000000004019	0.13069715990156783
1.0220000000040117	0.1306617781451942
1.023000000004005	0.1306263710459168
1.0240000000039977	0.1305909427743761
1.025000000003991	0.13055548732437472
1.026000000003984	0.13052000771555528
1.027000000003977	0.13048450358644204
1.0280000000039702	0.1304489750970591
1.0290000000039632	0.13041342305439674
1.0300000000039562	0.13037784434432131
1.0310000000039494	0.1303422414469273
1.0320000000039424	0.13030661585115255
1.0330000000039354	0.13027096485203427
1.0340000000039287	0.13023528986379618
1.0350000000039217	0.13019959045064078
1.0360000000039147	0.1301638668465922
1.0370000000039077	0.1301281182858861
1.0380000000039007	0.13009234621066845
1.039000000003894	0.13005654960630364
1.0400000000038867	0.1300207284940531
1.04100000000388	0.1299848839782356
1.0420000000038732	0.1299490146127712
1.043000000003866	0.12991312111030207
1.0440000000038592	0.12987720370561584
1.0450000000038522	0.12984126240800442
1.0460000000038452	0.1298052969079212
1.0470000000038384	0.12976930722815205
1.0480000000038314	0.12973329431681935
1.0490000000038244	0.1296972566746608
1.0500000000038174	0.1296611962708769
1.0510000000038104	0.12962511014917588
1.0520000000038037	0.12958900088887237
1.0530000000037967	0.1295528678071568
1.0540000000037897	0.12951671101634987
1.055000000003783	0.12948053095824685
1.056000000003776	0.12944432406603512
1.057000000003769	0.12940809747169213
1.0580000000037622	0.12937184590289263
1.059000000003755	0.12933556882351216
1.0600000000037482	0.1292992700066543
1.0610000000037412	0.12926294711952568
1.0620000000037342	0.1292266006415813
1.0630000000037274	0.12919023134067864
1.0640000000037202	0.1291538326823869
1.0650000000037134	0.12911742043447105
1.0660000000037064	0.12908097959004516
1.0670000000036994	0.1290445103524983
1.0680000000036927	0.12900802735873285
1.0690000000036857	0.12897151521047456
1.0700000000036787	0.12893498032001638
1.071000000003672	0.12889842228365322
1.072000000003665	0.1288618399173238
1.073000000003658	0.128825235137505
1.0740000000036511	0.12878860908215917
1.075000000003644	0.12875195706046128
1.0760000000036372	0.12871528136509158
1.0770000000036304	0.12867858593242654
1.0780000000036232	0.12864186377007036
1.0790000000036164	0.12860511752440473
1.0800000000036092	0.12856835113207477
1.0810000000036024	0.12853156093378504
1.0820000000035954	0.12849474823060147
1.0830000000035884	0.12845791328587552
1.0840000000035817	0.12842105209317045
1.0850000000035747	0.1283841717578158
1.0860000000035677	0.12834726168635768
1.087000000003561	0.12831033601654496
1.088000000003554	0.12827338668894261
1.089000000003547	0.12823641185067103
1.0900000000035401	0.12819941045520844
1.091000000003533	0.12816239475763713
1.0920000000035262	0.1281253519458374
1.0930000000035192	0.1280882827257379
1.0940000000035122	0.12805119816981314
1.0950000000035054	0.12801408721367813
1.0960000000034982	0.12797695037896517
1.0970000000034914	0.12793979609234585
1.0980000000034844	0.1279026165528876
1.0990000000034774	0.12786541358629233
1.1000000000034706	0.12782819149430047
1.1010000000034637	0.12779094349042985
1.1020000000034567	0.12775367411254557
1.1030000000034499	0.12771638209094405
1.104000000003443	0.12767906751614722
1.105000000003436	0.12764173056134132
1.106000000003429	0.12760437107186984
1.107000000003422	0.1275669895293915
1.1080000000034151	0.12752958540654558
1.1090000000034081	0.12749215898575317
1.1100000000034012	0.12745471024254107
1.1110000000033944	0.12741723933550209
1.1120000000033872	0.12737974606206526
1.1130000000033804	0.12734223068078154
1.1140000000033736	0.1273046927836926
1.1150000000033664	0.12726713289322855
1.1160000000033596	0.12722955120702817
1.1170000000033526	0.1271919469472652
1.1180000000033457	0.12715431995921822
1.1190000000033387	0.12711667261609294
1.1200000000033317	0.12707900300269048
1.121000000003325	0.12704131042179068
1.122000000003318	0.12700359437129638
1.123000000003311	0.12696585829138796
1.1240000000033041	0.12692809956848317
1.1250000000032971	0.1268903190868258
1.1260000000032901	0.12685251679982912
1.1270000000032834	0.1268146927027709
1.1280000000032764	0.12677684670386047
1.1290000000032694	0.12673897896261677
1.1300000000032626	0.12670108961039983
1.1310000000032554	0.12666317847372643
1.1320000000032486	0.12662524551687127
1.1330000000032414	0.1265872909505773
1.1340000000032346	0.12654931493259813
1.1350000000032279	0.12651131685749495
1.1360000000032207	0.1264732975304872
1.1370000000032139	0.126435256603443
1.138000000003207	0.12639719338471944
1.1390000000032	0.12635910967632347
1.1400000000031931	0.1263210050984387
1.1410000000031861	0.12628287739044242
1.1420000000031791	0.12624472750104876
1.1430000000031724	0.126206559542963
1.1440000000031654	0.12616836845146506
1.1450000000031584	0.12613015284154339
1.1460000000031516	0.12609191777059658
1.1470000000031444	0.12605366315334776
1.1480000000031376	0.12601538700478843
1.1490000000031304	0.12597708904643867
1.1500000000031236	0.12593877014113408
1.1510000000031169	0.12590042965859727
1.1520000000031096	0.12586206826653457
1.1530000000031029	0.125823685857136
1.1540000000030959	0.12578528243601328
1.155000000003089	0.12574685705265243
1.1560000000030821	0.1257084121974944
1.1570000000030751	0.12566994470651505
1.1580000000030681	0.12563145664282516
1.1590000000030614	0.1255929477008424
1.1600000000030544	0.12555441777478915
1.1610000000030474	0.12551586797938785
1.1620000000030404	0.1254772952143829
1.1630000000030334	0.12543870246079525
1.1640000000030266	0.12540008896343813
1.1650000000030196	0.12536145448680835
1.1660000000030126	0.1253227996913847
1.1670000000030059	0.1252841240232272
1.1680000000029986	0.12524542726312504
1.1690000000029919	0.12520671031070507
1.1700000000029849	0.12516797256106693
1.1710000000029779	0.12512921412035916
1.172000000002971	0.12509043517649587
1.1730000000029641	0.12505163518706452
1.1740000000029571	0.1250128148766272
1.1750000000029501	0.12497397245817976
1.1760000000029431	0.12493511374036714
1.1770000000029364	0.12489623097866132
1.1780000000029294	0.12485732872049349
1.1790000000029224	0.1248184060234816
1.1800000000029156	0.12477946302876053
1.1810000000029086	0.124740499741822
1.1820000000029016	0.12470151652838601
1.1830000000028948	0.124662512534228
1.1840000000028876	0.1246234882513777
1.1850000000028809	0.12458444356494913
1.186000000002874	0.12454537789872488
1.1870000000028669	0.1245062934266774
1.18800000000286	0.12446718799474377
1.1890000000028529	0.12442806269197126
1.1900000000028461	0.12438891719525857
1.1910000000028391	0.12434975175479013
1.1920000000028321	0.12431056640032656
1.1930000000028254	0.12427136081615076
1.1940000000028184	0.12423213506889441
1.1950000000028114	0.1241928896288641
1.1960000000028046	0.1241536243472301
1.1970000000027976	0.12411433868861899
1.1980000000027906	0.1240750334625691
1.1990000000027838	0.12403570862244295
1.2000000000027768	0.12399636332788855
1.2010000000027699	0.12395699856590559
1.2020000000027629	0.123917615248758
1.2030000000027559	0.12387821011753275
1.204000000002749	0.12383878529786463
1.2050000000027419	0.12379934374471291
1.206000000002735	0.12375987847874681
1.2070000000027283	0.12372039438926707
1.2080000000027211	0.12368089208847544
1.2090000000027143	0.12364136989682206
1.2100000000027074	0.12360182864380576
1.2110000000027004	0.12356226705491169
1.2120000000026936	0.12352268650120302
1.2130000000026866	0.12348308641404293
1.2140000000026796	0.12344346717238919
1.2150000000026726	0.12340382853150611
1.2160000000026656	0.12336416796787109
1.2170000000026588	0.12332449106515708
1.2180000000026519	0.12328479454264185
1.2190000000026449	0.12324507821523589
1.220000000002638	0.12320534248274084
1.2210000000026309	0.12316558728590077
1.222000000002624	0.12312581287419067
1.2230000000026173	0.12308601890235327
1.2240000000026101	0.12304620606499572
1.2250000000026033	0.12300637487711719
1.2260000000025963	0.12296652394940788
1.2270000000025894	0.1229266540577113
1.2280000000025826	0.12288676530242904
1.2290000000025754	0.12284685750019075
1.2300000000025686	0.12280693054592273
1.2310000000025616	0.12276698446997258
1.2320000000025546	0.12272701967164068
1.2330000000025478	0.12268703612803766
1.2340000000025408	0.12264703317725745
1.2350000000025338	0.12260701196746726
1.236000000002527	0.12256697186144738
1.23700000000252	0.12252691195601528
1.238000000002513	0.12248683423329132
1.2390000000025063	0.12244673932549865
1.240000000002499	0.12240662446947914
1.2410000000024923	0.12236648815604467
1.2420000000024853	0.12232633405242976
1.2430000000024783	0.12228616390816083
1.2440000000024716	0.1222459743834341
1.2450000000024644	0.12220576601838229
1.2460000000024576	0.12216553939810171
1.2470000000024506	0.12212529456001131
1.2480000000024436	0.122085030649974
1.2490000000024368	0.12204474778474961
1.2500000000024298	0.12200444674261157
1.2510000000024228	0.12196412714645477
1.252000000002416	0.12192378965292994
1.253000000002409	0.12188343388594314
1.254000000002402	0.12184305975889798
1.2550000000023953	0.1218026673831123
1.256000000002388	0.1217622563408488
1.2570000000023813	0.1217218275689449
1.2580000000023743	0.12168138056067312
1.2590000000023673	0.12164091460280768
1.2600000000023606	0.12160043144479027
1.2610000000023533	0.12155992991152442
1.2620000000023466	0.12151940961925267
1.2630000000023396	0.12147887216334807
1.2640000000023326	0.12143831639295988
1.2650000000023258	0.12139774352135291
1.2660000000023188	0.12135715104400968
1.2670000000023118	0.12131654119782354
1.268000000002305	0.12127591391281567
1.269000000002298	0.12123526716466604
1.270000000002291	0.12119460482104993
1.271000000002284	0.12115392408864589
1.272000000002277	0.12111322383213574
1.2730000000022703	0.12107250743372933
1.2740000000022633	0.12103177294073486
1.2750000000022563	0.1209910204839203
1.2760000000022496	0.1209502507024457
1.2770000000022423	0.12090946309902861
1.2780000000022356	0.120868657451903
1.2790000000022288	0.12082783557047794
1.2800000000022216	0.12078699290534689
1.2810000000022148	0.12074613633683962
1.2820000000022078	0.12070526136931281
1.2830000000022008	0.12066436834248218
1.2840000000021938	0.12062345565030386
1.2850000000021868	0.12058252882641451
1.28600000000218	0.12054158367854773
1.287000000002173	0.12050062099963266
1.288000000002166	0.12045964101622952
1.2890000000021593	0.12041864382201406
1.2900000000021523	0.12037762916717343
1.2910000000021453	0.12033659731532931
1.2920000000021385	0.12029554802744535
1.2930000000021313	0.12025448198404232
1.2940000000021246	0.12021339838142653
1.2950000000021178	0.12017229861781031
1.2960000000021106	0.1201311803289864
1.2970000000021038	0.12009004516892963
1.2980000000020966	0.12004889369205385
1.2990000000020898	0.12000772349334754
1.3000000000020828	0.11996653832652737
1.3010000000020758	0.11992533604135858
1.302000000002069	0.1198841152161102
1.303000000002062	0.11984287538470628
1.304000000002055	0.11980162451565068
1.3050000000020483	0.11976035458936518
1.3060000000020413	0.11971906640655616
1.3070000000020343	0.1196777628979454
1.3080000000020275	0.11963644190701883
1.3090000000020205	0.11959510408566609
1.3100000000020136	0.11955374905873317
1.3110000000020068	0.11951237778593793
1.3120000000019996	0.11947098974289794
1.3130000000019928	0.11942958513263535
1.3140000000019856	0.11938816412007403
1.3150000000019788	0.11934672660991197
1.316000000001972	0.11930527230894894
1.3170000000019648	0.11926380141576043
1.318000000001958	0.11922231442321563
1.319000000001951	0.11918081092956012
1.320000000001944	0.1191392909537653
1.3210000000019373	0.1190977541266438
1.3220000000019303	0.11905619990902527
1.3230000000019233	0.11901462974287425
1.3240000000019165	0.11897304476097426
1.3250000000019095	0.1189314432488251
1.3260000000019025	0.11888982527429048
1.3270000000018956	0.11884819089926357
1.3280000000018886	0.11880654021163284
1.3290000000018818	0.11876487378658218
1.3300000000018748	0.11872319103967333
1.3310000000018678	0.11868149282161533
1.332000000001861	0.11863977706320117
1.3330000000018538	0.11859804559087395
1.334000000001847	0.11855629913965504
1.33500000000184	0.11851453484247065
1.336000000001833	0.11847275541530433
1.3370000000018263	0.1184309601515885
1.3380000000018193	0.11838914894029173
1.3390000000018123	0.1183473228560803
1.3400000000018053	0.1183054764637792
1.3410000000017983	0.11826362085336473
1.3420000000017915	0.11822174650772077
1.3430000000017845	0.11817985432808364
1.3440000000017776	0.11813794952595313
1.3450000000017708	0.11809602683291365
1.3460000000017638	0.11805408866668632
1.3470000000017568	0.11801213555632106
1.34800000000175	0.11797016696975393
1.3490000000017428	0.11792818271840577
1.350000000001736	0.11788618292224995
1.3510000000017293	0.11784416756212512
1.352000000001722	0.11780213616875779
1.3530000000017153	0.11776008998509513
1.354000000001708	0.11771802801491427
1.3550000000017013	0.11767595151548105
1.3560000000016943	0.11763385809746107
1.3570000000016873	0.11759174971189457
1.3580000000016805	0.11754962535508096
1.3590000000016735	0.11750748492798291
1.3600000000016665	0.11746533130560188
1.3610000000016598	0.11742316232940642
1.3620000000016528	0.11738097777607537
1.3630000000016458	0.11733877774944323
1.364000000001639	0.11729656253585186
1.3650000000016318	0.11725433261267526
1.366000000001625	0.11721208733016364
1.367000000001618	0.1171698263893306
1.368000000001611	0.11712755094140215
1.3690000000016043	0.1170852604028415
1.370000000001597	0.11704295435681744
1.3710000000015903	0.1170006340470523
1.3720000000015833	0.11695829847312078
1.3730000000015763	0.11691594887874046
1.3740000000015695	0.11687358287262395
1.3750000000015625	0.11683120248335965
1.3760000000015555	0.11678880824101723
1.3770000000015488	0.11674639616371185
1.3780000000015418	0.11670397108226271
1.3790000000015348	0.11666153213311292
1.3800000000015278	0.11661907822931394
1.3810000000015208	0.11657660939475312
1.382000000001514	0.11653412638612981
1.383000000001507	0.11649162911923083
1.3840000000015	0.11644911579171635
1.3850000000014933	0.1164065883203741
1.386000000001486	0.11636404667197553
1.3870000000014793	0.1163214891568276
1.3880000000014725	0.11627891916288902
1.3890000000014653	0.11623633403294142
1.3900000000014585	0.11619373222419627
1.3910000000014515	0.11615111780775689
1.3920000000014445	0.1161084896940261
1.3930000000014378	0.11606584722466629
1.3940000000014305	0.11602319005081829
1.3950000000014238	0.11598051940997123
1.3960000000014168	0.11593783303074967
1.3970000000014098	0.11589513285205422
1.398000000001403	0.11585241936118507
1.399000000001396	0.11580969012964282
1.400000000001389	0.11576694829098821
1.4010000000013823	0.11572418775150572
1.4020000000013753	0.11568141988144698
1.4030000000013683	0.11563863400648222
1.4040000000013615	0.11559583617328006
1.4050000000013543	0.11555302279276569
1.4060000000013475	0.11551019492354686
1.4070000000013405	0.11546735416654652
1.4080000000013335	0.11542449992403991
1.4090000000013267	0.11538163131914381
1.4100000000013195	0.11533874967196844
1.4110000000013128	0.11529585281077304
1.4120000000013058	0.11525294244329154
1.4130000000012988	0.11521001783523999
1.414000000001292	0.11516707915309687
1.415000000001285	0.11512412828913532
1.416000000001278	0.1150811632369565
1.4170000000012712	0.11503818413108124
1.4180000000012642	0.11499519211577036
1.4190000000012573	0.11495218613306624
1.4200000000012505	0.11490916742833279
1.4210000000012433	0.1148661341121866
1.4220000000012365	0.11482308550275133
1.4230000000012293	0.11478002614364047
1.4240000000012225	0.11473695328633104
1.4250000000012157	0.11469386417616345
1.4260000000012085	0.11465076347333869
1.4270000000012018	0.11460765055734723
1.4280000000011948	0.11456452327422895
1.4290000000011878	0.11452138278294877
1.430000000001181	0.11447822886975301
1.431000000001174	0.11443506173679519
1.432000000001167	0.11439188149507695
1.4330000000011602	0.11434868768756501
1.4340000000011532	0.11430548080352398
1.4350000000011462	0.1142622614448019
1.4360000000011393	0.1142190285717879
1.4370000000011323	0.11417578166195086
1.4380000000011255	0.11413252191724921
1.4390000000011185	0.11408924956113131
1.4400000000011115	0.1140459644066183
1.4410000000011047	0.11400266649604207
1.4420000000010975	0.113959355307375
1.4430000000010907	0.11391603140804663
1.4440000000010837	0.11387269477802864
1.4450000000010768	0.113829345211923
1.44600000000107	0.11378598186428834
1.447000000001063	0.113742605896338
1.448000000001056	0.11369921752039214
1.449000000001049	0.11365581687380755
1.450000000001042	0.11361240299361597
1.4510000000010352	0.11356897633903973
1.4520000000010282	0.11352553661406706
1.4530000000010213	0.11348208580767627
1.4540000000010145	0.11343862056201226
1.4550000000010075	0.11339514297504949
1.4560000000010005	0.11335165432139349
1.4570000000009937	0.1133081528261628
1.4580000000009865	0.11326463873484993
1.4590000000009797	0.11322111156600145
1.460000000000973	0.11317757034082432
1.4610000000009657	0.11313401881029561
1.462000000000959	0.11309045610430746
1.4630000000009518	0.11304687961853088
1.464000000000945	0.11300329016340227
1.465000000000938	0.11295968750467422
1.466000000000931	0.11291607463293096
1.4670000000009242	0.11287244919923467
1.4680000000009172	0.1128288114454351
1.4690000000009102	0.11278516185547549
1.4700000000009035	0.1127414997976528
1.4710000000008965	0.11269782460531153
1.4720000000008895	0.11265413795518453
1.4730000000008827	0.11261043928756043
1.4740000000008757	0.11256672832137005
1.4750000000008687	0.1125230060643736
1.476000000000862	0.11247927279024339
1.4770000000008547	0.11243552570292892
1.478000000000848	0.1123917674637851
1.4790000000008408	0.11234799639762849
1.480000000000834	0.112304213127836
1.4810000000008272	0.11226041978038437
1.48200000000082	0.11221661509374248
1.4830000000008132	0.11217279700596539
1.4840000000008062	0.11212896769560499
1.4850000000007992	0.11208512706067852
1.4860000000007925	0.1120412727045711
1.4870000000007855	0.11199740795955526
1.4880000000007785	0.11195353351975201
1.4890000000007717	0.11190964584749152
1.4900000000007645	0.11186574528010873
1.4910000000007577	0.11182183441167814
1.4920000000007507	0.11177791153320893
1.4930000000007437	0.11173397825709275
1.494000000000737	0.11169003373388398
1.49500000000073	0.11164607641025093
1.496000000000723	0.1116021069211004
1.497000000000716	0.1115581281287703
1.498000000000709	0.11151413769219809
1.4990000000007022	0.11147013566042152
1.5000000000006952	0.11142612193241996
1.5010000000006882	0.11138209661327858
1.5020000000006815	0.11133806005934699
1.5030000000006745	0.11129401285841378
1.5040000000006675	0.11124995446252106
1.5050000000006605	0.11120588519225993
1.5060000000006535	0.1111618044905216
1.5070000000006467	0.11111771298838868
1.5080000000006397	0.1110736102220431
1.5090000000006327	0.11102949538018125
1.5100000000006257	0.11098537001102193
1.5110000000006187	0.11094123398741351
1.512000000000612	0.1108970872928755
1.513000000000605	0.11085293008251496
1.514000000000598	0.11080876146645735
1.5150000000005912	0.11076458110750231
1.5160000000005842	0.11072039056037619
1.5170000000005772	0.1106761892638739
1.5180000000005702	0.11063197700630722
1.5190000000005632	0.11058775503816076
1.5200000000005565	0.11054352052530492
1.5210000000005495	0.11049927498384471
1.5220000000005425	0.11045502104148774
1.5230000000005357	0.11041075589017235
1.5240000000005285	0.11036647981818115
1.5250000000005217	0.1103221935578188
1.5260000000005147	0.11027789576815294
1.5270000000005077	0.11023358663262761
1.528000000000501	0.11018926886938885
1.529000000000494	0.11014494044348788
1.530000000000487	0.11010060001847621
1.53100000000048	0.1100562495335985
1.532000000000473	0.11001188957123509
1.5330000000004662	0.10996751966062679
1.5340000000004592	0.10992314003325465
1.5350000000004522	0.10987874902653627
1.5360000000004455	0.1098343455924653
1.5370000000004385	0.10978993354187727
1.5380000000004315	0.10974551244293451
1.5390000000004245	0.10970108070925011
1.5400000000004175	0.10965663901655054
1.5410000000004107	0.10961218672949624
1.5420000000004037	0.10956772401123738
1.5430000000003967	0.10952325130368279
1.5440000000003897	0.10947876823828118
1.5450000000003827	0.10943427564030916
1.546000000000376	0.10938977294094554
1.547000000000369	0.10934526054197058
1.548000000000362	0.10930073699385301
1.549000000000355	0.10925620495297395
1.5500000000003482	0.10921166335490473
1.5510000000003412	0.1091671096650414
1.5520000000003342	0.10912254776367458
1.5530000000003272	0.10907797659965479
1.5540000000003205	0.10903339530385436
1.5550000000003135	0.10898880484191864
1.5560000000003065	0.10894420106929736
1.5570000000002997	0.1088995922093765
1.5580000000002925	0.10885497138534994
1.5590000000002857	0.10881034112934085
1.5600000000002787	0.10876570169826494
1.5610000000002717	0.10872105223874373
1.5620000000002647	0.10867639392322748
1.5630000000002577	0.10863172617250005
1.564000000000251	0.10858704686296128
1.565000000000244	0.10854235935481005
1.566000000000237	0.10849766438503938
1.5670000000002302	0.10845295856138104
1.5680000000002232	0.10840824152572204
1.5690000000002162	0.10836351631015728
1.5700000000002092	0.10831878329231903
1.5710000000002025	0.10827403999659824
1.5720000000001955	0.10822928661231113
1.5730000000001885	0.10818452472262186
1.5740000000001815	0.10813975386450014
1.5750000000001747	0.10809497458465422
1.5760000000001675	0.10805018345537565
1.5770000000001607	0.10800538633470458
1.5780000000001537	0.1079605777922642
1.5790000000001467	0.10791576104295708
1.58000000000014	0.10787093565097794
1.581000000000133	0.10782610097312195
1.582000000000126	0.1077812570495893
1.583000000000119	0.10773640395663919
1.584000000000112	0.10769154233006539
1.5850000000001052	0.10764667134873651
1.5860000000000982	0.10760179281814775
1.5870000000000912	0.10755690501137449
1.5880000000000845	0.10751200661261995
1.5890000000000775	0.10746710069830367
1.5900000000000705	0.10742218748523369
1.5910000000000635	0.10737726326608987
1.5920000000000565	0.10733233062780723
1.5930000000000497	0.10728739088023242
1.5940000000000427	0.10724244160111285
1.5950000000000357	0.10719748310219879
1.5960000000000287	0.10715251592609787
1.5970000000000217	0.10710754166290504
1.598000000000015	0.1070625573829076
1.599000000000008	0.10701756453181044
1.600000000000001	0.10697256495629459
1.6009999999999942	0.10692755591841496
1.6019999999999872	0.10688253801130021
1.6029999999999802	0.10683751219666371
1.6039999999999732	0.10679247807156178
1.6049999999999662	0.10674743512774054
1.6059999999999595	0.1067023843169499
1.6069999999999525	0.10665732528677652
1.6079999999999455	0.10661225740740599
1.6089999999999387	0.10656718177516877
1.6099999999999315	0.10652209793733947
1.6109999999999247	0.1064770059001019
1.6119999999999177	0.10643190511671508
1.6129999999999107	0.10638679661750527
1.6139999999999037	0.10634168142578371
1.614999999999897	0.1062965564565792
1.61599999999989	0.10625142331464998
1.616999999999883	0.1062062835039076
1.617999999999876	0.10616113486186296
1.6189999999998692	0.10611597826130736
1.6199999999998622	0.10607081378102856
1.6209999999998552	0.10602564213161225
1.6219999999998485	0.10598045892333441
1.6229999999998415	0.10593527401587532
1.6239999999998345	0.10589007838371822
1.6249999999998275	0.10584487221635586
1.6259999999998205	0.10579966288667264
1.6269999999998137	0.10575444319476646
1.6279999999998067	0.1057092165644059
1.6289999999997997	0.10566398229258456
1.6299999999997927	0.10561873976807257
1.6309999999997857	0.10557349070014377
1.631999999999779	0.10552823350189999
1.632999999999772	0.10548296813061175
1.633999999999765	0.10543769511060663
1.634999999999758	0.10539241492643592
1.6359999999997512	0.10534712828955817
1.6369999999997442	0.10530183333559406
1.6379999999997372	0.10525653110347744
1.6389999999997302	0.10521122181094278
1.6399999999997235	0.10516590450377361
1.6409999999997165	0.10512058023504145
1.6419999999997095	0.10507524890379683
1.6429999999997025	0.10502990997178607
1.6439999999996955	0.10498456354017449
1.6449999999996887	0.1049392101461436
1.6459999999996817	0.10489384894166687
1.6469999999996747	0.10484848142730585
1.6479999999996677	0.10480310719083996
1.6489999999996607	0.10475772435531594
1.649999999999654	0.1047123346039438
1.650999999999647	0.10466693878641442
1.65199999999964	0.10462153603072699
1.6529999999996332	0.10457612611450362
1.6539999999996262	0.10453070821053712
1.6549999999996192	0.10448528413470692
1.6559999999996122	0.10443985378369536
1.6569999999996052	0.1043944156836486
1.6579999999995985	0.10434897046913949
1.6589999999995915	0.10430351776323832
1.6599999999995845	0.10425805922301667
1.6609999999995777	0.10421259444531727
1.6619999999995705	0.10416712256060201
1.6629999999995637	0.10412164360204201
1.6639999999995567	0.10407615799256154
1.6649999999995497	0.10403066577702647
1.665999999999543	0.10398516658973167
1.666999999999536	0.10393966084246375
1.667999999999529	0.10389414869268498
1.668999999999522	0.10384863018286061
1.669999999999515	0.10380310495832767
1.6709999999995082	0.10375757338413616
1.6719999999995012	0.10371203481347957
1.6729999999994942	0.1036664909602566
1.6739999999994875	0.10362093983382947
1.6749999999994805	0.10357538169097413
1.6759999999994735	0.10352981833580333
1.6769999999994665	0.10348424820246571
1.6779999999994595	0.1034386720829027
1.6789999999994527	0.10339308838573835
1.6799999999994457	0.10334749873429439
1.6809999999994387	0.10330190397479044
1.6819999999994317	0.103256302513561
1.6829999999994247	0.10321069484536505
1.683999999999418	0.10316508103872091
1.684999999999411	0.1031194607432998
1.685999999999404	0.1030738342085813
1.6869999999993972	0.10302820219509701
1.6879999999993902	0.10298256430773323
1.6889999999993832	0.10293691767194524
1.6899999999993762	0.10289126939323123
1.6909999999993692	0.10284561343420007
1.6919999999993625	0.10279995103697825
1.6929999999993555	0.10275428261099062
1.6939999999993485	0.10270860963809236
1.6949999999993415	0.10266292912124042
1.6959999999993345	0.10261724278916518
1.6969999999993277	0.10257155240322768
1.6979999999993207	0.10252585320549779
1.6989999999993137	0.10248015247783582
1.6999999999993067	0.10243444308361871
1.7009999999993	0.10238872790934206
1.701999999999293	0.10234300882265213
1.702999999999286	0.10229728333803778
1.703999999999279	0.10225155105538486
1.7049999999992722	0.10220581440385068
1.7059999999992652	0.10216007118334713
1.7069999999992582	0.10211432330421544
1.7079999999992515	0.10206857075106957
1.7089999999992442	0.10202281158891047
1.7099999999992375	0.1019770465087464
1.7109999999992305	0.10193127668778934
1.7119999999992235	0.10188550112591399
1.7129999999992167	0.10183972071617331
1.7139999999992095	0.10179393507300705
1.7149999999992027	0.10174814364535789
1.7159999999991957	0.1017023468527114
1.7169999999991887	0.10165654522403622
1.717999999999182	0.10161073823823241
1.718999999999175	0.10156492562697428
1.719999999999168	0.10151910820428
1.720999999999161	0.10147328578153014
1.721999999999154	0.10142745795605068
1.7229999999991472	0.10138162492306535
1.7239999999991402	0.10133578647351293
1.7249999999991332	0.10128994426312743
1.7259999999991265	0.1012440967796755
1.7269999999991195	0.10119824273685363
1.7279999999991125	0.10115238446148356
1.7289999999991055	0.10110652224201955
1.7299999999990985	0.10106065468716863
1.7309999999990917	0.10101478191141955
1.7319999999990847	0.1009689039539291
1.7329999999990777	0.10092302200191816
1.7339999999990707	0.10087713467818349
1.7349999999990655	0.10083124260096876
1.7359999999990614	0.100785346266274
1.7369999999990573	0.10073944468020712
1.7379999999990532	0.10069353912407308
1.7389999999990489	0.10064762821554807
1.7399999999990448	0.10060171275317109
1.7409999999990406	0.10055579257699732
1.7419999999990363	0.10050986733337475
1.7429999999990322	0.10046393723685287
1.743999999999028	0.10041800438040704
1.744999999999024	0.10037206676656663
1.74599999999902	0.100326123169443
1.7469999999990156	0.10028017537617229
1.7479999999990115	0.10023422452703612
1.7489999999990071	0.10018826914036183
1.749999999999003	0.10014230782745503
1.7509999999990045	0.10009634362086317
1.751999999999006	0.10005037500612368
1.7529999999990071	0.10000440140602074
1.7539999999990086	0.099958423531889
1.75499999999901	0.09991244152828482
1.7559999999990115	0.09986645587517096
1.756999999999013	0.09982046408665601
1.7579999999990141	0.09977447144605511
1.7589999999990156	0.09972847300325538
1.759999999999017	0.09968247037339673
1.7609999999990182	0.0996364624553675
1.7619999999990197	0.09959045099116948
1.7629999999990211	0.09954443662036438
1.7639999999990226	0.09949841854730557
1.7649999999990238	0.09945239572888598
1.7659999999990263	0.09940636858402252
1.7669999999990305	0.09936033744861539
1.7679999999990346	0.09931430293540544
1.7689999999990387	0.0992682651000234
1.769999999999043	0.09922222290144589
1.7709999999990471	0.0991761765971193
1.7719999999990512	0.09913012631674367
1.7729999999990556	0.09908407255329754
1.7739999999990597	0.09903801442119398
1.7749999999990638	0.09899195399834027
1.7759999999990679	0.09894589004107646
1.776999999999072	0.0988998208809736
1.7779999999990763	0.09885374808905889
1.7789999999990804	0.0988076719353621
1.7799999999990845	0.09876159285186281
1.7809999999990886	0.09871551101782927
1.781999999999093	0.09866942529877343
1.782999999999097	0.09862333533694378
1.7839999999991012	0.09857724121809819
1.7849999999991053	0.09853114370428606
1.7859999999991096	0.0984850432158273
1.7869999999991137	0.09843893968561446
1.7879999999991179	0.09839283360329265
1.788999999999122	0.09834672339093598
1.789999999999126	0.09830060971041954
1.7909999999991304	0.09825449259101027
1.7919999999991345	0.09820837285950634
1.7929999999991386	0.09816224882057079
1.7939999999991427	0.09811612213269605
1.794999999999147	0.09806999213631373
1.7959999999991512	0.09802385877808639
1.7969999999991553	0.09797772327591836
1.7979999999991594	0.09793158462279616
1.7989999999991637	0.09788544236844254
1.7999999999991678	0.09783929593857088
1.800999999999172	0.0977931471803477
1.801999999999176	0.09774699596204095
1.8029999999991801	0.0977008419944474
1.8039999999991845	0.0976546850090877
1.8049999999991886	0.09760852517164464
1.8059999999991927	0.09756235906942412
1.8069999999991968	0.09751619581489002
1.8079999999992011	0.09747002645445957
1.8089999999992052	0.09742385465773296
1.8099999999992094	0.09737768028065674
1.8109999999992135	0.09733150323709516
1.8119999999992178	0.0972853240769801
1.812999999999222	0.09723913951281316
1.813999999999226	0.09719295540851824
1.8149999999992301	0.0971467667779542
1.8159999999992344	0.09710057661811888
1.8169999999992386	0.09705438397376343
1.8179999999992427	0.09700818811744516
1.8189999999992468	0.09696198894095232
1.819999999999251	0.09691578742500062
1.8209999999992552	0.09686958413443358
1.8219999999992593	0.09682337773281902
1.8229999999992634	0.09677717032309174
1.8239999999992675	0.09673096034814654
1.8249999999992719	0.0966847462827658
1.825999999999276	0.09663853043187742
1.82699999999928	0.09659231222553943
1.8279999999992842	0.09654609198456454
1.8289999999992885	0.09649986937077126
1.8299999999992926	0.09645364444021465
1.8309999999992967	0.09640741743117487
1.8319999999993009	0.09636118809034633
1.8329999999993052	0.09631495707046767
1.8339999999993093	0.09626872206672865
1.8349999999993134	0.09622248791836929
1.8359999999993175	0.09617624927514368
1.8369999999993218	0.09613000915194048
1.837999999999326	0.09608376703725852
1.83899999999933	0.09603752324846959
1.8399999999993342	0.09599127767295579
1.8409999999993385	0.09594502946611017
1.8419999999993426	0.09589877861207452
1.8429999999993467	0.09585252631826024
1.8439999999993508	0.09580627198143732
1.844999999999355	0.09576001598322503
1.8459999999993593	0.09571375781090219
1.8469999999993634	0.09566749852207201
1.8479999999993675	0.09562123826690228
1.8489999999993716	0.09557497470262155
1.849999999999376	0.09552870976506656
1.85099999999938	0.09548244339862733
1.8519999999993841	0.09543617442389485
1.8529999999993882	0.09538990427621763
1.8539999999993926	0.09534363239433308
1.8549999999993967	0.09529735890846114
1.8559999999994008	0.09525108365361523
1.856999999999405	0.09520480677258625
1.857999999999409	0.09515852996207375
1.8589999999994133	0.09511225044930838
1.8599999999994175	0.09506596890111041
1.8609999999994216	0.09501968660787885
1.861999999999426	0.09497340272150812
1.86299999999943	0.09492711724012881
1.863999999999434	0.09488082999417369
1.8649999999994382	0.09483454164160177
1.8659999999994423	0.09478825212294528
1.8669999999994467	0.09474196095632026
1.8679999999994508	0.09469566856463896
1.8689999999994549	0.09464937506908966
1.869999999999459	0.0946030798983305
1.870999999999463	0.09455678444211246
1.8719999999994674	0.09451048749353641
1.8729999999994715	0.09446418823866032
1.8739999999994756	0.09441788917590699
1.87499999999948	0.09437158904996878
1.875999999999484	0.09432528604799206
1.8769999999994882	0.09427898308005589
1.8779999999994923	0.09423268028811549
1.8789999999994964	0.09418637488671577
1.8799999999995007	0.09414006837889488
1.8809999999995048	0.09409376173515638
1.881999999999509	0.0940474543238281
1.882999999999513	0.09400114542475557
1.8839999999995174	0.09395483567665497
1.8849999999995215	0.09390852549102613
1.8859999999995256	0.09386221371071168
1.8869999999995297	0.09381590089880687
1.887999999999534	0.09376958806835545
1.8889999999995382	0.093723274369371
1.8899999999995423	0.09367696000425796
1.8909999999995464	0.09363064484181305
1.8919999999995505	0.09358432878029543
1.8929999999995548	0.0935380118367446
1.893999999999559	0.09349169471065899
1.894999999999563	0.0934453771450866
1.8959999999995671	0.09339905876331034
1.8969999999995715	0.09335273991610293
1.8979999999995756	0.093306419921795
1.8989999999995797	0.09326009896527299
1.8999999999995838	0.0932137769889998
1.9009999999995881	0.09316745811149163
1.9019999999995922	0.0931211365581246
1.9029999999995963	0.0930748140557166
1.9039999999996005	0.09302849120183176
1.9049999999996048	0.09298216886181321
1.905999999999609	0.09293584626420603
1.906999999999613	0.09288952264404893
1.9079999999996171	0.09284319813832309
1.9089999999996214	0.09279687355175326
1.9099999999996256	0.09275054923470871
1.9109999999996297	0.0927042248927753
1.9119999999996338	0.09265790060470802
1.9129999999996379	0.0926115757683661
1.9139999999996422	0.09256525051447506
1.9149999999996463	0.09251892525486183
1.9159999999996504	0.09247260011791192
1.9169999999996545	0.09242627500237366
1.9179999999996589	0.09237994974026686
1.918999999999663	0.09233362485834884
1.919999999999667	0.09228729935889524
1.9209999999996712	0.0922409732347903
1.9219999999996755	0.0921946474366293
1.9229999999996796	0.09214832194924916
1.9239999999996837	0.09210199690073329
1.9249999999996878	0.0920556724254471
1.9259999999996922	0.09200934748898437
1.9269999999996963	0.09196302243795751
1.9279999999997004	0.09191669774878952
1.9289999999997045	0.0918703738188591
1.9299999999997088	0.09182404937942645
1.930999999999713	0.09177772509536919
1.931999999999717	0.0917314019358052
1.9329999999997212	0.09168507954417937
1.9339999999997253	0.09163875612819383
1.9349999999997296	0.09159243296840436
1.9359999999997337	0.09154611110066457
1.9369999999997378	0.09149978926766844
1.937999999999742	0.09145346786729869
1.9389999999997463	0.09140714749719447
1.9399999999997504	0.09136082695642034
1.9409999999997545	0.09131450689757759
1.9419999999997586	0.09126818745143606
1.942999999999763	0.09122186845712354
1.943999999999767	0.09117555006011335
1.9449999999997711	0.09112923279829599
1.9459999999997752	0.09108291623463094
1.9469999999997794	0.09103660010707859
1.9479999999997837	0.09099028441460144
1.9489999999997878	0.09094396941722316
1.949999999999792	0.09089765530643512
1.950999999999796	0.09085134245361037
1.9519999999998003	0.09080502983071193
1.9529999999998044	0.09075871740760033
1.9539999999998086	0.09071240607194953
1.9549999999998127	0.09066609590522545
1.955999999999817	0.09061978656705827
1.956999999999821	0.09057347826021722
1.9579999999998252	0.09052717064897553
1.9589999999998293	0.0904808646879619
1.9599999999998337	0.09043455947514067
1.9609999999998378	0.09038825473285517
1.9619999999998419	0.09034195058581918
1.962999999999846	0.0902956483022137
1.9639999999998503	0.09024934776090221
1.9649999999998544	0.09020304728016493
1.9659999999998585	0.09015674744970492
1.9669999999998626	0.09011044943525914
1.9679999999998667	0.09006415259110745
1.968999999999871	0.09001785697915121
1.9699999999998752	0.08997156233077042
1.9709999999998793	0.08992526854321725
1.9719999999998834	0.08987897578869763
1.9729999999998877	0.08983268630718588
1.9739999999998918	0.08978639769969887
1.974999999999896	0.0897401090938631
1.9759999999999	0.08969382206030407
1.9769999999999044	0.08964753596322217
1.9779999999999085	0.08960125269575436
1.9789999999999126	0.08955497072488439
1.9799999999999167	0.08950868901965658
1.980999999999921	0.0894624091788172
1.9819999999999252	0.08941613148336658
1.9829999999999293	0.0893698541259802
1.9839999999999334	0.08932357857737294
1.9849999999999375	0.08927730585895699
1.9859999999999418	0.08923103464354765
1.986999999999946	0.08918476407782328
1.98799999999995	0.08913849440895882
1.9889999999999541	0.08909222704332898
1.9899999999999585	0.08904596184362923
1.9909999999999626	0.08899969860632373
1.9919999999999667	0.088953437061432
1.9929999999999708	0.08890717684740257
1.9939999999999751	0.08886091757269299
1.9949999999999792	0.08881466187347986
1.9959999999999833	0.08876840728988544
1.9969999999999875	0.08872215422600349
1.9979999999999918	0.08867590262572134
1.998999999999996	0.08862965369445364
2.0	0.08858340768495054
2.0010279404845495	0.08853587037144439
2.0021217900815715	0.08848528720739379
2.0032857751923165	0.08843146212953912
2.004524391841744	0.08837419004625402
2.005842426366887	0.08831325031962955
2.007244970197923	0.088248406604994
2.0087374418720856	0.08817941021976383
2.0103256076664273	0.08810599360257143
2.0120156028936726	0.08802787477987684
2.013813957200875	0.08794475550498237
2.0157276178435577	0.08785631812457029
2.0177639781367303	0.08776221806717799
2.019930905358886	0.08766209259756386
2.0222367711443985	0.08755556038291246
2.024690484011897	0.08744221056445922
2.027301523572695	0.08732161347012668
2.0300799770731848	0.0871933022752931
2.033036578410754	0.08705678297030706
2.036182751117039	0.08691153852451938
2.039530649180409	0.08675701524022561
2.043093206833892	0.08659261777991645
2.046884188175661	0.08641771616966454
2.050918238233338	0.08623164727814614
2.0552109433735133	0.08603370662617449
2.059778886913171	0.0858231416839147
2.0646397170403086	0.08559915467242651
2.0698122132469665	0.08536089196045538
2.0753163565584574	0.08510745183503499
2.081173414838828	0.08483790211923337
2.0874060143976347	0.08455120150228235
2.094038234979271	0.08424624556251925
2.1010956980169606	0.08392196411218145
2.1086056699538682	0.08357715563725732
2.116597165034399	0.08321048984768609
2.125101056786564	0.08282062627867504
2.1341501990307465	0.08240615324501777
2.143779554474847	0.0819655388232492
2.1540263207146424	0.08149712921163643
2.1649300857539027	0.08099933216568445
2.1765329774064615	0.08047044861334007
2.1888798204423576	0.0799085545910787
2.2020183144046843	0.0793115804699065
2.2159992202680474	0.07867739721262468
2.2308765524295735	0.07800403571544867
2.246707783705272	0.07728932579164183
2.263554079768369	0.07653071748771412
2.2814805235907363	0.07572576315267898
2.3005563724108544	0.07487201366175389
2.320855322320133	0.0739668194905998
2.3424557929209753	0.07300740606959999
2.3654412374910825	0.0719910967243853
2.389900455657507	0.07091509418803987
2.41592795027163	0.06977652060465278
2.44362426638729	0.0685725759282858
2.473096411506492	0.06730044665983315
2.5044582437089975	0.06595718489034508
2.537830924630887	0.06454043047466906
2.5733433911797423	0.06304785557187897
2.611132843166974	0.06147659894279989
2.6513452603475027	0.05982462472600225
2.6941360153529494	0.05808959986959672
2.739670418177515	0.05627326747237571
2.788124380079947	0.054372665269290854
2.839685109337027	0.052388270847000706
2.894551789617174	0.050321256105525736
2.9529364084026577	0.048173337006151895
3.0150645170164534	0.04594784711880273
3.0811761422888653	0.04364937063122287
3.1515266965252042	0.04128359746981136
3.226387989377641	0.038856534856307134
3.30604919671757	0.036379906102626425
3.39081811677136	0.03386097450403014
3.4810222154328754	0.03131605330761711
3.577010018652917	0.028760136746797116
3.6791523315125145	0.026209305640855107
3.7878438030764574	0.02368156811248956
3.9035043177534527	0.021198478296638124
4.02658072998157	0.018780287933657602
4.157548527011607	0.016450167111823344
4.296913682346355	0.014227108396717703
4.445214635465608	0.012135769869357271
4.603024347307951	0.01019476503132788
4.770952424745148	0.008419196212155033
4.9496476786701376	0.006826761051373698
5.139800459354712	0.005423802354345586
5.342145448462832	0.0042099899910231775
5.557464321076707	0.003186822449694926
5.786588991858403	0.0023460197564985075
6.03040459644804	0.00167361622686224
6.289853138906711	0.0011543971001705122
6.565936951835777	0.0007670776600853246
6.859722633511745	0.0004881575690396378
7.172345245053396	0.0002972188734201575
7.505012494394354	0.0001716103191005125
7.859009576011049	9.34731091638552e-05
8.23570422033976	4.7915364655093384e-05
8.636551628113326	2.2819879194058146e-05
9.063100564489073	1.0291944876450465e-05
9.516998831091398	4.841977168656975e-06
10.0	3.1428095469410167e-06
