0.0	0.9999742875092703
0.0010000000000041087	0.9999744366678843
0.0020000000000082174	0.9999747896319521
0.003000000000012548	0.9999756616793778
0.004000000000016657	0.9999774150715292
0.005000000000020766	0.9999808551606868
0.006000000000024874	0.9999861146436632
0.007000000000029205	0.9999933314709859
0.008000000000033314	1.0000021355484294
0.009000000000037423	1.000011073557075
0.010000000000041753	1.0000187326484915
0.011000000000045862	1.0000226454217214
0.01200000000004997	1.0000213563996672
0.01300000000005408	1.000013822615927
0.01400000000005841	1.0000005940221293
0.015000000000062519	0.9999830194131892
0.016000000000066406	0.9999629826665255
0.017000000000070736	0.9999431632388598
0.018000000000074845	0.9999253516332834
0.019000000000078954	0.9999125686179163
0.020000000000083062	0.9999073822899254
0.021000000000087393	0.9999117022793672
0.022000000000091502	0.9999272828665716
0.02300000000009561	0.9999531587434938
0.02400000000009972	0.9999879592878556
0.02500000000010405	1.0000269409122462
0.02600000000010816	1.0000668896277531
0.027000000000112268	1.0001027159500333
0.0280000000001166	1.0001316329357652
0.029000000000120707	1.0001520322650734
0.030000000000124816	1.0001634033692632
0.031000000000128924	1.0001668284009337
0.032000000000133255	1.0001635601273118
0.033000000000137364	1.000153669357294
0.03400000000014147	1.0001382528629534
0.0350000000001458	1.0001175144521963
0.03600000000014991	1.0000911839624058
0.03700000000015402	1.0000597670994418
0.03800000000015813	1.000022874646367
0.03900000000016246	0.999983329685524
0.04000000000016657	0.999943335646671
0.04100000000017068	0.9999073146902758
0.04200000000017501	0.9998788549562375
0.04300000000017912	0.9998621575368842
0.044000000000183226	0.9998592714279068
0.045000000000187335	0.9998710604913943
0.046000000000191665	0.9998940879563369
0.04700000000019555	0.9999256355422835
0.04800000000019966	0.9999594709092697
0.04900000000020399	0.9999882593734153
0.0500000000002081	1.000009819297928
0.05100000000021221	1.0000207391634477
0.05200000000021632	1.0000230618488781
0.05300000000022065	1.000020166856481
0.05400000000022476	1.0000167702785157
0.055000000000228866	1.00001568318405
0.0560000000002332	1.000020491865853
0.057000000000237305	1.0000308879456612
0.058000000000241414	1.0000437459552813
0.05900000000024552	1.000052650315869
0.060000000000249853	1.000049669991495
0.06100000000025396	1.0000300241227469
0.06200000000025807	0.9999813095845921
0.0630000000002624	0.9999024792988637
0.06400000000026651	0.99979448270296
0.06500000000027062	0.9996681035242226
0.06600000000027473	0.999535782685035
0.06700000000027906	0.9994266298388981
0.06800000000028317	0.9993649385235983
0.06900000000028728	0.9993658139499257
0.0700000000002916	0.9994466233955531
0.07100000000029572	0.9996006537581532
0.07200000000029982	0.9998229224061405
0.07300000000030393	1.000085224999318
0.07400000000030826	1.0003589054653184
0.07500000000031237	1.000604947087379
0.07600000000031648	1.0007978184340252
0.07700000000032081	1.0009136095155344
0.0780000000003247	1.00093957509314
0.07900000000032881	1.0008729517824433
0.08000000000033292	1.0007223417686528
0.08100000000033725	1.000509377585384
0.08200000000034136	1.0002560907553237
0.08300000000034546	1.0000024885767753
0.0840000000003498	0.9997777145222172
0.0850000000003539	0.9996081427113513
0.08600000000035801	0.9994948575698595
0.08700000000036212	0.9994481606997897
0.08800000000036645	0.9994571912959631
0.08900000000037056	0.9995188298308574
0.09000000000037467	0.9996152581211826
0.091000000000379	0.9997412463811123
0.09200000000038311	0.99988047419288
0.09300000000038722	1.0000247679653018
0.09400000000039133	1.0001649718086494
0.09500000000039566	1.0002825724840259
0.09600000000039977	1.0003723447702182
0.09700000000040387	1.0004234679474961
0.0980000000004082	1.0004360811643875
0.09900000000041231	1.000416030642513
0.10000000000041642	1.0003712525417119
0.10100000000042053	1.0003167353320503
0.10200000000042486	1.0002582565826843
0.10300000000042897	1.0002041685301586
0.10400000000043308	1.0001534115352329
0.10500000000043741	1.0001001164037562
0.10600000000044152	1.0000434576079131
0.10700000000044563	0.9999952691799849
0.10800000000044951	0.9999606670710397
0.10900000000045384	0.9999381822428162
0.11000000000045795	0.9999205808144453
0.11100000000046206	0.9998938388082048
0.1120000000004664	0.9998588722582488
0.1130000000004705	0.9998130473946613
0.11400000000047461	0.9997621191764704
0.11500000000047872	0.9997148215538726
0.11600000000048305	0.9996755743957677
0.11700000000048716	0.999639919485864
0.11800000000049127	0.9995894166509807
0.1190000000004956	0.9995137375953753
0.12000000000049971	0.9994193413095498
0.12100000000050382	0.9993263473941126
0.12200000000050792	0.999279102998709
0.12300000000051226	0.9993196167864496
0.12400000000051636	0.9994591097219127
0.12500000000052047	0.999677716820293
0.1260000000005248	0.9999284102477151
0.1270000000005289	1.0001810410480616
0.12800000000053302	1.0004150224138566
0.12900000000053713	1.0006005537064406
0.13000000000054146	1.0007236450099333
0.13100000000054557	1.000793955663627
0.13200000000054968	1.0008361461987332
0.133000000000554	1.0008617322306614
0.13400000000055812	1.0008667133412132
0.13500000000056223	1.000828640602902
0.13600000000056633	1.0007411879642956
0.13700000000057067	1.0006185811320598
0.13800000000057477	1.0004888841871304
0.13900000000057866	1.0003683930217881
0.140000000000583	1.0002606742661815
0.1410000000005871	1.000157042888582
0.1420000000005912	1.0000333391135086
0.14300000000059532	0.9998666630428722
0.14400000000059965	0.9996503530682749
0.14500000000060376	0.9994009315876055
0.14600000000060787	0.9991400494168551
0.1470000000006122	0.9988767200507237
0.1480000000006163	0.9986151176530484
0.14900000000062041	0.9983702595191577
0.15000000000062452	0.9981692397549455
0.15100000000062885	0.9980465964473796
0.15200000000063296	0.998029963969496
0.15300000000063707	0.9981242118393633
0.1540000000006414	0.998311769072665
0.1550000000006455	0.9985604986388253
0.15600000000064962	0.9988529610360918
0.15700000000065373	0.9991966767368453
0.15800000000065806	0.9996077033651283
0.15900000000066217	1.0000576757897963
0.16000000000066628	1.0005413024957717
0.16100000000067038	1.0010340116021879
0.16200000000067472	1.0015642445938109
0.16300000000067882	1.002078000407955
0.16400000000068293	1.0025264244125236
0.16500000000068726	1.002825582234487
0.16600000000069137	1.0029396411121467
0.16700000000069548	1.0028495249811016
0.1680000000006996	1.0025557662779425
0.16900000000070392	1.0020864172962076
0.1700000000007078	1.001435471152267
0.17100000000071192	1.0006482245662072
0.17200000000071625	0.9998018386935836
0.17300000000072036	0.9990089987681274
0.17400000000072446	0.9983436718809249
0.17500000000072857	0.9978126570080423
0.1760000000007329	0.9974425741676944
0.177000000000737	0.9972179803708041
0.17800000000074112	0.9971128824871326
0.17900000000074545	0.9971334081023869
0.18000000000074956	0.9973008131822853
0.18100000000075367	0.9976527340075055
0.18200000000075778	0.9981725610907585
0.1830000000007621	0.9989005881746827
0.18400000000076622	0.9997679569710594
0.18500000000077033	1.0006447410257715
0.18600000000077466	1.0014376665820675
0.18700000000077877	1.0021046757957188
0.18800000000078287	1.0026600355321522
0.18900000000078698	1.0031079420259892
0.1900000000007913	1.003437033063415
0.19100000000079542	1.0035909080627101
0.19200000000079953	1.0035842708231142
0.19300000000080386	1.003451895666903
0.19400000000080797	1.0032395171354882
0.19500000000081208	1.0030034439251856
0.1960000000008162	1.0027089781860663
0.19700000000082052	1.0023398682150477
0.19800000000082463	1.0018869812833415
0.19900000000082874	1.001393674636518
0.20000000000083307	1.000786864773437
0.20100000000083695	1.0001116001671944
0.20200000000084106	0.9993410874784058
0.20300000000084517	0.9985151477048865
0.2040000000008495	0.9977021168311309
0.2050000000008536	0.9969339368493008
0.20600000000085772	0.9962151674320625
0.20700000000086205	0.995599401659577
0.20800000000086616	0.9950462675632926
0.20900000000087027	0.994560971442457
0.21000000000087438	0.9942018574584766
0.2110000000008787	0.9940731176868435
0.21200000000088282	0.994208380939359
0.21300000000088692	0.9946272372550041
0.21400000000089126	0.9953308780660256
0.21500000000089536	0.9963615505613502
0.21600000000089947	0.9976410160915966
0.21700000000090358	0.9993434422931179
0.2180000000009079	1.001395421262351
0.21900000000091202	1.0036832626824577
0.22000000000091613	1.006131388766073
0.22100000000092046	1.0086056626445337
0.22200000000092457	1.010951321421373
0.22300000000092868	1.013016788812955
0.2240000000009328	1.0147234415772102
0.22500000000093712	1.0160627141612897
0.22600000000094123	1.016885874633593
0.22700000000094533	1.0169226806495932
0.22800000000094967	1.0159730004738765
0.22900000000095377	1.0143386594555988
0.23000000000095788	1.0118437120105057
0.23100000000096177	1.00835707112503
0.2320000000009661	1.003706882813652
0.2330000000009702	0.9978219178049708
0.23400000000097432	0.9906392219566388
0.23500000000097865	0.9821709741447632
0.23600000000098276	0.9724059360922428
0.23700000000098687	0.9609572035557369
0.23800000000099097	0.9479131126409122
0.2390000000009953	0.9329137278052978
0.24000000000099941	0.9161497760283271
0.24100000000100352	0.8976198974137162
0.24200000000100785	0.876992041340206
0.24300000000101196	0.8544674782090437
0.24400000000101607	0.8296427646348624
0.24500000000102018	0.8029899847398916
0.2460000000010245	0.7747136164749379
0.24700000000102862	0.7448793148735463
0.24800000000103273	0.7134527979617207
0.24900000000103706	0.6805264989405678
0.25000000000104117	0.6461474582033571
0.2510000000010453	0.6105690125756891
0.2520000000010494	0.5738947759635524
0.2530000000010537	0.5365080648091588
0.2540000000010578	0.4986983534682814
0.25500000000106193	0.46063003263045543
0.25600000000106626	0.42227960060599234
0.25700000000107037	0.38386018184416937
0.2580000000010745	0.34588755487459555
0.2590000000010786	0.30877030984175013
0.2600000000010829	0.2726512521764939
0.26100000000108703	0.23780456426007057
0.2620000000010909	0.20432042063288836
0.26300000000109525	0.1727003728615497
0.26400000000109936	0.14317907849369993
0.26500000000110346	0.11575477205677431
0.2660000000011076	0.09049350498484887
0.2670000000011119	0.06737759567040447
0.268000000001116	0.046882181892159425
0.2690000000011201	0.028821948601884362
0.27000000000112445	0.01337489601242492
0.27100000000112856	0.0002220021636426539
0.27200000000113267	-0.010824382608666916
0.2730000000011368	-0.02000512285889222
0.2740000000011411	-0.026880651385862597
0.2750000000011452	-0.03164414821910988
0.2760000000011493	-0.034436803553159256
0.27700000000115366	-0.03533975406858514
0.27800000000115777	-0.034769218126696755
0.2790000000011619	-0.03264543370609729
0.280000000001166	-0.029408085257941696
0.2810000000011703	-0.025197362174754767
0.2820000000011744	-0.02023024121256989
0.28300000000117853	-0.014686403478528565
0.28400000000118286	-0.008999560712013688
0.28500000000118697	-0.003445036387038858
0.2860000000011911	0.001517136652684714
0.2870000000011952	0.00574240269399362
0.2880000000011995	0.009192446630970852
0.2890000000012036	0.011871712182086713
0.29000000000120774	0.01398322446331024
0.29100000000121207	0.015499662358602673
0.2920000000012162	0.016425130150590328
0.29300000000122006	0.016750140063704677
0.29400000000122417	0.016433773234859617
0.2950000000012285	0.015541103555727354
0.2960000000012326	0.014263067449402755
0.2970000000012367	0.012644533751248077
0.29800000000124083	0.010753714836293726
0.29900000000124516	0.00866088941957055
0.30000000000124927	0.006409664473435384
0.3010000000012534	0.004075211492730935
0.3020000000012577	0.0017673002691247497
0.3030000000012618	-0.0003382479383404746
0.3040000000012659	-0.002180384236870614
0.30500000000127003	-0.0037316824101045754
0.30600000000127436	-0.004959451895860445
0.3070000000012785	-0.005882818098356557
0.3080000000012826	-0.006573972309122933
0.3090000000012869	-0.006952489746592905
0.310000000001291	-0.007003905890490714
0.31100000000129513	-0.006847177363767942
0.31200000000129924	-0.00657290379166775
0.31300000000130357	-0.0062429593457205
0.3140000000013077	-0.005941419730553177
0.3150000000013118	-0.005692237224993679
0.3160000000013161	-0.005467819450881262
0.3170000000013202	-0.005214714536294851
0.31800000000132433	-0.004886905402837316
0.31900000000132844	-0.0044436389312796365
0.3200000000013328	-0.0038900245689050816
0.3210000000013369	-0.0032682827943473214
0.322000000001341	-0.002612497774469258
0.3230000000013453	-0.00197640101655594
0.3240000000013492	-0.0013434268396832483
0.3250000000013533	-0.0007265160019580552
0.3260000000013574	-0.00013669101091262625
0.32700000000136176	0.0004046221643310144
0.32800000000136587	0.0009336891455186125
0.32900000000137	0.0014370933587155577
0.3300000000013743	0.0018628793769618346
0.3310000000013784	0.0021629283932566024
0.3320000000013825	0.0023148652596098884
0.33300000000138663	0.0023125612727192824
0.33400000000139096	0.0021030082089125157
0.33500000000139507	0.0017688985213537567
0.3360000000013992	0.001362328606941965
0.3370000000014035	0.0009783031820201904
0.3380000000014076	0.0006531463129580972
0.3390000000014117	0.00040403509368791557
0.34000000000141584	0.0002034687442584726
0.34100000000142017	5.472767065861639e-06
0.3420000000014243	-0.0002234510393610556
0.3430000000014284	-0.0004921567561941842
0.3440000000014327	-0.0007945695199214065
0.3450000000014368	-0.0011053153493985057
0.34600000000144093	-0.0014143109110993368
0.34700000000144504	-0.0017240191523613113
0.34800000000144937	-0.0020386813875215015
0.3490000000014535	-0.002343468114425873
0.3500000000014576	-0.002629866248616164
0.3510000000014619	-0.0028846614420605654
0.35200000000146603	-0.0031138497674958465
0.35300000000147014	-0.003320986190940456
0.35400000000147425	-0.003497728856851845
0.35500000000147836	-0.003636215197745152
0.35600000000148246	-0.003716573426615799
0.3570000000014866	-0.0037247182716473315
0.3580000000014909	-0.003663639052367218
0.359000000001495	-0.0035390120957874416
0.3600000000014991	-0.0033606197469875365
0.36100000000150323	-0.0031336607010030715
0.36200000000150756	-0.002860601933754925
0.36300000000151167	-0.002560053251604355
0.3640000000015158	-0.002229104251431746
0.3650000000015201	-0.0018760918408589067
0.3660000000015242	-0.001507558890654126
0.3670000000015283	-0.0011231130761171215
0.36800000000153243	-0.0007368275000279034
0.36900000000153677	-0.0003545840131324862
0.3700000000015409	1.4683069958443262e-05
0.371000000001545	0.00037403706062844044
0.3720000000015493	0.0007138862999951368
0.3730000000015534	0.001035386938161853
0.37400000000155753	0.0013026875785956404
0.37500000000156164	0.0014969669673722263
0.37600000000156597	0.0015912717194060955
0.3770000000015701	0.0015752867085637723
0.3780000000015742	0.0014522211772869387
0.3790000000015785	0.001255136623664832
0.3800000000015826	0.0010214470080021076
0.38100000000158674	0.0007835899875628938
0.38200000000159084	0.000566247749187343
0.3830000000015952	0.00039582629847478845
0.3840000000015993	0.00027846802214648303
0.3850000000016034	0.00021540387262575234
0.3860000000016075	0.00021648046285438483
0.3870000000016116	0.0002717952219648545
0.3880000000016157	0.00039336353402563695
0.38900000000161983	0.0005804222052039343
0.39000000000162416	0.0008161343445634017
0.39100000000162827	0.0010699974850123528
0.3920000000016324	0.0013035419568404594
0.3930000000016367	0.0015071108152640011
0.3940000000016408	0.0016905770355165606
0.3950000000016449	0.0018764049673029026
0.39600000000164903	0.0020781513909984284
0.39700000000165336	0.0022948602141183994
0.3980000000016575	0.0025024388287735455
0.3990000000016616	0.0026642726278002238
0.4000000000016659	0.002744459877626171
0.40100000000167	0.0027450186643132035
0.40200000000167413	0.0026641392902398975
0.40300000000167824	0.0025150446601057697
0.40400000000168257	0.0023142923264152238
0.4050000000016867	0.002081658495394323
0.4060000000016908	0.0018404796224832376
0.4070000000016951	0.0016017769774376855
0.4080000000016992	0.0013747989602601596
0.40900000000170333	0.0011607523991072899
0.41000000000170744	0.0009682779036238598
0.4110000000017118	0.0008112073178059287
0.4120000000017159	0.0006868898228803433
0.41300000000172	0.0005758279659638932
0.4140000000017243	0.00045842756787684014
0.41500000000172843	0.000321419931941902
0.41600000000173254	0.00016528522579817295
0.4170000000017364	-7.087876896738621e-06
0.41800000000174076	-0.00018519199240496498
0.41900000000174487	-0.0003508628752264542
0.420000000001749	-0.0004939404582355866
0.4210000000017533	-0.0006013896527214957
0.4220000000017574	-0.0006658095220903881
0.4230000000017615	-0.0006912392428306546
0.42400000000176563	-0.0006818309255376409
0.42500000000176996	-0.0006389537212503349
0.42600000000177407	-0.0005678450090997877
0.4270000000017782	-0.0004705373662972079
0.4280000000017825	-0.0003453435569242824
0.4290000000017866	-0.00020011101038419632
0.4300000000017907	-4.171138656960949e-05
0.43100000000179484	0.00012693019292819852
0.43200000000179917	0.0003049817426927781
0.4330000000018033	0.0005094638051148515
0.4340000000018074	0.0007517550008173668
0.4350000000018115	0.0010381346411553194
0.4360000000018158	0.001362417830379048
0.43700000000181993	0.0017091089324221542
0.43800000000182404	0.0020651801092663735
0.43900000000182837	0.002410472027156052
0.4400000000018325	0.002733778251034047
0.4410000000018366	0.0030314431851286017
0.4420000000018407	0.003309120774190877
0.44300000000184503	0.0035672157414518013
0.44400000000184914	0.0038080624465944846
0.44500000000185325	0.004027618628900553
0.4460000000018576	0.004218283518438004
0.4470000000018617	0.004376372554617758
0.4480000000018656	0.004495661513142402
0.4490000000018697	0.00456028607371195
0.450000000001874	0.004570936936230563
0.4510000000018781	0.00452683339375648
0.45200000000188223	0.004427066121810763
0.45300000000188656	0.004279027676350022
0.45400000000189067	0.004093463772713579
0.4550000000018948	0.0038763590692287853
0.4560000000018989	0.0036258043539978413
0.4570000000019032	0.0033421897142766888
0.4580000000019073	0.003032162377299308
0.45900000000191143	0.0027030710183190143
0.46000000000191577	0.0023568275207966893
0.4610000000019199	0.0019881816874802727
0.462000000001924	0.001592995296163302
0.4630000000019281	0.001175538577976143
0.4640000000019324	0.0007467537900646137
0.46500000000193653	0.00031052997236435953
0.46600000000194064	-0.00011190525891269232
0.46700000000194497	-0.0004998238493461038
0.4680000000019491	-0.0008446167674376337
0.4690000000019532	-0.0011299637078834301
0.4700000000019573	-0.0013476268990646467
0.4710000000019616	-0.0015089936669694382
0.47200000000196574	-0.0016205544230676328
0.47300000000196984	-0.0016841157767091275
0.4740000000019742	-0.0017086871976368379
0.4750000000019783	-0.0017018755227562465
0.4760000000019824	-0.001667548778849115
0.4770000000019865	-0.0016175819973582861
0.47800000000199083	-0.0015571799654496843
0.4790000000019947	-0.0014877848967231877
0.48000000000199883	-0.0014021748886581253
0.48100000000200316	-0.0012934485628539605
0.48200000000200727	-0.0011614707242437738
0.4830000000020114	-0.0010018840993217815
0.4840000000020155	-0.000813790353960897
0.4850000000020198	-0.0005985238176937635
0.4860000000020239	-0.0003656071271023187
0.48700000000202803	-0.00011419874102402972
0.48800000000203236	0.00014671250482067855
0.4890000000020365	0.00040295504575016405
0.4900000000020406	0.0006357036388053849
0.4910000000020447	0.0008449194216276767
0.492000000002049	0.0010197981994132244
0.49300000000205313	0.001151468530110611
0.49400000000205724	0.0012397398334415
0.49500000000206157	0.0012795502798319536
0.4960000000020657	0.0012725761392198276
0.4970000000020698	0.0012158909128626716
0.4980000000020739	0.0011147042253742967
0.4990000000020782	0.0009673398646621312
0.5000000000020823	0.0007786930069132447
0.5010000000020864	0.0005672896146983186
0.5020000000020908	0.0003495773976219807
0.5030000000020949	0.00013481824242167484
0.504000000002099	-6.28036791456843e-05
0.5050000000021031	-0.00023982342003536772
0.5060000000021074	-0.0003997875499657244
0.5070000000021115	-0.0005401932451523095
0.5080000000021156	-0.0006635359187250334
0.50900000000212	-0.0007728020000141722
0.5100000000021239	-0.0008682718992505389
0.511000000002128	-0.00095119462790616
0.5120000000021321	-0.0010293932138292217
0.5130000000021364	-0.001115483247354776
0.5140000000021405	-0.0012183534542427044
0.5150000000021446	-0.0013458926483282951
0.516000000002149	-0.0015002280133693535
0.5170000000021531	-0.0016739801230292173
0.5180000000021572	-0.0018534914766954458
0.5190000000021613	-0.002024776735998657
0.5200000000021656	-0.002181536507557702
0.5210000000021697	-0.0023216208931142734
0.5220000000021738	-0.002445404490803993
0.5230000000021782	-0.00255105054670679
0.5240000000021823	-0.0026407188890016364
0.5250000000021864	-0.00271501252387063
0.5260000000021905	-0.0027823369141350973
0.5270000000021948	-0.0028470679534879917
0.5280000000021989	-0.002920074564527031
0.529000000002203	-0.003001192532397612
0.5300000000022074	-0.0030867898068698274
0.5310000000022115	-0.0031745168497285814
0.5320000000022156	-0.0032609101978378074
0.5330000000022197	-0.003335305348385109
0.534000000002224	-0.0033953842459621963
0.5350000000022281	-0.00342771662735597
0.5360000000022322	-0.00343652169673625
0.5370000000022366	-0.0034148872508406036
0.5380000000022407	-0.0033690428156381014
0.5390000000022448	-0.003308521125155117
0.5400000000022487	-0.0032422422296218834
0.541000000002253	-0.0031761936709251426
0.5420000000022571	-0.0031150194036837497
0.5430000000022612	-0.003058565301105931
0.5440000000022656	-0.0030061919453978625
0.5450000000022697	-0.002953680586195828
0.5460000000022738	-0.002898602848285581
0.5470000000022779	-0.00284035718173814
0.5480000000022822	-0.002779243756098726
0.5490000000022863	-0.0027168806259720846
0.5500000000022904	-0.002651236647597033
0.5510000000022948	-0.0025809542013484066
0.5520000000022989	-0.002504460590933455
0.553000000002303	-0.002417076598988377
0.5540000000023071	-0.002311471512350227
0.5550000000023114	-0.0021852219552396246
0.5560000000023155	-0.002040346863841247
0.5570000000023196	-0.0018828868627067674
0.558000000002324	-0.0017223292361525644
0.5590000000023281	-0.0015628254876478564
0.5600000000023322	-0.0014036564330204282
0.5610000000023363	-0.0012465843803475263
0.5620000000023406	-0.001093848884429205
0.5630000000023447	-0.0009471422076614555
0.5640000000023488	-0.0008059249687057957
0.5650000000023532	-0.0006707794215208285
0.5660000000023573	-0.0005439259375097372
0.5670000000023614	-0.0004255642831383355
0.5680000000023655	-0.0003120685844819615
0.5690000000023698	-0.00019761601740064805
0.5700000000023739	-8.032130702817497e-05
0.5710000000023778	3.873243008689631e-05
0.5720000000023819	0.00015884059740822742
0.5730000000023863	0.0002807227260350764
0.5740000000023904	0.0004049655923162865
0.5750000000023945	0.0005330623211559082
0.5760000000023988	0.000662332688104561
0.5770000000024029	0.0007876634187709008
0.578000000002407	0.0009076159058778455
0.5790000000024111	0.001020020996808202
0.5800000000024155	0.001125570106010776
0.5810000000024196	0.00122322428036592
0.5820000000024237	0.0013100773854545222
0.583000000002428	0.0013807627338501272
0.5840000000024321	0.0014288420330601515
0.5850000000024362	0.0014550110695615848
0.5860000000024403	0.0014512941164331883
0.5870000000024447	0.0014324662150908551
0.5880000000024488	0.0013991466139947617
0.5890000000024529	0.0013534158497757742
0.5900000000024572	0.0012971186543955238
0.5910000000024613	0.001222108029775848
0.5920000000024654	0.00112375399190634
0.5930000000024696	0.000999654876165268
0.5940000000024739	0.0008575224194909969
0.595000000002478	0.0007028666730914956
0.5960000000024821	0.0005397064959543618
0.5970000000024864	0.0003715502329734166
0.5980000000024905	0.00020058774924691658
0.5990000000024946	3.1158865678060366e-05
0.6000000000024988	-0.0001296641561916445
0.6010000000025031	-0.00027889060671548727
0.602000000002507	-0.00040673586699657704
0.6030000000025111	-0.0005100465870446769
0.6040000000025154	-0.000589474279059532
0.6050000000025195	-0.0006493528604418763
0.6060000000025236	-0.0006967792896170888
0.6070000000025277	-0.0007324264382067014
0.6080000000025321	-0.0007540635172806898
0.6090000000025362	-0.0007619695511953406
0.6100000000025403	-0.0007474258386483967
0.6110000000025446	-0.0007128139512058151
0.6120000000025487	-0.0006586345895012169
0.6130000000025528	-0.0005834608623371818
0.614000000002557	-0.0004910528868491415
0.6150000000025613	-0.0003816163949217355
0.6160000000025654	-0.00025752950900637117
0.6170000000025695	-0.0001231665892926781
0.6180000000025738	1.1626160345001857e-05
0.6190000000025779	0.0001374447349319352
0.620000000002582	0.0002500345572977736
0.6210000000025861	0.00034832192847489285
0.6220000000025905	0.0004344220029900425
0.6230000000025946	0.0005136858621650475
0.6240000000025987	0.0005913309759427721
0.625000000002603	0.0006740934611513261
0.6260000000026071	0.0007683523469516063
0.6270000000026112	0.0008739943938460559
0.6280000000026154	0.0009886901659305058
0.6290000000026197	0.0011046222178965337
0.6300000000026238	0.0012134929085293455
0.6310000000026279	0.0013053378332623655
0.6320000000026322	0.001376840070539176
0.6330000000026361	0.0014297931776702244
0.6340000000026402	0.0014628703261712062
0.6350000000026443	0.0014783954442419978
0.6360000000026487	0.0014812884785415648
0.6370000000026528	0.0014798213686252337
0.6380000000026569	0.0014786487551239347
0.6390000000026612	0.001481854109010361
0.6400000000026653	0.0014906574995293687
0.6410000000026694	0.0015001004134831408
0.6420000000026735	0.0015058855452199094
0.6430000000026779	0.0014952731468971248
0.644000000002682	0.0014645125274324045
0.6450000000026861	0.0014118565727148091
0.6460000000026904	0.0013462557530238284
0.6470000000026945	0.0012729278682854783
0.6480000000026986	0.0011946424085687024
0.6490000000027027	0.0011083877279032261
0.6500000000027071	0.0010186802852215626
0.6510000000027112	0.000931762966974059
0.6520000000027153	0.0008575432102745362
0.6530000000027196	0.0007964118935568365
0.6540000000027237	0.0007458994645896944
0.6550000000027278	0.0007034225672725158
0.656000000002732	0.0006651543590309172
0.6570000000027363	0.0006291690517261639
0.6580000000027404	0.0005978321074127102
0.6590000000027445	0.0005733022006412236
0.6600000000027488	0.000554781713024699
0.6610000000027529	0.0005413519854878812
0.662000000002757	0.0005312081779967892
0.6630000000027612	0.0005214894746239374
0.6640000000027653	0.000511227985712237
0.6650000000027694	0.0005015575401251526
0.6660000000027735	0.0004934572961597938
0.6670000000027778	0.0004848608546585975
0.6680000000027819	0.0004769238937376574
0.669000000002786	0.0004722006667473577
0.6700000000027901	0.0004737851210271371
0.6710000000027945	0.00048550068993069573
0.6720000000027986	0.0005110578498913609
0.6730000000028027	0.0005516955170677962
0.674000000002807	0.0006043771519422814
0.6750000000028111	0.0006684234129029631
0.6760000000028152	0.0007408857945135905
0.6770000000028193	0.0008146196226834768
0.6780000000028237	0.0008836774151462778
0.6790000000028278	0.000945270388749142
0.6800000000028319	0.0009993543249380288
0.6810000000028362	0.0010489317454550617
0.6820000000028403	0.0010977677166044142
0.6830000000028444	0.0011458176174109491
0.6840000000028486	0.0011919033778653443
0.6850000000028529	0.0012322535181845673
0.686000000002857	0.0012647037233451952
0.6870000000028611	0.0012860875445492859
0.6880000000028654	0.0012965649197584916
0.6890000000028695	0.0012966809055214856
0.6900000000028736	0.0012918909504471277
0.6910000000028778	0.0012873918468285783
0.6920000000028821	0.0012873327445427352
0.6930000000028862	0.0012949722702387811
0.6940000000028901	0.0013130568625887573
0.6950000000028944	0.0013418426260691785
0.6960000000028985	0.0013797130340980068
0.6970000000029026	0.0014268341641291427
0.6980000000029067	0.0014830003113481816
0.6990000000029111	0.0015476734019679306
0.7000000000029152	0.001622790036469146
0.7010000000029193	0.0017100843619053396
0.7020000000029236	0.001806367876048376
0.7030000000029277	0.0019073525538607639
0.7040000000029318	0.002006150919483085
0.705000000002936	0.0020995079974651665
0.7060000000029403	0.0021891068102055655
0.7070000000029444	0.0022803607847289298
0.7080000000029485	0.002374591315383423
0.7090000000029526	0.0024736686164112953
0.7100000000029569	0.0025754648401397073
0.711000000002961	0.002672512040285513
0.7120000000029651	0.0027562085490493438
0.7130000000029695	0.0028217511656821737
0.7140000000029736	0.0028707281471270774
0.7150000000029777	0.0029101482771083376
0.7160000000029818	0.0029456521035401417
0.7170000000029861	0.00297761436114663
0.7180000000029902	0.0030030733499400997
0.7190000000029944	0.0030177552553711795
0.7200000000029987	0.003015635119892446
0.7210000000030028	0.002990992179328522
0.7220000000030069	0.002939679233810555
0.723000000003011	0.0028662855856641523
0.7240000000030153	0.0027773557448319552
0.7250000000030195	0.002680590291535667
0.7260000000030233	0.002582946794518204
0.7270000000030277	0.00248640688589552
0.7280000000030318	0.0023928560130079823
0.7290000000030359	0.002302945210774343
0.73000000000304	0.0022165561143283607
0.7310000000030443	0.0021277517590005957
0.7320000000030484	0.0020311543167225166
0.7330000000030525	0.001918833463627756
0.7340000000030569	0.0017900454707253655
0.735000000003061	0.0016449514417139488
0.7360000000030651	0.001488013347654027
0.7370000000030692	0.0013244265129269683
0.7380000000030735	0.0011624642235539273
0.7390000000030776	0.001007867984137767
0.7400000000030817	0.0008633499874087791
0.7410000000030861	0.0007274827719124799
0.7420000000030902	0.0005970916955352346
0.7430000000030943	0.000471094532428884
0.7440000000030984	0.00034958234844473246
0.7450000000031027	0.00023440706020594337
0.7460000000031068	0.00012780016462043964
0.747000000003111	3.0292160313361016e-05
0.7480000000031153	-5.737531465865864e-05
0.7490000000031194	-0.00013641219027116236
0.7500000000031235	-0.00020940810514602504
0.7510000000031276	-0.00027705324178661783
0.7520000000031319	-0.00034180576246978234
0.753000000003136	-0.0004033061212624922
0.7540000000031402	-0.00045995282653210623
0.7550000000031445	-0.0005092496871306196
0.7560000000031484	-0.0005492227639378733
0.7570000000031525	-0.0005803933352939161
0.7580000000031566	-0.000606322030552997
0.7590000000031609	-0.0006330067658311123
0.760000000003165	-0.0006624520247118237
0.7610000000031691	-0.0006973431623222837
0.7620000000031735	-0.0007363032907079514
0.7630000000031776	-0.0007803880417691644
0.7640000000031817	-0.0008327705432675803
0.7650000000031858	-0.0009046503982992338
0.7660000000031901	-0.0009935399935372402
0.7670000000031942	-0.0011004037528128396
0.7680000000031983	-0.0012184789927780493
0.7690000000032027	-0.0013421216975841865
0.7700000000032068	-0.0014649527700008047
0.7710000000032109	-0.0015774176936274031
0.772000000003215	-0.001680722809187296
0.7730000000032193	-0.0017723011196564276
0.7740000000032234	-0.0018516600787463755
0.7750000000032276	-0.0019142732793957506
0.7760000000032319	-0.0019569871799913763
0.777000000003236	-0.0019816237371754752
0.7780000000032401	-0.0019902070716601994
0.7790000000032442	-0.0019849252290007335
0.7800000000032485	-0.001971976125737296
0.7810000000032526	-0.0019568449470057647
0.7820000000032568	-0.0019458989473493116
0.7830000000032611	-0.0019420479487022302
0.7840000000032652	-0.0019430163236149323
0.7850000000032693	-0.0019468951413437185
0.7860000000032734	-0.0019487581377681806
0.7870000000032777	-0.001941376139506179
0.7880000000032816	-0.001927199157767845
0.7890000000032857	-0.0019068956118617475
0.7900000000032901	-0.0018803209630793294
0.7910000000032942	-0.0018481406235753006
0.7920000000032983	-0.0018100474626485674
0.7930000000033024	-0.001766685982443006
0.7940000000033067	-0.0017200150228298128
0.7950000000033108	-0.0016684827274868752
0.796000000003315	-0.0016115330507775472
0.7970000000033193	-0.001547960011300642
0.7980000000033234	-0.001477727403520479
0.7990000000033275	-0.001399958819087166
0.8000000000033316	-0.0013145873439395217
0.8010000000033359	-0.0012234240358388604
0.80200000000334	-0.001126683095290959
0.8030000000033441	-0.001022378625563869
0.8040000000033485	-0.0009103632865519184
0.8050000000033526	-0.0007924276248629791
0.8060000000033567	-0.0006724744220816259
0.8070000000033608	-0.0005538987329833933
0.8080000000033651	-0.00043791868592890637
0.8090000000033692	-0.00032398338291894646
0.8100000000033734	-0.0002106524076583849
0.8110000000033777	-9.90457547582757e-05
0.8120000000033818	5.51357532596608e-06
0.8130000000033859	0.00010268957040548976
0.81400000000339	0.00019278828588409347
0.8150000000033943	0.00027704905464753793
0.8160000000033985	0.0003553890194922804
0.8170000000034026	0.00042536883725974306
0.8180000000034067	0.0004869125346700365
0.8190000000034108	0.0005411803138037907
0.8200000000034149	0.0005889616143573972
0.821000000003419	0.0006293853358022572
0.8220000000034233	0.0006618762288042035
0.8230000000034274	0.0006838518604636024
0.8240000000034315	0.0006928543614586058
0.8250000000034359	0.0006903532877063911
0.82600000000344	0.0006768708731526019
0.8270000000034441	0.0006540045842006181
0.8280000000034482	0.0006234027548017718
0.8290000000034525	0.0005863810607301678
0.8300000000034566	0.0005434735197138441
0.8310000000034607	0.0004935406652308849
0.8320000000034651	0.00043715508947894666
0.8330000000034692	0.00037584934197110176
0.8340000000034733	0.00031224592380163507
0.8350000000034774	0.0002491551184751195
0.8360000000034817	0.0001896206540570322
0.8370000000034858	0.00013622962466519617
0.83800000000349	9.062696435824247e-05
0.8390000000034943	5.5714921004756945e-05
0.8400000000034984	3.17813665372535e-05
0.8410000000035025	1.8080927846719774e-05
0.8420000000035066	1.278697487927527e-05
0.8430000000035109	1.4127463874524793e-05
0.844000000003515	2.1550839110817677e-05
0.8450000000035192	3.5488726726651265e-05
0.8460000000035233	5.3425727955969116e-05
0.8470000000035276	7.182100942126901e-05
0.8480000000035317	8.806217601597943e-05
0.8490000000035356	0.00010213305522521754
0.8500000000035399	0.00011334730954148942
0.851000000003544	0.00012141281829558537
0.8520000000035481	0.00012433624276431132
0.8530000000035523	0.00012067162980011759
0.8540000000035566	0.00010938097780988087
0.8550000000035607	9.063621528149213e-05
0.8560000000035648	6.53475511545043e-05
0.8570000000035691	3.3897508289526534e-05
0.8580000000035732	-2.8600318433547045e-06
0.8590000000035773	-4.45390632837217e-05
0.8600000000035815	-9.105329645930915e-05
0.8610000000035858	-0.00014068245280984826
0.8620000000035899	-0.00019277384194271718
0.863000000003594	-0.00024767401756453644
0.8640000000035983	-0.00030651125016212255
0.8650000000036024	-0.00037052421173333627
0.8660000000036066	-0.0004365640225263423
0.8670000000036107	-0.0005013230047450357
0.868000000003615	-0.0005640155404418312
0.8690000000036191	-0.0006247748900058969
0.8700000000036232	-0.0006861934568438421
0.8710000000036275	-0.0007458029885554218
0.8720000000036316	-0.0007997867604339071
0.8730000000036358	-0.0008439055527624806
0.8740000000036399	-0.0008797363601988906
0.8750000000036442	-0.0009095807445271831
0.8760000000036483	-0.0009363464242988506
0.8770000000036524	-0.000957717065537933
0.8780000000036567	-0.0009729723546767488
0.8790000000036609	-0.000981685084948225
0.8800000000036647	-0.0009853398990049556
0.8810000000036688	-0.0009840597381369776
0.8820000000036732	-0.0009786034459016157
0.8830000000036773	-0.0009698600698846427
0.8840000000036814	-0.0009565547416359177
0.8850000000036857	-0.0009371042947088348
0.8860000000036898	-0.0009094957809490101
0.887000000003694	-0.0008730868229998023
0.888000000003698	-0.0008297363144633696
0.8890000000037024	-0.0007803595925741647
0.8900000000037065	-0.0007258527891611521
0.8910000000037106	-0.0006665835500720974
0.8920000000037149	-0.0006030783049095767
0.893000000003719	-0.0005360635781292977
0.8940000000037231	-0.00046691026797685
0.8950000000037273	-0.0003947049389803059
0.8960000000037316	-0.00031785922960736457
0.8970000000037357	-0.0002365309960838946
0.8980000000037398	-0.0001521678737139709
0.8990000000037441	-6.649017946247504e-05
0.9000000000037482	1.9689277025669583e-05
0.9010000000037524	0.00010751846275014465
0.9020000000037565	0.00019705619347321068
0.9030000000037608	0.00028546820677255447
0.9040000000037649	0.00037113032767166487
0.905000000003769	0.0004519527634354592
0.9060000000037733	0.00052980332638497
0.9070000000037775	0.0006050426876225146
0.9080000000037816	0.000677748134969014
0.9090000000037857	0.0007473751313107346
0.91000000000379	0.0008123083111185592
0.9110000000037939	0.0008722830730760744
0.912000000003798	0.0009278288950569369
0.9130000000038023	0.0009789291548008006
0.9140000000038064	0.0010252552696013995
0.9150000000038105	0.0010670247997659477
0.9160000000038147	0.0011055199051372977
0.917000000003819	0.001139587074635684
0.9180000000038231	0.0011693308145022119
0.9190000000038272	0.0011941593696355168
0.9200000000038315	0.0012138598537667633
0.9210000000038356	0.0012278998365553573
0.9220000000038397	0.001234285723687445
0.9230000000038439	0.0012321369337233712
0.9240000000038482	0.0012229362671446475
0.9250000000038523	0.0012068669089095874
0.9260000000038564	0.0011865485491606709
0.9270000000038607	0.001162006620308853
0.9280000000038648	0.0011351433531514576
0.929000000003869	0.0011066821650149716
0.9300000000038731	0.0010778115271188327
0.9310000000038774	0.0010474591621416618
0.9320000000038815	0.0010150256476743058
0.9330000000038856	0.0009800398228745344
0.9340000000038899	0.0009441613758992551
0.935000000003894	0.0009081788582946393
0.9360000000038982	0.0008724516498763712
0.9370000000039023	0.0008373467037257054
0.9380000000039066	0.0008033630325864349
0.9390000000039107	0.0007706342127592469
0.9400000000039148	0.0007381234176201401
0.9410000000039191	0.0007041550277091524
0.942000000003923	0.0006692410481874411
0.9430000000039271	0.0006336821870250864
0.9440000000039312	0.0005994431973305181
0.9450000000039356	0.0005683478785225571
0.9460000000039397	0.0005413160987886023
0.9470000000039438	0.0005196519900114716
0.9480000000039481	0.0005026319561635129
0.9490000000039522	0.0004882882316440407
0.9500000000039563	0.00047506102689132135
0.9510000000039605	0.00046187620224014125
0.9520000000039648	0.0004487938040991235
0.9530000000039689	0.0004349856904783955
0.954000000003973	0.0004191777842148525
0.9550000000039773	0.0004003073860582296
0.9560000000039814	0.0003782718581684108
0.9570000000039856	0.0003532685783401712
0.9580000000039897	0.0003260731446128595
0.959000000003994	0.00029705401015034383
0.9600000000039981	0.0002666254600165452
0.9610000000040022	0.0002360908816720908
0.9620000000040065	0.00020722835624209512
0.9630000000040106	0.0001820306768208768
0.9640000000040148	0.00016085505617979834
0.9650000000040189	0.00014533539022043573
0.9660000000040232	0.00013391089555669922
0.9670000000040273	0.00012633868031008966
0.9680000000040314	0.00012083239697424641
0.9690000000040357	0.00011736523075345229
0.9700000000040399	0.00011510257686542236
0.9710000000040437	0.00011258727857876849
0.9720000000040478	0.00011030789985488898
0.9730000000040522	0.00010884938994648596
0.9740000000040563	0.00010918022876482691
0.9750000000040604	0.00011148895921242463
0.9760000000040647	0.00011514704442205925
0.9770000000040688	0.00012046410928490126
0.978000000004073	0.0001278974874657779
0.979000000004077	0.00013750431796688556
0.9800000000040812	0.00014878232252579782
0.9810000000040855	0.00016149685539645908
0.9820000000040896	0.0001750302131021675
0.9830000000040937	0.00018925241247202962
0.984000000004098	0.00020404168131027411
0.9850000000041004	0.00022033958012268595
0.9860000000041018	0.00023958361090692382
0.987000000004103	0.0002618056847019101
0.9880000000041045	0.000286608743939043
0.9890000000041059	0.0003132419621765248
0.9900000000041072	0.00034150385495446134
0.9910000000041086	0.0003708396377801737
0.99200000000411	0.00040142084252181576
0.9930000000041115	0.00043257224509940517
0.9940000000041127	0.00046382423990909416
0.9950000000041141	0.0004949891654706384
0.9960000000041156	0.0005257252834393045
0.997000000004117	0.0005556547396662337
0.9980000000041185	0.0005850026661320396
0.9990000000041197	0.000614267172326155
1.0000000000041211	0.0006429055560273067
1.001000000004117	0.0006700894382498657
1.002000000004113	0.0006950307798707644
1.0030000000041086	0.0007174633418569609
1.0040000000041045	0.0007368014076253315
1.0050000000041002	0.0007523348297192589
1.006000000004096	0.000764281010442236
1.007000000004092	0.0007733103247397066
1.0080000000040878	0.0007798094304771741
1.0090000000040837	0.0007839542515076792
1.0100000000040794	0.0007863408947741402
1.0110000000040753	0.000787276067358067
1.012000000004071	0.0007874641393728066
1.0130000000040669	0.0007876662609713758
1.0140000000040628	0.0007874126447751095
1.0150000000040587	0.0007866480717156898
1.0160000000040534	0.0007852669341966712
1.0170000000040464	0.0007826736431162384
1.0180000000040397	0.000778050122113072
1.0190000000040325	0.000770235169001543
1.0200000000040257	0.000758501299139569
1.021000000004019	0.0007431395709520672
1.0220000000040117	0.0007249798496482551
1.023000000004005	0.0007040666913894489
1.0240000000039977	0.0006814105065027221
1.025000000003991	0.0006567565002608688
1.026000000003984	0.0006312038000625408
1.027000000003977	0.0006051295987427041
1.0280000000039702	0.0005796356616324383
1.0290000000039632	0.0005542986245422599
1.0300000000039562	0.0005284337642079695
1.0310000000039494	0.0005016992070823179
1.0320000000039424	0.0004745168154773882
1.0330000000039354	0.0004474926845959848
1.0340000000039287	0.0004210186640767333
1.0350000000039217	0.0003954235149234986
1.0360000000039147	0.00037070354426838037
1.0370000000039077	0.0003465502135484577
1.0380000000039007	0.000322887083568979
1.039000000003894	0.0002990689061836971
1.0400000000038867	0.00027453006601418917
1.04100000000388	0.00024914794213448666
1.0420000000038732	0.00022334420821812362
1.043000000003866	0.00019731504105002795
1.0440000000038592	0.00017034861381171051
1.0450000000038522	0.00014203425917480583
1.0460000000038452	0.00011141722374941043
1.0470000000038384	7.819809570608349e-05
1.0480000000038314	4.302238348785625e-05
1.0490000000038244	5.870113582107095e-06
1.0500000000038174	-3.3775174489436566e-05
1.0510000000038104	-7.650463081976255e-05
1.0520000000038037	-0.000121341331812852
1.0530000000037967	-0.00016824411670035566
1.0540000000037897	-0.00021776366942627412
1.055000000003783	-0.0002693617545959093
1.056000000003776	-0.0003224591987962544
1.057000000003769	-0.00037590020237709965
1.0580000000037622	-0.00042925669229632035
1.059000000003755	-0.0004826448653136861
1.0600000000037482	-0.000536451845561281
1.0610000000037412	-0.0005903346896918293
1.0620000000037342	-0.0006426270971879866
1.0630000000037274	-0.0006925939409652138
1.0640000000037202	-0.0007403900330154034
1.0650000000037134	-0.0007864256942222703
1.0660000000037064	-0.0008315528830860064
1.0670000000036994	-0.0008763066336903158
1.0680000000036927	-0.0009209372939655847
1.0690000000036857	-0.0009663641281667523
1.0700000000036787	-0.0010129049215086283
1.071000000003672	-0.0010599698471109864
1.072000000003665	-0.001107016873755251
1.073000000003658	-0.0011533109173738065
1.0740000000036511	-0.001198791881056982
1.075000000003644	-0.0012430664638913846
1.0760000000036372	-0.0012846699883959367
1.0770000000036304	-0.001322708919731408
1.0780000000036232	-0.0013564545490876156
1.0790000000036164	-0.001387334348925684
1.0800000000036092	-0.0014158775340400442
1.0810000000036024	-0.0014422760539833934
1.0820000000035954	-0.001466469723955921
1.0830000000035884	-0.0014883557813352155
1.0840000000035817	-0.0015078405058781552
1.0850000000035747	-0.0015249783533828332
1.0860000000035677	-0.001538721180781133
1.087000000003561	-0.0015487922248886843
1.088000000003554	-0.0015546984067840164
1.089000000003547	-0.0015562549285892402
1.0900000000035401	-0.0015548823003928014
1.091000000003533	-0.0015500665949319536
1.0920000000035262	-0.0015413498096750189
1.0930000000035192	-0.001529428840264524
1.0940000000035122	-0.001514702338424545
1.0950000000035054	-0.0014978155102323143
1.0960000000034982	-0.0014782937462913814
1.0970000000034914	-0.00145722233786727
1.0980000000034844	-0.0014356727931479352
1.0990000000034774	-0.0014144373530444732
1.1000000000034706	-0.0013937983269396437
1.1010000000034637	-0.0013731567349077878
1.1020000000034567	-0.0013519160647450512
1.1030000000034499	-0.0013295100582872976
1.104000000003443	-0.0013054886404217925
1.105000000003436	-0.0012796978663165426
1.106000000003429	-0.0012518110308668007
1.107000000003422	-0.0012214002964223702
1.1080000000034151	-0.0011876999575810565
1.1090000000034081	-0.0011499567712656145
1.1100000000034012	-0.0011080734053181551
1.1110000000033944	-0.0010623571514798424
1.1120000000033872	-0.0010128005133529516
1.1130000000033804	-0.0009601217480972313
1.1140000000033736	-0.0009057178633227192
1.1150000000033664	-0.0008508174935688562
1.1160000000033596	-0.0007965015844351164
1.1170000000033526	-0.000742952087068538
1.1180000000033457	-0.0006893972197983267
1.1190000000033387	-0.0006351551174166303
1.1200000000033317	-0.0005791687552794134
1.121000000003325	-0.0005215303440975205
1.122000000003318	-0.00046183280427114504
1.123000000003311	-0.00040010681053792574
1.1240000000033041	-0.000336379881866522
1.1250000000032971	-0.0002713120904151989
1.1260000000032901	-0.0002046354521834104
1.1270000000032834	-0.0001360188815122676
1.1280000000032764	-6.562491834949391e-05
1.1290000000032694	6.5495177877794575e-06
1.1300000000032626	8.040384395890943e-05
1.1310000000032554	0.00015529719310558576
1.1320000000032486	0.0002303962730723086
1.1330000000032414	0.0003048384108603752
1.1340000000032346	0.0003776224041607268
1.1350000000032279	0.00044847949608106674
1.1360000000032207	0.0005176982535273211
1.1370000000032139	0.0005850646929679293
1.138000000003207	0.0006504576301298304
1.1390000000032	0.0007131900583020601
1.1400000000031931	0.0007729256350315072
1.1410000000031861	0.0008295133675025879
1.1420000000031791	0.0008829841381832182
1.1430000000031724	0.0009341774469551201
1.1440000000031654	0.000983642289732689
1.1450000000031584	0.001032440309024496
1.1460000000031516	0.001080945673010758
1.1470000000031444	0.0011287116304196099
1.1480000000031376	0.0011756874589354815
1.1490000000031304	0.0012220101536863925
1.1500000000031236	0.001266212586886084
1.1510000000031169	0.0013073685442942518
1.1520000000031096	0.0013456073283587555
1.1530000000031029	0.0013814867958021892
1.1540000000030959	0.001415174178865941
1.155000000003089	0.001445459579493602
1.1560000000030821	0.0014728582046055205
1.1570000000030751	0.0014982600894866138
1.1580000000030681	0.0015228404884061186
1.1590000000030614	0.0015467650486163942
1.1600000000030544	0.0015701816502275978
1.1610000000030474	0.001592524414420371
1.1620000000030404	0.001613617243021892
1.1630000000030334	0.0016339208313173037
1.1640000000030266	0.001653775248804057
1.1650000000030196	0.001672132222077738
1.1660000000030126	0.001688292967842897
1.1670000000030059	0.0017019018931710983
1.1680000000029986	0.001713136290602657
1.1690000000029919	0.0017217966225820946
1.1700000000029849	0.001726871910452843
1.1710000000029779	0.0017280506180378241
1.172000000002971	0.0017255328709144813
1.1730000000029641	0.0017199774954592684
1.1740000000029571	0.0017114794596283511
1.1750000000029501	0.0017009536943808357
1.1760000000029431	0.0016889026370316973
1.1770000000029364	0.0016752707123628419
1.1780000000029294	0.0016592512739145304
1.1790000000029224	0.0016407656335385434
1.1800000000029156	0.0016199667538403517
1.1810000000029086	0.00159702004085982
1.1820000000029016	0.0015733006064440058
1.1830000000028948	0.0015494030665585967
1.1840000000028876	0.0015244636061334527
1.1850000000028809	0.0014976777266419994
1.186000000002874	0.001468143328542948
1.1870000000028669	0.0014359132047495615
1.18800000000286	0.0013999313300008254
1.1890000000028529	0.001360080253422491
1.1900000000028461	0.001316274226250802
1.1910000000028391	0.0012685924781536961
1.1920000000028321	0.0012181681858780546
1.1930000000028254	0.0011657956292706606
1.1940000000028184	0.0011115979506450824
1.1950000000028114	0.0010563356186091832
1.1960000000028046	0.0010005269741812928
1.1970000000027976	0.0009442721641512719
1.1980000000027906	0.0008881190978311526
1.1990000000027838	0.0008323228019644358
1.2000000000027768	0.000777276129800275
1.2010000000027699	0.0007240869467077804
1.2020000000027629	0.0006722611621874375
1.2030000000027559	0.0006216606354667586
1.204000000002749	0.0005720386533676347
1.2050000000027419	0.0005230658272001865
1.206000000002735	0.00047529057326423096
1.2070000000027283	0.0004284553249315204
1.2080000000027211	0.00038239918180127397
1.2090000000027143	0.00033772432850975864
1.2100000000027074	0.0002940591673037396
1.2110000000027004	0.00025066664492434665
1.2120000000026936	0.0002066456720428711
1.2130000000026866	0.00016238630010834143
1.2140000000026796	0.00011880499847205517
1.2150000000026726	7.526446473182791e-05
1.2160000000026656	3.1516873442383186e-05
1.2170000000026588	-1.2682998658197775e-05
1.2180000000026519	-5.756727028427555e-05
1.2190000000026449	-0.00010276505723050278
1.220000000002638	-0.00014767585757535784
1.2210000000026309	-0.0001917087311129606
1.222000000002624	-0.0002341284692657375
1.2230000000026173	-0.00027470058768197525
1.2240000000026101	-0.00031294032465734034
1.2250000000026033	-0.00034915853226569205
1.2260000000025963	-0.00038367807897121686
1.2270000000025894	-0.00041741420937935203
1.2280000000025826	-0.0004506789244460574
1.2290000000025754	-0.00048309335282703536
1.2300000000025686	-0.0005134325022624342
1.2310000000025616	-0.0005407693764414301
1.2320000000025546	-0.0005646986657619202
1.2330000000025478	-0.0005846761247252363
1.2340000000025408	-0.0006008129736490009
1.2350000000025338	-0.0006137314465808341
1.236000000002527	-0.0006238764194295143
1.23700000000252	-0.0006320518352864735
1.238000000002513	-0.0006390848827324547
1.2390000000025063	-0.0006448981995184067
1.240000000002499	-0.0006492537004207932
1.2410000000024923	-0.0006527620295879721
1.2420000000024853	-0.0006560516878990619
1.2430000000024783	-0.0006595720614515077
1.2440000000024716	-0.0006629663817705467
1.2450000000024644	-0.0006652968560350025
1.2460000000024576	-0.0006662969330646362
1.2470000000024506	-0.0006664097300677074
1.2480000000024436	-0.0006658085753894483
1.2490000000024368	-0.0006633970625038454
1.2500000000024298	-0.0006591239419440065
1.2510000000024228	-0.0006530812119898144
1.252000000002416	-0.0006456099409954952
1.253000000002409	-0.0006370359481255861
1.254000000002402	-0.0006271002111029045
1.2550000000023953	-0.0006155620073147183
1.256000000002388	-0.0006026984985705308
1.2570000000023813	-0.0005886350017449971
1.2580000000023743	-0.0005731629481309231
1.2590000000023673	-0.0005558454433218785
1.2600000000023606	-0.0005374699445384046
1.2610000000023533	-0.0005188579800323723
1.2620000000023466	-0.0004997332506511132
1.2630000000023396	-0.0004793933771931602
1.2640000000023326	-0.00045746630036314073
1.2650000000023258	-0.0004349997131678496
1.2660000000023188	-0.0004126797728902787
1.2670000000023118	-0.00039007312522221227
1.268000000002305	-0.0003668588509135873
1.269000000002298	-0.00034269211320414605
1.270000000002291	-0.0003179437773506155
1.271000000002284	-0.00029324839497735233
1.272000000002277	-0.00026926873734800516
1.2730000000022703	-0.0002459847230433798
1.2740000000022633	-0.0002234919219583631
1.2750000000022563	-0.0002022986174261554
1.2760000000022496	-0.00018209510064237655
1.2770000000022423	-0.0001622435552430801
1.2780000000022356	-0.00014284664676789127
1.2790000000022288	-0.00012432109008542191
1.2800000000022216	-0.00010678683643661202
1.2810000000022148	-8.957239761242519e-05
1.2820000000022078	-7.162067243027259e-05
1.2830000000022008	-5.335472996947921e-05
1.2840000000021938	-3.509324179318263e-05
1.2850000000021868	-1.67039675267322e-05
1.28600000000218	1.8349145992635485e-06
1.287000000002173	2.0619236734131796e-05
1.288000000002166	3.96519819674257e-05
1.2890000000021593	5.8919205229268634e-05
1.2900000000021523	7.825994061194663e-05
1.2910000000021453	9.736300503582207e-05
1.2920000000021385	0.00011640454984107595
1.2930000000021313	0.00013551348741547287
1.2940000000021246	0.00015457902505555676
1.2950000000021178	0.00017349632560048622
1.2960000000021106	0.00019215354662249773
1.2970000000021038	0.00021048701239845258
1.2980000000020966	0.00022819693996378732
1.2990000000020898	0.00024553822413042603
1.3000000000020828	0.00026318782419021414
1.3010000000020758	0.00028178436955195174
1.302000000002069	0.00030148905400784187
1.303000000002062	0.00032232733604597996
1.304000000002055	0.0003438327301695798
1.3050000000020483	0.0003655792091714627
1.3060000000020413	0.0003870088568777019
1.3070000000020343	0.00040814659492738325
1.3080000000020275	0.00042930497685123026
1.3090000000020205	0.0004513482740018393
1.3100000000020136	0.00047493406947540784
1.3110000000020068	0.000499546655007066
1.3120000000019996	0.0005238802925094932
1.3130000000019928	0.0005472150847894985
1.3140000000019856	0.0005697183228108305
1.3150000000019788	0.0005918869022084605
1.316000000001972	0.0006143869169966676
1.3170000000019648	0.0006377782191067105
1.318000000001958	0.0006618840173975293
1.319000000001951	0.0006863046520372285
1.320000000001944	0.0007106112214347871
1.3210000000019373	0.0007344594946443461
1.3220000000019303	0.0007576395803490232
1.3230000000019233	0.000780176214023931
1.3240000000019165	0.000801997901385576
1.3250000000019095	0.0008225853531393934
1.3260000000019025	0.000841780981044149
1.3270000000018956	0.0008598558816121926
1.3280000000018886	0.0008775576764094017
1.3290000000018818	0.0008953097506783081
1.3300000000018748	0.0009125224336553606
1.3310000000018678	0.0009285926033256731
1.332000000001861	0.0009439151555047376
1.3330000000018538	0.0009595577079112294
1.334000000001847	0.0009760852444894441
1.33500000000184	0.0009928142073429846
1.336000000001833	0.0010089126562472517
1.3370000000018263	0.0010236542346089283
1.3380000000018193	0.0010372065761019567
1.3390000000018123	0.0010496973220417427
1.3400000000018053	0.0010608463019128322
1.3410000000017983	0.001070347752754608
1.3420000000017915	0.0010780245454410364
1.3430000000017845	0.001082793016674577
1.3440000000017776	0.0010844536493118673
1.3450000000017708	0.001083288782110614
1.3460000000017638	0.0010807322182060375
1.3470000000017568	0.0010784297454433656
1.34800000000175	0.001076767413166646
1.3490000000017428	0.0010752641043816347
1.350000000001736	0.0010726856136260565
1.3510000000017293	0.0010677505686171873
1.352000000001722	0.001059124055545091
1.3530000000017153	0.0010462175830023845
1.354000000001708	0.0010293718918555905
1.3550000000017013	0.0010094327090175437
1.3560000000016943	0.0009894815527796696
1.3570000000016873	0.0009724732836562389
1.3580000000016805	0.0009596333783796762
1.3590000000016735	0.0009497556380129168
1.3600000000016665	0.000940728642609967
1.3610000000016598	0.0009328256226808218
1.3620000000016528	0.0009265480675573201
1.3630000000016458	0.0009223296983064122
1.364000000001639	0.0009188599768199524
1.3650000000016318	0.00091548652566531
1.366000000001625	0.0009109079733233827
1.367000000001618	0.0009048696733763295
1.368000000001611	0.0008985929343634513
1.3690000000016043	0.0008945695381461505
1.370000000001597	0.000894253206336737
1.3710000000015903	0.0008956703390924359
1.3720000000015833	0.0008969709829003136
1.3730000000015763	0.0008966724495372835
1.3740000000015695	0.0008959057124942049
1.3750000000015625	0.0008944066227772884
1.3760000000015555	0.0008924876563141115
1.3770000000015488	0.0008904323274323556
1.3780000000015418	0.0008884857441974203
1.3790000000015348	0.0008855878676818918
1.3800000000015278	0.0008807750762670485
1.3810000000015208	0.0008751293343889355
1.382000000001514	0.000870543566612092
1.383000000001507	0.0008674834661369646
1.3840000000015	0.0008645769057679109
1.3850000000014933	0.0008611016193889043
1.386000000001486	0.0008565562263087578
1.3870000000014793	0.0008531727724170324
1.3880000000014725	0.0008521897730001671
1.3890000000014653	0.0008522004953398499
1.3900000000014585	0.000850811692521658
1.3910000000014515	0.0008469791711731567
1.3920000000014445	0.000840076435408621
1.3930000000014378	0.000829345000042947
1.3940000000014305	0.0008149906160098697
1.3950000000014238	0.0007992936184681998
1.3960000000014168	0.0007850924327328368
1.3970000000014098	0.0007737911428216115
1.398000000001403	0.0007655246560491769
1.399000000001396	0.0007592991087179701
1.400000000001389	0.0007548774610360853
1.4010000000013823	0.0007519932338657664
1.4020000000013753	0.0007496367908723656
1.4030000000013683	0.0007471686559288315
1.4040000000013615	0.0007445160267716133
1.4050000000013543	0.0007416043765329228
1.4060000000013475	0.000737408661067307
1.4070000000013405	0.0007318302984679059
1.4080000000013335	0.0007261196320247354
1.4090000000013267	0.0007209730935444636
1.4100000000013195	0.0007156285972946819
1.4110000000013128	0.0007109048091433756
1.4120000000013058	0.0007061792902146591
1.4130000000012988	0.0007007444150353148
1.414000000001292	0.0006951536132173697
1.415000000001285	0.0006911959454440897
1.416000000001278	0.000689079433104367
1.4170000000012712	0.0006868680087418477
1.4180000000012642	0.000683995164477702
1.4190000000012573	0.0006802808300696572
1.4200000000012505	0.0006757187701380563
1.4210000000012433	0.0006697965690252161
1.4220000000012365	0.0006623294023517801
1.4230000000012293	0.0006538899632143602
1.4240000000012225	0.0006447338980484218
1.4250000000012157	0.0006349941386134539
1.4260000000012085	0.0006243917536845611
1.4270000000012018	0.0006129413095412595
1.4280000000011948	0.0006010094805373178
1.4290000000011878	0.0005878517941289019
1.430000000001181	0.0005733180953055861
1.431000000001174	0.0005584593567695695
1.432000000001167	0.000543348197089788
1.4330000000011602	0.0005286257540899619
1.4340000000011532	0.0005145917497292318
1.4350000000011462	0.0005008840183995389
1.4360000000011393	0.00048726778697261164
1.4370000000011323	0.00047410237451184223
1.4380000000011255	0.00046111759337841285
1.4390000000011185	0.0004483248938984552
1.4400000000011115	0.0004361434976748457
1.4410000000011047	0.00042419355733569475
1.4420000000010975	0.00041217463034914914
1.4430000000010907	0.0003997475047914367
1.4440000000010837	0.00038591975234303355
1.4450000000010768	0.0003702533135030439
1.44600000000107	0.0003530901304834577
1.447000000001063	0.00033439406573110286
1.448000000001056	0.00031380860774832264
1.449000000001049	0.00029225326844595223
1.450000000001042	0.00026935937650984787
1.4510000000010352	0.000244968965490755
1.4520000000010282	0.00021884888180956352
1.4530000000010213	0.00019151181125576233
1.4540000000010145	0.0001636375103646337
1.4550000000010075	0.0001350175780774343
1.4560000000010005	0.00010488313097101187
1.4570000000009937	7.335467848657018e-05
1.4580000000009865	4.093506589852858e-05
1.4590000000009797	7.94406285020699e-06
1.460000000000973	-2.6002750013187637e-05
1.4610000000009657	-6.0267299187843903e-05
1.462000000000959	-9.356271303118113e-05
1.4630000000009518	-0.0001258109757027448
1.464000000000945	-0.00015801131581150152
1.465000000000938	-0.00019028970962908787
1.466000000000931	-0.00022239972682047693
1.4670000000009242	-0.0002542272019552261
1.4680000000009172	-0.00028511713914269876
1.4690000000009102	-0.0003151125327163218
1.4700000000009035	-0.00034463075617008343
1.4710000000008965	-0.0003735014034009776
1.4720000000008895	-0.000401549593659567
1.4730000000008827	-0.00042874787288416094
1.4740000000008757	-0.00045466530932780636
1.4750000000008687	-0.0004796309714860669
1.476000000000862	-0.0005043655795868851
1.4770000000008547	-0.0005296922987758634
1.478000000000848	-0.0005543609216396295
1.4790000000008408	-0.0005775076000291701
1.480000000000834	-0.0005987516430496775
1.4810000000008272	-0.0006193388541706479
1.48200000000082	-0.0006401724511080342
1.4830000000008132	-0.0006610428153783765
1.4840000000008062	-0.0006816349895921725
1.4850000000007992	-0.0007013734633352087
1.4860000000007925	-0.0007209151655962476
1.4870000000007855	-0.0007407011199704883
1.4880000000007785	-0.0007603526772446134
1.4890000000007717	-0.0007792618744872915
1.4900000000007645	-0.0007971602104455133
1.4910000000007577	-0.0008145845658580342
1.4920000000007507	-0.0008309648356852328
1.4930000000007437	-0.0008469514285807112
1.494000000000737	-0.0008621703307167827
1.49500000000073	-0.0008758477191923575
1.496000000000723	-0.0008873246098239918
1.497000000000716	-0.0008973786289749874
1.498000000000709	-0.0009079668303031418
1.4990000000007022	-0.0009193764288024653
1.5000000000006952	-0.0009297233277028027
1.5010000000006882	-0.0009372841919650376
1.5020000000006815	-0.0009416716322294683
1.5030000000006745	-0.0009433701420029639
1.5040000000006675	-0.0009432920221090768
1.5050000000006605	-0.0009419798179028938
1.5060000000006535	-0.0009399636011540036
1.5070000000006467	-0.0009374063196476712
1.5080000000006397	-0.0009349720647904292
1.5090000000006327	-0.0009325590080551116
1.5100000000006257	-0.0009287861093199012
1.5110000000006187	-0.000924107196316637
1.512000000000612	-0.0009185143436130083
1.513000000000605	-0.0009115602366911446
1.514000000000598	-0.000903279093462217
1.5150000000005912	-0.0008923020409361548
1.5160000000005842	-0.0008792796778196443
1.5170000000005772	-0.0008659743272509957
1.5180000000005702	-0.0008531562500855294
1.5190000000005632	-0.0008416310410395145
1.5200000000005565	-0.0008310989414812564
1.5210000000005495	-0.0008206129560843767
1.5220000000005425	-0.0008092940984665287
1.5230000000005357	-0.0007958093392517185
1.5240000000005285	-0.0007807280552492024
1.5250000000005217	-0.0007642040394892913
1.5260000000005147	-0.0007456381057076023
1.5270000000005077	-0.0007249963376616542
1.528000000000501	-0.0007030870234230324
1.529000000000494	-0.0006800270016500409
1.530000000000487	-0.0006551044741915923
1.53100000000048	-0.0006287339824462279
1.532000000000473	-0.0006025086292220649
1.5330000000004662	-0.0005764808790866827
1.5340000000004592	-0.0005503813998402052
1.5350000000004522	-0.0005243075625709359
1.5360000000004455	-0.0004979875069648365
1.5370000000004385	-0.00047179046545409165
1.5380000000004315	-0.00044493669339940034
1.5390000000004245	-0.0004167778724109006
1.5400000000004175	-0.0003862701659538281
1.5410000000004107	-0.0003526228916534979
1.5420000000004037	-0.0003154746912288342
1.5430000000003967	-0.00027561485586735657
1.5440000000003897	-0.000234777873037606
1.5450000000003827	-0.00019633574094579664
1.546000000000376	-0.0001616271469533359
1.547000000000369	-0.0001299782267081273
1.548000000000362	-9.80803228685101e-05
1.549000000000355	-6.386921900181086e-05
1.5500000000003482	-2.9172964006507485e-05
1.5510000000003412	7.6110912681226495e-06
1.5520000000003342	4.6450574212264506e-05
1.5530000000003272	8.570696619614182e-05
1.5540000000003205	0.00012264257030647485
1.5550000000003135	0.0001563438349716506
1.5560000000003065	0.00018660040278373202
1.5570000000002997	0.0002148843920856125
1.5580000000002925	0.00024323800733738743
1.5590000000002857	0.00027330467504915745
1.5600000000002787	0.00030616466157007416
1.5610000000002717	0.0003416336457640057
1.5620000000002647	0.0003789992781823015
1.5630000000002577	0.00041632241568545503
1.564000000000251	0.00045414253078934763
1.565000000000244	0.0004923298697039336
1.566000000000237	0.0005305720070927222
1.5670000000002302	0.0005686705549055038
1.5680000000002232	0.0006054669371087229
1.5690000000002162	0.000640070822646277
1.5700000000002092	0.0006732610704869302
1.5710000000002025	0.0007048163361955684
1.5720000000001955	0.0007342270024921493
1.5730000000001885	0.0007617482777858564
1.5740000000001815	0.0007867325499660849
1.5750000000001747	0.0008087134184092681
1.5760000000001675	0.000828797339233911
1.5770000000001607	0.0008476143882223397
1.5780000000001537	0.0008654374823598987
1.5790000000001467	0.0008812402765246974
1.58000000000014	0.0008955919964094283
1.581000000000133	0.0009090197144860923
1.582000000000126	0.0009223522670713802
1.583000000000119	0.0009362207552923163
1.584000000000112	0.0009509782495620289
1.5850000000001052	0.0009667814349780812
1.5860000000000982	0.0009827156592344677
1.5870000000000912	0.000998485823438533
1.5880000000000845	0.0010132993279634572
1.5890000000000775	0.0010266074205488307
1.5900000000000705	0.0010372563638773036
1.5910000000000635	0.0010455327885978694
1.5920000000000565	0.0010522429444144166
1.5930000000000497	0.0010570397554232613
1.5940000000000427	0.0010599764138627954
1.5950000000000357	0.0010607908937236843
1.5960000000000287	0.0010587303428093442
1.5970000000000217	0.0010549923888355517
1.598000000000015	0.0010487602940548735
1.599000000000008	0.0010398694665921804
1.600000000000001	0.0010291289445687468
1.6009999999999942	0.0010172592090560428
1.6019999999999872	0.0010054036083753104
1.6029999999999802	0.0009927757522630865
1.6039999999999732	0.0009797118157630624
1.6049999999999662	0.0009659721138748356
1.6059999999999595	0.0009509498830455598
1.6069999999999525	0.0009356515432339396
1.6079999999999455	0.0009207759866816101
1.6089999999999387	0.0009062946757821821
1.6099999999999315	0.0008923088725860673
1.6109999999999247	0.000878113539074965
1.6119999999999177	0.0008636510540402931
1.6129999999999107	0.0008489338906478849
1.6139999999999037	0.0008345622769623251
1.614999999999897	0.0008199000746320628
1.61599999999989	0.0008042553667375607
1.616999999999883	0.0007885739643342937
1.617999999999876	0.0007718134248626551
1.6189999999998692	0.0007535928424790006
1.6199999999998622	0.0007326549932694659
1.6209999999998552	0.0007090758421017807
1.6219999999998485	0.0006835132945836042
1.6229999999998415	0.0006567453431955972
1.6239999999998345	0.0006299292660087996
1.6249999999998275	0.0006026763133047952
1.6259999999998205	0.0005763056926053611
1.6269999999998137	0.0005508277942107842
1.6279999999998067	0.000526271037959769
1.6289999999997997	0.0005021690964490677
1.6299999999997927	0.0004781213574949206
1.6309999999997857	0.00045420460593037504
1.631999999999779	0.00043045660329821267
1.632999999999772	0.0004071267771160736
1.633999999999765	0.0003845887954545546
1.634999999999758	0.0003627733815274592
1.6359999999997512	0.00034117209795780923
1.6369999999997442	0.00032004185399081564
1.6379999999997372	0.00029998479928528
1.6389999999997302	0.00028109396163289446
1.6399999999997235	0.00026344583505677477
1.6409999999997165	0.00024644015488151094
1.6419999999997095	0.00022976394910190212
1.6429999999997025	0.00021260213425544627
1.6439999999996955	0.00019425301398656725
1.6449999999996887	0.00017551213421851397
1.6459999999996817	0.0001563984242438643
1.6469999999996747	0.00013663635545158037
1.6479999999996677	0.00011609805790580019
1.6489999999996607	9.48680288526127e-05
1.649999999999654	7.330616584333427e-05
1.650999999999647	5.1447448315977695e-05
1.65199999999964	2.927690778153913e-05
1.6529999999996332	6.302279472958361e-06
1.6539999999996262	-1.708502681596613e-05
1.6549999999996192	-4.01625462334021e-05
1.6559999999996122	-6.292709931043916e-05
1.6569999999996052	-8.466671987727992e-05
1.6579999999995985	-0.00010498551953164181
1.6589999999995915	-0.00012354652522517107
1.6599999999995845	-0.0001406128794134709
1.6609999999995777	-0.00015669366926829298
1.6619999999995705	-0.0001723170675682617
1.6629999999995637	-0.0001873669881848894
1.6639999999995567	-0.0002014754983250544
1.6649999999995497	-0.000215506721378933
1.665999999999543	-0.00022971415994921252
1.666999999999536	-0.00024396382264990635
1.667999999999529	-0.0002578483589303904
1.668999999999522	-0.000270711411931579
1.669999999999515	-0.0002825305936202671
1.6709999999995082	-0.00029284010541896777
1.6719999999995012	-0.0003017018056932219
1.6729999999994942	-0.0003092370505033415
1.6739999999994875	-0.00031612627343702293
1.6749999999994805	-0.0003223250597026439
1.6759999999994735	-0.00032759841194107686
1.6769999999994665	-0.000331934079572882
1.6779999999994595	-0.0003354804959112556
1.6789999999994527	-0.000338377500484377
1.6799999999994457	-0.00034108588861858635
1.6809999999994387	-0.0003438832561937222
1.6819999999994317	-0.0003465345578193002
1.6829999999994247	-0.00034882984441053644
1.683999999999418	-0.00035137267072671285
1.684999999999411	-0.0003544067929694972
1.685999999999404	-0.00035737682160918993
1.6869999999993972	-0.00036058796762850065
1.6879999999993902	-0.00036370400583773943
1.6889999999993832	-0.00036659486794610174
1.6899999999993762	-0.00036960632897931056
1.6909999999993692	-0.00037393143519781624
1.6919999999993625	-0.00037796713982318764
1.6929999999993555	-0.00038156779694054066
1.6939999999993485	-0.00038498837511458106
1.6949999999993415	-0.00038818995171108206
1.6959999999993345	-0.00039082902529541386
1.6969999999993277	-0.0003924511474642234
1.6979999999993207	-0.00039354147484327306
1.6989999999993137	-0.00039345775285015705
1.6999999999993067	-0.00039294643306320154
1.7009999999993	-0.0003908152921434649
1.701999999999293	-0.0003880990638296389
1.702999999999286	-0.0003858045973013091
1.703999999999279	-0.0003815178684958287
1.7049999999992722	-0.00037581063198111053
1.7059999999992652	-0.000369471972723856
1.7069999999992582	-0.0003621828671278582
1.7079999999992515	-0.00035332194004356055
1.7089999999992442	-0.0003437410167359545
1.7099999999992375	-0.00033342469419483933
1.7109999999992305	-0.00032235788738854687
1.7119999999992235	-0.0003093818048442998
1.7129999999992167	-0.00029459065520098804
1.7139999999992095	-0.0002787162089170625
1.7149999999992027	-0.0002633975632597707
1.7159999999991957	-0.00024906157759252423
1.7169999999991887	-0.00023540122431553456
1.717999999999182	-0.000222557339289553
1.718999999999175	-0.00021007014442875338
1.719999999999168	-0.00019768078748039208
1.720999999999161	-0.00018498341201200752
1.721999999999154	-0.00017209794511030552
1.7229999999991472	-0.00015788898195912004
1.7239999999991402	-0.0001432119299273893
1.7249999999991332	-0.00012893350314002738
1.7259999999991265	-0.00011541123470437675
1.7269999999991195	-0.00010242893505485462
1.7279999999991125	-8.921669607753202e-05
1.7289999999991055	-7.593230473501578e-05
1.7299999999990985	-6.338343965817117e-05
1.7309999999990917	-5.2017367252465974e-05
1.7319999999990847	-4.098644428385256e-05
1.7329999999990777	-2.974333458172218e-05
1.7339999999990707	-1.8477608399791734e-05
1.7349999999990655	-6.937982201415949e-06
1.7359999999990614	4.615087977444254e-06
1.7369999999990573	1.5916005157934343e-05
1.7379999999990532	2.7472483740131892e-05
1.7389999999990489	3.925077456212733e-05
1.7399999999990448	5.025662788193941e-05
1.7409999999990406	5.9922180155824734e-05
1.7419999999990363	6.888536826377134e-05
1.7429999999990322	7.73004899795593e-05
1.743999999999028	8.546666308228978e-05
1.744999999999024	9.329057796303442e-05
1.74599999999902	0.00010079584923561313
1.7469999999990156	0.0001083273668416318
1.7479999999990115	0.00011594122970792764
1.7489999999990071	0.0001232696808418643
1.749999999999003	0.00013048441562846236
1.7509999999990045	0.00013769781321892882
1.751999999999006	0.00014523668715560323
1.7529999999990071	0.00015386768274061602
1.7539999999990086	0.00016410670761857205
1.75499999999901	0.00017581926808463155
1.7559999999990115	0.0001878278121486554
1.756999999999013	0.00019838452538734064
1.7579999999990141	0.00020776360455576626
1.7589999999990156	0.0002175196207510055
1.759999999999017	0.00022820884874596992
1.7609999999990182	0.00023998816712911264
1.7619999999990197	0.00025146354919070024
1.7629999999990211	0.00026137856171015716
1.7639999999990226	0.00026885853726577036
1.7649999999990238	0.0002746291460911099
1.7659999999990263	0.0002792381498538665
1.7669999999990305	0.0002830391490853401
1.7679999999990346	0.0002870771877352407
1.7689999999990387	0.00029201451402505185
1.769999999999043	0.00029749464094708244
1.7709999999990471	0.00030244925134170764
1.7719999999990512	0.00030630149359422987
1.7729999999990556	0.0003091019181977739
1.7739999999990597	0.00031074393870267336
1.7749999999990638	0.00031113743959165774
1.7759999999990679	0.00031138095406724187
1.776999999999072	0.00031227282564660896
1.7779999999990763	0.00031380523421875584
1.7789999999990804	0.00031533463023447617
1.7799999999990845	0.00031585573187742355
1.7809999999990886	0.00031572098065102416
1.781999999999093	0.0003155171416586722
1.782999999999097	0.000314539416608528
1.7839999999991012	0.00031207197798244213
1.7849999999991053	0.00030869229999230807
1.7859999999991096	0.0003043147931341972
1.7869999999991137	0.00029903049420876293
1.7879999999991179	0.00029394934472393164
1.788999999999122	0.0002887912832265638
1.789999999999126	0.0002829239026843622
1.7909999999991304	0.0002764975568702033
1.7919999999991345	0.00026933992809408114
1.7929999999991386	0.0002619567069392925
1.7939999999991427	0.0002544346964984401
1.794999999999147	0.0002463792546127941
1.7959999999991512	0.00023654309824372444
1.7969999999991553	0.000225105847655227
1.7979999999991594	0.00021267695374715956
1.7989999999991637	0.00019929857637746018
1.7999999999991678	0.00018607441077200804
1.800999999999172	0.00017336428371761414
1.801999999999176	0.00016114016026147482
1.8029999999991801	0.00014959709092587925
1.8039999999991845	0.00013882734901282667
1.8049999999991886	0.0001286954711371413
1.8059999999991927	0.00011957152277053407
1.8069999999991968	0.00011185718597250816
1.8079999999992011	0.00010556126933181087
1.8089999999992052	9.975331133149634e-05
1.8099999999992094	9.354626931101784e-05
1.8109999999992135	8.669669580951833e-05
1.8119999999992178	7.94849836568412e-05
1.812999999999222	7.25772197426311e-05
1.813999999999226	6.570968846686398e-05
1.8149999999992301	5.851572466453181e-05
1.8159999999992344	5.074887269451711e-05
1.8169999999992386	4.252117362968377e-05
1.8179999999992427	3.3754032016997115e-05
1.8189999999992468	2.3935294079957536e-05
1.819999999999251	1.4226048216103848e-05
1.8209999999992552	5.30165664502924e-06
1.8219999999992593	-3.0513267692544588e-06
1.8229999999992634	-1.0693005840778369e-05
1.8239999999992675	-1.6929982377345e-05
1.8249999999992719	-2.209908587369469e-05
1.825999999999276	-2.6774148537134224e-05
1.82699999999928	-3.1290568067277036e-05
1.8279999999992842	-3.617429866809019e-05
1.8289999999992885	-4.1427977353070133e-05
1.8299999999992926	-4.743039377430591e-05
1.8309999999992967	-5.4224988211615255e-05
1.8319999999993009	-6.179718124088573e-05
1.8329999999993052	-7.029548250558904e-05
1.8339999999993093	-8.004062089472797e-05
1.8349999999993134	-9.120925898908894e-05
1.8359999999993175	-0.00010341036544225801
1.8369999999993218	-0.00011567233961518042
1.837999999999326	-0.00012781473578549196
1.83899999999933	-0.00013985177695352569
1.8399999999993342	-0.00015147544641425092
1.8409999999993385	-0.00016242409289146664
1.8419999999993426	-0.0001727768635078064
1.8429999999993467	-0.00018287111902193232
1.8439999999993508	-0.00019250185033836686
1.844999999999355	-0.00020207478007105983
1.8459999999993593	-0.0002119809147491658
1.8469999999993634	-0.0002219174525246448
1.8479999999993675	-0.00023127533418154655
1.8489999999993716	-0.00024048809521270975
1.849999999999376	-0.0002498453253521049
1.85099999999938	-0.00025950920830641877
1.8519999999993841	-0.00026910144880831766
1.8529999999993882	-0.0002780009365395131
1.8539999999993926	-0.00028519523619352505
1.8549999999993967	-0.0002909163287627692
1.8559999999994008	-0.0002956503233768615
1.856999999999405	-0.0002990049595315014
1.857999999999409	-0.0003019974188767094
1.8589999999994133	-0.0003049314353500421
1.8599999999994175	-0.00030732560178892143
1.8609999999994216	-0.0003088535570303641
1.861999999999426	-0.0003096403531954728
1.86299999999943	-0.000310955102563959
1.863999999999434	-0.00031167285798394673
1.8649999999994382	-0.00031229399697929594
1.8659999999994423	-0.00031296163279881384
1.8669999999994467	-0.00031343483452883625
1.8679999999994508	-0.00031414093277781774
1.8689999999994549	-0.00031561078993624925
1.869999999999459	-0.0003170453195537881
1.870999999999463	-0.00031746742015204
1.8719999999994674	-0.00031749911302147993
1.8729999999994715	-0.0003168040683783069
1.8739999999994756	-0.0003147842171726811
1.87499999999948	-0.00031153983872034274
1.875999999999484	-0.00030623000616447626
1.8769999999994882	-0.0002987477131544125
1.8779999999994923	-0.0002902416174030975
1.8789999999994964	-0.00028154436234539837
1.8799999999995007	-0.0002729070715501436
1.8809999999995048	-0.000264441997048781
1.881999999999509	-0.00025583763616943145
1.882999999999513	-0.0002469842272248002
1.8839999999995174	-0.00023911248828789589
1.8849999999995215	-0.00023344797180469
1.8859999999995256	-0.0002291250521702093
1.8869999999995297	-0.0002253022882010569
1.887999999999534	-0.00022294925781762842
1.8889999999995382	-0.000221704970395864
1.8899999999995423	-0.00022036454975715714
1.8909999999995464	-0.00022017099338911272
1.8919999999995505	-0.00022093510265630556
1.8929999999995548	-0.0002219444868853948
1.893999999999559	-0.00022258846183831338
1.894999999999563	-0.0002233746184827634
1.8959999999995671	-0.0002241456967790878
1.8969999999995715	-0.0002251231693692901
1.8979999999995756	-0.00022644291320417231
1.8989999999995797	-0.00022787996495932106
1.8999999999995838	-0.00023088228802348176
1.9009999999995881	-0.00023450809727965094
1.9019999999995922	-0.00023815374794011746
1.9029999999995963	-0.00024002333327466374
1.9039999999996005	-0.00023991627724484488
1.9049999999996048	-0.00023869590207148406
1.905999999999609	-0.00023533862280711304
1.906999999999613	-0.00023155111308148513
1.9079999999996171	-0.00022718208586702815
1.9089999999996214	-0.00022337299087249463
1.9099999999996256	-0.00022120286650872956
1.9109999999996297	-0.00022040449445315247
1.9119999999996338	-0.00021897828972594624
1.9129999999996379	-0.00021785597065804296
1.9139999999996422	-0.00021623376127188898
1.9149999999996463	-0.00021359167055745587
1.9159999999996504	-0.00021090004623447456
1.9169999999996545	-0.00020799750378674986
1.9179999999996589	-0.00020325215433247834
1.918999999999663	-0.00019716956193849278
1.919999999999667	-0.00018954114846292391
1.9209999999996712	-0.0001812476347136105
1.9219999999996755	-0.0001721679189274905
1.9229999999996796	-0.00016328785325203654
1.9239999999996837	-0.00015556666567539956
1.9249999999996878	-0.00014987688604239935
1.9259999999996922	-0.00014522258664562138
1.9269999999996963	-0.00014139562931170246
1.9279999999997004	-0.00014133031951568675
1.9289999999997045	-0.00014168236635780929
1.9299999999997088	-0.0001423625733734113
1.930999999999713	-0.00014210137463566141
1.931999999999717	-0.0001417018737361886
1.9329999999997212	-0.00014254558253745664
1.9339999999997253	-0.0001445002229476522
1.9349999999997296	-0.00014822669630665253
1.9359999999997337	-0.00015122002377787602
1.9369999999997378	-0.0001540158376482914
1.937999999999742	-0.0001555617275943444
1.9389999999997463	-0.00015707495355909984
1.9399999999997504	-0.00015998706372721827
1.9409999999997545	-0.00016362099972111466
1.9419999999997586	-0.0001654526367174114
1.942999999999763	-0.00016663054728138782
1.943999999999767	-0.00016648577852906854
1.9449999999997711	-0.00016378271137851286
1.9459999999997752	-0.00015839844811926795
1.9469999999997794	-0.0001523323889733863
1.9479999999997837	-0.0001459365569664861
1.9489999999997878	-0.00013904976675749303
1.949999999999792	-0.00013324564321148813
1.950999999999796	-0.00012889211384203847
1.9519999999998003	-0.00012449753318310997
1.9529999999998044	-0.00012072778296090547
1.9539999999998086	-0.00011788782236799022
1.9549999999998127	-0.00011492881479635564
1.955999999999817	-0.00011008160989600668
1.956999999999821	-0.00010225109676076372
1.9579999999998252	-9.366072907290857e-05
1.9589999999998293	-8.767480299010089e-05
1.9599999999998337	-8.401986629302804e-05
1.9609999999998378	-7.948538789537274e-05
1.9619999999998419	-7.030684507070006e-05
1.962999999999846	-6.013160326734379e-05
1.9639999999998503	-5.536538255968004e-05
1.9649999999998544	-5.2266125204258884e-05
1.9659999999998585	-5.13415388201377e-05
1.9669999999998626	-5.122156051706739e-05
1.9679999999998667	-5.0146205816670175e-05
1.968999999999871	-4.577065409550052e-05
1.9699999999998752	-4.0304633938337275e-05
1.9709999999998793	-3.4268132826476005e-05
1.9719999999998834	-2.483658664043098e-05
1.9729999999998877	-1.7739416215967196e-05
1.9739999999998918	-1.5078776877341937e-05
1.974999999999896	-1.370460242000604e-05
1.9759999999999	-8.715914573631522e-06
1.9769999999999044	-6.097859969189656e-06
1.9779999999999085	-7.3506301336845326e-06
1.9789999999999126	-1.946990763501688e-06
1.9799999999999167	6.79082670995701e-06
1.980999999999921	1.517848539567268e-05
1.9819999999999252	2.2405802485581106e-05
1.9829999999999293	3.0045478127127545e-05
1.9839999999999334	3.901916742776734e-05
1.9849999999999375	5.251687445440023e-05
1.9859999999999418	6.720886331257336e-05
1.986999999999946	7.896194724543726e-05
1.98799999999995	8.951768403053784e-05
1.9889999999999541	9.926610443489192e-05
1.9899999999999585	0.0001083328560040897
1.9909999999999626	0.00011706932136679171
1.9919999999999667	0.00012366437184951895
1.9929999999999708	0.00013001361175468684
1.9939999999999751	0.0001361671810198306
1.9949999999999792	0.00014259301878150055
1.9959999999999833	0.00014814454124523202
1.9969999999999875	0.00015151181925565638
1.9979999999999918	0.00015026287904240654
1.998999999999996	0.0001461817492770523
2.0	0.0001455530824223672
2.0010279404845495	0.00014364614338502335
2.0021217900815715	0.00014230465893583233
2.0032857751923165	0.00014128243417788067
2.004524391841744	0.00013927639702782102
2.005842426366887	0.0001413938562977446
2.007244970197923	0.00014762830795933546
2.0087374418720856	0.0001503934877750135
2.0103256076664273	0.00015051229668650024
2.0120156028936726	0.00014947140922449975
2.013813957200875	0.00014755275234046294
2.0157276178435577	0.00014688221543468494
2.0177639781367303	0.00014820949818206142
2.019930905358886	0.00015581667761055407
2.0222367711443985	0.00017041217837054923
2.024690484011897	0.0001907098889498693
2.027301523572695	0.0002136528506484492
2.0300799770731848	0.00024188854540851956
2.033036578410754	0.000273294646862432
2.036182751117039	0.0002985568323797816
2.039530649180409	0.00031576742360195365
2.043093206833892	0.00033208721908517536
2.046884188175661	0.000357264491133491
2.050918238233338	0.0003983937744997945
2.0552109433735133	0.0004312480405590513
2.059778886913171	0.000452659171005787
2.0646397170403086	0.00046864536747848184
2.0698122132469665	0.0004866497474008691
2.0753163565584574	0.0004872259163035686
2.081173414838828	0.00046845844890941457
2.0874060143976347	0.00041809734517994634
2.094038234979271	0.0003180880233630834
2.1010956980169606	0.0001712398946189797
2.1086056699538682	1.139419704643263e-05
2.116597165034399	-0.00012526339432739064
2.125101056786564	-0.00017059767409888238
2.1341501990307465	-0.0002966472653223029
2.143779554474847	-0.0004402392749494055
2.1540263207146424	-0.0005705447236896699
2.1649300857539027	-0.0005871579621805623
2.1765329774064615	-0.0005487349611146275
2.1888798204423576	-0.0005887903876442557
2.2020183144046843	-0.0005449580695657819
2.2159992202680474	-0.00023247424378247672
2.2308765524295735	2.4949619663150457e-05
2.246707783705272	6.683580011879187e-05
2.263554079768369	2.294037821404249e-05
2.2814805235907363	0.00011803132098087143
2.3005563724108544	0.00028035589401054217
2.320855322320133	0.0003748100852796199
2.3424557929209753	0.00017845026939444786
2.3654412374910825	-3.840542451571949e-05
2.389900455657507	-9.93295818740858e-05
2.41592795027163	5.1031791916456015e-05
2.44362426638729	9.00406450239366e-05
2.473096411506492	1.0232761130657408e-05
2.5044582437089975	-7.583879290962159e-05
2.537830924630887	-1.801213025798276e-05
2.5733433911797423	9.532713166993112e-05
2.611132843166974	0.00037376791638998874
2.6513452603475027	8.296200847057733e-05
2.6941360153529494	-0.00016617429065446387
2.739670418177515	-5.973747153786846e-05
2.788124380079947	2.9139696942959148e-05
2.839685109337027	0.0002993743376149549
2.894551789617174	0.00020302779061498466
2.9529364084026577	1.771176659770557e-05
3.0150645170164534	-0.0002075986380183359
3.0811761422888653	-0.0003202376132378504
3.1515266965252042	0.00023810960545356252
3.226387989377641	0.00024403051542198906
3.30604919671757	-0.0002279286828010818
3.39081811677136	9.841745256811141e-05
3.4810222154328754	0.00040312832817845923
3.577010018652917	0.00034936244781313963
3.6791523315125145	2.5461353611477833e-05
3.7878438030764574	0.00013056783737230848
3.9035043177534527	0.00027965641369886995
4.02658072998157	0.00023528929454263992
4.157548527011607	6.219413641850302e-05
4.296913682346355	-0.00018497799678951488
4.445214635465608	7.776947510085286e-05
4.603024347307951	-6.969543452362004e-06
4.770952424745148	-0.00017685149417423496
4.9496476786701376	6.872890690123867e-06
5.139800459354712	-0.0002338908956471819
5.342145448462832	2.583691863478066e-05
5.557464321076707	5.105178166087132e-05
5.786588991858403	-6.701883776827344e-05
6.03040459644804	-7.941100481767549e-05
6.289853138906711	2.644137034901739e-05
6.565936951835777	7.340201034167215e-05
6.859722633511745	-5.364891775361258e-05
7.172345245053396	-3.9321819387705403e-05
7.505012494394354	3.6500492134772244e-05
7.859009576011049	-6.664052456439862e-05
8.23570422033976	-3.4918197167055354e-06
8.636551628113326	4.7748502352229494e-05
9.063100564489073	-4.041336857163458e-05
9.516998831091398	3.1709987023953445e-05
10.0	6.480120110441412e-05
