0.0	0.26844152800357124
0.0010000000000041087	0.2684415271231899
0.0020000000000082174	0.2684415247468912
0.003000000000012548	0.2684415210186404
0.004000000000016657	0.2684415159556506
0.005000000000020766	0.268441509294691
0.006000000000024874	0.26844150128585165
0.007000000000029205	0.2684414917668414
0.008000000000033314	0.26844148077384977
0.009000000000037423	0.26844146841124505
0.010000000000041753	0.26844145452982626
0.011000000000045862	0.2684414391697941
0.01200000000004997	0.26844142236621893
0.01300000000005408	0.26844140408185335
0.01400000000005841	0.2684413844452209
0.015000000000062519	0.26844136330544865
0.016000000000066406	0.2684413406148608
0.017000000000070736	0.2684413165704034
0.018000000000074845	0.2684412910576649
0.019000000000078954	0.2684412640068583
0.020000000000083062	0.26844123557458166
0.021000000000087393	0.2684412056619482
0.022000000000091502	0.2684411742773025
0.02300000000009561	0.2684411415144081
0.02400000000009972	0.26844110714825686
0.02500000000010405	0.26844107144630824
0.02600000000010816	0.2684410342590072
0.027000000000112268	0.2684409955298228
0.0280000000001166	0.268440955394174
0.029000000000120707	0.26844091388128366
0.030000000000124816	0.2684408708321797
0.031000000000128924	0.2684408263302106
0.032000000000133255	0.2684407803871104
0.033000000000137364	0.26844073291189274
0.03400000000014147	0.26844068405479016
0.0350000000001458	0.26844063378514293
0.03600000000014991	0.2684405819693201
0.03700000000015402	0.26844052871643687
0.03800000000015813	0.26844047401497917
0.03900000000016246	0.26844041787232575
0.04000000000016657	0.2684403601961032
0.04100000000017068	0.26844030109746286
0.04200000000017501	0.2684402405890445
0.04300000000017912	0.2684401786032501
0.044000000000183226	0.2684401151509741
0.045000000000187335	0.26844005018316097
0.046000000000191665	0.2684399838657672
0.04700000000019555	0.2684399160677484
0.04800000000019966	0.26843984670074184
0.04900000000020399	0.2684397759541992
0.0500000000002081	0.26843970372882964
0.05100000000021221	0.26843963003688776
0.05200000000021632	0.26843955497501804
0.05300000000022065	0.268439478406715
0.05400000000022476	0.26843940030377156
0.055000000000228866	0.2684393208487087
0.0560000000002332	0.26843923988509566
0.057000000000237305	0.2684391574016566
0.058000000000241414	0.2684390735857757
0.05900000000024552	0.26843898825048107
0.060000000000249853	0.26843890140897797
0.06100000000025396	0.268438813218986
0.06200000000025807	0.2684387234853781
0.0630000000002624	0.2684386323154391
0.06400000000026651	0.26843853971410725
0.06500000000027062	0.2684384456348521
0.06600000000027473	0.2684383500550006
0.06700000000027906	0.2684382530148266
0.06800000000028317	0.26843815459671216
0.06900000000028728	0.2684380547306934
0.0700000000002916	0.26843795327642583
0.07100000000029572	0.2684378504831555
0.07200000000029982	0.2684377462095793
0.07300000000030393	0.26843764040365015
0.07400000000030826	0.26843753322876707
0.07500000000031237	0.2684374245824237
0.07600000000031648	0.2684373143902794
0.07700000000032081	0.2684372028406228
0.0780000000003247	0.2684370897998778
0.07900000000032881	0.2684369752946836
0.08000000000033292	0.26843685935347483
0.08100000000033725	0.2684367419269751
0.08200000000034136	0.26843662305414306
0.08300000000034546	0.26843650272569464
0.0840000000003498	0.26843638095650324
0.0850000000003539	0.2684362577093249
0.08600000000035801	0.26843613300918734
0.08700000000036212	0.26843600682766955
0.08800000000036645	0.26843587919614287
0.08900000000037056	0.2684357500857705
0.09000000000037467	0.26843561961036133
0.091000000000379	0.26843548767720626
0.09200000000038311	0.26843535415844344
0.09300000000038722	0.26843521927071845
0.09400000000039133	0.26843508292824847
0.09500000000039566	0.2684349450148148
0.09600000000039977	0.2684348057937239
0.09700000000040387	0.26843466510422453
0.0980000000004082	0.26843452285936154
0.09900000000041231	0.2684343791259991
0.10000000000041642	0.26843423391883103
0.10100000000042053	0.2684340873567763
0.10200000000042486	0.2684339394064651
0.10300000000042897	0.2684337900508652
0.10400000000043308	0.2684336390901725
0.10500000000043741	0.26843348657059685
0.10600000000044152	0.268433332757287
0.10700000000044563	0.268433177440628
0.10800000000044951	0.2684330206763673
0.10900000000045384	0.2684328624724672
0.11000000000045795	0.2684327026811183
0.11100000000046206	0.26843254156035556
0.1120000000004664	0.26843237900846184
0.1130000000004705	0.26843221493505065
0.11400000000047461	0.2684320493967385
0.11500000000047872	0.26843188241920457
0.11600000000048305	0.2684317139836515
0.11700000000048716	0.2684315440937801
0.11800000000049127	0.2684313727438067
0.1190000000004956	0.26843119993220976
0.12000000000049971	0.2684310256625628
0.12100000000050382	0.2684308499448429
0.12200000000050792	0.26843067276420607
0.12300000000051226	0.26843049412844777
0.12400000000051636	0.26843031403321604
0.12500000000052047	0.268430132479374
0.1260000000005248	0.2684299494754745
0.1270000000005289	0.2684297650068943
0.12800000000053302	0.26842957908519705
0.12900000000053713	0.2684293917037416
0.13000000000054146	0.2684292028656078
0.13100000000054557	0.2684290125583797
0.13200000000054968	0.26842882074375085
0.133000000000554	0.2684286276151677
0.13400000000055812	0.26842843307917086
0.13500000000056223	0.26842823688750617
0.13600000000056633	0.26842803930592074
0.13700000000057067	0.2684278402706878
0.13800000000057477	0.2684276397819152
0.13900000000057866	0.2684274378160705
0.140000000000583	0.2684272344590779
0.1410000000005871	0.2684270295590213
0.1420000000005912	0.268426823269481
0.14300000000059532	0.2684266154646776
0.14400000000059965	0.26842640626904735
0.14500000000060376	0.26842619561216197
0.14600000000060787	0.2684259834299677
0.1470000000006122	0.26842576981256294
0.1480000000006163	0.26842555477314134
0.14900000000062041	0.2684253382452043
0.15000000000062452	0.26842512028657284
0.15100000000062885	0.268424900842849
0.15200000000063296	0.2684246799630957
0.15300000000063707	0.26842445762108624
0.1540000000006414	0.2684242338439933
0.1550000000006455	0.26842400858572923
0.15600000000064962	0.2684237818841305
0.15700000000065373	0.2684235537254712
0.15800000000065806	0.26842332412540004
0.15900000000066217	0.2684230930594097
0.16000000000066628	0.26842286053612296
0.16100000000067038	0.26842262655526594
0.16200000000067472	0.26842239108727406
0.16300000000067882	0.26842215414616977
0.16400000000068293	0.26842191581820485
0.16500000000068726	0.26842167602776645
0.16600000000069137	0.2684214347933318
0.16700000000069548	0.2684211920678168
0.1680000000006996	0.2684209478998474
0.16900000000070392	0.26842070221002734
0.1700000000007078	0.26842045510662194
0.17100000000071192	0.2684202065890877
0.17200000000071625	0.26841995659168516
0.17300000000072036	0.26841970508391466
0.17400000000072446	0.26841945229042496
0.17500000000072857	0.26841919800591096
0.1760000000007329	0.2684189421189799
0.177000000000737	0.26841868483914744
0.17800000000074112	0.2684184260871445
0.17900000000074545	0.26841816591889045
0.18000000000074956	0.26841790425284595
0.18100000000075367	0.26841764114445255
0.18200000000075778	0.26841737657893106
0.1830000000007621	0.26841711059861595
0.18400000000076622	0.26841684314319847
0.18500000000077033	0.2684165742280612
0.18600000000077466	0.26841630383129744
0.18700000000077877	0.2684160320605917
0.18800000000078287	0.26841575878129886
0.18900000000078698	0.26841548399917003
0.1900000000007913	0.2684152078258799
0.19100000000079542	0.26841493015932216
0.19200000000079953	0.2684146510746419
0.19300000000080386	0.2684143705013896
0.19400000000080797	0.2684140884614371
0.19500000000081208	0.26841380501861045
0.1960000000008162	0.2684135201356632
0.19700000000082052	0.2684132337518832
0.19800000000082463	0.2684129459040181
0.19900000000082874	0.2684126566347278
0.20000000000083307	0.2684123658814269
0.20100000000083695	0.2684120736991653
0.20200000000084106	0.2684117800316057
0.20300000000084517	0.26841148497498324
0.2040000000008495	0.26841118841305966
0.2050000000008536	0.26841089038806043
0.20600000000085772	0.26841059093702613
0.20700000000086205	0.2684102900072234
0.20800000000086616	0.26840998764432333
0.20900000000087027	0.2684096838094139
0.21000000000087438	0.26840937855125624
0.2110000000008787	0.2684090718157226
0.21200000000088282	0.2684087636201111
0.21300000000088692	0.26840845398467006
0.21400000000089126	0.2684081428812264
0.21500000000089536	0.2684078303342827
0.21600000000089947	0.26840751632056215
0.21700000000090358	0.26840720087343206
0.2180000000009079	0.2684068839559919
0.21900000000091202	0.26840656558526355
0.22000000000091613	0.268406245767986
0.22100000000092046	0.2684059244960272
0.22200000000092457	0.26840560176546213
0.22300000000092868	0.2684052775932708
0.2240000000009328	0.26840495195388614
0.22500000000093712	0.2684046248838131
0.22600000000094123	0.2684042963402111
0.22700000000094533	0.26840396632998753
0.22800000000094967	0.2684036348891564
0.22900000000095377	0.2684033019949128
0.23000000000095788	0.2684029676467191
0.23100000000096177	0.26840263184170954
0.2320000000009661	0.2684022945810337
0.2330000000009702	0.2684019558524958
0.23400000000097432	0.2684016156869269
0.23500000000097865	0.26840127415311965
0.23600000000098276	0.2684009310902412
0.23700000000098687	0.2684005864500131
0.23800000000099097	0.2684002405038368
0.2390000000009953	0.2683998930700321
0.24000000000099941	0.26839954425356083
0.24100000000100352	0.26839919402459356
0.24200000000100785	0.2683988421261848
0.24300000000101196	0.2683984889380969
0.24400000000101607	0.26839813428868586
0.24500000000102018	0.2683977780767639
0.2460000000010245	0.26839742046258275
0.24700000000102862	0.26839706146326936
0.24800000000103273	0.2683967009655951
0.24900000000103706	0.2683963390156676
0.25000000000104117	0.2683959756132952
0.2510000000010453	0.268395610764385
0.2520000000010494	0.26839524442879115
0.2530000000010537	0.2683948766623423
0.2540000000010578	0.26839450746016436
0.25500000000106193	0.2683941368158993
0.25600000000106626	0.26839376471130394
0.25700000000107037	0.26839339115573335
0.2580000000010745	0.2683930161136504
0.2590000000010786	0.26839263968461635
0.2600000000010829	0.26839226174092723
0.26100000000108703	0.2683918823755064
0.2620000000010909	0.2683915015420931
0.26300000000109525	0.2683911192694498
0.26400000000109936	0.2683907355456847
0.26500000000110346	0.26839035036003067
0.2660000000011076	0.26838996375065394
0.2670000000011119	0.26838957573108135
0.268000000001116	0.26838918616984353
0.2690000000011201	0.26838879510385305
0.27000000000112445	0.268388402667058
0.27100000000112856	0.26838800888130143
0.27200000000113267	0.2683876136843204
0.2730000000011368	0.2683872168622117
0.2740000000011411	0.2683868185101489
0.2750000000011452	0.2683864189109847
0.2760000000011493	0.2683860177858124
0.27700000000115366	0.268385615100621
0.27800000000115777	0.2683852111540861
0.2790000000011619	0.2683848056988153
0.280000000001166	0.26838439868112496
0.2810000000011703	0.26838399029225235
0.2820000000011744	0.26838358052406086
0.28300000000117853	0.2683831691519438
0.28400000000118286	0.268382756411753
0.28500000000118697	0.26838234228273494
0.2860000000011911	0.26838192665361127
0.2870000000011952	0.26838150958032514
0.2880000000011995	0.2683810910184239
0.2890000000012036	0.2683806710369596
0.29000000000120774	0.2683802496260973
0.29100000000121207	0.2683798267292179
0.2920000000012162	0.2683794023906385
0.29300000000122006	0.26837897662341725
0.29400000000122417	0.2683785493908607
0.2950000000012285	0.2683781206966941
0.2960000000012326	0.26837769057861005
0.2970000000012367	0.2683772589956557
0.29800000000124083	0.26837682595882195
0.29900000000124516	0.2683763914876678
0.30000000000124927	0.2683759555642993
0.3010000000012534	0.2683755181908767
0.3020000000012577	0.268375079367282
0.3030000000012618	0.26837463908535564
0.3040000000012659	0.2683741973730275
0.30500000000127003	0.2683737542064242
0.30600000000127436	0.2683733095794376
0.3070000000012785	0.2683728635194659
0.3080000000012826	0.2683724160053296
0.3090000000012869	0.268371967031399
0.310000000001291	0.26837151662968617
0.31100000000129513	0.2683710647740284
0.31200000000129924	0.26837061146496466
0.31300000000130357	0.2683701566951937
0.3140000000013077	0.2683697004871384
0.3150000000013118	0.2683692428434582
0.3160000000013161	0.26836878374381556
0.3170000000013202	0.2683683232052859
0.31800000000132433	0.268367861207511
0.31900000000132844	0.26836739774046703
0.3200000000013328	0.2683669328778734
0.3210000000013369	0.2683664665392155
0.322000000001341	0.268365998716914
0.3230000000013453	0.2683655295124121
0.3240000000013492	0.26836505884535156
0.3250000000013533	0.26836458666594987
0.3260000000013574	0.26836411312953645
0.32700000000136176	0.2683636381379917
0.32800000000136587	0.2683631616114869
0.32900000000137	0.2683626836524773
0.3300000000013743	0.2683622043752958
0.3310000000013784	0.26836172351280585
0.3320000000013825	0.2683612412128984
0.33300000000138663	0.2683607576026147
0.33400000000139096	0.26836027240842664
0.33500000000139507	0.2683597858155038
0.3360000000013992	0.268359297794585
0.3370000000014035	0.26835880821375513
0.3380000000014076	0.2683583173188314
0.3390000000014117	0.26835782497379934
0.34000000000141584	0.2683573311169568
0.34100000000142017	0.26835683582646297
0.3420000000014243	0.268356339074616
0.3430000000014284	0.26835584094798426
0.3440000000014327	0.2683553413149853
0.3450000000014368	0.26835484022579004
0.34600000000144093	0.26835433775405315
0.34700000000144504	0.2683538337582836
0.34800000000144937	0.26835332840069914
0.3490000000014535	0.26835282154523177
0.3500000000014576	0.26835231323807496
0.3510000000014619	0.268351803535406
0.35200000000146603	0.2683512923419765
0.35300000000147014	0.26835077971129373
0.35400000000147425	0.2683502656478407
0.35500000000147836	0.26834975013286533
0.35600000000148246	0.26834923317466863
0.3570000000014866	0.2683487147705228
0.3580000000014909	0.2683481949205826
0.359000000001495	0.26834767361917233
0.3600000000014991	0.26834715087468464
0.36100000000150323	0.2683466266854553
0.36200000000150756	0.26834610106636836
0.36300000000151167	0.2683455739975156
0.3640000000015158	0.2683450454640439
0.3650000000015201	0.2683445155012929
0.3660000000015242	0.2683439841087847
0.3670000000015283	0.2683434512587337
0.36800000000153243	0.26834291696936896
0.36900000000153677	0.26834238124007426
0.3700000000015409	0.26834184405424455
0.371000000001545	0.26834130543683465
0.3720000000015493	0.26834076533949824
0.3730000000015534	0.26834022388360423
0.37400000000155753	0.26833968088755833
0.37500000000156164	0.26833913648911656
0.37600000000156597	0.26833859056130516
0.3770000000015701	0.2683380433573369
0.3780000000015742	0.26833749459678535
0.3790000000015785	0.26833694442849754
0.3800000000015826	0.26833639282294275
0.38100000000158674	0.26833583977011366
0.38200000000159084	0.26833528531464257
0.3830000000015952	0.268334729258599
0.3840000000015993	0.2683341719903696
0.3850000000016034	0.2683336130946773
0.3860000000016075	0.26833305281611297
0.3870000000016116	0.2683324910780269
0.3880000000016157	0.2683319278936316
0.38900000000161983	0.2683313633008232
0.39000000000162416	0.26833079725820075
0.39100000000162827	0.2683302298151635
0.3920000000016324	0.268329660864128
0.3930000000016367	0.26832909046921216
0.3940000000016408	0.2683285186285249
0.3950000000016449	0.26832794542338967
0.39600000000164903	0.2683273708084716
0.39700000000165336	0.2683267946362763
0.3980000000016575	0.26832621701606474
0.3990000000016616	0.26832563798348796
0.4000000000016659	0.268325057487934
0.40100000000167	0.26832447559232375
0.40200000000167413	0.268323892252605
0.40300000000167824	0.2683233074632311
0.40400000000168257	0.26832272122832423
0.4050000000016867	0.2683221335636782
0.4060000000016908	0.2683215444863609
0.4070000000016951	0.26832095395998445
0.4080000000016992	0.26832036199762
0.40900000000170333	0.26831976852798434
0.41000000000170744	0.26831917364744007
0.4110000000017118	0.268318577407067
0.4120000000017159	0.26831797941615243
0.41300000000172	0.2683173804494322
0.4140000000017243	0.2683167798127879
0.41500000000172843	0.2683161775136642
0.41600000000173254	0.26831557421695895
0.4170000000017364	0.2683149692148856
0.41800000000174076	0.2683143628103585
0.41900000000174487	0.2683137549750303
0.420000000001749	0.26831314570198117
0.4210000000017533	0.26831253498971974
0.4220000000017574	0.26831192283823
0.4230000000017615	0.26831130924840896
0.42400000000176563	0.2683106942276371
0.42500000000176996	0.268310077806138
0.42600000000177407	0.26830945967947206
0.4270000000017782	0.2683088405529934
0.4280000000017825	0.268308219717451
0.4290000000017866	0.26830759747574384
0.4300000000017907	0.26830697380964375
0.43100000000179484	0.26830634870812065
0.43200000000179917	0.26830572221849325
0.4330000000018033	0.26830509402923997
0.4340000000018074	0.26830446483144177
0.4350000000018115	0.26830383392741886
0.4360000000018158	0.2683032016163017
0.43700000000181993	0.2683025678896046
0.43800000000182404	0.26830193269360225
0.43900000000182837	0.2683012961361618
0.4400000000018325	0.26830065789976754
0.4410000000018366	0.2683000186360299
0.4420000000018407	0.2682993776658391
0.44300000000184503	0.2682987352756834
0.44400000000184914	0.2682980914804983
0.44500000000185325	0.26829744625753293
0.4460000000018576	0.2682967995622807
0.4470000000018617	0.26829615145862773
0.4480000000018656	0.26829550192118856
0.4490000000018697	0.2682948509252444
0.450000000001874	0.26829419851729
0.4510000000018781	0.2682935446668505
0.45200000000188223	0.2682928893561587
0.45300000000188656	0.2682922326478666
0.45400000000189067	0.2682915744858849
0.4550000000018948	0.26829091491554347
0.4560000000018989	0.2682902539253319
0.4570000000019032	0.2682895913140779
0.4580000000019073	0.2682889275044209
0.45900000000191143	0.26828826210085244
0.46000000000191577	0.26828759533342994
0.4610000000019199	0.26828692710876967
0.462000000001924	0.26828625745554624
0.4630000000019281	0.26828558636595123
0.4640000000019324	0.2682849138439771
0.46500000000193653	0.26828423987366457
0.46600000000194064	0.2682835644659475
0.46700000000194497	0.2682828876350113
0.4680000000019491	0.26828220936634106
0.4690000000019532	0.26828152966441465
0.4700000000019573	0.26828084852762335
0.4710000000019616	0.26828016595620974
0.47200000000196574	0.2682794819498554
0.47300000000196984	0.26827879650841613
0.4740000000019742	0.26827810963277576
0.4750000000019783	0.2682774213234722
0.4760000000019824	0.2682767315797284
0.4770000000019865	0.26827604039648223
0.47800000000199083	0.26827534778505346
0.4790000000019947	0.26827465376286397
0.48000000000199883	0.2682739582990187
0.48100000000200316	0.268273261398273
0.48200000000200727	0.26827256304488223
0.4830000000020114	0.26827186327292774
0.4840000000020155	0.2682711620708488
0.4850000000020198	0.2682704594735128
0.4860000000020239	0.2682697551423252
0.48700000000202803	0.26826904986148215
0.48800000000203236	0.2682683428649767
0.4890000000020365	0.2682676344739443
0.4900000000020406	0.26826692465919977
0.4910000000020447	0.26826621342011536
0.492000000002049	0.26826550078641453
0.49300000000205313	0.26826478644142093
0.49400000000205724	0.26826407112742656
0.49500000000206157	0.26826335410230406
0.4960000000020657	0.26826263568501607
0.4970000000020698	0.26826191584609227
0.4980000000020739	0.2682611945797182
0.4990000000020782	0.2682604718741687
0.5000000000020823	0.26825974775936956
0.5010000000020864	0.2682590221894475
0.5020000000020908	0.26825829517886257
0.5030000000020949	0.26825756675439205
0.504000000002099	0.26825683689595126
0.5050000000021031	0.26825610560584057
0.5060000000021074	0.2682553728845968
0.5070000000021115	0.26825463873231903
0.5080000000021156	0.26825390314921327
0.50900000000212	0.2682531661353418
0.5100000000021239	0.2682524276904694
0.511000000002128	0.268251687813826
0.5120000000021321	0.26825094650374315
0.5130000000021364	0.2682502037535467
0.5140000000021405	0.26824945959158364
0.5150000000021446	0.2682487140253994
0.516000000002149	0.26824796701083997
0.5170000000021531	0.2682472185381388
0.5180000000021572	0.26824646864456225
0.5190000000021613	0.2682457173426911
0.5200000000021656	0.26824496459448555
0.5210000000021697	0.26824421045282465
0.5220000000021738	0.2682434548373146
0.5230000000021782	0.26824269777892307
0.5240000000021823	0.26824193933380924
0.5250000000021864	0.26824117943293646
0.5260000000021905	0.26824041811306265
0.5270000000021948	0.2682396553642925
0.5280000000021989	0.26823889118609245
0.529000000002203	0.2682381255800699
0.5300000000022074	0.26823735854497244
0.5310000000022115	0.2682365900796735
0.5320000000022156	0.2682358201834376
0.5330000000022197	0.26823504887603833
0.534000000002224	0.2682342761537355
0.5350000000022281	0.2682335018798312
0.5360000000022322	0.2682327263517287
0.5370000000022366	0.26823194929561667
0.5380000000022407	0.2682311708737748
0.5390000000022448	0.2682303910162832
0.5400000000022487	0.268229609670664
0.541000000002253	0.2682288269073737
0.5420000000022571	0.2682280427554511
0.5430000000022612	0.2682272571441796
0.5440000000022656	0.2682264701394893
0.5450000000022697	0.2682256816772677
0.5460000000022738	0.2682248918186253
0.5470000000022779	0.26822410050401746
0.5480000000022822	0.2682233077784354
0.5490000000022863	0.26822251363445804
0.5500000000022904	0.2682217180503865
0.5510000000022948	0.26822092104958917
0.5520000000022989	0.2682201226284707
0.553000000002303	0.2682193227793013
0.5540000000023071	0.2682185215014312
0.5550000000023114	0.26821771879683565
0.5560000000023155	0.2682169146669241
0.5570000000023196	0.26821610911227656
0.558000000002324	0.2682153021322198
0.5590000000023281	0.26821449372631845
0.5600000000023322	0.2682136838943714
0.5610000000023363	0.26821287263621596
0.5620000000023406	0.26821205995239783
0.5630000000023447	0.2682112458442828
0.5640000000023488	0.26821043031325986
0.5650000000023532	0.2682096133577313
0.5660000000023573	0.26820879497728145
0.5670000000023614	0.2682079751735389
0.5680000000023655	0.268207153946167
0.5690000000023698	0.2682063312943769
0.5700000000023739	0.2682055072183416
0.5710000000023778	0.2682046817181635
0.5720000000023819	0.26820385479511
0.5730000000023863	0.2682030264504789
0.5740000000023904	0.26820219668334744
0.5750000000023945	0.2682013654931934
0.5760000000023988	0.26820053287855306
0.5770000000024029	0.26819969883583605
0.578000000002407	0.26819886336557297
0.5790000000024111	0.2681980264916839
0.5800000000024155	0.2681971881936329
0.5810000000024196	0.26819634846791796
0.5820000000024237	0.2681955073374014
0.583000000002428	0.26819466481235255
0.5840000000024321	0.26819382079105214
0.5850000000024362	0.26819297535746056
0.5860000000024403	0.2681921285290665
0.5870000000024447	0.2681912802631018
0.5880000000024488	0.2681904305898877
0.5890000000024529	0.2681895794952075
0.5900000000024572	0.2681887269747889
0.5910000000024613	0.2681878730355669
0.5920000000024654	0.2681870176740243
0.5930000000024696	0.26818616089043545
0.5940000000024739	0.26818530268700314
0.595000000002478	0.26818444305898537
0.5960000000024821	0.26818358201225867
0.5970000000024864	0.26818271954185335
0.5980000000024905	0.26818185565712727
0.5990000000024946	0.26818099035400855
0.6000000000024988	0.2681801236612389
0.6010000000025031	0.2681792554738892
0.602000000002507	0.26817838588811993
0.6030000000025111	0.2681775149170219
0.6040000000025154	0.2681766424980685
0.6050000000025195	0.2681757686856243
0.6060000000025236	0.26817489343084167
0.6070000000025277	0.2681740167797766
0.6080000000025321	0.2681731386885804
0.6090000000025362	0.2681722591930449
0.6100000000025403	0.26817137826524096
0.6110000000025446	0.26817049593339903
0.6120000000025487	0.26816961218742574
0.6130000000025528	0.26816872701867067
0.614000000002557	0.26816784042807773
0.6150000000025613	0.268166952418752
0.6160000000025654	0.2681660629914471
0.6170000000025695	0.26816517214655944
0.6180000000025738	0.26816427988431424
0.6190000000025779	0.26816338620505853
0.620000000002582	0.268162491109041
0.6210000000025861	0.2681615945963711
0.6220000000025905	0.268160696666483
0.6230000000025946	0.26815979731946393
0.6240000000025987	0.2681588965551803
0.625000000002603	0.2681579943710124
0.6260000000026071	0.26815709076717964
0.6270000000026112	0.26815618576056943
0.6280000000026154	0.26815527932799876
0.6290000000026197	0.26815437148713905
0.6300000000026238	0.2681534622159334
0.6310000000026279	0.26815255154388173
0.6320000000026322	0.2681516394443727
0.6330000000026361	0.2681507259335165
0.6340000000026402	0.26814981100610447
0.6350000000026443	0.26814889466649294
0.6360000000026487	0.268147976909485
0.6370000000026528	0.2681470577412012
0.6380000000026569	0.26814613715491287
0.6390000000026612	0.268145215158617
0.6400000000026653	0.2681442917528266
0.6410000000026694	0.2681433669542941
0.6420000000026735	0.268142440737389
0.6430000000026779	0.26814151298963973
0.644000000002682	0.26814058396059115
0.6450000000026861	0.2681396535172962
0.6460000000026904	0.2681387215862273
0.6470000000026945	0.2681377882669682
0.6480000000026986	0.2681368535464015
0.6490000000027027	0.26813591741488907
0.6500000000027071	0.2681349799067616
0.6510000000027112	0.2681340409056464
0.6520000000027153	0.26813310050668715
0.6530000000027196	0.2681321587329204
0.6540000000027237	0.2681312155175004
0.6550000000027278	0.2681302709168668
0.656000000002732	0.26812932487781216
0.6570000000027363	0.2681283774499341
0.6580000000027404	0.2681274285866253
0.6590000000027445	0.26812647833175285
0.6600000000027488	0.2681255266450532
0.6610000000027529	0.2681245735638337
0.662000000002757	0.2681236190542726
0.6630000000027612	0.2681226631454581
0.6640000000027653	0.26812170580912964
0.6650000000027694	0.2681207470897703
0.6660000000027735	0.26811978693775074
0.6670000000027778	0.2681188253782705
0.6680000000027819	0.26811786241454294
0.669000000002786	0.2681168980343498
0.6700000000027901	0.26811593224789254
0.6710000000027945	0.2681149650497593
0.6720000000027986	0.2681139964439735
0.6730000000028027	0.26811302642304147
0.674000000002807	0.2681120549952485
0.6750000000028111	0.26811108216057833
0.6760000000028152	0.26811010791392764
0.6770000000028193	0.2681091322603212
0.6780000000028237	0.2681081551943063
0.6790000000028278	0.2681071767268979
0.6800000000028319	0.2681061968571422
0.6810000000028362	0.2681052155440138
0.6820000000028403	0.26810423286988305
0.6830000000028444	0.2681032487442736
0.6840000000028486	0.26810226324686204
0.6850000000028529	0.2681012763077978
0.686000000002857	0.2681002879970763
0.6870000000028611	0.26809929823425716
0.6880000000028654	0.2680983071146934
0.6890000000028695	0.2680973145457699
0.6900000000028736	0.2680963206047964
0.6910000000028778	0.2680953252202041
0.6920000000028821	0.26809432847126047
0.6930000000028862	0.26809333028179116
0.6940000000028901	0.26809233067207205
0.6950000000028944	0.2680913296708123
0.6960000000028985	0.26809032727985804
0.6970000000029026	0.2680893234696097
0.6980000000029067	0.2680883182285285
0.6990000000029111	0.2680873115862994
0.7000000000029152	0.26808630356915053
0.7010000000029193	0.2680852941109978
0.7020000000029236	0.26808428328374034
0.7030000000029277	0.26808327102007745
0.7040000000029318	0.26808225737231584
0.705000000002936	0.268081242312459
0.7060000000029403	0.2680802258464017
0.7070000000029444	0.26807920797513907
0.7080000000029485	0.268078188700806
0.7090000000029526	0.2680771680220928
0.7100000000029569	0.26807614594286056
0.711000000002961	0.2680751224576141
0.7120000000029651	0.2680740975693544
0.7130000000029695	0.2680730712798053
0.7140000000029736	0.26807204358013825
0.7150000000029777	0.2680710144797992
0.7160000000029818	0.2680699839750119
0.7170000000029861	0.26806895207586745
0.7180000000029902	0.2680679187603934
0.7190000000029944	0.26806688406633594
0.7200000000029987	0.26806584791847454
0.7210000000030028	0.26806481041810915
0.7220000000030069	0.26806377150929095
0.723000000003011	0.26806273115078727
0.7240000000030153	0.2680616894393495
0.7250000000030195	0.2680606463073565
0.7260000000030233	0.2680596017827447
0.7270000000030277	0.2680585558868712
0.7280000000030318	0.26805750851210397
0.7290000000030359	0.26805645977234616
0.73000000000304	0.2680554096286212
0.7310000000030443	0.2680543580843542
0.7320000000030484	0.2680533051792243
0.7330000000030525	0.26805225081594664
0.7340000000030569	0.26805119504943287
0.735000000003061	0.2680501378981913
0.7360000000030651	0.26804907935302746
0.7370000000030692	0.2680480194039787
0.7380000000030735	0.26804695805157075
0.7390000000030776	0.268045895304278
0.7400000000030817	0.26804483115964006
0.7410000000030861	0.26804376562791543
0.7420000000030902	0.26804269868996167
0.7430000000030943	0.26804163034597694
0.7440000000030984	0.2680405606025059
0.7450000000031027	0.268039489464603
0.7460000000031068	0.2680384169265583
0.747000000003111	0.26803734298924065
0.7480000000031153	0.2680362676524072
0.7490000000031194	0.2680351909141022
0.7500000000031235	0.2680341127729211
0.7510000000031276	0.2680330332571771
0.7520000000031319	0.26803195231872023
0.753000000003136	0.26803086998738646
0.7540000000031402	0.26802978625522833
0.7550000000031445	0.2680287011196687
0.7560000000031484	0.268027614604732
0.7570000000031525	0.2680265266816697
0.7580000000031566	0.2680254373818437
0.7590000000031609	0.2680243467166772
0.760000000003165	0.268023254579014
0.7610000000031691	0.26802216105456167
0.7620000000031735	0.26802106615682586
0.7630000000031776	0.26801996985311427
0.7640000000031817	0.2680188722059572
0.7650000000031858	0.26801777301323626
0.7660000000031901	0.2680166725939104
0.7670000000031942	0.2680155707008486
0.7680000000031983	0.26801446745673496
0.7690000000032027	0.2680133628138712
0.7700000000032068	0.2680122567084494
0.7710000000032109	0.2680111492186581
0.772000000003215	0.2680100403601051
0.7730000000032193	0.268008930113125
0.7740000000032234	0.2680078185111442
0.7750000000032276	0.2680067054075218
0.7760000000032319	0.26800559102183963
0.777000000003236	0.26800447517361803
0.7780000000032401	0.2680033579561649
0.7790000000032442	0.2680022393457342
0.7800000000032485	0.2680011193401809
0.7810000000032526	0.2679999979409947
0.7820000000032568	0.2679988751527229
0.7830000000032611	0.2679977509658982
0.7840000000032652	0.2679966253759257
0.7850000000032693	0.26799549843762305
0.7860000000032734	0.2679943700641677
0.7870000000032777	0.2679932403023627
0.7880000000032816	0.2679921092058182
0.7890000000032857	0.2679909764378513
0.7900000000032901	0.2679898427227746
0.7910000000032942	0.26798870734812774
0.7920000000032983	0.2679875706867789
0.7930000000033024	0.2679864325373055
0.7940000000033067	0.26798529296219686
0.7950000000033108	0.26798415214717575
0.796000000003315	0.2679830099178141
0.7970000000033193	0.2679818662029625
0.7980000000033234	0.26798072113704796
0.7990000000033275	0.26797957468401457
0.8000000000033316	0.2679784268522285
0.8010000000033359	0.26797727767169965
0.80200000000334	0.2679761270020289
0.8030000000033441	0.26797497493042965
0.8040000000033485	0.2679738215028369
0.8050000000033526	0.2679726667436588
0.8060000000033567	0.26797151067707226
0.8070000000033608	0.2679703530460307
0.8080000000033651	0.2679691940884541
0.8090000000033692	0.2679680337649105
0.8100000000033734	0.267966872017372
0.8110000000033777	0.2679657089350862
0.8120000000033818	0.2679645444240123
0.8130000000033859	0.2679633785636475
0.81400000000339	0.2679622110829013
0.8150000000033943	0.26796104260866294
0.8160000000033985	0.26795987251091324
0.8170000000034026	0.26795870106899
0.8180000000034067	0.26795752828251984
0.8190000000034108	0.26795635389394545
0.8200000000034149	0.2679551784829661
0.821000000003419	0.26795400141021974
0.8220000000034233	0.26795282301819556
0.8230000000034274	0.26795164322772425
0.8240000000034315	0.2679504620500579
0.8250000000034359	0.2679492796214389
0.82600000000344	0.26794809564975397
0.8270000000034441	0.26794691032418494
0.8280000000034482	0.26794572364255287
0.8290000000034525	0.2679445355729432
0.8300000000034566	0.26794334610572423
0.8310000000034607	0.2679421552608455
0.8320000000034651	0.2679409630322409
0.8330000000034692	0.2679397694186094
0.8340000000034733	0.26793857441398716
0.8350000000034774	0.2679373780375647
0.8360000000034817	0.2679361802726111
0.8370000000034858	0.2679349811182421
0.83800000000349	0.26793378058782236
0.8390000000034943	0.2679325786721072
0.8400000000034984	0.26793137536997835
0.8410000000035025	0.2679301706798283
0.8420000000035066	0.26792896461474836
0.8430000000035109	0.26792775716721073
0.844000000003515	0.2679265483364843
0.8450000000035192	0.2679253381257397
0.8460000000035233	0.26792412654055964
0.8470000000035276	0.26792291355198505
0.8480000000035317	0.2679216992022827
0.8490000000035356	0.26792048348246045
0.8500000000035399	0.2679192663085993
0.851000000003544	0.267918047848723
0.8520000000035481	0.26791682797346106
0.8530000000035523	0.26791560673742754
0.8540000000035566	0.26791438409257506
0.8550000000035607	0.26791316004986965
0.8560000000035648	0.26791193461377794
0.8570000000035691	0.2679107078117865
0.8580000000035732	0.26790947966962453
0.8590000000035773	0.2679082501166856
0.8600000000035815	0.26790701919001136
0.8610000000035858	0.2679057868878122
0.8620000000035899	0.2679045532006006
0.863000000003594	0.26790331811272905
0.8640000000035983	0.2679020816915493
0.8650000000036024	0.2679008439365309
0.8660000000036066	0.26789960471356455
0.8670000000036107	0.2678983640852861
0.868000000003615	0.2678971221990899
0.8690000000036191	0.26789587884365607
0.8700000000036232	0.26789463414365655
0.8710000000036275	0.267893388084362
0.8720000000036316	0.26789214057884814
0.8730000000036358	0.26789089169381664
0.8740000000036399	0.2678896415296339
0.8750000000036442	0.2678883899367551
0.8760000000036483	0.26788713697661737
0.8770000000036524	0.2678858825527546
0.8780000000036567	0.26788462683260894
0.8790000000036609	0.26788336975068594
0.8800000000036647	0.26788211129274275
0.8810000000036688	0.26788085140327944
0.8820000000036732	0.26787959020202556
0.8830000000036773	0.26787832758801855
0.8840000000036814	0.2678770636135013
0.8850000000036857	0.26787579825582297
0.8860000000036898	0.26787453153611596
0.887000000003694	0.26787326345193707
0.888000000003698	0.26787199396761996
0.8890000000037024	0.2678707231132559
0.8900000000037065	0.26786945089020253
0.8910000000037106	0.26786817730151335
0.8920000000037149	0.26786690232294186
0.893000000003719	0.26786562597833663
0.8940000000037231	0.2678643482775811
0.8950000000037273	0.2678630691762153
0.8960000000037316	0.26786178875850863
0.8970000000037357	0.2678605069351907
0.8980000000037398	0.26785922364046266
0.8990000000037441	0.2678579390961433
0.9000000000037482	0.26785665317624663
0.9010000000037524	0.2678553658208105
0.9020000000037565	0.2678540771166672
0.9030000000037608	0.2678527870702674
0.9040000000037649	0.26785149556913823
0.905000000003769	0.26785020275913585
0.9060000000037733	0.267848908597099
0.9070000000037775	0.26784761306096017
0.9080000000037816	0.2678463161339283
0.9090000000037857	0.26784501782039705
0.91000000000379	0.26784371815600316
0.9110000000037939	0.26784241713501633
0.912000000003798	0.2678411147491684
0.9130000000038023	0.2678398109514464
0.9140000000038064	0.26783850583197777
0.9150000000038105	0.26783719931352357
0.9160000000038147	0.26783589143834075
0.917000000003819	0.2678345822046665
0.9180000000038231	0.2678332715755276
0.9190000000038272	0.2678319595819848
0.9200000000038315	0.2678306462455535
0.9210000000038356	0.2678293314725322
0.9220000000038397	0.2678280154422368
0.9230000000038439	0.2678266979317656
0.9240000000038482	0.26782537910745297
0.9250000000038523	0.26782405892133765
0.9260000000038564	0.26782273738766205
0.9270000000038607	0.2678214144499519
0.9280000000038648	0.26782009020048736
0.929000000003869	0.2678187644978982
0.9300000000038731	0.267817437486072
0.9310000000038774	0.2678161090981469
0.9320000000038815	0.26781477933800335
0.9330000000038856	0.26781344820470676
0.9340000000038899	0.26781211570904906
0.935000000003894	0.2678107818113481
0.9360000000038982	0.26780944664764417
0.9370000000039023	0.2678081100746297
0.9380000000039066	0.2678067721190591
0.9390000000039107	0.26780543279341495
0.9400000000039148	0.26780409211827827
0.9410000000039191	0.2678027500414535
0.942000000003923	0.2678014066801888
0.9430000000039271	0.2678000618820341
0.9440000000039312	0.26779871575777003
0.9450000000039356	0.26779736824171463
0.9460000000039397	0.26779601938628894
0.9470000000039438	0.26779466916690053
0.9480000000039481	0.26779331762531255
0.9490000000039522	0.26779196444614084
0.9500000000039563	0.2677906103740697
0.9510000000039605	0.26778925464915904
0.9520000000039648	0.26778789758830024
0.9530000000039689	0.2677865391810229
0.954000000003973	0.26778517949328406
0.9550000000039773	0.26778381835285314
0.9560000000039814	0.2677824557978957
0.9570000000039856	0.26778109205578204
0.9580000000039897	0.2677797266929134
0.959000000003994	0.26777836031458835
0.9600000000039981	0.26777699219348583
0.9610000000040022	0.2677756230676206
0.9620000000040065	0.2677742524074581
0.9630000000040106	0.2677728804102625
0.9640000000040148	0.2677715069436245
0.9650000000040189	0.2677701323388806
0.9660000000040232	0.2677687561915817
0.9670000000040273	0.2677673788051276
0.9680000000040314	0.2677660000440647
0.9690000000040357	0.26776461964435183
0.9700000000040399	0.26776323833881355
0.9710000000040437	0.2677618554146989
0.9720000000040478	0.2677604711923851
0.9730000000040522	0.26775908564831674
0.9740000000040563	0.2677576984773157
0.9750000000040604	0.26775631038832093
0.9760000000040647	0.26775492068530427
0.9770000000040688	0.26775352966608135
0.978000000004073	0.26775213733656344
0.979000000004077	0.2677507433785782
0.9800000000040812	0.2677493485216539
0.9810000000040855	0.2677479520271161
0.9820000000040896	0.2677465542188848
0.9830000000040937	0.267745155064105
0.984000000004098	0.2677437546100352
0.9850000000041004	0.2677423527235451
0.9860000000041018	0.26774094945956584
0.987000000004103	0.26773954496159424
0.9880000000041045	0.2677381389862512
0.9890000000041059	0.2677367314972988
0.9900000000041072	0.26773532312724635
0.9910000000041086	0.2677339129387586
0.99200000000411	0.2677325017472515
0.9930000000041115	0.2677310889396357
0.9940000000041127	0.26772967493182176
0.9950000000041141	0.26772825956677604
0.9960000000041156	0.2677268427104448
0.997000000004117	0.2677254246073639
0.9980000000041185	0.26772400519838824
0.9990000000041197	0.26772258435449825
1.0000000000041211	0.26772116219837994
1.001000000004117	0.2677197386801664
1.002000000004113	0.26771831376327193
1.0030000000041086	0.2677168875652496
1.0040000000041045	0.2677154599639673
1.0050000000041002	0.2677140310060978
1.006000000004096	0.26771260076544856
1.007000000004092	0.26771116912512705
1.0080000000040878	0.26770973613939864
1.0090000000040837	0.2677083017969364
1.0100000000040794	0.26770686612577177
1.0110000000040753	0.2677054290999028
1.012000000004071	0.26770399072023454
1.0130000000040669	0.26770255098707074
1.0140000000040628	0.26770110991565943
1.0150000000040587	0.2676996674858989
1.0160000000040534	0.2676982237053872
1.0170000000040464	0.2676967785691676
1.0180000000040397	0.26769533209815866
1.0190000000040325	0.26769388426555385
1.0200000000040257	0.2676924351129658
1.021000000004019	0.26769098464096686
1.0220000000040117	0.2676895327407832
1.023000000004005	0.26768807946023476
1.0240000000039977	0.2676866249942752
1.025000000003991	0.2676851690613603
1.026000000003984	0.2676837118013141
1.027000000003977	0.2676822531958326
1.0280000000039702	0.26768079325122596
1.0290000000039632	0.2676793320064934
1.0300000000039562	0.2676778693125309
1.0310000000039494	0.26767640528364756
1.0320000000039424	0.26767493999393543
1.0330000000039354	0.26767347330840485
1.0340000000039287	0.2676720052966124
1.0350000000039217	0.26767053593601764
1.0360000000039147	0.267669065236841
1.0370000000039077	0.2676675931604363
1.0380000000039007	0.26766611977679533
1.039000000003894	0.2676646450348016
1.0400000000038867	0.2676631689343201
1.04100000000388	0.2676616915288119
1.0420000000038732	0.26766021274571905
1.043000000003866	0.2676587326191784
1.0440000000038592	0.26765725115968886
1.0450000000038522	0.26765576836694926
1.0460000000038452	0.2676542842242643
1.0470000000038384	0.26765279873146564
1.0480000000038314	0.26765131193360236
1.0490000000038244	0.2676498237565309
1.0500000000038174	0.2676483342949698
1.0510000000038104	0.2676468434062874
1.0520000000038037	0.2676453512128464
1.0530000000037967	0.2676438576799457
1.0540000000037897	0.26764236281191156
1.055000000003783	0.26764086663010733
1.056000000003776	0.26763936896115426
1.057000000003769	0.2676378701480078
1.0580000000037622	0.26763636993286954
1.059000000003755	0.2676348682926162
1.0600000000037482	0.26763336540850347
1.0610000000037412	0.26763186116288384
1.0620000000037342	0.2676303555791566
1.0630000000037274	0.2676288486951677
1.0640000000037202	0.2676273402015984
1.0650000000037134	0.26762583083180735
1.0660000000037064	0.2676243198882371
1.0670000000036994	0.26762280737925437
1.0680000000036927	0.26762129398374956
1.0690000000036857	0.26761977898263956
1.0700000000036787	0.2676182626774347
1.071000000003672	0.2676167450467747
1.072000000003665	0.26761522603275223
1.073000000003658	0.2676137057233915
1.0740000000036511	0.2676121841760766
1.075000000003644	0.26761066116421994
1.0760000000036372	0.26760913679553333
1.0770000000036304	0.2676076112601735
1.0780000000036232	0.26760608421809606
1.0790000000036164	0.2676045558002824
1.0800000000036092	0.2676030261878094
1.0810000000036024	0.2676014952061816
1.0820000000035954	0.26759996291738863
1.0830000000035884	0.2675984293345589
1.0840000000035817	0.26759689426931754
1.0850000000035747	0.26759535804561496
1.0860000000035677	0.26759382018073274
1.087000000003561	0.26759228130675194
1.088000000003554	0.2675907410820981
1.089000000003547	0.26758919939773096
1.0900000000035401	0.26758765620972336
1.091000000003533	0.2675861120874796
1.0920000000035262	0.26758456643159845
1.0930000000035192	0.267583019275741
1.0940000000035122	0.2675814711323544
1.0950000000035054	0.26757992148678345
1.0960000000034982	0.267578370364812
1.0970000000034914	0.2675768181523063
1.0980000000034844	0.26757526449007807
1.0990000000034774	0.2675737094620788
1.1000000000034706	0.26757215325705397
1.1010000000034637	0.2675705955691082
1.1020000000034567	0.26756903660885767
1.1030000000034499	0.26756747631146105
1.104000000003443	0.2675659146812137
1.105000000003436	0.26756435172550286
1.106000000003429	0.2675627874356341
1.107000000003422	0.2675612218343568
1.1080000000034151	0.26755965489457145
1.1090000000034081	0.26755808662896874
1.1100000000034012	0.2675565170353792
1.1110000000033944	0.26755494612046127
1.1120000000033872	0.2675533738731637
1.1130000000033804	0.26755180030509473
1.1140000000033736	0.26755022539455586
1.1150000000033664	0.26754864916657306
1.1160000000033596	0.26754707163029745
1.1170000000033526	0.2675454927449642
1.1180000000033457	0.26754391250146425
1.1190000000033387	0.2675423310187608
1.1200000000033317	0.26754074819616136
1.121000000003325	0.2675391640045336
1.122000000003318	0.2675375784178773
1.123000000003311	0.26753599160118147
1.1240000000033041	0.2675344034228587
1.1250000000032971	0.2675328139270645
1.1260000000032901	0.2675312231109308
1.1270000000032834	0.26752963097295523
1.1280000000032764	0.26752803750718446
1.1290000000032694	0.26752644272097836
1.1300000000032626	0.2675248466197906
1.1310000000032554	0.26752324919344184
1.1320000000032486	0.26752165043884757
1.1330000000032414	0.2675200503658095
1.1340000000032346	0.267518448981356
1.1350000000032279	0.2675168462525406
1.1360000000032207	0.26751524222078826
1.1370000000032139	0.26751363686684615
1.138000000003207	0.267512030150475
1.1390000000032	0.26751042216654386
1.1400000000031931	0.2675088128953804
1.1410000000031861	0.26750720222041013
1.1420000000031791	0.2675055901848057
1.1430000000031724	0.26750397700073014
1.1440000000031654	0.26750236240724623
1.1450000000031584	0.2675007463361707
1.1460000000031516	0.26749912904290307
1.1470000000031444	0.2674975105134443
1.1480000000031376	0.26749589065213153
1.1490000000031304	0.2674942694441902
1.1500000000031236	0.2674926469319182
1.1510000000031169	0.2674910230814287
1.1520000000031096	0.26748939792579995
1.1530000000031029	0.2674877714583961
1.1540000000030959	0.26748614367826007
1.155000000003089	0.2674845145340514
1.1560000000030821	0.2674828841535484
1.1570000000030751	0.26748125237841536
1.1580000000030681	0.26747961930762243
1.1590000000030614	0.2674779849235688
1.1600000000030544	0.26747634922010166
1.1610000000030474	0.2674747122558849
1.1620000000030404	0.26747307387114505
1.1630000000030334	0.26747143421414654
1.1640000000030266	0.26746979324640807
1.1650000000030196	0.26746815095390275
1.1660000000030126	0.2674665073714042
1.1670000000030059	0.26746486246764856
1.1680000000029986	0.26746321622923064
1.1690000000029919	0.2674615687041213
1.1700000000029849	0.2674599198577099
1.1710000000029779	0.2674582696946888
1.172000000002971	0.2674566182238145
1.1730000000029641	0.26745496541671354
1.1740000000029571	0.26745331131137173
1.1750000000029501	0.2674516558197365
1.1760000000029431	0.267449999209033
1.1770000000029364	0.26744834111631355
1.1780000000029294	0.26744668176048214
1.1790000000029224	0.26744502109081425
1.1800000000029156	0.2674433591142197
1.1810000000029086	0.267441695830152
1.1820000000029016	0.2674400312569587
1.1830000000028948	0.2674383653479454
1.1840000000028876	0.2674366981275771
1.1850000000028809	0.2674350295888662
1.186000000002874	0.26743335969942494
1.1870000000028669	0.2674316885748935
1.18800000000286	0.26743001609770534
1.1890000000028529	0.26742834232583734
1.1900000000028461	0.26742666724050757
1.1910000000028391	0.26742499085411475
1.1920000000028321	0.2674233131669207
1.1930000000028254	0.26742163416035103
1.1940000000028184	0.26741995383655526
1.1950000000028114	0.2674182722204146
1.1960000000028046	0.26741658930210954
1.1970000000027976	0.2674149050507051
1.1980000000027906	0.2674132195103517
1.1990000000027838	0.26741153267654294
1.2000000000027768	0.26740984450127325
1.2010000000027699	0.2674081550362284
1.2020000000027629	0.26740646433106074
1.2030000000027559	0.2674047722123647
1.204000000002749	0.2674030787901236
1.2050000000027419	0.26740138421597137
1.206000000002735	0.26739968812611337
1.2070000000027283	0.26739799077852844
1.2080000000027211	0.26739629219314587
1.2090000000027143	0.2673945922876029
1.2100000000027074	0.2673928911025302
1.2110000000027004	0.2673911885726661
1.2120000000026936	0.26738948476616087
1.2130000000026866	0.2673877796530155
1.2140000000026796	0.26738607325099406
1.2150000000026726	0.2673843655463546
1.2160000000026656	0.26738265641932557
1.2170000000026588	0.2673809461280382
1.2180000000026519	0.26737923452345913
1.2190000000026449	0.26737752158589834
1.220000000002638	0.26737580734776056
1.2210000000026309	0.26737409180482796
1.222000000002624	0.26737237495453336
1.2230000000026173	0.26737065678100136
1.2240000000026101	0.2673689373215604
1.2250000000026033	0.2673672166044776
1.2260000000025963	0.26736549455198977
1.2270000000025894	0.26736377120552435
1.2280000000025826	0.2673620465697696
1.2290000000025754	0.26736032063316817
1.2300000000025686	0.26735859338850565
1.2310000000025616	0.26735686483600274
1.2320000000025546	0.2673551349969494
1.2330000000025478	0.26735340386835527
1.2340000000025408	0.2673516714110723
1.2350000000025338	0.2673499376898921
1.236000000002527	0.2673482026672578
1.23700000000252	0.26734646629271264
1.238000000002513	0.2673447286678361
1.2390000000025063	0.267342989829481
1.240000000002499	0.26734124963046924
1.2410000000024923	0.26733950798855166
1.2420000000024853	0.26733776510001905
1.2430000000024783	0.26733602104796006
1.2440000000024716	0.2673342756570748
1.2450000000024644	0.26733252895639026
1.2460000000024576	0.2673307809760159
1.2470000000024506	0.2673290317163719
1.2480000000024436	0.2673272811319788
1.2490000000024368	0.26732552922735275
1.2500000000024298	0.2673237760415038
1.2510000000024228	0.2673220215522487
1.252000000002416	0.2673202657941348
1.253000000002409	0.2673185087464366
1.254000000002402	0.267316750403079
1.2550000000023953	0.26731499076860576
1.256000000002388	0.2673132298189417
1.2570000000023813	0.2673114676046704
1.2580000000023743	0.26730970409673016
1.2590000000023673	0.2673079392535156
1.2600000000023606	0.26730617317183225
1.2610000000023533	0.26730440578420644
1.2620000000023466	0.26730263706726975
1.2630000000023396	0.2673008671090511
1.2640000000023326	0.2672990958436047
1.2650000000023258	0.26729732333558165
1.2660000000023188	0.26729554945172673
1.2670000000023118	0.26729377430817813
1.268000000002305	0.26729199790236247
1.269000000002298	0.2672902201237062
1.270000000002291	0.2672884411742381
1.271000000002284	0.2672866609046436
1.272000000002277	0.2672848792547756
1.2730000000022703	0.26728309640970105
1.2740000000022633	0.2672813122547477
1.2750000000022563	0.26727952679705014
1.2760000000022496	0.2672777400736469
1.2770000000022423	0.2672759520535517
1.2780000000022356	0.2672741627257804
1.2790000000022288	0.2672723721853737
1.2800000000022216	0.2672705801917379
1.2810000000022148	0.2672687870922831
1.2820000000022078	0.2672669926654848
1.2830000000022008	0.2672651969245078
1.2840000000021938	0.2672633997804845
1.2850000000021868	0.26726160153190404
1.28600000000218	0.2672598019450605
1.287000000002173	0.2672580010648582
1.288000000002166	0.267256198902885
1.2890000000021593	0.26725439546325
1.2900000000021523	0.2672525907300033
1.2910000000021453	0.26725078471728503
1.2920000000021385	0.2672489774096307
1.2930000000021313	0.2672471688446295
1.2940000000021246	0.26724535897398616
1.2950000000021178	0.26724354787620186
1.2960000000021106	0.267241735420369
1.2970000000021038	0.26723992169283595
1.2980000000020966	0.26723810672792336
1.2990000000020898	0.26723629038697216
1.3000000000020828	0.26723447287536795
1.3010000000020758	0.26723265407504515
1.302000000002069	0.2672308339122197
1.303000000002062	0.26722901237439145
1.304000000002055	0.26722718982563554
1.3050000000020483	0.26722536590936796
1.3060000000020413	0.2672235406308301
1.3070000000020343	0.26722171414612594
1.3080000000020275	0.2672198863511883
1.3090000000020205	0.26721805728230796
1.3100000000020136	0.267216226900749
1.3110000000020068	0.2672143952644619
1.3120000000019996	0.2672125623430257
1.3130000000019928	0.2672107281484877
1.3140000000019856	0.2672088926888152
1.3150000000019788	0.2672070559569325
1.316000000001972	0.2672052179332529
1.3170000000019648	0.26720337862815624
1.318000000001958	0.26720153807081104
1.319000000001951	0.26719969623451645
1.320000000001944	0.2671978531200666
1.3210000000019373	0.26719600870705307
1.3220000000019303	0.2671941629645407
1.3230000000019233	0.26719231596857296
1.3240000000019165	0.26719046777677957
1.3250000000019095	0.2671886182975304
1.3260000000019025	0.267186767534465
1.3270000000018956	0.2671849154885726
1.3280000000018886	0.2671830621618142
1.3290000000018818	0.26718120758681496
1.3300000000018748	0.26717935172686846
1.3310000000018678	0.2671774946303329
1.332000000001861	0.2671756361836889
1.3330000000018538	0.2671737764833748
1.334000000001847	0.26717191557318054
1.33500000000184	0.2671700532869338
1.336000000001833	0.2671681897759519
1.3370000000018263	0.26716632499979487
1.3380000000018193	0.26716445894932117
1.3390000000018123	0.26716259169126544
1.3400000000018053	0.26716072291869786
1.3410000000017983	0.26715885322876054
1.3420000000017915	0.26715698211391703
1.3430000000017845	0.2671551096227218
1.3440000000017776	0.26715323602043894
1.3450000000017708	0.2671513610380132
1.3460000000017638	0.2671494847988749
1.3470000000017568	0.2671476073307373
1.34800000000175	0.26714572860274755
1.3490000000017428	0.26714384860289475
1.350000000001736	0.2671419673377483
1.3510000000017293	0.26714008480482965
1.352000000001722	0.26713820097339136
1.3530000000017153	0.2671363159168907
1.354000000001708	0.2671344295735757
1.3550000000017013	0.2671325420172328
1.3560000000016943	0.2671306531087213
1.3570000000016873	0.26712876295980414
1.3580000000016805	0.26712687151131065
1.3590000000016735	0.2671249787565195
1.3600000000016665	0.26712308485309544
1.3610000000016598	0.26712118967717413
1.3620000000016528	0.267119293219111
1.3630000000016458	0.2671173954815351
1.364000000001639	0.2671154964789678
1.3650000000016318	0.26711359624018904
1.366000000001625	0.2671116947227653
1.367000000001618	0.26710979190790873
1.368000000001611	0.26710788786425077
1.3690000000016043	0.267105982555347
1.370000000001597	0.2671040759531138
1.3710000000015903	0.26710216813247323
1.3720000000015833	0.2671002590303513
1.3730000000015763	0.267098348720742
1.3740000000015695	0.26709643706109953
1.3750000000015625	0.26709452416899593
1.3760000000015555	0.267092610078007
1.3770000000015488	0.2670906945473026
1.3780000000015418	0.2670887778652794
1.3790000000015348	0.26708685996728654
1.3800000000015278	0.2670849407945193
1.3810000000015208	0.2670830203481994
1.382000000001514	0.2670810986736909
1.383000000001507	0.26707917576049134
1.3840000000015	0.26707725150804285
1.3850000000014933	0.26707532602182626
1.386000000001486	0.267073399301055
1.3870000000014793	0.2670714712461282
1.3880000000014725	0.26706954204863875
1.3890000000014653	0.26706761155281566
1.3900000000014585	0.26706567967503936
1.3910000000014515	0.26706374664798793
1.3920000000014445	0.267061812397018
1.3930000000014378	0.26705987688990096
1.3940000000014305	0.2670579401016939
1.3950000000014238	0.2670560021071895
1.3960000000014168	0.26705406277541865
1.3970000000014098	0.2670521222139176
1.398000000001403	0.2670501804525923
1.399000000001396	0.2670482373418729
1.400000000001389	0.2670462930738965
1.4010000000013823	0.2670443472939228
1.4020000000013753	0.2670424006337695
1.4030000000013683	0.26704045249526476
1.4040000000013615	0.2670385032274838
1.4050000000013543	0.26703655261985315
1.4060000000013475	0.267034600731373
1.4070000000013405	0.2670326476459546
1.4080000000013335	0.2670306933381229
1.4090000000013267	0.2670287377486519
1.4100000000013195	0.26702678095877197
1.4110000000013128	0.2670248228374146
1.4120000000013058	0.267022863484742
1.4130000000012988	0.2670209028557521
1.414000000001292	0.26701894096025436
1.415000000001285	0.26701697789991863
1.416000000001278	0.2670150135601074
1.4170000000012712	0.26701304794641034
1.4180000000012642	0.26701108113082517
1.4190000000012573	0.2670091130427532
1.4200000000012505	0.2670071437593181
1.4210000000012433	0.26700517316411576
1.4220000000012365	0.2670032012137413
1.4230000000012293	0.2670012281840045
1.4240000000012225	0.26699925390525003
1.4250000000012157	0.266997278211063
1.4260000000012085	0.2669953013819516
1.4270000000012018	0.26699332337090065
1.4280000000011948	0.2669913440501528
1.4290000000011878	0.26698936349148006
1.430000000001181	0.26698738167973235
1.431000000001174	0.26698539862627924
1.432000000001167	0.2669834143368187
1.4330000000011602	0.26698142877802367
1.4340000000011532	0.2669794419814191
1.4350000000011462	0.26697745398807005
1.4360000000011393	0.26697546472677713
1.4370000000011323	0.26697347415965966
1.4380000000011255	0.2669714823667183
1.4390000000011185	0.26696948935422093
1.4400000000011115	0.2669674951105434
1.4410000000011047	0.2669654996395563
1.4420000000010975	0.2669635029039581
1.4430000000010907	0.26696150494069903
1.4440000000010837	0.26695950574722094
1.4450000000010768	0.2669575053111719
1.44600000000107	0.2669555035739424
1.447000000001063	0.2669535006084931
1.448000000001056	0.26695149642453897
1.449000000001049	0.2669494910320336
1.450000000001042	0.2669474843668346
1.4510000000010352	0.26694547645667055
1.4520000000010282	0.26694346727959006
1.4530000000010213	0.2669414569625379
1.4540000000010145	0.26693944529117375
1.4550000000010075	0.2669374324031626
1.4560000000010005	0.2669354183603916
1.4570000000009937	0.26693340306138436
1.4580000000009865	0.26693138652144277
1.4590000000009797	0.26692936870605977
1.460000000000973	0.2669273495482275
1.4610000000009657	0.26692532928815726
1.462000000000959	0.26692330786922813
1.4630000000009518	0.2669212851181145
1.464000000000945	0.26691926110285347
1.465000000000938	0.26691723579424553
1.466000000000931	0.26691520937433255
1.4670000000009242	0.26691318169655087
1.4680000000009172	0.2669111527765202
1.4690000000009102	0.266909122647048
1.4700000000009035	0.2669070912653274
1.4710000000008965	0.2669050585849
1.4720000000008895	0.26690302471366356
1.4730000000008827	0.26690098961064046
1.4740000000008757	0.26689895325912694
1.4750000000008687	0.2668969157155051
1.476000000000862	0.2668948769986105
1.4770000000008547	0.2668928369344973
1.478000000000848	0.2668907956940977
1.4790000000008408	0.26688875316054006
1.480000000000834	0.2668867093760925
1.4810000000008272	0.2668846644656526
1.48200000000082	0.26688261835449745
1.4830000000008132	0.2668805709145582
1.4840000000008062	0.26687852227811293
1.4850000000007992	0.26687647243897716
1.4860000000007925	0.26687442124567473
1.4870000000007855	0.2668723689004667
1.4880000000007785	0.26687031544507656
1.4890000000007717	0.2668682606607494
1.4900000000007645	0.26686620456927956
1.4910000000007577	0.2668641473318699
1.4920000000007507	0.26686208882506146
1.4930000000007437	0.26686002916842666
1.494000000000737	0.2668579682966321
1.49500000000073	0.2668559061162613
1.496000000000723	0.2668538426622582
1.497000000000716	0.266851778110788
1.498000000000709	0.2668497123132263
1.4990000000007022	0.2668476452725651
1.5000000000006952	0.2668455769826794
1.5010000000006882	0.26684350745002416
1.5020000000006815	0.26684143669326854
1.5030000000006745	0.26683936474628767
1.5040000000006675	0.2668372915732935
1.5050000000006605	0.26683521719443104
1.5060000000006535	0.2668331415712587
1.5070000000006467	0.26683106474758
1.5080000000006397	0.2668289866914628
1.5090000000006327	0.26682690734357517
1.5100000000006257	0.2668248268054987
1.5110000000006187	0.2668227450637515
1.512000000000612	0.26682066211922617
1.513000000000605	0.26681857798453645
1.514000000000598	0.2668164925957577
1.5150000000005912	0.2668144059274683
1.5160000000005842	0.2668123180837987
1.5170000000005772	0.26681022902234697
1.5180000000005702	0.2668081387304332
1.5190000000005632	0.2668060472888104
1.5200000000005565	0.26680395450564887
1.5210000000005495	0.26680186048555155
1.5220000000005425	0.2667997653928824
1.5230000000005357	0.26679766904346813
1.5240000000005285	0.26679557145252164
1.5250000000005217	0.2667934726727156
1.5260000000005147	0.26679137262110286
1.5270000000005077	0.2667892712995318
1.528000000000501	0.26678716887765974
1.529000000000494	0.2667850652276691
1.530000000000487	0.2667829602643479
1.53100000000048	0.26678085410571195
1.532000000000473	0.2667787467825893
1.5330000000004662	0.26677663827259557
1.5340000000004592	0.26677452859142636
1.5350000000004522	0.2667724176312054
1.5360000000004455	0.26677030531764356
1.5370000000004385	0.2667681918980819
1.5380000000004315	0.26676607733324553
1.5390000000004245	0.26676396152529347
1.5400000000004175	0.26676184452260354
1.5410000000004107	0.2667597262725132
1.5420000000004037	0.2667576067874904
1.5430000000003967	0.2667554861023407
1.5440000000003897	0.2667533641824509
1.5450000000003827	0.26675124108036774
1.546000000000376	0.26674911675878277
1.547000000000369	0.26674699125087287
1.548000000000362	0.2667448644510363
1.549000000000355	0.2667427365285777
1.5500000000003482	0.2667406074206855
1.5510000000003412	0.266738476957586
1.5520000000003342	0.2667363453949373
1.5530000000003272	0.26673421264912267
1.5540000000003205	0.26673207866910253
1.5550000000003135	0.2667299435272492
1.5560000000003065	0.2667278069487209
1.5570000000002997	0.2667256694407105
1.5580000000002925	0.2667235305858189
1.5590000000002857	0.26672139053350497
1.5600000000002787	0.26671924930465873
1.5610000000002717	0.2667171068406028
1.5620000000002647	0.266714963209824
1.5630000000002577	0.2667128183824905
1.564000000000251	0.2667106722126974
1.565000000000244	0.26670852491849495
1.566000000000237	0.2667063765489013
1.5670000000002302	0.2667042268808667
1.5680000000002232	0.2667020758877289
1.5690000000002162	0.2666999237699922
1.5700000000002092	0.2666977705443816
1.5710000000002025	0.266695616046868
1.5720000000001955	0.2666934602898967
1.5730000000001885	0.26669130338150215
1.5740000000001815	0.26668914528205456
1.5750000000001747	0.26668698604053886
1.5760000000001675	0.26668482542797
1.5770000000001607	0.2666826637915338
1.5780000000001537	0.266680500810465
1.5790000000001467	0.2666783366871399
1.58000000000014	0.26667617138966326
1.581000000000133	0.266674004874049
1.582000000000126	0.2666718371433605
1.583000000000119	0.26666966819444726
1.584000000000112	0.26666749806995016
1.5850000000001052	0.2666653267168393
1.5860000000000982	0.2666631542547282
1.5870000000000912	0.2666609805659178
1.5880000000000845	0.26665880555895183
1.5890000000000775	0.2666566294374315
1.5900000000000705	0.2666544522147203
1.5910000000000635	0.26665227364080046
1.5920000000000565	0.26665009389627514
1.5930000000000497	0.2666479130553654
1.5940000000000427	0.26664573095667476
1.5950000000000357	0.26664354762240605
1.5960000000000287	0.2666413630868145
1.5970000000000217	0.26663917745543775
1.598000000000015	0.26663699052498435
1.599000000000008	0.2666348023981061
1.600000000000001	0.2666326131946286
1.6009999999999942	0.26663042272532333
1.6019999999999872	0.26662823103177513
1.6029999999999802	0.26662603818008646
1.6039999999999732	0.26662384413969686
1.6049999999999662	0.2666216488715839
1.6059999999999595	0.2666194524421982
1.6069999999999525	0.26661725482490695
1.6079999999999455	0.26661505597372714
1.6089999999999387	0.26661285596458817
1.6099999999999315	0.26661065476173895
1.6109999999999247	0.26660845237264374
1.6119999999999177	0.2666062487481191
1.6129999999999107	0.26660404394866455
1.6139999999999037	0.2666018380655346
1.614999999999897	0.26659963087079386
1.61599999999989	0.266597422479377
1.616999999999883	0.2665952129902015
1.617999999999876	0.2665930022481222
1.6189999999998692	0.26659079031794464
1.6199999999998622	0.2665885772025043
1.6209999999998552	0.2665863629524855
1.6219999999998485	0.2665841472709687
1.6229999999998415	0.26658193079738746
1.6239999999998345	0.2665797129509321
1.6249999999998275	0.26657749374176
1.6259999999998205	0.2665752736363529
1.6269999999998137	0.26657305217315386
1.6279999999998067	0.26657082958062506
1.6289999999997997	0.2665686058036856
1.6299999999997927	0.26656638079450345
1.6309999999997857	0.26656415467844885
1.631999999999779	0.26656192734059236
1.632999999999772	0.26655969878102437
1.633999999999765	0.2665574690199448
1.634999999999758	0.26655523810225634
1.6359999999997512	0.2665530060713015
1.6369999999997442	0.2665507727944274
1.6379999999997372	0.2665485383442753
1.6389999999997302	0.2665463027401145
1.6399999999997235	0.26654406590343405
1.6409999999997165	0.2665418279131896
1.6419999999997095	0.2665395887612533
1.6429999999997025	0.26653734840655485
1.6439999999996955	0.2665351068523273
1.6449999999996887	0.26653286414232813
1.6459999999996817	0.2665306202043447
1.6469999999996747	0.26652837514719174
1.6479999999996677	0.26652612894061267
1.6489999999996607	0.26652388144608796
1.649999999999654	0.2665216327852882
1.650999999999647	0.2665193830171523
1.65199999999964	0.2665171320788855
1.6529999999996332	0.2665148799533602
1.6539999999996262	0.26651262657544916
1.6549999999996192	0.26651037207837913
1.6559999999996122	0.26650811645121075
1.6569999999996052	0.26650585958423945
1.6579999999995985	0.26650360152445574
1.6589999999995915	0.26650134224393496
1.6599999999995845	0.26649908185754856
1.6609999999995777	0.26649682032707156
1.6619999999995705	0.2664945576009752
1.6629999999995637	0.26649229367287663
1.6639999999995567	0.26649002857626336
1.6649999999995497	0.2664877623131555
1.665999999999543	0.2664854948535943
1.666999999999536	0.2664832262259893
1.667999999999529	0.2664809564387557
1.668999999999522	0.2664786854957881
1.669999999999515	0.2664764133646551
1.6709999999995082	0.26647414007560577
1.6719999999995012	0.266471865574063
1.6729999999994942	0.2664695899853602
1.6739999999994875	0.2664673131642006
1.6749999999994805	0.266465035128449
1.6759999999994735	0.2664627560062425
1.6769999999994665	0.2664604756767954
1.6779999999994595	0.26645819420710315
1.6789999999994527	0.26645591147463266
1.6799999999994457	0.26645362760885904
1.6809999999994387	0.2664513426455539
1.6819999999994317	0.2664490564731381
1.6829999999994247	0.2664467691323513
1.683999999999418	0.26644448062733317
1.684999999999411	0.2664421909287764
1.685999999999404	0.26643990005319085
1.6869999999993972	0.2664376080555043
1.6879999999993902	0.2664353149036941
1.6889999999993832	0.2664330203986762
1.6899999999993762	0.2664307250170208
1.6909999999993692	0.26642842835166114
1.6919999999993625	0.26642613048625474
1.6929999999993555	0.2664238314513998
1.6939999999993485	0.2664215313514642
1.6949999999993415	0.26641922995945455
1.6959999999993345	0.2664169274089563
1.6969999999993277	0.26641462382638026
1.6979999999993207	0.2664123188662253
1.6989999999993137	0.26641001302621936
1.6999999999993067	0.2664077058190357
1.7009999999993	0.2664053974409628
1.701999999999293	0.26640308803119117
1.702999999999286	0.26640077740740453
1.703999999999279	0.26639846553438795
1.7049999999992722	0.2663961525927605
1.7059999999992652	0.26639383840920416
1.7069999999992582	0.26639152312812897
1.7079999999992515	0.2663892067530784
1.7089999999992442	0.26638688913072717
1.7099999999992375	0.26638457031469087
1.7109999999992305	0.2663822503946861
1.7119999999992235	0.26637992928077525
1.7129999999992167	0.2663776070554159
1.7139999999992095	0.2663752836803761
1.7149999999992027	0.266372959110625
1.7159999999991957	0.2663706333785556
1.7169999999991887	0.26636830652191046
1.717999999999182	0.2663659784967698
1.718999999999175	0.2663636492802096
1.719999999999168	0.26636131893719106
1.720999999999161	0.2663589874493214
1.721999999999154	0.26635665478696335
1.7229999999991472	0.26635432096313516
1.7239999999991402	0.26635198595416965
1.7249999999991332	0.26634964988481313
1.7259999999991265	0.2663473126492104
1.7269999999991195	0.2663449741440871
1.7279999999991125	0.26634263453667617
1.7289999999991055	0.2663402938514434
1.7299999999990985	0.26633795197588306
1.7309999999990917	0.2663356089150366
1.7319999999990847	0.26633326467883045
1.7329999999990777	0.2663309193688911
1.7339999999990707	0.26632857286244616
1.7349999999990655	0.26632622520508065
1.7359999999990614	0.2663238764399579
1.7369999999990573	0.2663215264672003
1.7379999999990532	0.26631917541216277
1.7389999999990489	0.26631682314800453
1.7399999999990448	0.2663144697448794
1.7409999999990406	0.2663121151865413
1.7419999999990363	0.26630975943988155
1.7429999999990322	0.2663074025207509
1.743999999999028	0.26630504458882753
1.744999999999024	0.2663026854929046
1.74599999999902	0.2663003251330208
1.7469999999990156	0.2662979636410855
1.7479999999990115	0.2662956011142663
1.7489999999990071	0.2662932374340746
1.749999999999003	0.26629087247422034
1.7509999999990045	0.2662885064925239
1.751999999999006	0.26628613935286793
1.7529999999990071	0.2662837710105087
1.7539999999990086	0.26628140152988067
1.75499999999901	0.26627903091218985
1.7559999999990115	0.2662766591952712
1.756999999999013	0.26627428619814875
1.7579999999990141	0.2662719122824796
1.7589999999990156	0.2662695370998184
1.759999999999017	0.2662671607726639
1.7609999999990182	0.266264783217145
1.7619999999990197	0.2662624045681964
1.7629999999990211	0.26626002485901346
1.7639999999990226	0.2662576440262242
1.7649999999990238	0.2662552619903731
1.7659999999990263	0.26625287877999415
1.7669999999990305	0.26625049442296356
1.7679999999990346	0.26624810896923834
1.7689999999990387	0.26624572242519484
1.769999999999043	0.26624333469856853
1.7709999999990471	0.2662409458102435
1.7719999999990512	0.26623855576686883
1.7729999999990556	0.26623616461286004
1.7739999999990597	0.26623377226057354
1.7749999999990638	0.2662313788781009
1.7759999999990679	0.26622898437983655
1.776999999999072	0.2662265886152545
1.7779999999990763	0.26622419172066436
1.7789999999990804	0.2662217937136422
1.7799999999990845	0.2662193946092779
1.7809999999990886	0.26621699443724856
1.781999999999093	0.26621459309705797
1.782999999999097	0.2662121905661725
1.7839999999991012	0.26620978685186114
1.7849999999991053	0.2662073820055084
1.7859999999991096	0.266204976068376
1.7869999999991137	0.26620256900989003
1.7879999999991179	0.26620016089056464
1.788999999999122	0.26619775157477144
1.789999999999126	0.26619534111013854
1.7909999999991304	0.2661929294980937
1.7919999999991345	0.26619051681276873
1.7929999999991386	0.26618810290119876
1.7939999999991427	0.26618568791513797
1.794999999999147	0.26618327178251633
1.7959999999991512	0.26618085450388573
1.7969999999991553	0.2661784361711733
1.7979999999991594	0.26617601670785807
1.7989999999991637	0.26617359608059565
1.7999999999991678	0.2661711742288073
1.800999999999172	0.2661687513060058
1.801999999999176	0.2661663272881547
1.8029999999991801	0.26616390216186325
1.8039999999991845	0.2661614758984915
1.8049999999991886	0.2661590485250753
1.8059999999991927	0.2661566197611561
1.8069999999991968	0.26615419030944554
1.8079999999992011	0.2661517594699999
1.8089999999992052	0.26614932754388976
1.8099999999992094	0.2661468945092713
1.8109999999992135	0.2661444603451084
1.8119999999992178	0.26614202511860674
1.812999999999222	0.2661395885682507
1.813999999999226	0.2661371511169244
1.8149999999992301	0.26613471238732456
1.8159999999992344	0.2661322726337627
1.8169999999992386	0.26612983176765626
1.8179999999992427	0.26612738973007066
1.8189999999992468	0.26612494650976315
1.819999999999251	0.2661225021786554
1.8209999999992552	0.2661200567993144
1.8219999999992593	0.26611761022938074
1.8229999999992634	0.26611516265419444
1.8239999999992675	0.26611271395384295
1.8249999999992719	0.26611026398818716
1.825999999999276	0.26610781296118136
1.82699999999928	0.266105360805718
1.8279999999992842	0.2661029075602428
1.8289999999992885	0.26610045318878917
1.8299999999992926	0.2660979976927429
1.8309999999992967	0.26609554109481126
1.8319999999993009	0.26609308336299176
1.8329999999993052	0.26609062455971677
1.8339999999993093	0.26608816450095996
1.8349999999993134	0.2660857035379214
1.8359999999993175	0.26608324126510363
1.8369999999993218	0.2660807779546306
1.837999999999326	0.26607831352631306
1.83899999999933	0.2660758480136599
1.8399999999993342	0.26607338139717207
1.8409999999993385	0.26607091361639346
1.8419999999993426	0.26606844466628843
1.8429999999993467	0.2660659746452496
1.8439999999993508	0.26606350349572805
1.844999999999355	0.26606103125697667
1.8459999999993593	0.26605855787544175
1.8469999999993634	0.2660560834292347
1.8479999999993675	0.26605360794985533
1.8489999999993716	0.2660511312233613
1.849999999999376	0.2660486534228459
1.85099999999938	0.2660461745365523
1.8519999999993841	0.26604369446395615
1.8529999999993882	0.26604121332939057
1.8539999999993926	0.26603873107389886
1.8549999999993967	0.26603624770990886
1.8559999999994008	0.26603376321887917
1.856999999999405	0.266031277608068
1.857999999999409	0.26602879102752464
1.8589999999994133	0.266026303240537
1.8599999999994175	0.26602381430862687
1.8609999999994216	0.2660213243255972
1.861999999999426	0.2660188332227924
1.86299999999943	0.26601634099481497
1.863999999999434	0.26601384762489366
1.8649999999994382	0.26601135318206015
1.8659999999994423	0.2660088576479285
1.8669999999994467	0.26600636097627495
1.8679999999994508	0.2660038632079327
1.8689999999994549	0.26600136434902855
1.869999999999459	0.265998864342637
1.870999999999463	0.2659963633155803
1.8719999999994674	0.26599386115441004
1.8729999999994715	0.26599135779293803
1.8739999999994756	0.265988853450274
1.87499999999948	0.2659863480122735
1.875999999999484	0.26598384129878916
1.8769999999994882	0.2659813335921205
1.8779999999994923	0.2659788248986288
1.8789999999994964	0.265976314951861
1.8799999999995007	0.26597380389873193
1.8809999999995048	0.2659712918195437
1.881999999999509	0.26596877865430846
1.882999999999513	0.2659662643216242
1.8839999999995174	0.2659637489019583
1.8849999999995215	0.26596123243165537
1.8859999999995256	0.265958714797043
1.8869999999995297	0.2659561960419907
1.887999999999534	0.26595367625410893
1.8889999999995382	0.2659511553643088
1.8899999999995423	0.26594863337295904
1.8909999999995464	0.26594611027377657
1.8919999999995505	0.2659435860706134
1.8929999999995548	0.2659410607488626
1.893999999999559	0.26593853437064485
1.894999999999563	0.2659360069131744
1.8959999999995671	0.26593347833981573
1.8969999999995715	0.2659309486783372
1.8979999999995756	0.2659284178726852
1.8989999999995797	0.26592588594671873
1.8999999999995838	0.26592335288769986
1.9009999999995881	0.26592081899913
1.9019999999995922	0.2659182838366524
1.9029999999995963	0.2659157475491929
1.9039999999996005	0.2659132101711351
1.9049999999996048	0.2659106717759193
1.905999999999609	0.26590813229954224
1.906999999999613	0.2659055916655275
1.9079999999996171	0.2659030498906674
1.9089999999996214	0.2659005070411973
1.9099999999996256	0.26589796315401426
1.9109999999996297	0.2658954181853026
1.9119999999996338	0.265892872148245
1.9129999999996379	0.26589032498725695
1.9139999999996422	0.26588777671569763
1.9149999999996463	0.2658852273670409
1.9159999999996504	0.26588267693819523
1.9169999999996545	0.2658801254233909
1.9179999999996589	0.26587757282097346
1.918999999999663	0.2658750191807948
1.919999999999667	0.2658724643935053
1.9209999999996712	0.2658699084622259
1.9219999999996755	0.26586735146889695
1.9229999999996796	0.2658647934082986
1.9239999999996837	0.26586223428752853
1.9249999999996878	0.26585967413229517
1.9259999999996922	0.26585711282684654
1.9269999999996963	0.26585455040476635
1.9279999999997004	0.2658519869162539
1.9289999999997045	0.2658494223974477
1.9299999999997088	0.26584685672475306
1.930999999999713	0.265844289971795
1.931999999999717	0.2658417221866546
1.9329999999997212	0.2658391533824781
1.9339999999997253	0.2658365833587738
1.9349999999997296	0.265834012252935
1.9359999999997337	0.26583144014624704
1.9369999999997378	0.2658288669149962
1.937999999999742	0.26582629259515
1.9389999999997463	0.2658237172515818
1.9399999999997504	0.2658211407732409
1.9409999999997545	0.2658185632247796
1.9419999999997586	0.26581598459239664
1.942999999999763	0.26581340487779537
1.943999999999767	0.26581082407292056
1.9449999999997711	0.2658082422418373
1.9459999999997752	0.2658056593359531
1.9469999999997794	0.2658030753340037
1.9479999999997837	0.26580049023081953
1.9489999999997878	0.26579790404608894
1.949999999999792	0.26579531680191804
1.950999999999796	0.2657927285393964
1.9519999999998003	0.2657901391392239
1.9529999999998044	0.2657875486127321
1.9539999999998086	0.2657849570344928
1.9549999999998127	0.26578236441389436
1.955999999999817	0.26577977070839753
1.956999999999821	0.26577717594305494
1.9579999999998252	0.26577458006588717
1.9589999999998293	0.2657719832031219
1.9599999999998337	0.26576938524267013
1.9609999999998378	0.2657667861570123
1.9619999999998419	0.26576418595381757
1.962999999999846	0.2657615847497694
1.9639999999998503	0.26575898254867936
1.9649999999998544	0.2657563791783969
1.9659999999998585	0.2657537746942138
1.9669999999998626	0.26575116920431696
1.9679999999998667	0.26574856264155733
1.968999999999871	0.26574595501376097
1.9699999999998752	0.2657433462937284
1.9709999999998793	0.26574073647094254
1.9719999999998834	0.2657381255465765
1.9729999999998877	0.26573551373005067
1.9739999999998918	0.2657329008294904
1.974999999999896	0.26573028672692567
1.9759999999999	0.2657276715945216
1.9769999999999044	0.265725055332685
1.9779999999999085	0.265722438136507
1.9789999999999126	0.26571981986633575
1.9799999999999167	0.2657172004090138
1.980999999999921	0.26571457992829184
1.9819999999999252	0.26571195846003537
1.9829999999999293	0.26570933581525336
1.9839999999999334	0.26570671212999786
1.9849999999999375	0.2657040874915193
1.9859999999999418	0.2657014617822532
1.986999999999946	0.2656988349103385
1.98799999999995	0.26569620690483753
1.9889999999999541	0.2656935779169951
1.9899999999999585	0.26569094790271464
1.9909999999999626	0.2656883168419806
1.9919999999999667	0.265685684698455
1.9929999999999708	0.2656830514623416
1.9939999999999751	0.2656804170849062
1.9949999999999792	0.26567778183568325
1.9959999999999833	0.265675145459249
1.9969999999999875	0.26567250799020115
1.9979999999999918	0.2656698694294146
1.998999999999996	0.2656672298525087
2.0	0.26566458934969894
2.0010279404845495	0.26566187384770124
2.0021217900815715	0.26565898297098944
2.0032857751923165	0.26565590523260973
2.004524391841744	0.26565262871707584
2.005842426366887	0.2656491404378911
2.007244970197923	0.26564542644458966
2.0087374418720856	0.2656414720456558
2.0103256076664273	0.26563726133336285
2.0120156028936726	0.26563277764861026
2.013813957200875	0.2656280032957242
2.0157276178435577	0.2656229193738253
2.0177639781367303	0.26561750514559523
2.019930905358886	0.2656117387476109
2.0222367711443985	0.26560559729527067
2.024690484011897	0.2655990557253387
2.027301523572695	0.26559208823768055
2.0300799770731848	0.2655846660331177
2.033036578410754	0.2655767586523079
2.036182751117039	0.2655683344983627
2.039530649180409	0.26555935924865204
2.043093206833892	0.26554979546861746
2.046884188175661	0.2655396035614589
2.050918238233338	0.26552874173240215
2.0552109433735133	0.26551716516557733
2.059778886913171	0.26550482539654496
2.0646397170403086	0.26549167106583915
2.0698122132469665	0.26547764605021784
2.0753163565584574	0.2654626904985071
2.081173414838828	0.2654467443300841
2.0874060143976347	0.2654297361455593
2.094038234979271	0.26541158838027135
2.1010956980169606	0.26539223201819795
2.1086056699538682	0.26537158230324465
2.116597165034399	0.26534954223013885
2.125101056786564	0.26532601613355256
2.1341501990307465	0.2653009040334957
2.143779554474847	0.26527409099018007
2.1540263207146424	0.26524544672380634
2.1649300857539027	0.2652148533513148
2.1765329774064615	0.2651821798500894
2.1888798204423576	0.2651472726339774
2.2020183144046843	0.2651099524338596
2.2159992202680474	0.26507003206426827
2.2308765524295735	0.2650273532410503
2.246707783705272	0.264981726419355
2.263554079768369	0.26493289509887763
2.2814805235907363	0.26488062223658804
2.3005563724108544	0.2648246729120084
2.320855322320133	0.26476476096564894
2.3424557929209753	0.2647005673872228
2.3654412374910825	0.264631790789704
2.389900455657507	0.264558088321763
2.41592795027163	0.2644790578534927
2.44362426638729	0.264394293376085
2.473096411506492	0.26430333610838597
2.5044582437089975	0.2642056832874673
2.537830924630887	0.26410088500240747
2.5733433911797423	0.263988426746529
2.611132843166974	0.2638675420578428
2.6513452603475027	0.26373760333135887
2.6941360153529494	0.26359761826512895
2.739670418177515	0.2634475616049138
2.788124380079947	0.26328604319514737
2.839685109337027	0.2631122016498577
2.894551789617174	0.26292508594707353
2.9529364084026577	0.2627237381466705
3.0150645170164534	0.26250699565005176
3.0811761422888653	0.2622736369440971
3.1515266965252042	0.2620224059342017
3.226387989377641	0.2617520408558054
3.30604919671757	0.2614608121812788
3.39081811677136	0.26114773604502295
3.4810222154328754	0.2608106495989412
3.577010018652917	0.2604479626113734
3.6791523315125145	0.2600584341790255
3.7878438030764574	0.25964006704915665
3.9035043177534527	0.25919110533431644
4.02658072998157	0.2587099821133735
4.157548527011607	0.25819502071408906
4.296913682346355	0.2576448921296487
4.445214635465608	0.2570581529937177
4.603024347307951	0.256433856560784
4.770952424745148	0.25577145565041026
4.9496476786701376	0.25507074564059884
5.139800459354712	0.2543325034313485
5.342145448462832	0.25355838924643626
5.557464321076707	0.2527505950875587
5.786588991858403	0.25191275672999125
6.03040459644804	0.2510499773627368
6.289853138906711	0.2501696497431751
6.565936951835777	0.24928133139574815
6.859722633511745	0.24839524944507252
7.172345245053396	0.24752709348569257
7.505012494394354	0.24669247286350404
7.859009576011049	0.24591178874148778
8.23570422033976	0.24520839106980663
8.636551628113326	0.24460803544625986
9.063100564489073	0.24414743510346448
9.516998831091398	0.24383961609364668
10.0	0.24373467974621732
