0.0	0.9822692275772681
0.0010000000000041087	0.9822650023750495
0.0020000000000082174	0.9822541629379717
0.003000000000012548	0.9822364069185912
0.004000000000016657	0.9822119589908054
0.005000000000020766	0.9821802262349814
0.006000000000024874	0.9821417376692148
0.007000000000029205	0.9820960927044738
0.008000000000033314	0.9820434339860483
0.009000000000037423	0.9819838582095867
0.010000000000041753	0.9819170559473445
0.011000000000045862	0.9818432041243165
0.01200000000004997	0.9817623208396986
0.01300000000005408	0.981674150698527
0.01400000000005841	0.9815789959775599
0.015000000000062519	0.9814766311986901
0.016000000000066406	0.9813668345996005
0.017000000000070736	0.9812500105063171
0.018000000000074845	0.9811259169707044
0.019000000000078954	0.9809943753509264
0.020000000000083062	0.9808555483800746
0.021000000000087393	0.9807092931528252
0.022000000000091502	0.9805555184925342
0.02300000000009561	0.9803946105892806
0.02400000000009972	0.9802256969138752
0.02500000000010405	0.980049553747166
0.02600000000010816	0.9798657332167173
0.027000000000112268	0.9796741266376209
0.0280000000001166	0.9794748362368809
0.029000000000120707	0.9792679077595059
0.030000000000124816	0.9790529297167058
0.031000000000128924	0.9788301236439004
0.032000000000133255	0.9785994767537003
0.033000000000137364	0.978360663828613
0.03400000000014147	0.9781138645793394
0.0350000000001458	0.9778588993005385
0.03600000000014991	0.9775956204895744
0.03700000000015402	0.9773241764547773
0.03800000000015813	0.9770443166165047
0.03900000000016246	0.9767561579953341
0.04000000000016657	0.9764593234809045
0.04100000000017068	0.9761539307057752
0.04200000000017501	0.9758398980243739
0.04300000000017912	0.9755171409895023
0.044000000000183226	0.9751856231745176
0.045000000000187335	0.9748449741779064
0.046000000000191665	0.9744955582859096
0.04700000000019555	0.9741370944355712
0.04800000000019966	0.9737691488206602
0.04900000000020399	0.9733922311150174
0.0500000000002081	0.9730058919265808
0.05100000000021221	0.972610024534408
0.05200000000021632	0.9722047640760777
0.05300000000022065	0.9717898203525199
0.05400000000022476	0.971364941313406
0.055000000000228866	0.9709305414758649
0.0560000000002332	0.9704860574806211
0.057000000000237305	0.9700313721085554
0.058000000000241414	0.969566923799772
0.05900000000024552	0.9690919676316052
0.060000000000249853	0.9686065847766708
0.06100000000025396	0.9681110684912856
0.06200000000025807	0.9676046006502613
0.0630000000002624	0.9670876003997765
0.06400000000026651	0.9665599270296953
0.06500000000027062	0.9660213464669181
0.06600000000027473	0.9654715931951712
0.06700000000027906	0.9649106991664201
0.06800000000028317	0.9643385642289053
0.06900000000028728	0.9637553379409006
0.0700000000002916	0.9631600758065103
0.07100000000029572	0.962553653436311
0.07200000000029982	0.961935449987974
0.07300000000030393	0.9613051807706225
0.07400000000030826	0.9606631301368821
0.07500000000031237	0.9600089966548843
0.07600000000031648	0.9593423316268324
0.07700000000032081	0.9586636879743973
0.0780000000003247	0.957972388723866
0.07900000000032881	0.9572684096478974
0.08000000000033292	0.9565519051054988
0.08100000000033725	0.9558223496537974
0.08200000000034136	0.955079892983
0.08300000000034546	0.9543242792117324
0.0840000000003498	0.9535555349995601
0.0850000000003539	0.9527733090354402
0.08600000000035801	0.9519776767429399
0.08700000000036212	0.9511682465195097
0.08800000000036645	0.9503451220995138
0.08900000000037056	0.9495079287402749
0.09000000000037467	0.9486568515249593
0.091000000000379	0.947791570654768
0.09200000000038311	0.9469118757630437
0.09300000000038722	0.9460178414820792
0.09400000000039133	0.9451093143223191
0.09500000000039566	0.9441856860809077
0.09600000000039977	0.9432477357296938
0.09700000000040387	0.942294645532036
0.0980000000004082	0.9413262132971075
0.09900000000041231	0.9403427462873523
0.10000000000041642	0.9393435574279092
0.10100000000042053	0.938329201797102
0.10200000000042486	0.9372991308617253
0.10300000000042897	0.9362533761954428
0.10400000000043308	0.9351915160289435
0.10500000000043741	0.9341132441229244
0.10600000000044152	0.9330195816637541
0.10700000000044563	0.9319091019270668
0.10800000000044951	0.9307822893900337
0.10900000000045384	0.9296390073056265
0.11000000000045795	0.9284784379275843
0.11100000000046206	0.9273016423978595
0.1120000000004664	0.9261078303320329
0.1130000000004705	0.924896830271071
0.11400000000047461	0.9236685356887876
0.11500000000047872	0.9224229425065236
0.11600000000048305	0.9211598413288813
0.11700000000048716	0.919879188354762
0.11800000000049127	0.9185807864296317
0.1190000000004956	0.9172645100419151
0.12000000000049971	0.9159302627766681
0.12100000000050382	0.9145780002730235
0.12200000000050792	0.913207466974613
0.12300000000051226	0.9118186458483678
0.12400000000051636	0.9104113740727762
0.12500000000052047	0.9089855348248994
0.1260000000005248	0.9075410977060199
0.1270000000005289	0.9060778112965658
0.12800000000053302	0.904595694371382
0.12900000000053713	0.9030945591507216
0.13000000000054146	0.9015743792998235
0.13100000000054557	0.9000350640983239
0.13200000000054968	0.8984759399419037
0.133000000000554	0.8968980744129115
0.13400000000055812	0.8953007599428108
0.13500000000056223	0.8936830727311396
0.13600000000056633	0.892046222324957
0.13700000000057067	0.8903895481202823
0.13800000000057477	0.888713268421981
0.13900000000057866	0.8870164319773777
0.140000000000583	0.8853001020502842
0.1410000000005871	0.883563007879455
0.1420000000005912	0.8818064617542802
0.14300000000059532	0.8800288767025897
0.14400000000059965	0.8782316090757529
0.14500000000060376	0.8764136056295274
0.14600000000060787	0.8745750414443715
0.1470000000006122	0.8727159373177391
0.1480000000006163	0.8708363801370833
0.14900000000062041	0.8689358141207117
0.15000000000062452	0.8670147848435072
0.15100000000062885	0.8650726486618576
0.15200000000063296	0.8631098617905588
0.15300000000063707	0.8611260827794408
0.1540000000006414	0.8591215598903588
0.1550000000006455	0.8570957355267153
0.15600000000064962	0.8550490227770307
0.15700000000065373	0.8529811557406728
0.15800000000065806	0.850892252461133
0.15900000000066217	0.8487820152976118
0.16000000000066628	0.8466507275399094
0.16100000000067038	0.8444985155682789
0.16200000000067472	0.8423247393320348
0.16300000000067882	0.8401294311540843
0.16400000000068293	0.8379135527748858
0.16500000000068726	0.8356761223108037
0.16600000000069137	0.8334176360187668
0.16700000000069548	0.8311372949190493
0.1680000000006996	0.8288364161752548
0.16900000000070392	0.8265136640247956
0.1700000000007078	0.8241699093776556
0.17100000000071192	0.8218051912046377
0.17200000000071625	0.8194191096731619
0.17300000000072036	0.8170111895065807
0.17400000000072446	0.8145831194806837
0.17500000000072857	0.8121334513500406
0.1760000000007329	0.8096622565814402
0.177000000000737	0.8071705974122989
0.17800000000074112	0.8046574647424869
0.17900000000074545	0.8021238222856549
0.18000000000074956	0.7995687159993572
0.18100000000075367	0.7969929577660121
0.18200000000075778	0.7943962383056481
0.1830000000007621	0.7917791695597772
0.18400000000076622	0.7891410697908829
0.18500000000077033	0.7864823814721731
0.18600000000077466	0.7838028652992299
0.18700000000077877	0.7811033767408417
0.18800000000078287	0.77838297201101
0.18900000000078698	0.7756423214664768
0.1900000000007913	0.772881921714699
0.19100000000079542	0.770100850839393
0.19200000000079953	0.7673002055200635
0.19300000000080386	0.7644792252723477
0.19400000000080797	0.7616383993005592
0.19500000000081208	0.7587781946849088
0.1960000000008162	0.7558984547536767
0.19700000000082052	0.7529988754997381
0.19800000000082463	0.7500799660144015
0.19900000000082874	0.747142183477536
0.20000000000083307	0.744184937287854
0.20100000000083695	0.7412090740897067
0.20200000000084106	0.7382139864807108
0.20300000000084517	0.7352009031910027
0.2040000000008495	0.7321687979290445
0.2050000000008536	0.729118352436579
0.20600000000085772	0.7260499937410846
0.20700000000086205	0.7229633010788579
0.20800000000086616	0.7198589868813945
0.20900000000087027	0.7167367465149119
0.21000000000087438	0.713597291050562
0.2110000000008787	0.7104402737272177
0.21200000000088282	0.707266105217346
0.21300000000088692	0.704075111910789
0.21400000000089126	0.7008672208577961
0.21500000000089536	0.6976428877413081
0.21600000000089947	0.6944020542242506
0.21700000000090358	0.6911452497828263
0.2180000000009079	0.687872331894269
0.21900000000091202	0.6845836917991295
0.22000000000091613	0.6812795760850473
0.22100000000092046	0.6779601409569129
0.22200000000092457	0.6746255702043664
0.22300000000092868	0.6712762506739665
0.2240000000009328	0.6679121633457312
0.22500000000093712	0.6645338960966605
0.22600000000094123	0.6611413250600479
0.22700000000094533	0.6577347715362688
0.22800000000094967	0.6543147255243926
0.22900000000095377	0.6508812302563283
0.23000000000095788	0.647434573975094
0.23100000000096177	0.6439750018665673
0.2320000000009661	0.6405028043509802
0.2330000000009702	0.6370181291523977
0.23400000000097432	0.6335214109979026
0.23500000000097865	0.6300130272317249
0.23600000000098276	0.6264929740384148
0.23700000000098687	0.6229611692947099
0.23800000000099097	0.6194190589197164
0.2390000000009953	0.6158657962439449
0.24000000000099941	0.6123021700729336
0.24100000000100352	0.6087286072799668
0.24200000000100785	0.6051444810352923
0.24300000000101196	0.6015515042658653
0.24400000000101607	0.5979490175040347
0.24500000000102018	0.5943374868106568
0.2460000000010245	0.590717132201357
0.24700000000102862	0.5870886068032439
0.24800000000103273	0.583451892087378
0.24900000000103706	0.579807424563666
0.25000000000104117	0.5761554851555122
0.2510000000010453	0.5724964329142063
0.2520000000010494	0.5688303253444811
0.2530000000010537	0.565157793516821
0.2540000000010578	0.5614790752000338
0.25500000000106193	0.5577944770183862
0.25600000000106626	0.5541042602448663
0.25700000000107037	0.5504088137316643
0.2580000000010745	0.5467082457398772
0.2590000000010786	0.5430033801347585
0.2600000000010829	0.539293896398118
0.26100000000108703	0.5355806338194717
0.2620000000010909	0.5318636463031978
0.26300000000109525	0.5281434009075127
0.26400000000109936	0.5244201618225284
0.26500000000110346	0.5206942057375581
0.2660000000011076	0.516965985867148
0.2670000000011119	0.5132358336082992
0.268000000001116	0.5095039675176769
0.2690000000011201	0.505770590328765
0.27000000000112445	0.5020363619154498
0.27100000000112856	0.49830161102744885
0.27200000000113267	0.49456645934326504
0.2730000000011368	0.49083119480643955
0.2740000000011411	0.48709618293973533
0.2750000000011452	0.48336212935656797
0.2760000000011493	0.4796289456544851
0.27700000000115366	0.47589696065901255
0.27800000000115777	0.47216686247888906
0.2790000000011619	0.46843868743926764
0.280000000001166	0.4647127822212054
0.2810000000011703	0.4609895304685727
0.2820000000011744	0.4572693920553659
0.28300000000117853	0.4535524739351796
0.28400000000118286	0.4498392178494305
0.28500000000118697	0.4461300026991577
0.2860000000011911	0.44242503726345406
0.2870000000011952	0.4387247193841479
0.2880000000011995	0.4350293884918037
0.2890000000012036	0.4313392966874332
0.29000000000120774	0.42765479594409683
0.29100000000121207	0.42397624567996284
0.2920000000012162	0.42030390479667534
0.29300000000122006	0.416638123331184
0.29400000000122417	0.41297924296601085
0.2950000000012285	0.40932754811129435
0.2960000000012326	0.4056833251906946
0.2970000000012367	0.4020469348916691
0.29800000000124083	0.39841865902460283
0.29900000000124516	0.39479877903326066
0.30000000000124927	0.39118761920522427
0.3010000000012534	0.38758551534311425
0.3020000000012577	0.38399273789124133
0.3030000000012618	0.3804095835282808
0.3040000000012659	0.3768363040844669
0.30500000000127003	0.37327324662132577
0.30600000000127436	0.3697207076489446
0.3070000000012785	0.3661789161013632
0.3080000000012826	0.36264820828787525
0.3090000000012869	0.35912887669283655
0.310000000001291	0.3556210974240359
0.31100000000129513	0.3521252419641314
0.31200000000129924	0.3486415704905228
0.31300000000130357	0.34517037924013483
0.3140000000013077	0.3417118659552617
0.3150000000013118	0.33826625136349797
0.3160000000013161	0.3348339147520668
0.3170000000013202	0.3314150141407005
0.31800000000132433	0.32800984882181994
0.31900000000132844	0.32461879577107555
0.3200000000013328	0.3212417616027431
0.3210000000013369	0.31787925429164077
0.322000000001341	0.3145316471529519
0.3230000000013453	0.3111986966433954
0.3240000000013492	0.3078809214223317
0.3250000000013533	0.3045788664056178
0.3260000000013574	0.3012920692261649
0.32700000000136176	0.29802131206195726
0.32800000000136587	0.29476654189267826
0.32900000000137	0.2915280389961332
0.3300000000013743	0.288305922731551
0.3310000000013784	0.28510057720275206
0.3320000000013825	0.28191213292874506
0.33300000000138663	0.27874063462882825
0.33400000000139096	0.2755865551255041
0.33500000000139507	0.27244980063813684
0.3360000000013992	0.2693307027987315
0.3370000000014035	0.2662294431348542
0.3380000000014076	0.26314612513290647
0.3390000000014117	0.26008104120242104
0.34000000000141584	0.2570340950997938
0.34100000000142017	0.2540057588278457
0.3420000000014243	0.25099621068269373
0.3430000000014284	0.24800507331532295
0.3440000000014327	0.24503323018004775
0.3450000000014368	0.24208048386800718
0.34600000000144093	0.23914659791063286
0.34700000000144504	0.23623258654917434
0.34800000000144937	0.233337497306768
0.3490000000014535	0.23046241447220217
0.3500000000014576	0.22760709612262764
0.3510000000014619	0.22477132676494804
0.35200000000146603	0.22195586926031052
0.35300000000147014	0.21916039068628046
0.35400000000147425	0.21638504629913946
0.35500000000147836	0.2136300617103275
0.35600000000148246	0.21089544488706047
0.3570000000014866	0.20818131343752921
0.3580000000014909	0.20548774544661408
0.359000000001495	0.20281486534153048
0.3600000000014991	0.20016270951519877
0.36100000000150323	0.19753142144999458
0.36200000000150756	0.19492088521922446
0.36300000000151167	0.1923312882645234
0.3640000000015158	0.18976286775649398
0.3650000000015201	0.18721542335848895
0.3660000000015242	0.1846890449096057
0.3670000000015283	0.18218390515202065
0.36800000000153243	0.17969996741022654
0.36900000000153677	0.17723723748146314
0.3700000000015409	0.17479595901857614
0.371000000001545	0.17237595494490388
0.3720000000015493	0.1699774210111088
0.3730000000015534	0.1675998206426096
0.37400000000155753	0.1652441440290432
0.37500000000156164	0.16290951831796896
0.37600000000156597	0.1605963029645866
0.3770000000015701	0.15830488796464048
0.3780000000015742	0.15603479713589508
0.3790000000015785	0.1537860625950711
0.3800000000015826	0.1515589321102716
0.38100000000158674	0.14935314500965868
0.38200000000159084	0.14716869575189495
0.3830000000015952	0.14500540467681267
0.3840000000015993	0.14286389933451726
0.3850000000016034	0.14074403703377392
0.3860000000016075	0.13864515071129768
0.3870000000016116	0.13656757090874183
0.3880000000016157	0.1345114160373373
0.38900000000161983	0.1324761792563025
0.39000000000162416	0.13046260398298015
0.39100000000162827	0.1284700255493776
0.3920000000016324	0.1264986565305809
0.3930000000016367	0.12454827632744714
0.3940000000016408	0.12261891663473534
0.3950000000016449	0.12071051553570211
0.39600000000164903	0.11882308960462884
0.39700000000165336	0.11695670983892703
0.3980000000016575	0.11511087802746356
0.3990000000016616	0.11328564931393037
0.4000000000016659	0.11148144936655269
0.40100000000167	0.1096975464188924
0.40200000000167413	0.10793417626515489
0.40300000000167824	0.1061912726812757
0.40400000000168257	0.10446876689598272
0.4050000000016867	0.10276650030903711
0.4060000000016908	0.10108429370999439
0.4070000000016951	0.09942240639938238
0.4080000000016992	0.09778027258449373
0.40900000000170333	0.09615807565925949
0.41000000000170744	0.09455577687084427
0.4110000000017118	0.09297302333985291
0.4120000000017159	0.09141004940670705
0.41300000000172	0.0898665079508204
0.4140000000017243	0.08834230195484527
0.41500000000172843	0.08683730891605546
0.41600000000173254	0.0853515681290431
0.4170000000017364	0.08388505998472018
0.41800000000174076	0.0824372525821302
0.41900000000174487	0.08100831631986805
0.420000000001749	0.07959810659708022
0.4210000000017533	0.07820648859417267
0.4220000000017574	0.0768333421565025
0.4230000000017615	0.07547857369382138
0.42400000000176563	0.07414207494725489
0.42500000000176996	0.07282342472555559
0.42600000000177407	0.07152293581410918
0.4270000000017782	0.07024021777043798
0.4280000000017825	0.06897540209223463
0.4290000000017866	0.06772797146430265
0.4300000000017907	0.06649798962446218
0.43100000000179484	0.06528546081834963
0.43200000000179917	0.06408977807493121
0.4330000000018033	0.06291132137345534
0.4340000000018074	0.06174972063907025
0.4350000000018115	0.06060507739283871
0.4360000000018158	0.0594769324554022
0.43700000000181993	0.05836519324309419
0.43800000000182404	0.05726985179134614
0.43900000000182837	0.05619047811939493
0.4400000000018325	0.05512746416350778
0.4410000000018366	0.05408010448270506
0.4420000000018407	0.05304862202119609
0.44300000000184503	0.05203289835535796
0.44400000000184914	0.0510325311539348
0.44500000000185325	0.050047372119284894
0.4460000000018576	0.04907759165449177
0.4470000000018617	0.04812263320883925
0.4480000000018656	0.04718255279509109
0.4490000000018697	0.04625735879310622
0.450000000001874	0.04534662660606137
0.4510000000018781	0.044450361435437014
0.45200000000188223	0.04356851890559943
0.45300000000188656	0.042700576656573785
0.45400000000189067	0.04184680460367196
0.4550000000018948	0.041006809405431666
0.4560000000018989	0.04018041988853871
0.4570000000019032	0.039367481148961936
0.4580000000019073	0.03856812336622739
0.45900000000191143	0.037782119877729614
0.46000000000191577	0.03700902785557658
0.4610000000019199	0.03624886449215492
0.462000000001924	0.035501465748386085
0.4630000000019281	0.03476671344486082
0.4640000000019324	0.03404447533663657
0.46500000000193653	0.03333465482708986
0.46600000000194064	0.03263701955864795
0.46700000000194497	0.03195137083281496
0.4680000000019491	0.03127765157942253
0.4690000000019532	0.030615689309839933
0.4700000000019573	0.0299653369651115
0.4710000000019616	0.029326443160836102
0.47200000000196574	0.028698868694127744
0.47300000000196984	0.028082475810680796
0.4740000000019742	0.027477110555753193
0.4750000000019783	0.026882616542081128
0.4760000000019824	0.026298868007810006
0.4770000000019865	0.02572576165672691
0.47800000000199083	0.025163109925903537
0.4790000000019947	0.024610682190977506
0.48000000000199883	0.024068487302750352
0.48100000000200316	0.023536314754552423
0.48200000000200727	0.023014107088326297
0.4830000000020114	0.02250160093457776
0.4840000000020155	0.021998767846076683
0.4850000000020198	0.021505311804303373
0.4860000000020239	0.021021417826737276
0.48700000000202803	0.020546592432314492
0.48800000000203236	0.020080973585473005
0.4890000000020365	0.019624175907489105
0.4900000000020406	0.019176236214767606
0.4910000000020447	0.018737024957435677
0.492000000002049	0.018306262734237633
0.49300000000205313	0.01788409369676236
0.49400000000205724	0.017470138564196658
0.49500000000206157	0.01706449009043376
0.4960000000020657	0.01666676498376063
0.4970000000020698	0.016276988704237105
0.4980000000020739	0.015895018995419674
0.4990000000020782	0.015520771958611679
0.5000000000020823	0.015154000415890767
0.5010000000020864	0.014794756308350254
0.5020000000020908	0.014442855121884257
0.5030000000020949	0.014098095077913264
0.504000000002099	0.013760449444707668
0.5050000000021031	0.013429780728993035
0.5060000000021074	0.013105971530365634
0.5070000000021115	0.012788912324831592
0.5080000000021156	0.012478490172889822
0.50900000000212	0.012174591534540924
0.5100000000021239	0.01187710365553607
0.511000000002128	0.011585914974637124
0.5120000000021321	0.011300928533957921
0.5130000000021364	0.011022069855878946
0.5140000000021405	0.010749165442387687
0.5150000000021446	0.01048207919702393
0.516000000002149	0.010220806721851883
0.5170000000021531	0.009965265455070371
0.5180000000021572	0.009715293912305856
0.5190000000021613	0.00947075730178426
0.5200000000021656	0.009231605395240372
0.5210000000021697	0.008997726125072325
0.5220000000021738	0.008769074578482638
0.5230000000021782	0.008545552631141984
0.5240000000021823	0.008326922120759472
0.5250000000021864	0.00811325689468756
0.5260000000021905	0.007904378597475503
0.5270000000021948	0.007700236101908953
0.5280000000021989	0.007500738608733792
0.529000000002203	0.007305785047438174
0.5300000000022074	0.0071152979451687415
0.5310000000022115	0.00692919907284395
0.5320000000022156	0.006747410633821338
0.5330000000022197	0.006569799425625633
0.534000000002224	0.006396308416558361
0.5350000000022281	0.006226963686167819
0.5360000000022322	0.006061413175740604
0.5370000000022366	0.005899940949000815
0.5380000000022407	0.005742151826013231
0.5390000000022448	0.005588162460973933
0.5400000000022487	0.0054378231762853835
0.541000000002253	0.005291093425751736
0.5420000000022571	0.0051478396674469185
0.5430000000022612	0.0050080897284379144
0.5440000000022656	0.004871660807120648
0.5450000000022697	0.004738592060624769
0.5460000000022738	0.0046087133975003525
0.5470000000022779	0.004482051609011939
0.5480000000022822	0.00435847161436087
0.5490000000022863	0.004237930174365356
0.5500000000022904	0.0041203823933018136
0.5510000000022948	0.004005738494738731
0.5520000000022989	0.0038939398497080946
0.553000000002303	0.003784934682086516
0.5540000000023071	0.0036786658211322987
0.5550000000023114	0.003575070138810421
0.5560000000023155	0.0034740907173462787
0.5570000000023196	0.0033756712657513344
0.558000000002324	0.003279756258801947
0.5590000000023281	0.00318628771157492
0.5600000000023322	0.003095208101778768
0.5610000000023363	0.003006465814740511
0.5620000000023406	0.0029200132794724443
0.5630000000023447	0.0028358005668065456
0.5640000000023488	0.0027537741250880376
0.5650000000023532	0.002673885807128018
0.5660000000023573	0.0025960879468709397
0.5670000000023614	0.0025203304565246665
0.5680000000023655	0.0024465675277101084
0.5690000000023698	0.002374755239266668
0.5700000000023739	0.0023048482569915096
0.5710000000023778	0.002236801433827207
0.5720000000023819	0.0021705698612706215
0.5730000000023863	0.002106110577730469
0.5740000000023904	0.0020433841528324503
0.5750000000023945	0.0019823497475724983
0.5760000000023988	0.0019229674056372437
0.5770000000024029	0.0018652024910248421
0.578000000002407	0.0018090165654448542
0.5790000000024111	0.0017543523793869253
0.5800000000024155	0.0017011923506166093
0.5810000000024196	0.0016494977429161173
0.5820000000024237	0.0015992313534151092
0.583000000002428	0.0015503536015353259
0.5840000000024321	0.0015028382265678264
0.5850000000024362	0.0014566548538446078
0.5860000000024403	0.0014117514948712717
0.5870000000024447	0.001368119459482453
0.5880000000024488	0.001325710795994306
0.5890000000024529	0.0012844996630840821
0.5900000000024572	0.0012444605936238196
0.5910000000024613	0.0012055580725756077
0.5920000000024654	0.001167767316267998
0.5930000000024696	0.0011310585604275003
0.5940000000024739	0.0010954030274011872
0.595000000002478	0.0010607748940255624
0.5960000000024821	0.0010271465682172298
0.5970000000024864	0.000994495544129892
0.5980000000024905	0.0009627933027245295
0.5990000000024946	0.0009320177148147701
0.6000000000024988	0.0009021405995220944
0.6010000000025031	0.0008731436254009184
0.602000000002507	0.0008450016546096561
0.6030000000025111	0.0008176862475053337
0.6040000000025154	0.0007911894914106599
0.6050000000025195	0.0007654728935808652
0.6060000000025236	0.0007405299919518438
0.6070000000025277	0.000716327244921211
0.6080000000025321	0.0006928566737407493
0.6090000000025362	0.0006700892082511789
0.6100000000025403	0.0006480134171333862
0.6110000000025446	0.0006266034149189359
0.6120000000025487	0.0006058436244784637
0.6130000000025528	0.000585718309940253
0.614000000002557	0.0005662093819723824
0.6150000000025613	0.0005472988917436528
0.6160000000025654	0.0005289702593511691
0.6170000000025695	0.0005112072007731339
0.6180000000025738	0.0004939939426580331
0.6190000000025779	0.0004773152574467643
0.620000000002582	0.0004611561804882536
0.6210000000025861	0.0004455020245892616
0.6220000000025905	0.0004303387217625687
0.6230000000025946	0.0004156524365761527
0.6240000000025987	0.00040142955353728027
0.625000000002603	0.00038765684490271735
0.6260000000026071	0.0003743214288474128
0.6270000000026112	0.0003614077424886064
0.6280000000026154	0.0003489078761177433
0.6290000000026197	0.00033680671286351327
0.6300000000026238	0.00032509604824793037
0.6310000000026279	0.0003137603891895102
0.6320000000026322	0.00030279238756625304
0.6330000000026361	0.00029217944122472694
0.6340000000026402	0.0002819112540102253
0.6350000000026443	0.000271977483365049
0.6360000000026487	0.00026236830289882995
0.6370000000026528	0.00025307392279505514
0.6380000000026569	0.0002440852666422133
0.6390000000026612	0.00023539312528786382
0.6400000000026653	0.00022698821993494267
0.6410000000026694	0.000218861155082406
0.6420000000026735	0.00021100631320813967
0.6430000000026779	0.0002034110851427684
0.644000000002682	0.00019607178974923034
0.6450000000026861	0.00018897949552842963
0.6460000000026904	0.00018212447094401174
0.6470000000026945	0.00017550060492244057
0.6480000000026986	0.00016910075058484964
0.6490000000027027	0.00016291884019592473
0.6500000000027071	0.00015694642411723247
0.6510000000027112	0.00015117866368552502
0.6520000000027153	0.0001456093103671119
0.6530000000027196	0.00014022925762546823
0.6540000000027237	0.00013503649116441974
0.6550000000027278	0.0001300210593188078
0.656000000002732	0.0001251811087796817
0.6570000000027363	0.00012050774038141476
0.6580000000027404	0.00011599852705201918
0.6590000000027445	0.0001116454022538349
0.6600000000027488	0.00010744587274535977
0.6610000000027529	0.00010339277552606774
0.662000000002757	9.948347517108047e-05
0.6630000000027612	9.571163868515864e-05
0.6640000000027653	9.207459159543685e-05
0.6650000000027694	8.856529629708287e-05
0.6660000000027735	8.518216918673716e-05
0.6670000000027778	8.191954678726798e-05
0.6680000000027819	7.877353776453155e-05
0.669000000002786	7.57408928606651e-05
0.6700000000027901	7.281732749275793e-05
0.6710000000027945	6.999953480646415e-05
0.6720000000027986	6.728373519560016e-05
0.6730000000028027	6.466681644856642e-05
0.674000000002807	6.214507807111858e-05
0.6750000000028111	5.971541268379177e-05
0.6760000000028152	5.737489586921107e-05
0.6770000000028193	5.51203343951423e-05
0.6780000000028237	5.294908269015686e-05
0.6790000000028278	5.085778787661255e-05
0.6800000000028319	4.8843643881246734e-05
0.6810000000028362	4.690545510732669e-05
0.6820000000028403	4.503790818011222e-05
0.6830000000028444	4.324153966284161e-05
0.6840000000028486	4.151134396801481e-05
0.6850000000028529	3.984722260041984e-05
0.686000000002857	3.8244660593766966e-05
0.6870000000028611	3.6703907909441114e-05
0.6880000000028654	3.522021530333319e-05
0.6890000000028695	3.379394107594358e-05
0.6900000000028736	3.2420979765301894e-05
0.6910000000028778	3.110133549333316e-05
0.6920000000028821	2.9831212311592914e-05
0.6930000000028862	2.8611274250134322e-05
0.6940000000028901	2.7437074874736567e-05
0.6950000000028944	2.6308629118232396e-05
0.6960000000028985	2.5224313396021714e-05
0.6970000000029026	2.4180935539352966e-05
0.6980000000029067	2.3179171212417415e-05
0.6990000000029111	2.2216464588775686e-05
0.7000000000029152	2.1290887020741778e-05
0.7010000000029193	2.0402228779192733e-05
0.7020000000029236	1.95479581185376e-05
0.7030000000029277	1.8727886057945398e-05
0.7040000000029318	1.793992684306911e-05
0.705000000002936	1.71833392641485e-05
0.7060000000029403	1.6456855817525984e-05
0.7070000000029444	1.5759324489383886e-05
0.7080000000029485	1.5089653402688974e-05
0.7090000000029526	1.4446847488858161e-05
0.7100000000029569	1.3829850258217924e-05
0.711000000002961	1.3237751430472677e-05
0.7120000000029651	1.2669593282499392e-05
0.7130000000029695	1.212444739728813e-05
0.7140000000029736	1.1601516211934282e-05
0.7150000000029777	1.1099859538843404e-05
0.7160000000029818	1.061870553331623e-05
0.7170000000029861	1.0157177826597419e-05
0.7180000000029902	9.714741832755891e-06
0.7190000000029944	9.290295762909295e-06
0.7200000000029987	8.883743959575696e-06
0.7210000000030028	8.493663213426927e-06
0.7220000000030069	8.119778631465735e-06
0.723000000003011	7.761739494127617e-06
0.7240000000030153	7.418354062260768e-06
0.7250000000030195	7.089457087605666e-06
0.7260000000030233	6.774362514949672e-06
0.7270000000030277	6.472514391120399e-06
0.7280000000030318	6.183429152928355e-06
0.7290000000030359	5.906465311733555e-06
0.73000000000304	5.641316347060332e-06
0.7310000000030443	5.3874685183030735e-06
0.7320000000030484	5.144368894427487e-06
0.7330000000030525	4.911607421109743e-06
0.7340000000030569	4.688947272457611e-06
0.735000000003061	4.475793192515454e-06
0.7360000000030651	4.271815261414069e-06
0.7370000000030692	4.076637197591992e-06
0.7380000000030735	3.889931792566692e-06
0.7390000000030776	3.7113045787684484e-06
0.7400000000030817	3.5404642566572164e-06
0.7410000000030861	3.3770429985757744e-06
0.7420000000030902	3.220792126223948e-06
0.7430000000030943	3.071407049026753e-06
0.7440000000030984	2.9285854843408288e-06
0.7450000000031027	2.7920500756950517e-06
0.7460000000031068	2.6615578947453145e-06
0.747000000003111	2.5368503528966357e-06
0.7480000000031153	2.417678873101181e-06
0.7490000000031194	2.303812135617811e-06
0.7500000000031235	2.1950443527263275e-06
0.7510000000031276	2.091096695244765e-06
0.7520000000031319	1.9918695752796367e-06
0.753000000003136	1.8970891721981076e-06
0.7540000000031402	1.8065913340858941e-06
0.7550000000031445	1.720205804578434e-06
0.7560000000031484	1.637700036583034e-06
0.7570000000031525	1.5589677375693611e-06
0.7580000000031566	1.4838193791444354e-06
0.7590000000031609	1.4120923420568587e-06
0.760000000003165	1.3436616300710469e-06
0.7610000000031691	1.2783872872512703e-06
0.7620000000031735	1.2160976607944463e-06
0.7630000000031776	1.156704136251463e-06
0.7640000000031817	1.1000161559415744e-06
0.7650000000031858	1.0460515329491216e-06
0.7660000000031901	9.944843892828459e-07
0.7670000000031942	9.454192707591957e-07
0.7680000000031983	8.985817121498485e-07
0.7690000000032027	8.539654374750683e-07
0.7700000000032068	8.114429632666287e-07
0.7710000000032109	7.709356110163768e-07
0.772000000003215	7.3233358222069e-07
0.7730000000032193	6.955646798534332e-07
0.7740000000032234	6.60501749738529e-07
0.7750000000032276	6.271955905745585e-07
0.7760000000032319	5.953891069054862e-07
0.777000000003236	5.651609161771987e-07
0.7780000000032401	5.363593428286961e-07
0.7790000000032442	5.089472772112913e-07
0.7800000000032485	4.828610563611946e-07
0.7810000000032526	4.580371153473095e-07
0.7820000000032568	4.3441400698895904e-07
0.7830000000032611	4.119404661828696e-07
0.7840000000032652	3.905694562211792e-07
0.7850000000032693	3.7022094134808725e-07
0.7860000000032734	3.508908378302422e-07
0.7870000000032777	3.3251199171857593e-07
0.7880000000032816	3.150155811759703e-07
0.7890000000032857	2.984038832698488e-07
0.7900000000032901	2.8260601947494024e-07
0.7910000000032942	2.676128852963089e-07
0.7920000000032983	2.5333861619625253e-07
0.7930000000033024	2.3978711038985523e-07
0.7940000000033067	2.2692811074698227e-07
0.7950000000033108	2.146919456658125e-07
0.796000000003315	2.03083323824238e-07
0.7970000000033193	1.9206782542191547e-07
0.7980000000033234	1.8160221781915453e-07
0.7990000000033275	1.716704070009456e-07
0.8000000000033316	1.6224514631790754e-07
0.8010000000033359	1.5329658675788949e-07
0.80200000000334	1.4481363896923227e-07
0.8030000000033441	1.3677039034654115e-07
0.8040000000033485	1.291268045822136e-07
0.8050000000033526	1.2189228981718259e-07
0.8060000000033567	1.1502766528170838e-07
0.8070000000033608	1.0852238574443618e-07
0.8080000000033651	1.0235643099765213e-07
0.8090000000033692	9.651183674463937e-08
0.8100000000033734	9.097953501679967e-08
0.8110000000033777	8.573660881250333e-08
0.8120000000033818	8.077344004764342e-08
0.8130000000033859	7.607002905363203e-08
0.81400000000339	7.162106174796179e-08
0.8150000000033943	6.74086302332455e-08
0.8160000000033985	6.342639446987874e-08
0.8170000000034026	5.965651683759177e-08
0.8180000000034067	5.60892829959414e-08
0.8190000000034108	5.2718696297304746e-08
0.8200000000034149	4.9530186729818126e-08
0.821000000003419	4.6521253849185484e-08
0.8220000000034233	4.367434836005657e-08
0.8230000000034274	4.09872710216419e-08
0.8240000000034315	3.844818197151767e-08
0.8250000000034359	3.605261333916587e-08
0.82600000000344	3.3792951770195145e-08
0.8270000000034441	3.1659848409582025e-08
0.8280000000034482	2.964765399848801e-08
0.8290000000034525	2.7750915787549957e-08
0.8300000000034566	2.5963661332006893e-08
0.8310000000034607	2.4279495081103164e-08
0.8320000000034651	2.2693537826690147e-08
0.8330000000034692	2.1200508903973514e-08
0.8340000000034733	1.9795779904185906e-08
0.8350000000034774	1.8474177410077175e-08
0.8360000000034817	1.723179665624741e-08
0.8370000000034858	1.606443689183834e-08
0.83800000000349	1.496777379816905e-08
0.8390000000034943	1.3938321163919909e-08
0.8400000000034984	1.2972407259503882e-08
0.8410000000035025	1.206673916342993e-08
0.8420000000035066	1.121777049029049e-08
0.8430000000035109	1.0422613105909306e-08
0.844000000003515	9.678372880905783e-09
0.8450000000035192	8.98217600298068e-09
0.8460000000035233	8.331249468085389e-09
0.8470000000035276	7.723640949031108e-09
0.8480000000035317	7.156193748691919e-09
0.8490000000035356	6.62677202001305e-09
0.8500000000035399	6.13469230970054e-09
0.851000000003544	5.675194758580915e-09
0.8520000000035481	5.24843923876972e-09
0.8530000000035523	4.8516332062931156e-09
0.8540000000035566	4.483586613091006e-09
0.8550000000035607	4.142539644647059e-09
0.8560000000035648	3.826826855402032e-09
0.8570000000035691	3.5347360594073507e-09
0.8580000000035732	3.2646330083707653e-09
0.8590000000035773	3.0158742170272035e-09
0.8600000000035815	2.786711417179788e-09
0.8610000000035858	2.5759611110842684e-09
0.8620000000035899	2.3825188488757476e-09
0.863000000003594	2.205462257265367e-09
0.8640000000035983	2.043327618217461e-09
0.8650000000036024	1.8952336366950817e-09
0.8660000000036066	1.7604601110221552e-09
0.8670000000036107	1.638127966607783e-09
0.868000000003615	1.5270663622501957e-09
0.8690000000036191	1.4267312886673267e-09
0.8700000000036232	1.3361396433708705e-09
0.8710000000036275	1.2547377581384467e-09
0.8720000000036316	1.1817581357931317e-09
0.8730000000036358	1.1165386393230392e-09
0.8740000000036399	1.0585101684057463e-09
0.8750000000036442	1.0070335676459763e-09
0.8760000000036483	9.61521195996795e-10
0.8770000000036524	9.215368468318275e-10
0.8780000000036567	8.863773048872758e-10
0.8790000000036609	8.55714610281666e-10
0.8800000000036647	8.290541586575273e-10
0.8810000000036688	8.060674350218733e-10
0.8820000000036732	7.861400419528763e-10
0.8830000000036773	7.690571512952715e-10
0.8840000000036814	7.5436346058666e-10
0.8850000000036857	7.417512160046158e-10
0.8860000000036898	7.308740279654558e-10
0.887000000003694	7.214226993568218e-10
0.888000000003698	7.131275570060325e-10
0.8890000000037024	7.056921713655129e-10
0.8900000000037065	6.988611911395992e-10
0.8910000000037106	6.923928097535281e-10
0.8920000000037149	6.860613188663933e-10
0.893000000003719	6.796473384085289e-10
0.8940000000037231	6.729580226405574e-10
0.8950000000037273	6.6579008972667e-10
0.8960000000037316	6.579968792053137e-10
0.8970000000037357	6.493863224932284e-10
0.8980000000037398	6.398174212662866e-10
0.8990000000037441	6.291538401370644e-10
0.9000000000037482	6.172596878073477e-10
0.9010000000037524	6.040238309523716e-10
0.9020000000037565	5.893341370466487e-10
0.9030000000037608	5.731030094935363e-10
0.9040000000037649	5.552053261581591e-10
0.905000000003769	5.356174392900925e-10
0.9060000000037733	5.142399839286327e-10
0.9070000000037775	4.910105655397956e-10
0.9080000000037816	4.658593510953324e-10
0.9090000000037857	4.387470387001713e-10
0.91000000000379	4.096636363470907e-10
0.9110000000037939	3.785682878287844e-10
0.912000000003798	3.454401209523894e-10
0.9130000000038023	3.1020519486446574e-10
0.9140000000038064	2.7296009896815576e-10
0.9150000000038105	2.336091320387368e-10
0.9160000000038147	1.9220702807132284e-10
0.917000000003819	1.4876433418464785e-10
0.9180000000038231	1.0326106636426857e-10
0.9190000000038272	5.5746296467873435e-11
0.9200000000038315	6.278866315767573e-12
0.9210000000038356	-4.5224268774290977e-11
0.9220000000038397	-9.852274551747087e-11
0.9230000000038439	-1.5381784734813664e-10
0.9240000000038482	-2.1087331880664806e-10
0.9250000000038523	-2.6971225253191733e-10
0.9260000000038564	-3.302480511280237e-10
0.9270000000038607	-3.92475163479844e-10
0.9280000000038648	-4.562550337539051e-10
0.929000000003869	-5.21590326485466e-10
0.9300000000038731	-5.883358245029058e-10
0.9310000000038774	-6.564655485874482e-10
0.9320000000038815	-7.258924572539627e-10
0.9330000000038856	-7.965368364892811e-10
0.9340000000038899	-8.682787822067439e-10
0.935000000003894	-9.410847656710075e-10
0.9360000000038982	-1.014809347665846e-09
0.9370000000039023	-1.0893979052184477e-09
0.9380000000039066	-1.1647474096321275e-09
0.9390000000039107	-1.2407594951469036e-09
0.9400000000039148	-1.3173251378617579e-09
0.9410000000039191	-1.3943670662541763e-09
0.942000000003923	-1.47174872289213e-09
0.9430000000039271	-1.5494099336876843e-09
0.9440000000039312	-1.627218138011699e-09
0.9450000000039356	-1.7050825196207597e-09
0.9460000000039397	-1.7828925003016138e-09
0.9470000000039438	-1.8605441631791564e-09
0.9480000000039481	-1.9379313709322332e-09
0.9490000000039522	-2.0149713009232073e-09
0.9500000000039563	-2.0915129628207296e-09
0.9510000000039605	-2.167485968485039e-09
0.9520000000039648	-2.242775964944599e-09
0.9530000000039689	-2.317274372387601e-09
0.954000000003973	-2.3909041413361365e-09
0.9550000000039773	-2.4635433693021014e-09
0.9560000000039814	-2.535054832719652e-09
0.9570000000039856	-2.6054416402132574e-09
0.9580000000039897	-2.674530374946471e-09
0.959000000003994	-2.7421114268122437e-09
0.9600000000039981	-2.8084383707494e-09
0.9610000000040022	-2.873032478589721e-09
0.9620000000040065	-2.9360180953119652e-09
0.9630000000040106	-2.9972795356769666e-09
0.9640000000040148	-3.056692898795177e-09
0.9650000000040189	-3.1142006751139206e-09
0.9660000000040232	-3.1696858471264022e-09
0.9670000000040273	-3.223147748698807e-09
0.9680000000040314	-3.2744753575286722e-09
0.9690000000040357	-3.3235401097897466e-09
0.9700000000040399	-3.370359102916609e-09
0.9710000000040437	-3.4147826788455404e-09
0.9720000000040478	-3.4568490292485876e-09
0.9730000000040522	-3.4964728889974594e-09
0.9740000000040563	-3.5335099290989547e-09
0.9750000000040604	-3.568026318845341e-09
0.9760000000040647	-3.599863074299492e-09
0.9770000000040688	-3.6290646043823926e-09
0.978000000004073	-3.6556093707673654e-09
0.979000000004077	-3.679344162677012e-09
0.9800000000040812	-3.700370232451178e-09
0.9810000000040855	-3.7185121648519726e-09
0.9820000000040896	-3.733884756940142e-09
0.9830000000040937	-3.7463772084578295e-09
0.984000000004098	-3.756045918734685e-09
0.9850000000041004	-3.762811395802146e-09
0.9860000000041018	-3.766640777058683e-09
0.987000000004103	-3.767696155065892e-09
0.9880000000041045	-3.765787903731166e-09
0.9890000000041059	-3.760971090116527e-09
0.9900000000041072	-3.753199306899546e-09
0.9910000000041086	-3.742739007606133e-09
0.99200000000411	-3.729323738710377e-09
0.9930000000041115	-3.712960605639637e-09
0.9940000000041127	-3.6939169500982416e-09
0.9950000000041141	-3.6720475549145704e-09
0.9960000000041156	-3.6473661868541285e-09
0.997000000004117	-3.6200014097431676e-09
0.9980000000041185	-3.5899216932477884e-09
0.9990000000041197	-3.557126593278781e-09
1.0000000000041211	-3.5217906368956164e-09
1.001000000004117	-3.483865640419026e-09
1.002000000004113	-3.443362484034651e-09
1.0030000000041086	-3.400475678816406e-09
1.0040000000041045	-3.355109523539568e-09
1.0050000000041002	-3.307382145933957e-09
1.006000000004096	-3.2574289932085776e-09
1.007000000004092	-3.205180565402088e-09
1.0080000000040878	-3.1507854103551836e-09
1.0090000000040837	-3.0942861606320093e-09
1.0100000000040794	-3.035782070170967e-09
1.0110000000040753	-2.975319768339091e-09
1.012000000004071	-2.91297586052508e-09
1.0130000000040669	-2.8488265080284236e-09
1.0140000000040628	-2.782968522296869e-09
1.0150000000040587	-2.7154647419536104e-09
1.0160000000040534	-2.646407759598901e-09
1.0170000000040464	-2.5758732924430205e-09
1.0180000000040397	-2.5039659234948886e-09
1.0190000000040325	-2.430748047288489e-09
1.0200000000040257	-2.35632957590326e-09
1.021000000004019	-2.280793331976838e-09
1.0220000000040117	-2.204218363388577e-09
1.023000000004005	-2.1266788330365216e-09
1.0240000000039977	-2.048334613036218e-09
1.025000000003991	-1.969199470153171e-09
1.026000000003984	-1.8894119602208548e-09
1.027000000003977	-1.8090455800034988e-09
1.0280000000039702	-1.7282011377517392e-09
1.0290000000039632	-1.646973890601089e-09
1.0300000000039562	-1.565437557360383e-09
1.0310000000039494	-1.4836976092169607e-09
1.0320000000039424	-1.4018535221538286e-09
1.0330000000039354	-1.3199779047567972e-09
1.0340000000039287	-1.2381724534549221e-09
1.0350000000039217	-1.1565224333764945e-09
1.0360000000039147	-1.075117772586509e-09
1.0370000000039077	-9.940475109715408e-10
1.0380000000039007	-9.133922507231773e-10
1.039000000003894	-8.332423639956232e-10
1.0400000000038867	-7.536835600063796e-10
1.04100000000388	-6.747853387167879e-10
1.0420000000038732	-5.966462879314349e-10
1.043000000003866	-5.19339460325341e-10
1.0440000000038592	-4.4293790857352633e-10
1.0450000000038522	-3.67515795574036e-10
1.0460000000038452	-2.931552778306923e-10
1.0470000000038384	-2.1992918597391053e-10
1.0480000000038314	-1.4788237301388563e-10
1.0490000000038244	-7.712896987754903e-11
1.0500000000038174	-7.689404668553834e-12
1.0510000000038104	6.033840094232801e-11
1.0520000000038037	1.2691525608232723e-10
1.0530000000037967	1.9197399225845402e-10
1.0540000000037897	2.554573219626377e-10
1.055000000003783	3.173341589501888e-10
1.056000000003776	3.7746539227612175e-10
1.057000000003769	4.359664851349976e-10
1.0580000000037622	4.926293817320015e-10
1.059000000003755	5.474612985167937e-10
1.0600000000037482	6.004923225333414e-10
1.0610000000037412	6.515852302158009e-10
1.0620000000037342	7.007350255605616e-10
1.0630000000037274	7.479532548870793e-10
1.0640000000037202	7.931315604281508e-10
1.0650000000037134	8.363081338558231e-10
1.0660000000037064	8.77424577439001e-10
1.0670000000036994	9.164591308064018e-10
1.0680000000036927	9.534321110393762e-10
1.0690000000036857	9.882432649988004e-10
1.0700000000036787	1.020956763575498e-09
1.071000000003672	1.0515363024765634e-09
1.072000000003665	1.0799656724458373e-09
1.073000000003658	1.1062251115134814e-09
1.0740000000036511	1.1303571412213387e-09
1.075000000003644	1.1523126897117209e-09
1.0760000000036372	1.1720684423011107e-09
1.0770000000036304	1.1897797191906534e-09
1.0780000000036232	1.2052763231906738e-09
1.0790000000036164	1.2186109898948416e-09
1.0800000000036092	1.2298836393753731e-09
1.0810000000036024	1.2389901327125585e-09
1.0820000000035954	1.2460132925440348e-09
1.0830000000035884	1.2509770996871339e-09
1.0840000000035817	1.2538700078223997e-09
1.0850000000035747	1.2547447525435018e-09
1.0860000000035677	1.253602444073465e-09
1.087000000003561	1.2504413060554498e-09
1.088000000003554	1.2453705844350793e-09
1.089000000003547	1.2383518654957015e-09
1.0900000000035401	1.2294485429720226e-09
1.091000000003533	1.2187079123648914e-09
1.0920000000035262	1.2061307508304253e-09
1.0930000000035192	1.191772458497553e-09
1.0940000000035122	1.175681330067846e-09
1.0950000000035054	1.1578801251133086e-09
1.0960000000034982	1.1384301279449005e-09
1.0970000000034914	1.1173807434872174e-09
1.0980000000034844	1.0947540651784493e-09
1.0990000000034774	1.0706022735007537e-09
1.1000000000034706	1.044990538545676e-09
1.1010000000034637	1.0179357357031904e-09
1.1020000000034567	9.895467778520128e-10
1.1030000000034499	9.598232209029334e-10
1.104000000003443	9.288328994827566e-10
1.105000000003436	8.966312137204113e-10
1.106000000003429	8.632677905850983e-10
1.107000000003422	8.288104647036221e-10
1.1080000000034151	7.932997592163815e-10
1.1090000000034081	7.567994009249901e-10
1.1100000000034012	7.193644568914692e-10
1.1110000000033944	6.810546571145437e-10
1.1120000000033872	6.419238474109079e-10
1.1130000000033804	6.020343112922433e-10
1.1140000000033736	5.614350095939358e-10
1.1150000000033664	5.201926667197654e-10
1.1160000000033596	4.78368233913784e-10
1.1170000000033526	4.360105609890752e-10
1.1180000000033457	3.931733827400308e-10
1.1190000000033387	3.499430745179666e-10
1.1200000000033317	3.063478359877081e-10
1.121000000003325	2.6245750017750424e-10
1.122000000003318	2.183215830342533e-10
1.123000000003311	1.740143584783027e-10
1.1240000000033041	1.2957335204788478e-10
1.1250000000032971	8.506517712447703e-11
1.1260000000032901	4.054234725714423e-11
1.1270000000032834	-3.9390712913700554e-12
1.1280000000032764	-4.832423350364934e-11
1.1290000000032694	-9.256151400904855e-11
1.1300000000032626	-1.3659740005778076e-10
1.1310000000032554	-1.8037882298926888e-10
1.1320000000032486	-2.2385471254438016e-10
1.1330000000032414	-2.6697577482082124e-10
1.1340000000032346	-3.096947143177431e-10
1.1350000000032279	-3.519549096608898e-10
1.1360000000032207	-3.937179471336094e-10
1.1370000000032139	-4.3493852963649715e-10
1.138000000003207	-4.755569271708282e-10
1.1390000000032	-5.155442739379623e-10
1.1400000000031931	-5.548610459982228e-10
1.1410000000031861	-5.934563951370819e-10
1.1420000000031791	-6.312637079730621e-10
1.1430000000031724	-6.683082975911248e-10
1.1440000000031654	-7.045020122831147e-10
1.1450000000031584	-7.398051060647504e-10
1.1460000000031516	-7.74219577337476e-10
1.1470000000031444	-8.076856961025669e-10
1.1480000000031376	-8.401748186059876e-10
1.1490000000031304	-8.716500854433207e-10
1.1500000000031236	-9.020955094030114e-10
1.1510000000031169	-9.314646831626305e-10
1.1520000000031096	-9.597478367595613e-10
1.1530000000031029	-9.869167705289783e-10
1.1540000000030959	-1.0129512784118333e-09
1.155000000003089	-1.037789854052562e-09
1.1560000000030821	-1.0614693568555822e-09
1.1570000000030751	-1.0839333874912427e-09
1.1580000000030681	-1.1051761727998155e-09
1.1590000000030614	-1.1251750642315983e-09
1.1600000000030544	-1.1439105218613577e-09
1.1610000000030474	-1.161398976989858e-09
1.1620000000030404	-1.1775804775737697e-09
1.1630000000030334	-1.1924790044304245e-09
1.1640000000030266	-1.2060703546978857e-09
1.1650000000030196	-1.218340095476833e-09
1.1660000000030126	-1.2293093210047346e-09
1.1670000000030059	-1.23894872139374e-09
1.1680000000029986	-1.2472434196553195e-09
1.1690000000029919	-1.2542247240787674e-09
1.1700000000029849	-1.2598664334007026e-09
1.1710000000029779	-1.2641707680671743e-09
1.172000000002971	-1.2671450555501451e-09
1.1730000000029641	-1.2687877415373805e-09
1.1740000000029571	-1.269124139113842e-09
1.1750000000029501	-1.2681173888751118e-09
1.1760000000029431	-1.2658116776975703e-09
1.1770000000029364	-1.2621714784444293e-09
1.1780000000029294	-1.257258741560463e-09
1.1790000000029224	-1.2510490421391296e-09
1.1800000000029156	-1.2435643625963166e-09
1.1810000000029086	-1.2348162492514803e-09
1.1820000000029016	-1.2248306813233967e-09
1.1830000000028948	-1.2135905613774867e-09
1.1840000000028876	-1.2011285299706742e-09
1.1850000000028809	-1.1874581318238597e-09
1.186000000002874	-1.1725755921787595e-09
1.1870000000028669	-1.1565646218514303e-09
1.18800000000286	-1.139369043556826e-09
1.1890000000028529	-1.1210548045426094e-09
1.1900000000028461	-1.1016221268533855e-09
1.1910000000028391	-1.0811025408230535e-09
1.1920000000028321	-1.0595193611351306e-09
1.1930000000028254	-1.0368850222874926e-09
1.1940000000028184	-1.0132241712312862e-09
1.1950000000028114	-9.885743335047437e-10
1.1960000000028046	-9.629552710777034e-10
1.1970000000027976	-9.363765318681772e-10
1.1980000000027906	-9.088867436446435e-10
1.1990000000027838	-8.805116635812738e-10
1.2000000000027768	-8.512563987039812e-10
1.2010000000027699	-8.211615831754671e-10
1.2020000000027629	-7.90281839968543e-10
1.2030000000027559	-7.586014039162592e-10
1.204000000002749	-7.261617973597367e-10
1.2050000000027419	-6.930380713754403e-10
1.206000000002735	-6.591844847747552e-10
1.2070000000027283	-6.246883010874171e-10
1.2080000000027211	-5.895568477853885e-10
1.2090000000027143	-5.538227654255934e-10
1.2100000000027074	-5.175282424829675e-10
1.2110000000027004	-4.806859354999915e-10
1.2120000000026936	-4.433449163343539e-10
1.2130000000026866	-4.0552672331273243e-10
1.2140000000026796	-3.6726777175033476e-10
1.2150000000026726	-3.2859781562422086e-10
1.2160000000026656	-2.895408357517226e-10
1.2170000000026588	-2.501479023919728e-10
1.2180000000026519	-2.1043478071192112e-10
1.2190000000026449	-1.7042922628718316e-10
1.220000000002638	-1.3017875666321288e-10
1.2210000000026309	-8.971312581707025e-11
1.222000000002624	-4.9052761852408366e-11
1.2230000000026173	-8.23119350457091e-12
1.2240000000026101	3.271494186662949e-11
1.2250000000026033	7.375211552584915e-11
1.2260000000025963	1.1485812301259557e-10
1.2270000000025894	1.5599643798935858e-10
1.2280000000025826	1.971374175013807e-10
1.2290000000025754	2.3825108552699703e-10
1.2300000000025686	2.793086872898698e-10
1.2310000000025616	3.202793585899144e-10
1.2320000000025546	3.611340115838857e-10
1.2330000000025478	4.018437804731434e-10
1.2340000000025408	4.4237802310220786e-10
1.2350000000025338	4.827110933192102e-10
1.236000000002527	5.228151245262325e-10
1.23700000000252	5.626609178577269e-10
1.238000000002513	6.02218830358936e-10
1.2390000000025063	6.414668796139722e-10
1.240000000002499	6.803781982256396e-10
1.2410000000024923	7.189230322168783e-10
1.2420000000024853	7.570787330379858e-10
1.2430000000024783	7.948237623622845e-10
1.2440000000024716	8.321250355436405e-10
1.2450000000024644	8.689610142553761e-10
1.2460000000024576	9.053124916391653e-10
1.2470000000024506	9.411555978999786e-10
1.2480000000024436	9.764656860866694e-10
1.2490000000024368	1.0112201076495353e-09
1.2500000000024298	1.0453964360834789e-09
1.2510000000024228	1.0789716897718904e-09
1.252000000002416	1.1119323239938694e-09
1.253000000002409	1.144256023266621e-09
1.254000000002402	1.1759220264195847e-09
1.2550000000023953	1.2069124588620639e-09
1.256000000002388	1.2372013413752825e-09
1.2570000000023813	1.266784011022537e-09
1.2580000000023743	1.2956400397001744e-09
1.2590000000023673	1.3237367868512706e-09
1.2600000000023606	1.3510870200406089e-09
1.2610000000023533	1.377657099510543e-09
1.2620000000023466	1.4034223783099264e-09
1.2630000000023396	1.4283969562711718e-09
1.2640000000023326	1.4525417535438123e-09
1.2650000000023258	1.4758618771537613e-09
1.2660000000023188	1.4983289053915883e-09
1.2670000000023118	1.5199401737220342e-09
1.268000000002305	1.540689686940766e-09
1.269000000002298	1.5605553516095938e-09
1.270000000002291	1.579544273155875e-09
1.271000000002284	1.5976242551118958e-09
1.272000000002277	1.6147895243179278e-09
1.2730000000022703	1.6310723882639877e-09
1.2740000000022633	1.6464193342002886e-09
1.2750000000022563	1.6608328046174847e-09
1.2760000000022496	1.6743229025451e-09
1.2770000000022423	1.6868689778348767e-09
1.2780000000022356	1.6984741391112834e-09
1.2790000000022288	1.7091464910024001e-09
1.2800000000022216	1.718851283527556e-09
1.2810000000022148	1.7276092778573116e-09
1.2820000000022078	1.7354105930067476e-09
1.2830000000022008	1.7422675524514375e-09
1.2840000000021938	1.7481338598912544e-09
1.2850000000021868	1.7530972229451436e-09
1.28600000000218	1.7570714883063943e-09
1.287000000002173	1.760094958669356e-09
1.288000000002166	1.7621671899448188e-09
1.2890000000021593	1.763292067913369e-09
1.2900000000021523	1.763466817017445e-09
1.2910000000021453	1.7627034276657128e-09
1.2920000000021385	1.7609964597653516e-09
1.2930000000021313	1.7583700051559958e-09
1.2940000000021246	1.7547994168864989e-09
1.2950000000021178	1.7503247740080496e-09
1.2960000000021106	1.7449253153500877e-09
1.2970000000021038	1.7386155848342355e-09
1.2980000000020966	1.7314254474598556e-09
1.2990000000020898	1.7233273696959373e-09
1.3000000000020828	1.7143674257980024e-09
1.3010000000020758	1.7045299616214038e-09
1.302000000002069	1.6938411784295226e-09
1.303000000002062	1.6823056281367599e-09
1.304000000002055	1.6699204241632515e-09
1.3050000000020483	1.656731529742217e-09
1.3060000000020413	1.6427246229966386e-09
1.3070000000020343	1.6279153580711636e-09
1.3080000000020275	1.6123311574745003e-09
1.3090000000020205	1.5960022192729184e-09
1.3100000000020136	1.5788966800656112e-09
1.3110000000020068	1.5610668313570386e-09
1.3120000000019996	1.5425136723479227e-09
1.3130000000019928	1.5232605177217806e-09
1.3140000000019856	1.503324575935494e-09
1.3150000000019788	1.4827259420258088e-09
1.316000000001972	1.4614749410668537e-09
1.3170000000019648	1.4395938885414239e-09
1.318000000001958	1.4171122053596719e-09
1.319000000001951	1.3940368859266528e-09
1.320000000001944	1.3703908008366739e-09
1.3210000000019373	1.3462002623754188e-09
1.3220000000019303	1.3214855876242382e-09
1.3230000000019233	1.2962534379212798e-09
1.3240000000019165	1.270542560050103e-09
1.3250000000019095	1.2443708286014044e-09
1.3260000000019025	1.217759892924164e-09
1.3270000000018956	1.1907305141889424e-09
1.3280000000018886	1.1633055629900468e-09
1.3290000000018818	1.13551446023763e-09
1.3300000000018748	1.1073710837194994e-09
1.3310000000018678	1.0789102944386286e-09
1.332000000001861	1.0501444158705908e-09
1.3330000000018538	1.0211053114161928e-09
1.334000000001847	9.918220689186796e-10
1.33500000000184	9.623047914075755e-10
1.336000000001833	9.325913374880201e-10
1.3370000000018263	9.027006919737346e-10
1.3380000000018193	8.726559475036311e-10
1.3390000000018123	8.424938524598247e-10
1.3400000000018053	8.122130745746858e-10
1.3410000000017983	7.81875897359896e-10
1.3420000000017915	7.514784350348691e-10
1.3430000000017845	7.210495533982453e-10
1.3440000000017776	6.906309968357505e-10
1.3450000000017708	6.60230536908557e-10
1.3460000000017638	6.298798149728668e-10
1.3470000000017568	5.996040330913388e-10
1.34800000000175	5.694270610590024e-10
1.3490000000017428	5.393737678716093e-10
1.350000000001736	5.094672461680716e-10
1.3510000000017293	4.797336972117705e-10
1.352000000001722	4.5019732386464284e-10
1.3530000000017153	4.208788872972491e-10
1.354000000001708	3.918063651298098e-10
1.3550000000017013	3.62997520930719e-10
1.3560000000016943	3.3447888903026524e-10
1.3570000000016873	3.0627356206736067e-10
1.3580000000016805	2.7840107996723873e-10
1.3590000000016735	2.508873109263732e-10
1.3600000000016665	2.2374779806710876e-10
1.3610000000016598	1.9700951980894388e-10
1.3620000000016528	1.7069101687638977e-10
1.3630000000016458	1.4481260635079707e-10
1.364000000001639	1.1939282895667702e-10
1.3650000000016318	9.444534043723252e-11
1.366000000001625	6.999856250189396e-11
1.367000000001618	4.607536574496862e-11
1.368000000001611	2.2678192657110685e-11
1.3690000000016043	-1.716404796070492e-13
1.370000000001597	-2.244715524568619e-11
1.3710000000015903	-4.4150461064873525e-11
1.3720000000015833	-6.524847329103522e-11
1.3730000000015763	-8.574496668245501e-11
1.3740000000015695	-1.0560641250378922e-10
1.3750000000015625	-1.2482970213056888e-10
1.3760000000015555	-1.4341727805344817e-10
1.3770000000015488	-1.613202904593436e-10
1.3780000000015418	-1.7856738310229048e-10
1.3790000000015348	-1.951236949793156e-10
1.3800000000015278	-2.109836749752958e-10
1.3810000000015208	-2.2613777517221934e-10
1.382000000001514	-2.405879939715305e-10
1.383000000001507	-2.543187882508846e-10
1.3840000000015	-2.673177235124058e-10
1.3850000000014933	-2.795870202021433e-10
1.386000000001486	-2.9112290356181347e-10
1.3870000000014793	-3.0191471545037984e-10
1.3880000000014725	-3.119746683211133e-10
1.3890000000014653	-3.212761168214229e-10
1.3900000000014585	-3.298268325124809e-10
1.3910000000014515	-3.3764235851663216e-10
1.3920000000014445	-3.4469427312444623e-10
1.3930000000014378	-3.5100256035036637e-10
1.3940000000014305	-3.565507888936281e-10
1.3950000000014238	-3.613644938837979e-10
1.3960000000014168	-3.6542613379708655e-10
1.3970000000014098	-3.687476990421601e-10
1.398000000001403	-3.7133940367084506e-10
1.399000000001396	-3.731803754902785e-10
1.400000000001389	-3.743212406703833e-10
1.4010000000013823	-3.7471603597794e-10
1.4020000000013753	-3.7442027256417987e-10
1.4030000000013683	-3.733935383110065e-10
1.4040000000013615	-3.71689123923602e-10
1.4050000000013543	-3.69289931967387e-10
1.4060000000013475	-3.6620684262800296e-10
1.4070000000013405	-3.6245539902779456e-10
1.4080000000013335	-3.5805824971646416e-10
1.4090000000013267	-3.5300118383929657e-10
1.4100000000013195	-3.4732283715754875e-10
1.4110000000013128	-3.410143278870237e-10
1.4120000000013058	-3.3410185729110253e-10
1.4130000000012988	-3.265994141798956e-10
1.414000000001292	-3.1851632442680966e-10
1.415000000001285	-3.0987368226931267e-10
1.416000000001278	-3.006777049563425e-10
1.4170000000012712	-2.909441576548488e-10
1.4180000000012642	-2.8070834545701473e-10
1.4190000000012573	-2.699611645340383e-10
1.4200000000012505	-2.587432490486208e-10
1.4210000000012433	-2.4705482104536713e-10
1.4220000000012365	-2.349045402638694e-10
1.4230000000012293	-2.2235080443522293e-10
1.4240000000012225	-2.0938095701694692e-10
1.4250000000012157	-1.9600876477454676e-10
1.4260000000012085	-1.822781925397976e-10
1.4270000000012018	-1.6819434733861272e-10
1.4280000000011948	-1.5376988571347283e-10
1.4290000000011878	-1.3903678208748715e-10
1.430000000001181	-1.2400969140458074e-10
1.431000000001174	-1.0871170630366578e-10
1.432000000001167	-9.316369897760524e-11
1.4330000000011602	-7.738076845953401e-11
1.4340000000011532	-6.138467512073476e-11
1.4350000000011462	-4.52022863584034e-11
1.4360000000011393	-2.8847590982650217e-11
1.4370000000011323	-1.234035096331354e-11
1.4380000000011255	4.295563904577193e-12
1.4390000000011185	2.103894836125164e-11
1.4400000000011115	3.7872149860618265e-11
1.4410000000011047	5.477340803139441e-11
1.4420000000010975	7.172384908216145e-11
1.4430000000010907	8.870137957472934e-11
1.4440000000010837	1.0568745878458685e-10
1.4450000000010768	1.226624357641981e-10
1.44600000000107	1.396067705883297e-10
1.447000000001063	1.5649981310872363e-10
1.448000000001056	1.733240218015908e-10
1.449000000001049	1.9005930163018547e-10
1.450000000001042	2.0668622369157674e-10
1.4510000000010352	2.2318780157348783e-10
1.4520000000010282	2.3954505046219765e-10
1.4530000000010213	2.5574387052529346e-10
1.4540000000010145	2.7175994787853597e-10
1.4550000000010075	2.875830684700986e-10
1.4560000000010005	3.0319158295100124e-10
1.4570000000009937	3.185718355780409e-10
1.4580000000009865	3.3370817220657045e-10
1.4590000000009797	3.485827182458934e-10
1.460000000000973	3.631743794585418e-10
1.4610000000009657	3.77482489710701e-10
1.462000000000959	3.914889523670695e-10
1.4630000000009518	4.051670110527539e-10
1.464000000000945	4.185229940389945e-10
1.465000000000938	4.3152414974656494e-10
1.466000000000931	4.4417558520137845e-10
1.4670000000009242	4.5645143220696127e-10
1.4680000000009172	4.683463616927952e-10
1.4690000000009102	4.798526020977079e-10
1.4700000000009035	4.90957607901521e-10
1.4710000000008965	5.016429494020258e-10
1.4720000000008895	5.119120682905987e-10
1.4730000000008827	5.217488663333825e-10
1.4740000000008757	5.31146571169927e-10
1.4750000000008687	5.400951907930107e-10
1.476000000000862	5.485920606673744e-10
1.4770000000008547	5.566188621131118e-10
1.478000000000848	5.641899170072406e-10
1.4790000000008408	5.712827988446634e-10
1.480000000000834	5.778926226440717e-10
1.4810000000008272	5.84022608052237e-10
1.48200000000082	5.896682031547584e-10
1.4830000000008132	5.948135317623837e-10
1.4840000000008062	5.994711393952912e-10
1.4850000000007992	6.036371402728946e-10
1.4860000000007925	6.072972125181764e-10
1.4870000000007855	6.104550198671177e-10
1.4880000000007785	6.131213314830575e-10
1.4890000000007717	6.152770515299721e-10
1.4900000000007645	6.169311728143612e-10
1.4910000000007577	6.180996825477791e-10
1.4920000000007507	6.187426127013396e-10
1.4930000000007437	6.189058154859595e-10
1.494000000000737	6.185685297310783e-10
1.49500000000073	6.17740081310103e-10
1.496000000000723	6.164074806136455e-10
1.497000000000716	6.146034792209321e-10
1.498000000000709	6.123090923182417e-10
1.4990000000007022	6.095334237343764e-10
1.5000000000006952	6.062829127628788e-10
1.5010000000006882	6.02563776652687e-10
1.5020000000006815	5.98377236649128e-10
1.5030000000006745	5.937359492946825e-10
1.5040000000006675	5.886383602771161e-10
1.5050000000006605	5.83098680451144e-10
1.5060000000006535	5.77112801991575e-10
1.5070000000006467	5.706993766452229e-10
1.5080000000006397	5.638647326833279e-10
1.5090000000006327	5.566025418346499e-10
1.5100000000006257	5.489373400280328e-10
1.5110000000006187	5.408691272634769e-10
1.512000000000612	5.324101159942529e-10
1.513000000000605	5.235738509412613e-10
1.514000000000598	5.143618864167365e-10
1.5150000000005912	5.047763318444254e-10
1.5160000000005842	4.948434995100115e-10
1.5170000000005772	4.84562945324285e-10
1.5180000000005702	4.73946437651307e-10
1.5190000000005632	4.630147376616378e-10
1.5200000000005565	4.5175840845956827e-10
1.5210000000005495	4.4019465850198003e-10
1.5220000000005425	4.2835202052060595e-10
1.5230000000005357	4.1622094659743425e-10
1.5240000000005285	4.038155365648777e-10
1.5250000000005217	3.9115288785751545e-10
1.5260000000005147	3.7824610110703816e-10
1.5270000000005077	3.6509140155516207e-10
1.528000000000501	3.5171943135736683e-10
1.529000000000494	3.3813074562516476e-10
1.530000000000487	3.2433722374491936e-10
1.53100000000048	3.103528545267409e-10
1.532000000000473	2.9618385521956725e-10
1.5330000000004662	2.8184787836949e-10
1.5340000000004592	2.6735669234057013e-10
1.5350000000004522	2.5271873482779483e-10
1.5360000000004455	2.379414443254291e-10
1.5370000000004385	2.2304558200403335e-10
1.5380000000004315	2.080372540902431e-10
1.5390000000004245	1.9292611952437255e-10
1.5400000000004175	1.777270552949517e-10
1.5410000000004107	1.624487211415726e-10
1.5420000000004037	1.471028854282963e-10
1.5430000000003967	1.3170387003214046e-10
1.5440000000003897	1.162568930013208e-10
1.5450000000003827	1.0077738643587963e-10
1.546000000000376	8.527234474087209e-11
1.547000000000369	6.975531263719859e-11
1.548000000000362	5.423506088675367e-11
1.549000000000355	3.8724357054320535e-11
1.5500000000003482	2.3232082924096176e-11
1.5510000000003412	7.765232901135732e-12
1.5520000000003342	-7.662093182148055e-12
1.5530000000003272	-2.30424568314902e-11
1.5540000000003205	-3.836397866052721e-11
1.5550000000003135	-5.361844301887686e-11
1.5560000000003065	-6.880140901444065e-11
1.5570000000002997	-8.389200445435563e-11
1.5580000000002925	-9.88937820523006e-11
1.5590000000002857	-1.1379097664132587e-10
1.5600000000002787	-1.2857714892788863e-10
1.5610000000002717	-1.432454155292362e-10
1.5620000000002647	-1.5778400808130755e-10
1.5630000000002577	-1.7218937387042388e-10
1.564000000000251	-1.8645107680015371e-10
1.565000000000244	-2.005606791755099e-10
1.566000000000237	-2.145141841936038e-10
1.5670000000002302	-2.28300933713399e-10
1.5680000000002232	-2.419155986643773e-10
1.5690000000002162	-2.553530720206254e-10
1.5700000000002092	-2.686069144886005e-10
1.5710000000002025	-2.8166735610568594e-10
1.5720000000001955	-2.945292898459684e-10
1.5730000000001885	-3.0719116139721336e-10
1.5740000000001815	-3.1964209057377957e-10
1.5750000000001747	-3.3188429782171625e-10
1.5760000000001675	-3.439097895352461e-10
1.5770000000001607	-3.5570635326109823e-10
1.5780000000001537	-3.672735449100628e-10
1.5790000000001467	-3.786120306159546e-10
1.58000000000014	-3.897144829068111e-10
1.581000000000133	-4.0057690497974363e-10
1.582000000000126	-4.1119685434409803e-10
1.583000000000119	-4.2156522717107237e-10
1.584000000000112	-4.316853541297405e-10
1.5850000000001052	-4.415501297927449e-10
1.5860000000000982	-4.5116310687376426e-10
1.5870000000000912	-4.6051429336557703e-10
1.5880000000000845	-4.696021349559487e-10
1.5890000000000775	-4.784272977786941e-10
1.5900000000000705	-4.869882275215787e-10
1.5910000000000635	-4.952784848910596e-10
1.5920000000000565	-5.033020666900256e-10
1.5930000000000497	-5.110560863386127e-10
1.5940000000000427	-5.18536769078537e-10
1.5950000000000357	-5.257450030882183e-10
1.5960000000000287	-5.326792340554221e-10
1.5970000000000217	-5.393441249168518e-10
1.598000000000015	-5.457270191300267e-10
1.599000000000008	-5.518372425683538e-10
1.600000000000001	-5.576767936332772e-10
1.6009999999999942	-5.632361244067852e-10
1.6019999999999872	-5.685212300932108e-10
1.6029999999999802	-5.735329988709736e-10
1.6039999999999732	-5.782714307400738e-10
1.6049999999999662	-5.827331950314374e-10
1.6059999999999595	-5.869249530832121e-10
1.6069999999999525	-5.908451505831636e-10
1.6079999999999455	-5.944909009514276e-10
1.6089999999999387	-5.978695316599669e-10
1.6099999999999315	-6.009799324857568e-10
1.6109999999999247	-6.038274324993154e-10
1.6119999999999177	-6.064060364963098e-10
1.6129999999999107	-6.087166326551596e-10
1.6139999999999037	-6.107745420536048e-10
1.614999999999897	-6.125679963275843e-10
1.61599999999989	-6.14102990681431e-10
1.616999999999883	-6.153881848547371e-10
1.617999999999876	-6.164149191079105e-10
1.6189999999998692	-6.171931854481727e-10
1.6199999999998622	-6.17722539786314e-10
1.6209999999998552	-6.180114198173214e-10
1.6219999999998485	-6.180513878462079e-10
1.6229999999998415	-6.178564326830838e-10
1.6239999999998345	-6.174225575250603e-10
1.6249999999998275	-6.167517607735817e-10
1.6259999999998205	-6.158551446588945e-10
1.6269999999998137	-6.147256037536408e-10
1.6279999999998067	-6.133749064218819e-10
1.6289999999997997	-6.118028306190126e-10
1.6299999999997927	-6.100084881666135e-10
1.6309999999997857	-6.080036474287454e-10
1.631999999999779	-6.057860879593591e-10
1.632999999999772	-6.033593624721334e-10
1.633999999999765	-6.007283559483767e-10
1.634999999999758	-5.978963990571629e-10
1.6359999999997512	-5.948703751812445e-10
1.6369999999997442	-5.916476197853626e-10
1.6379999999997372	-5.8823457216306e-10
1.6389999999997302	-5.846390038755089e-10
1.6399999999997235	-5.808571401644258e-10
1.6409999999997165	-5.768971966801928e-10
1.6419999999997095	-5.727638363595133e-10
1.6429999999997025	-5.684586135146219e-10
1.6439999999996955	-5.639846367699874e-10
1.6449999999996887	-5.59350787909807e-10
1.6459999999996817	-5.545528480865869e-10
1.6469999999996747	-5.496016974859685e-10
1.6479999999996677	-5.444995565540012e-10
1.6489999999996607	-5.392473134691045e-10
1.649999999999654	-5.338502973017967e-10
1.650999999999647	-5.283153914348304e-10
1.65199999999964	-5.226432620020205e-10
1.6529999999996332	-5.168385719400703e-10
1.6539999999996262	-5.109019873827947e-10
1.6549999999996192	-5.048432782928103e-10
1.6559999999996122	-4.986646651161664e-10
1.6569999999996052	-4.923663698974678e-10
1.6579999999995985	-4.859550539748625e-10
1.6589999999995915	-4.794329377943995e-10
1.6599999999995845	-4.728064606496218e-10
1.6609999999995777	-4.660762886743441e-10
1.6619999999995705	-4.5924930525131913e-10
1.6629999999995637	-4.523261765143616e-10
1.6639999999995567	-4.453122315339897e-10
1.6649999999995497	-4.3821013484546256e-10
1.665999999999543	-4.3102410529627377e-10
1.666999999999536	-4.2375880582312675e-10
1.667999999999529	-4.164160127828609e-10
1.668999999999522	-4.0899994502296977e-10
1.669999999999515	-4.0151371116792234e-10
1.6709999999995082	-3.9396308437744665e-10
1.6719999999995012	-3.86347176473123e-10
1.6729999999994942	-3.786750912837533e-10
1.6739999999994875	-3.70945718586313e-10
1.6749999999994805	-3.6316327722829556e-10
1.6759999999994735	-3.5533398445863895e-10
1.6769999999994665	-3.4745673005431854e-10
1.6779999999994595	-3.3953884148729685e-10
1.6789999999994527	-3.315805408021788e-10
1.6799999999994457	-3.235869350248777e-10
1.6809999999994387	-3.155620209582821e-10
1.6819999999994317	-3.075053545131823e-10
1.6829999999994247	-2.9942293089391114e-10
1.683999999999418	-2.9131785872493765e-10
1.684999999999411	-2.8319213640770613e-10
1.685999999999404	-2.7504909461129046e-10
1.6869999999993972	-2.668927301385793e-10
1.6879999999993902	-2.5872615161404156e-10
1.6889999999993832	-2.505469165470231e-10
1.6899999999993762	-2.423690137476342e-10
1.6909999999993692	-2.3418644801154187e-10
1.6919999999993625	-2.2600388227544954e-10
1.6929999999993555	-2.1782620152066556e-10
1.6939999999993485	-2.0965518210402934e-10
1.6949999999993415	-2.0149149015935564e-10
1.6959999999993345	-1.933408988463725e-10
1.6969999999993277	-1.8520607270033906e-10
1.6979999999993207	-1.7708501331981097e-10
1.6989999999993137	-1.6898948906884925e-10
1.6999999999993067	-1.6091350474312094e-10
1.7009999999993	-1.5286460985919348e-10
1.701999999999293	-1.4484435872930135e-10
1.702999999999286	-1.368540836210741e-10
1.703999999999279	-1.2889644906977082e-10
1.7049999999992722	-1.2097522983367526e-10
1.7059999999992652	-1.1309286840344157e-10
1.7069999999992582	-1.0525158522511902e-10
1.7079999999992515	-9.745337870015192e-11
1.7089999999992442	-8.969958109616982e-11
1.7099999999992375	-8.199574352829586e-11
1.7109999999992305	-7.434142190732018e-11
1.7119999999992235	-6.674061303613144e-11
1.7129999999992167	-5.91948712269641e-11
1.7139999999992095	-5.170575079205264e-11
1.7149999999992027	-4.427724853428572e-11
1.7159999999991957	-3.6910474676687954e-11
1.7169999999991887	-2.96067614868889e-11
1.717999999999182	-2.237032781238213e-11
1.718999999999175	-1.520272796540212e-11
1.719999999999168	-8.104850124368568e-12
1.720999999999161	-1.0789147353307271e-12
1.721999999999154	5.871303443427678e-12
1.7229999999991472	1.2745360322696797e-11
1.7239999999991402	1.9540702389519993e-11
1.7249999999991332	2.6255886353965252e-11
1.7259999999991265	3.288924688149564e-11
1.7269999999991195	3.9439340682179136e-11
1.7279999999991125	4.590283708694187e-11
1.7289999999991055	5.2279292006573996e-11
1.7299999999990985	5.856759521805088e-11
1.7309999999990917	6.476374991848388e-11
1.7319999999990847	7.086642384024344e-11
1.7329999999990777	7.687861458549605e-11
1.7339999999990707	8.27953261506309e-11
1.7349999999990655	8.861489320111104e-11
1.7359999999990614	9.433620551391186e-11
1.7369999999990573	9.995726468758903e-11
1.7379999999990532	1.0548018014588934e-10
1.7389999999990489	1.108989566844798e-10
1.7399999999990448	1.1621636986092199e-10
1.7409999999990406	1.214297551399568e-10
1.7419999999990363	1.2653811332086207e-10
1.7429999999990322	1.315396680467984e-10
1.743999999999028	1.3643630669690765e-10
1.744999999999024	1.412256978028381e-10
1.74599999999902	1.4590462171781837e-10
1.7469999999990156	1.5047429968717552e-10
1.7479999999990115	1.5493639704544648e-10
1.7489999999990071	1.592866949451377e-10
1.749999999999003	1.6352408316322453e-10
1.7509999999990045	1.6765255850259564e-10
1.751999999999006	1.716665698481279e-10
1.7529999999990071	1.7556678333363607e-10
1.7539999999990086	1.7935586349437926e-10
1.75499999999901	1.8303059068358607e-10
1.7559999999990115	1.8659251921349096e-10
1.756999999999013	1.9004020579416192e-10
1.7579999999990141	1.933726512248768e-10
1.7589999999990156	1.965909657286602e-10
1.759999999999017	1.9969537135011706e-10
1.7609999999990182	2.0268475786622275e-10
1.7619999999990197	2.0556267799065608e-10
1.7629999999990211	2.0832646718815795e-10
1.7639999999990226	2.1097645852563573e-10
1.7649999999990238	2.135130960922993e-10
1.7659999999990263	2.1593549170972892e-10
1.7669999999990305	2.182451996901591e-10
1.7679999999990346	2.2044244207819474e-10
1.7689999999990387	2.225306605652122e-10
1.769999999999043	2.2450585834832282e-10
1.7709999999990471	2.2637114405199554e-10
1.7719999999990512	2.28126184609323e-10
1.7729999999990556	2.2977419966707657e-10
1.7739999999990597	2.3131119242236764e-10
1.7749999999990638	2.3274271399031932e-10
1.7759999999990679	2.340684313040242e-10
1.776999999999072	2.352875672073651e-10
1.7779999999990763	2.364033413471134e-10
1.7789999999990804	2.37417419057806e-10
1.7799999999990845	2.383282460272085e-10
1.7809999999990886	2.39139708035907e-10
1.781999999999093	2.3985191610620404e-10
1.782999999999097	2.4046653557263653e-10
1.7839999999991012	2.4098445461362417e-10
1.7849999999991053	2.414075606083088e-10
1.7859999999991096	2.417398503595791e-10
1.7869999999991137	2.419779931983612e-10
1.7879999999991179	2.4212865046280285e-10
1.788999999999122	2.4219060090757694e-10
1.789999999999126	2.42165176800313e-10
1.7909999999991304	2.4205404347554804e-10
1.7919999999991345	2.4186186386998543e-10
1.7929999999991386	2.415870836713907e-10
1.7939999999991427	2.4123480990567714e-10
1.794999999999147	2.408054866620546e-10
1.7959999999991512	2.4030055723045507e-10
1.7969999999991553	2.3972301921304506e-10
1.7979999999991594	2.3907498203357136e-10
1.7989999999991637	2.383595543165029e-10
1.7999999999991678	2.3757518174960524e-10
1.800999999999172	2.367281926041187e-10
1.801999999999176	2.3581669950090145e-10
1.8029999999991801	2.34846586621984e-10
1.8039999999991845	2.3381718783355154e-10
1.8049999999991886	2.3273472038454202e-10
1.8059999999991927	2.3159640871739384e-10
1.8069999999991968	2.304103574601868e-10
1.8079999999992011	2.291734579884519e-10
1.8089999999992052	2.2789015119428768e-10
1.8099999999992094	2.265628795683483e-10
1.8109999999992135	2.251936415120781e-10
1.8119999999992178	2.2378565667224848e-10
1.812999999999222	2.2233859198195205e-10
1.813999999999226	2.2085877571242918e-10
1.8149999999992301	2.1934543070756263e-10
1.8159999999992344	2.178026647925435e-10
1.8169999999992386	2.1623258739111861e-10
1.8179999999992427	2.1463630872631256e-10
1.8189999999992468	2.130160492441746e-10
1.819999999999251	2.1137591676989587e-10
1.8209999999992552	2.0971491210275417e-10
1.8219999999992593	2.0803836431326772e-10
1.8229999999992634	2.0634771669136853e-10
1.8239999999992675	2.0464485661619847e-10
1.8249999999992719	2.0293111635538708e-10
1.825999999999276	2.0121015964491562e-10
1.82699999999928	1.9948342977471611e-10
1.8279999999992842	1.977531471908378e-10
1.8289999999992885	1.960214213170275e-10
1.8299999999992926	1.9428925135400732e-10
1.8309999999992967	1.9256096717157334e-10
1.8319999999993009	1.908370128589354e-10
1.8329999999993052	1.8911927579523535e-10
1.8339999999993093	1.874089772258003e-10
1.8349999999993134	1.8571022497582135e-10
1.8359999999993175	1.840239072237182e-10
1.8369999999993218	1.8235057908100316e-10
1.837999999999326	1.8069357121675012e-10
1.83899999999933	1.7905410487628615e-10
1.8399999999993342	1.7743428948335804e-10
1.8409999999993385	1.7583512423868797e-10
1.8419999999993426	1.7425838549911532e-10
1.8429999999993467	1.7270540553226965e-10
1.8439999999993508	1.7117862682880514e-10
1.844999999999355	1.6967804938872177e-10
1.8459999999993593	1.682080030818156e-10
1.8469999999993634	1.6676759972966693e-10
1.8479999999993675	1.6535828262220775e-10
1.8489999999993716	1.639820501608824e-10
1.849999999999376	1.626397905241106e-10
1.85099999999938	1.6133316904642925e-10
1.8519999999993841	1.6006307390625807e-10
1.8529999999993882	1.5882950510359706e-10
1.8539999999993926	1.5763612637442748e-10
1.8549999999993967	1.5648149442881731e-10
1.8559999999994008	1.553681627797232e-10
1.856999999999405	1.5429646449405254e-10
1.857999999999409	1.5326595548259547e-10
1.8589999999994133	1.522793002806111e-10
1.8599999999994175	1.5133605479888956e-10
1.8609999999994216	1.504369961935481e-10
1.861999999999426	1.4958301264300644e-10
1.86299999999943	1.4877421516956701e-10
1.863999999999434	1.4801226910776677e-10
1.8649999999994382	1.4729439890004414e-10
1.8659999999994423	1.466233801039607e-10
1.8669999999994467	1.4600010089793614e-10
1.8679999999994508	1.4542389514815568e-10
1.8689999999994549	1.4489387467619963e-10
1.869999999999459	1.4441137174969754e-10
1.870999999999463	1.439749430787174e-10
1.8719999999994674	1.435865870647035e-10
1.8729999999994715	1.4324474939542142e-10
1.8739999999994756	1.429486529147539e-10
1.87499999999948	1.4269907477881816e-10
1.875999999999484	1.4249701418833638e-10
1.8769999999994882	1.4233947354114207e-10
1.8779999999994923	1.42225675681118e-10
1.8789999999994964	1.4215861821043063e-10
1.8799999999995007	1.4213485943770365e-10
1.8809999999995048	1.4215439936293706e-10
1.881999999999509	1.422164608300136e-10
1.882999999999513	1.4232237610656284e-10
1.8839999999995174	1.424697027019306e-10
1.8849999999995215	1.4265666425927748e-10
1.8859999999995256	1.4288370486781332e-10
1.8869999999995297	1.4315071350523567e-10
1.887999999999534	1.4345502563628543e-10
1.8889999999995382	1.437963081940552e-10
1.8899999999995423	1.4417445015624253e-10
1.8909999999995464	1.4458778618831047e-10
1.8919999999995505	1.4503620526795657e-10
1.8929999999995548	1.455177089937365e-10
1.893999999999559	1.4603096509802072e-10
1.894999999999563	1.4657519642469197e-10
1.8959999999995671	1.4714962581763302e-10
1.8969999999995715	1.4775369816533157e-10
1.8979999999995756	1.4838541506634328e-10
1.8989999999995797	1.4904300016382876e-10
1.8999999999995838	1.4972623141318309e-10
1.9009999999995881	1.5043333245756685e-10
1.9019999999995922	1.511638592077702e-10
1.9029999999995963	1.5191581326234882e-10
1.9039999999996005	1.5268875053209285e-10
1.9049999999996048	1.534812277270703e-10
1.905999999999609	1.5429224564655897e-10
1.906999999999613	1.5512013895602195e-10
1.9079999999996171	1.5596401947703953e-10
1.9089999999996214	1.5682233289737724e-10
1.9099999999996256	1.5769385797170798e-10
1.9109999999996297	1.585784836777293e-10
1.9119999999996338	1.5947243525715749e-10
1.9129999999996379	1.603769339553196e-10
1.9139999999996422	1.6129120261609842e-10
1.9149999999996463	1.622117995481176e-10
1.9159999999996504	1.6313850270677221e-10
1.9169999999996545	1.6406986880213026e-10
1.9179999999996589	1.6500489863346957e-10
1.918999999999663	1.6594237095546305e-10
1.919999999999667	1.66881397589691e-10
1.9209999999996712	1.6782042422391896e-10
1.9219999999996755	1.687583406351223e-10
1.9229999999996796	1.6969381455567145e-10
1.9239999999996837	1.7062673496326397e-10
1.9249999999996878	1.715548814118506e-10
1.9259999999996922	1.7247758776761657e-10
1.9269999999996963	1.7339429891904956e-10
1.9279999999997004	1.7430157317477324e-10
1.9289999999997045	1.7520074280241715e-10
1.9299999999997088	1.7608869917751235e-10
1.930999999999713	1.7696510923315145e-10
1.931999999999717	1.7782930683551967e-10
1.9329999999997212	1.7867951562777762e-10
1.9339999999997253	1.7951429231999327e-10
1.9349999999997296	1.8033297077835186e-10
1.9359999999997337	1.811346628244337e-10
1.9369999999997378	1.8191825823521413e-10
1.937999999999742	1.8268175860924885e-10
1.9389999999997463	1.8342338758969845e-10
1.9399999999997504	1.8414192393123585e-10
1.9409999999997545	1.8483814478997829e-10
1.9419999999997586	1.8550772029612972e-10
1.942999999999763	1.861519827173197e-10
1.943999999999767	1.867677124067768e-10
1.9449999999997711	1.8735513140910598e-10
1.9459999999997752	1.8791224132286288e-10
1.9469999999997794	1.8843693272430073e-10
1.9479999999997837	1.8892798436809244e-10
1.9489999999997878	1.8938406398660845e-10
1.949999999999792	1.8980439442373154e-10
1.950999999999796	1.9018853159025184e-10
1.9519999999998003	1.9053358890630534e-10
1.9529999999998044	1.9083779001505263e-10
1.9539999999998086	1.9110069082728387e-10
1.9549999999998127	1.9132140316457935e-10
1.955999999999817	1.9149681840247013e-10
1.956999999999821	1.9162760267477097e-10
1.9579999999998252	1.917098702008957e-10
1.9589999999998293	1.9174528631538124e-10
1.9599999999998337	1.917311864829685e-10
1.9609999999998378	1.9166579434681807e-10
1.9619999999998419	1.9154744457239303e-10
1.962999999999846	1.9137524898127367e-10
1.9639999999998503	1.9114909655115753e-10
1.9649999999998544	1.908663227467855e-10
1.9659999999998585	1.9052548427822558e-10
1.9669999999998626	1.9012769136850238e-10
1.9679999999998667	1.8966950232623958e-10
1.968999999999871	1.8914947386150516e-10
1.9699999999998752	1.885676059742991e-10
1.9709999999998793	1.8792301048620175e-10
1.9719999999998834	1.872116905943244e-10
1.9729999999998877	1.8643697696774097e-10
1.9739999999998918	1.8559420666974802e-10
1.974999999999896	1.8468371276725293e-10
1.9759999999999	1.8370660548328033e-10
1.9769999999999044	1.8265677859119478e-10
1.9779999999999085	1.815388950276997e-10
1.9789999999999126	1.8034873594530154e-10
1.9799999999999167	1.7908441396485841e-10
1.980999999999921	1.7774737237630234e-10
1.9819999999999252	1.7633750015733085e-10
1.9829999999999293	1.7485146663887008e-10
1.9839999999999334	1.732887167094077e-10
1.9849999999999375	1.716470299228945e-10
1.9859999999999418	1.6992696139084273e-10
1.986999999999946	1.6812728986792536e-10
1.98799999999995	1.6624734922032758e-10
1.9889999999999541	1.6428969296100604e-10
1.9899999999999585	1.6225099042088686e-10
1.9909999999999626	1.6013179671148237e-10
1.9919999999999667	1.5792944729753344e-10
1.9929999999999708	1.5564771693732382e-10
1.9939999999999751	1.5327927815889097e-10
1.9949999999999792	1.508351221701787e-10
1.9959999999999833	1.4830547900857027e-10
1.9969999999999875	1.456927911647199e-10
1.9979999999999918	1.4299939010697926e-10
1.998999999999996	1.4021983574252772e-10
2.0	1.3736001225339578e-10
2.0010279404845495	1.3433609780122424e-10
2.0021217900815715	1.3102019469357629e-10
2.0032857751923165	1.273859906447683e-10
2.004524391841744	1.233978474957098e-10
2.005842426366887	1.1901635232902663e-10
2.007244970197923	1.1420220324964703e-10
2.0087374418720856	1.0890743862290719e-10
2.0103256076664273	1.0307865672132266e-10
2.0120156028936726	9.666090150517448e-11
2.013813957200875	8.958833674910238e-11
2.0157276178435577	8.179645849537565e-11
2.0177639781367303	7.32096605560173e-11
2.019930905358886	6.374223371352628e-11
2.0222367711443985	5.331868280222807e-11
2.024690484011897	4.1818992713160696e-11
2.027301523572695	2.916444863387824e-11
2.0300799770731848	1.5233370120881773e-11
2.033036578410754	-1.0169642905566434e-13
2.036182751117039	-1.6937340419076463e-11
2.039530649180409	-3.5394132069654916e-11
2.043093206833892	-5.558220550483384e-11
2.046884188175661	-7.759326514644727e-11
2.050918238233338	-1.0151213203357656e-10
2.0552109433735133	-1.2737810806129346e-10
2.059778886913171	-1.552085127087821e-10
2.0646397170403086	-1.8492296582905965e-10
2.0698122132469665	-2.164020074246764e-10
2.0753163565584574	-2.492384076901999e-10
2.081173414838828	-2.829718681596205e-10
2.0874060143976347	-3.1687141799352503e-10
2.094038234979271	-3.496980482964318e-10
2.1010956980169606	-3.802351766779566e-10
2.1086056699538682	-4.066922354439839e-10
2.116597165034399	-4.266624831217314e-10
2.125101056786564	-4.372358031190515e-10
2.1341501990307465	-4.363609473756469e-10
2.143779554474847	-4.206484049973369e-10
2.1540263207146424	-3.8782443922968923e-10
2.1649300857539027	-3.3748337457950583e-10
2.1765329774064615	-2.6973534517082953e-10
2.1888798204423576	-1.8673440571603805e-10
2.2020183144046843	-9.417400193001413e-11
2.2159992202680474	2.4619195571062846e-12
2.2308765524295735	9.155209923505936e-11
2.246707783705272	1.636369928448289e-10
2.263554079768369	2.128460740991045e-10
2.2814805235907363	2.354397787840412e-10
2.3005563724108544	2.3802626536451044e-10
2.320855322320133	2.2821777800885457e-10
2.3424557929209753	2.2062773830100468e-10
2.3654412374910825	2.3389601366829993e-10
2.389900455657507	2.80894196791337e-10
2.41592795027163	3.5248415297672864e-10
2.44362426638729	3.9677827690098866e-10
2.473096411506492	3.7629155347218557e-10
2.5044582437089975	2.8552871178533223e-10
2.537830924630887	1.6349110953939316e-10
2.5733433911797423	5.648348455622454e-11
2.611132843166974	6.056932733145004e-12
2.6513452603475027	2.5755508836766694e-11
2.6941360153529494	-6.108002992277761e-12
2.739670418177515	-7.680123204067968e-11
2.788124380079947	-1.1040279801477482e-11
2.839685109337027	1.30665589459511e-10
2.894551789617174	1.3705914181372236e-10
2.9529364084026577	6.209643910182194e-11
3.0150645170164534	-1.8719403804823287e-10
3.0811761422888653	-2.380473596019783e-10
3.1515266965252042	-6.02966565566021e-11
3.226387989377641	1.0799328098443084e-10
3.30604919671757	-1.0998690846975023e-10
3.39081811677136	-4.3671266602984815e-10
3.4810222154328754	-3.252236258077801e-10
3.577010018652917	1.5064327563152347e-10
3.6791523315125145	2.9055047257031674e-10
3.7878438030764574	1.1715539649514994e-10
3.9035043177534527	-1.0776202152840142e-10
4.02658072998157	-8.400924400575605e-11
4.157548527011607	-8.71880345698628e-12
4.296913682346355	-1.7073942260026342e-10
4.445214635465608	7.850942118636794e-12
4.603024347307951	1.5043100098921514e-10
4.770952424745148	-9.931833133691725e-12
4.9496476786701376	-4.4174219837600504e-11
5.139800459354712	5.383415935256153e-11
5.342145448462832	5.485334408916742e-11
5.557464321076707	3.208211474259315e-11
5.786588991858403	1.2535394944279687e-10
6.03040459644804	4.933831121434196e-12
6.289853138906711	-4.448885704277927e-12
6.565936951835777	5.3194559868074975e-11
6.859722633511745	-2.1829649199389678e-11
7.172345245053396	5.350409004734047e-11
7.505012494394354	-2.3425039685776028e-11
7.859009576011049	-2.3227642031997675e-11
8.23570422033976	-4.203792869361678e-11
8.636551628113326	1.599675947261403e-11
9.063100564489073	3.5576874779508216e-11
9.516998831091398	-5.039990647048853e-11
10.0	-5.7137405917728756e-11
