0.0	0.9997623972893006
0.0010000000000041087	0.9997603668036689
0.0020000000000082174	0.9997875543937144
0.003000000000012548	0.9997816814494398
0.004000000000016657	0.999789337047176
0.005000000000020766	0.999785821803512
0.006000000000024874	0.9997824285964682
0.007000000000029205	0.999782086946162
0.008000000000033314	0.999840037858503
0.009000000000037423	0.9999422317879727
0.010000000000041753	1.0000764135365705
0.011000000000045862	1.0002399006597769
0.01200000000004997	1.0003333390191564
0.01300000000005408	1.0003165210637812
0.01400000000005841	1.0002140080410227
0.015000000000062519	1.000079382084118
0.016000000000066406	0.9999532057347401
0.017000000000070736	0.9998593836464481
0.018000000000074845	0.9997807673711895
0.019000000000078954	0.9996719339607004
0.020000000000083062	0.9995354195181249
0.021000000000087393	0.9993856280551916
0.022000000000091502	0.9993212990659345
0.02300000000009561	0.9993946420257587
0.02400000000009972	0.9996274231641998
0.02500000000010405	0.9999707041335663
0.02600000000010816	1.0003409557460186
0.027000000000112268	1.0006881121019764
0.0280000000001166	1.000915015425863
0.029000000000120707	1.0009723751879882
0.030000000000124816	1.000876200674037
0.031000000000128924	1.0006713177594915
0.032000000000133255	1.0005014996521284
0.033000000000137364	1.0003636490830274
0.03400000000014147	1.0002903388052193
0.0350000000001458	1.0002968648081894
0.03600000000014991	1.0003516731455957
0.03700000000015402	1.0004165068250819
0.03800000000015813	1.000377387497164
0.03900000000016246	1.0001867133403304
0.04000000000016657	0.9998845962458628
0.04100000000017068	0.9995738773513713
0.04200000000017501	0.9992266321527667
0.04300000000017912	0.9989508298570818
0.044000000000183226	0.9988549988260401
0.045000000000187335	0.999028107109684
0.046000000000191665	0.9994623416005424
0.04700000000019555	1.0000672914198505
0.04800000000019966	1.0006316806502826
0.04900000000020399	1.0009987158420033
0.0500000000002081	1.0010976962547253
0.05100000000021221	1.000865658386691
0.05200000000021632	1.0004220934246009
0.05300000000022065	0.9999142703748201
0.05400000000022476	0.9993724366005553
0.055000000000228866	0.9990008766801926
0.0560000000002332	0.998854525673629
0.057000000000237305	0.9990636472441246
0.058000000000241414	0.999511725387116
0.05900000000024552	1.000071885184149
0.060000000000249853	1.0006719732259346
0.06100000000025396	1.0010939148711724
0.06200000000025807	1.0012496424942725
0.0630000000002624	1.0011221180027159
0.06400000000026651	1.0007407484110835
0.06500000000027062	0.9999287460043867
0.06600000000027473	0.9987037027197028
0.06700000000027906	0.9974801560896376
0.06800000000028317	0.9965961253878404
0.06900000000028728	0.9960985085753774
0.0700000000002916	0.996149242688149
0.07100000000029572	0.9967221020092749
0.07200000000029982	0.9978444448493353
0.07300000000030393	0.9994595806104599
0.07400000000030826	1.001232241530857
0.07500000000031237	1.0028204614891114
0.07600000000031648	1.004059808361371
0.07700000000032081	1.0048777587118067
0.0780000000003247	1.0051423234808674
0.07900000000032881	1.004803838208352
0.08000000000033292	1.0040133170080863
0.08100000000033725	1.0028320995010698
0.08200000000034136	1.0012893573818091
0.08300000000034546	0.9997740319868501
0.0840000000003498	0.9985883260740909
0.0850000000003539	0.9977743729279118
0.08600000000035801	0.9972512964479734
0.08700000000036212	0.9971731590156789
0.08800000000036645	0.9973874091192896
0.08900000000037056	0.9976990882930694
0.09000000000037467	0.9980173253146257
0.091000000000379	0.9983894842516435
0.09200000000038311	0.9988256175340429
0.09300000000038722	0.9994176528746671
0.09400000000039133	1.0001861779261083
0.09500000000039566	1.0009367162504068
0.09600000000039977	1.0015100605383005
0.09700000000040387	1.001772406185348
0.0980000000004082	1.001753654903972
0.09900000000041231	1.0014547342404312
0.10000000000041642	1.000922502228795
0.10100000000042053	1.0003813083691366
0.10200000000042486	0.9999780243477403
0.10300000000042897	0.9998011615993744
0.10400000000043308	0.9998427705328357
0.10500000000043741	0.9998710989860872
0.10600000000044152	0.9998013494741098
0.10700000000044563	0.9998915535166467
0.10800000000044951	1.0001192431662738
0.10900000000045384	1.0004560863832161
0.11000000000045795	1.0007773873137709
0.11100000000046206	1.0008139708765138
0.1120000000004664	1.000617747451482
0.1130000000004705	1.0001445625208896
0.11400000000047461	0.999537215229251
0.11500000000047872	0.9990042495810971
0.11600000000048305	0.9987939972160742
0.11700000000048716	0.9989408361504727
0.11800000000049127	0.9990515631776933
0.1190000000004956	0.9988838906071319
0.12000000000049971	0.9984048975993807
0.12100000000050382	0.9975983786146341
0.12200000000050792	0.9968909639128506
0.12300000000051226	0.9966474421531551
0.12400000000051636	0.9970268061380364
0.12500000000052047	0.9979249650163327
0.1260000000005248	0.9989386187081436
0.1270000000005289	0.9998578778315426
0.12800000000053302	1.0005952503584212
0.12900000000053713	1.0009289375869335
0.13000000000054146	1.0008912170390598
0.13100000000054557	1.0006322046957337
0.13200000000054968	1.0005261774472813
0.133000000000554	1.0007844560217978
0.13400000000055812	1.0011695415872044
0.13500000000056223	1.0014295781961315
0.13600000000056633	1.001425277045195
0.13700000000057067	1.0012463862507444
0.13800000000057477	1.0011241316749002
0.13900000000057866	1.0012352193722893
0.140000000000583	1.0016096102522105
0.1410000000005871	1.0020817705702634
0.1420000000005912	1.0024232345340085
0.14300000000059532	1.002319000548868
0.14400000000059965	1.0017291941290971
0.14500000000060376	1.000784953834289
0.14600000000060787	0.999778049336759
0.1470000000006122	0.9987326142758349
0.1480000000006163	0.9974709644165377
0.14900000000062041	0.996016530251974
0.15000000000062452	0.9945455068066821
0.15100000000062885	0.9934344229552952
0.15200000000063296	0.9930044791104767
0.15300000000063707	0.9934094925634098
0.1540000000006414	0.9945114831800284
0.1550000000006455	0.9959363160761676
0.15600000000064962	0.9973223281806326
0.15700000000065373	0.9986332586048708
0.15800000000065806	1.0000573722638038
0.15900000000066217	1.001417538864234
0.16000000000066628	1.002707557147025
0.16100000000067038	1.0038407042406283
0.16200000000067472	1.0051671512759193
0.16300000000067882	1.006507755407535
0.16400000000068293	1.0076040600544456
0.16500000000068726	1.0081179246490748
0.16600000000069137	1.008040010555654
0.16700000000069548	1.0073031530008345
0.1680000000006996	1.0059631140719802
0.16900000000070392	1.0042458476209106
0.1700000000007078	1.0019945865601207
0.17100000000071192	0.9994755111001286
0.17200000000071625	0.9968840969350392
0.17300000000072036	0.9948336471096284
0.17400000000072446	0.9935916665505208
0.17500000000072857	0.9928704069855776
0.1760000000007329	0.9926660262897481
0.177000000000737	0.9930171149192809
0.17800000000074112	0.9934459271452765
0.17900000000074545	0.9938884940841277
0.18000000000074956	0.9946338852884344
0.18100000000075367	0.9958537714721111
0.18200000000075778	0.9974920240700904
0.1830000000007621	0.9998864320755491
0.18400000000076622	1.0028085177743427
0.18500000000077033	1.0054832835765928
0.18600000000077466	1.0073310793523906
0.18700000000077877	1.0084007036438791
0.18800000000078287	1.008869804552568
0.18900000000078698	1.0089381660691645
0.1900000000007913	1.0086400722607243
0.19100000000079542	1.0079139889673476
0.19200000000079953	1.0071155921965749
0.19300000000080386	1.0061575743741489
0.19400000000080797	1.005118136192844
0.19500000000081208	1.0043190087149805
0.1960000000008162	1.0037457048609466
0.19700000000082052	1.003217580294329
0.19800000000082463	1.00264518163071
0.19900000000082874	1.0021539689950432
0.20000000000083307	1.001336848303646
0.20100000000083695	1.000333081715119
0.20200000000084106	0.9991465073524796
0.20300000000084517	0.9978835536123548
0.2040000000008495	0.9968188937823471
0.2050000000008536	0.9959098364374316
0.20600000000085772	0.995085154961691
0.20700000000086205	0.9943891624940153
0.20800000000086616	0.9936159927340956
0.20900000000087027	0.99261129928568
0.21000000000087438	0.9915945885159704
0.2110000000008787	0.990905208319631
0.21200000000088282	0.9907595581847666
0.21300000000088692	0.9911025175951366
0.21400000000089126	0.9918278973477237
0.21500000000089536	0.9929008477910556
0.21600000000089947	0.994039180493566
0.21700000000090358	0.9960444593969349
0.2180000000009079	0.9987218026963324
0.21900000000091202	1.0018655407389974
0.22000000000091613	1.005425858154728
0.22100000000092046	1.0094064678162193
0.22200000000092457	1.0134279817725727
0.22300000000092868	1.0171879900680774
0.2240000000009328	1.0206569362442202
0.22500000000093712	1.0238981779596434
0.22600000000094123	1.026930961962259
0.22700000000094533	1.0287679946261177
0.22800000000094967	1.029106326471949
0.22900000000095377	1.0294309893838285
0.23000000000095788	1.029398915858256
0.23100000000096177	1.0282757329419832
0.2320000000009661	1.0258694016245828
0.2330000000009702	1.0224500702072254
0.23400000000097432	1.0178429549768646
0.23500000000097865	1.0117688800420153
0.23600000000098276	1.0044864495994532
0.23700000000098687	0.9952379660726127
0.23800000000099097	0.9839564325301969
0.2390000000009953	0.9703151954997649
0.24000000000099941	0.9546616323003643
0.24100000000100352	0.9370221076264356
0.24200000000100785	0.916499115437236
0.24300000000101196	0.8928195891483073
0.24400000000101607	0.8654318200241939
0.24500000000102018	0.8357490884474527
0.2460000000010245	0.8040246546714797
0.24700000000102862	0.7706798355293107
0.24800000000103273	0.73524803348994
0.24900000000103706	0.6975737172142
0.25000000000104117	0.6578757355408837
0.2510000000010453	0.6167098043147049
0.2520000000010494	0.5738677162757956
0.2530000000010537	0.5299307383950418
0.2540000000010578	0.4858954834318846
0.25500000000106193	0.4418896330592835
0.25600000000106626	0.3970548200750711
0.25700000000107037	0.3518444346757743
0.2580000000010745	0.30738738933280796
0.2590000000010786	0.26407863297520495
0.2600000000010829	0.22230165852012462
0.26100000000108703	0.1824050148946903
0.2620000000010909	0.14432594303651392
0.26300000000109525	0.10899053325224606
0.26400000000109936	0.07702018446192782
0.26500000000110346	0.04815701854552801
0.2660000000011076	0.022077363476428635
0.2670000000011119	-0.0012464383368029353
0.268000000001116	-0.020826840750587383
0.2690000000011201	-0.03708525578778188
0.27000000000112445	-0.04964168412535641
0.27100000000112856	-0.059131792524090176
0.27200000000113267	-0.06618763101816438
0.2730000000011368	-0.07131331288294884
0.2740000000011411	-0.07346659280260281
0.2750000000011452	-0.07286324257066745
0.2760000000011493	-0.06961873412998143
0.27700000000115366	-0.0642249806476527
0.27800000000115777	-0.057154925022935954
0.2790000000011619	-0.04836504002329445
0.280000000001166	-0.038594456048277825
0.2810000000011703	-0.028177488780534832
0.2820000000011744	-0.017343555528895438
0.28300000000117853	-0.005909867945316449
0.28400000000118286	0.004944630695419283
0.28500000000118697	0.014480889429742128
0.2860000000011911	0.021921486211655683
0.2870000000011952	0.02729893413511464
0.2880000000011995	0.030738579673310173
0.2890000000012036	0.0323353425482934
0.29000000000120774	0.032564559875986165
0.29100000000121207	0.03171635153011143
0.2920000000012162	0.029910542457825984
0.29300000000122006	0.027276066400305776
0.29400000000122417	0.0233096285686325
0.2950000000012285	0.018254977718797027
0.2960000000012326	0.013404554867048724
0.2970000000012367	0.0088711894495076
0.29800000000124083	0.004412713986178818
0.29900000000124516	-7.965279039101603e-05
0.30000000000124927	-0.004515058132831928
0.3010000000012534	-0.008790532952791086
0.3020000000012577	-0.012518811550796816
0.3030000000012618	-0.014988911326119458
0.3040000000012659	-0.0162930999956985
0.30500000000127003	-0.016944916869945814
0.30600000000127436	-0.016917384233189336
0.3070000000012785	-0.016026831427909727
0.3080000000012826	-0.014645597474064243
0.3090000000012869	-0.01244994203508254
0.310000000001291	-0.009360250359889744
0.31100000000129513	-0.005998429640308167
0.31200000000129924	-0.0028069114482811575
0.31300000000130357	2.5133080216566128e-05
0.3140000000013077	0.0022256207408213324
0.3150000000013118	0.003828241261027543
0.3160000000013161	0.005026628090526675
0.3170000000013202	0.006022239718207478
0.31800000000132433	0.006975854643943902
0.31900000000132844	0.007876770587268211
0.3200000000013328	0.008723277070235347
0.3210000000013369	0.009382194566107449
0.322000000001341	0.009783301002437739
0.3230000000013453	0.009930990207774104
0.3240000000013492	0.01001890124218463
0.3250000000013533	0.0099857286040399
0.3260000000013574	0.009770059885080618
0.32700000000136176	0.009334611768701429
0.32800000000136587	0.008917671320028742
0.32900000000137	0.008412496636836186
0.3300000000013743	0.007667569954923015
0.3310000000013784	0.006728365542430725
0.3320000000013825	0.005687098742191865
0.33300000000138663	0.0044546746384444
0.33400000000139096	0.0028220134815248876
0.33500000000139507	0.0009154030755362808
0.3360000000013992	-0.0010825943400634142
0.3370000000014035	-0.002832081018207866
0.3380000000014076	-0.0043393976617360774
0.3390000000014117	-0.005735172124839316
0.34000000000141584	-0.007065892551864739
0.34100000000142017	-0.008363825124282798
0.3420000000014243	-0.009670381572517428
0.3430000000014284	-0.010930997650267837
0.3440000000014327	-0.01214389703307539
0.3450000000014368	-0.013276940983284025
0.34600000000144093	-0.01432279813212789
0.34700000000144504	-0.015272506686820009
0.34800000000144937	-0.01615638983792156
0.3490000000014535	-0.016940372249188762
0.3500000000014576	-0.017606818457858164
0.3510000000014619	-0.01806575301225366
0.35200000000146603	-0.018406819358911974
0.35300000000147014	-0.01870072692426672
0.35400000000147425	-0.01894066922115334
0.35500000000147836	-0.01914428335651408
0.35600000000148246	-0.01910828299145395
0.3570000000014866	-0.01868601074732501
0.3580000000014909	-0.01794009461349866
0.359000000001495	-0.01695726266792974
0.3600000000014991	-0.01576056344207033
0.36100000000150323	-0.014390689297360204
0.36200000000150756	-0.012936476584056056
0.36300000000151167	-0.011455898911164386
0.3640000000015158	-0.009892965135963383
0.3650000000015201	-0.008322035991662924
0.3660000000015242	-0.0067411221108917285
0.3670000000015283	-0.00513468133907069
0.36800000000153243	-0.003655649847084552
0.36900000000153677	-0.002336829513664984
0.3700000000015409	-0.0012230789847578194
0.371000000001545	-0.0002404643763445069
0.3720000000015493	0.0006798568006635142
0.3730000000015534	0.0015699532673252303
0.37400000000155753	0.0023111688955805842
0.37500000000156164	0.00280360923649825
0.37600000000156597	0.0028982377437904994
0.3770000000015701	0.0026441126148991634
0.3780000000015742	0.0021044531372995667
0.3790000000015785	0.0014019344262881095
0.3800000000015826	0.0006901027558360306
0.38100000000158674	3.646796036094191e-05
0.38200000000159084	-0.0005055448131661144
0.3830000000015952	-0.0008262207796672083
0.3840000000015993	-0.0009531962012683248
0.3850000000016034	-0.0009003393147273275
0.3860000000016075	-0.0006781736614849265
0.3870000000016116	-0.00036892464946824965
0.3880000000016157	0.00010183914728489896
0.38900000000161983	0.0007809568179079074
0.39000000000162416	0.0016072343209581064
0.39100000000162827	0.002435244501245881
0.3920000000016324	0.003073296088716204
0.3930000000016367	0.0035243112076872585
0.3940000000016408	0.003850114411416472
0.3950000000016449	0.004149847876952606
0.39600000000164903	0.004508066156656332
0.39700000000165336	0.00496992833586507
0.3980000000016575	0.005516971739092824
0.3990000000016616	0.005976018919122472
0.4000000000016659	0.006161936273106239
0.40100000000167	0.0060743921325948635
0.40200000000167413	0.005761258111099066
0.40300000000167824	0.005301320201507531
0.40400000000168257	0.004763859412534099
0.4050000000016867	0.004192428587890262
0.4060000000016908	0.003609163146920058
0.4070000000016951	0.0030484167013825614
0.4080000000016992	0.00252932756676183
0.40900000000170333	0.002044234456484384
0.41000000000170744	0.0016710281332171784
0.4110000000017118	0.0015350012119966783
0.4120000000017159	0.0016128868276147346
0.41300000000172	0.001768923569029912
0.4140000000017243	0.001908829677296664
0.41500000000172843	0.0020072894820386544
0.41600000000173254	0.002057167958025019
0.4170000000017364	0.0020571496195350703
0.41800000000174076	0.0020414876665909576
0.41900000000174487	0.0020411917048976935
0.420000000001749	0.0020826180768301894
0.4210000000017533	0.0022097480941130065
0.4220000000017574	0.002432021590500044
0.4230000000017615	0.002728515435993506
0.42400000000176563	0.003099740120561245
0.42500000000176996	0.003525238581937429
0.42600000000177407	0.003937843124967921
0.4270000000017782	0.004324941133902804
0.4280000000017825	0.004687043758482279
0.4290000000017866	0.005028404442223744
0.4300000000017907	0.0053344587142432065
0.43100000000179484	0.0055581105582160895
0.43200000000179917	0.005645986391737634
0.4330000000018033	0.005704498267107616
0.4340000000018074	0.00585224346116231
0.4350000000018115	0.006107059568943862
0.4360000000018158	0.006454093572117348
0.43700000000181993	0.00686365480683393
0.43800000000182404	0.007344187127159452
0.43900000000182837	0.007831065809768667
0.4400000000018325	0.00829674014150883
0.4410000000018366	0.0086340091320245
0.4420000000018407	0.008847079777996258
0.44300000000184503	0.008949011095600978
0.44400000000184914	0.009006216477639328
0.44500000000185325	0.009018894226413443
0.4460000000018576	0.00901411825700782
0.4470000000018617	0.00899908346674938
0.4480000000018656	0.008962860451411037
0.4490000000018697	0.00886647035408683
0.450000000001874	0.008704350859770393
0.4510000000018781	0.008428296678856473
0.45200000000188223	0.00801882668950249
0.45300000000188656	0.0075095680622728755
0.45400000000189067	0.006951635381122978
0.4550000000018948	0.006367008769111893
0.4560000000018989	0.0057699765481356025
0.4570000000019032	0.005144571891202321
0.4580000000019073	0.004535676112716658
0.45900000000191143	0.004006007469362971
0.46000000000191577	0.0035286293641559885
0.4610000000019199	0.003046749516090075
0.462000000001924	0.0024980861084823447
0.4630000000019281	0.0018868955863745596
0.4640000000019324	0.001204161507786794
0.46500000000193653	0.0004287439073911159
0.46600000000194064	-0.0003388098493455338
0.46700000000194497	-0.000987960853428671
0.4680000000019491	-0.0015010518718507893
0.4690000000019532	-0.0018122615209050785
0.4700000000019573	-0.0019171817060874563
0.4710000000019616	-0.0019183303862178036
0.47200000000196574	-0.0018160434564979955
0.47300000000196984	-0.0015952635033356088
0.4740000000019742	-0.0013113551566124038
0.4750000000019783	-0.0010138556936327703
0.4760000000019824	-0.0006696882342314137
0.4770000000019865	-0.0003028417922705806
0.47800000000199083	6.997878950476544e-05
0.4790000000019947	0.00041952254940891276
0.48000000000199883	0.0007980124875374139
0.48100000000200316	0.0012571495868310967
0.48200000000200727	0.0017736759034511218
0.4830000000020114	0.0023626819075718286
0.4840000000020155	0.003018332332281881
0.4850000000020198	0.0037390688727408916
0.4860000000020239	0.004490825682407551
0.48700000000202803	0.005268791873304868
0.48800000000203236	0.006040012845081932
0.4890000000020365	0.006770300377032967
0.4900000000020406	0.007375982630328126
0.4910000000020447	0.007872787398825243
0.492000000002049	0.008226091151106063
0.49300000000205313	0.008399715180608558
0.49400000000205724	0.00842653716588282
0.49500000000206157	0.008322145750381593
0.4960000000020657	0.008107791669931697
0.4970000000020698	0.007784845108914418
0.4980000000020739	0.007388311553546023
0.4990000000020782	0.006888676114169323
0.5000000000020823	0.006289760100409381
0.5010000000020864	0.005658317827518022
0.5020000000020908	0.005025987349665861
0.5030000000020949	0.00438897196146959
0.504000000002099	0.0037774356339884685
0.5050000000021031	0.0031847547804406684
0.5060000000021074	0.0025903237715236838
0.5070000000021115	0.002033264195883344
0.5080000000021156	0.0015299635465070294
0.50900000000212	0.0010906137283083206
0.5100000000021239	0.0007235301945565098
0.511000000002128	0.0004283966983036347
0.5120000000021321	0.00016358687531226046
0.5130000000021364	-0.00014550558004455816
0.5140000000021405	-0.0005110222036124323
0.5150000000021446	-0.0009388041015132575
0.516000000002149	-0.001452390430265682
0.5170000000021531	-0.0020502842545457867
0.5180000000021572	-0.0026866096837849796
0.5190000000021613	-0.003287824669449435
0.5200000000021656	-0.0038409201202542764
0.5210000000021697	-0.0043536524134220045
0.5220000000021738	-0.00482994866015396
0.5230000000021782	-0.005254213590449641
0.5240000000021823	-0.005626940902922595
0.5250000000021864	-0.005943825052418639
0.5260000000021905	-0.006217962364639895
0.5270000000021948	-0.006476696369595025
0.5280000000021989	-0.006781213559375443
0.529000000002203	-0.007135842161663408
0.5300000000022074	-0.0075131488831741144
0.5310000000022115	-0.007919245063420233
0.5320000000022156	-0.008367721089805658
0.5330000000022197	-0.008809633977839182
0.534000000002224	-0.009209952684603673
0.5350000000022281	-0.009521468803522337
0.5360000000022322	-0.00976075929582132
0.5370000000022366	-0.00990317458946044
0.5380000000022407	-0.009955605386454014
0.5390000000022448	-0.009951888733737979
0.5400000000022487	-0.009944198646787417
0.541000000002253	-0.009939463115325564
0.5420000000022571	-0.009958143158115274
0.5430000000022612	-0.010004579528353874
0.5440000000022656	-0.010078312248397614
0.5450000000022697	-0.010150781057352898
0.5460000000022738	-0.010212473957225576
0.5470000000022779	-0.010264570275479779
0.5480000000022822	-0.010312780971050373
0.5490000000022863	-0.01035136655617297
0.5500000000022904	-0.010355576754225604
0.5510000000022948	-0.010333623725200525
0.5520000000022989	-0.010302047404652459
0.553000000002303	-0.010254346306349138
0.5540000000023071	-0.01015264888064027
0.5550000000023114	-0.009980918516980353
0.5560000000023155	-0.00974451518725461
0.5570000000023196	-0.009464429266445862
0.558000000002324	-0.009190606379188893
0.5590000000023281	-0.008933762070125528
0.5600000000023322	-0.008663072645965997
0.5610000000023363	-0.008373081259820614
0.5620000000023406	-0.0080778053449293
0.5630000000023447	-0.007812623708503441
0.5640000000023488	-0.007578510758725399
0.5650000000023532	-0.007368001815079239
0.5660000000023573	-0.007180975373513032
0.5670000000023614	-0.0070003369108007085
0.5680000000023655	-0.006800646384215625
0.5690000000023698	-0.006541522747044448
0.5700000000023739	-0.006220708755265925
0.5710000000023778	-0.005864333370259711
0.5720000000023819	-0.0054899828433407905
0.5730000000023863	-0.005104694604425752
0.5740000000023904	-0.004705478356362702
0.5750000000023945	-0.004292990271092645
0.5760000000023988	-0.003884049892679098
0.5770000000024029	-0.0035070346436980593
0.578000000002407	-0.0031583126659677774
0.5790000000024111	-0.0028413169653551673
0.5800000000024155	-0.002548534136431524
0.5810000000024196	-0.0022676710339200046
0.5820000000024237	-0.001999031034346954
0.583000000002428	-0.0017632034982422162
0.5840000000024321	-0.001588128226961194
0.5850000000024362	-0.001467908092789072
0.5860000000024403	-0.0014494937728402046
0.5870000000024447	-0.001469794639272326
0.5880000000024488	-0.0015128600595972763
0.5890000000024529	-0.0015686734600477426
0.5900000000024572	-0.0016258300441507334
0.5910000000024613	-0.0017270730139822277
0.5920000000024654	-0.0018978809827410181
0.5930000000024696	-0.0021489477657925526
0.5940000000024739	-0.0024325618432174956
0.595000000002478	-0.002714102715257072
0.5960000000024821	-0.0029878578191862015
0.5970000000024864	-0.003247935819449932
0.5980000000024905	-0.003495239087419666
0.5990000000024946	-0.0037205809137697
0.6000000000024988	-0.0039283865830195275
0.6010000000025031	-0.004129977093231929
0.602000000002507	-0.004278229048461757
0.6030000000025111	-0.004354208176876595
0.6040000000025154	-0.004374745191106033
0.6050000000025195	-0.004357780780990694
0.6060000000025236	-0.004328201326222247
0.6070000000025277	-0.004277502735100969
0.6080000000025321	-0.004189267270312325
0.6090000000025362	-0.0040738352395122135
0.6100000000025403	-0.003909358310796529
0.6110000000025446	-0.0037013435905342007
0.6120000000025487	-0.003456933529578876
0.6130000000025528	-0.0031810276569781415
0.614000000002557	-0.00287935711214371
0.6150000000025613	-0.00254204740038233
0.6160000000025654	-0.002175260083346897
0.6170000000025695	-0.0017877841609512668
0.6180000000025738	-0.0014069324997463273
0.6190000000025779	-0.0010697582486185464
0.620000000002582	-0.000784348943746016
0.6210000000025861	-0.0005463618377796742
0.6220000000025905	-0.00035879178326059247
0.6230000000025946	-0.00020522142077483707
0.6240000000025987	-7.137348963914825e-05
0.625000000002603	7.324179747469906e-05
0.6260000000026071	0.0002582890981894792
0.6270000000026112	0.0004812707353070156
0.6280000000026154	0.0007369841252133913
0.6290000000026197	0.001006153922367914
0.6300000000026238	0.0012681425887762776
0.6310000000026279	0.0014895895470586895
0.6320000000026322	0.0016634776475077384
0.6330000000026361	0.0018007427253666775
0.6340000000026402	0.001893662291669096
0.6350000000026443	0.0019415831240027215
0.6360000000026487	0.001959580412854267
0.6370000000026528	0.0019807450713714703
0.6380000000026569	0.0020208673199150207
0.6390000000026612	0.002079770211126375
0.6400000000026653	0.002150801837861538
0.6410000000026694	0.00221464836064611
0.6420000000026735	0.002272717272219671
0.6430000000026779	0.00228006973149808
0.644000000002682	0.0022232832304469596
0.6450000000026861	0.0020945653131403397
0.6460000000026904	0.001931315980108761
0.6470000000026945	0.0017595632004646644
0.6480000000026986	0.0015861917871586861
0.6490000000027027	0.0013714392214692062
0.6500000000027071	0.0011238521206794472
0.6510000000027112	0.0008667438215707035
0.6520000000027153	0.0006537591412840715
0.6530000000027196	0.00048804928916046375
0.6540000000027237	0.0003668445091797867
0.6550000000027278	0.00028382241576496714
0.656000000002732	0.00022433321315951105
0.6570000000027363	0.00017417448772139021
0.6580000000027404	0.0001263268674418505
0.6590000000027445	9.351229577303499e-05
0.6600000000027488	6.500976406931258e-05
0.6610000000027529	4.116304039647467e-05
0.662000000002757	1.8969380811695302e-05
0.6630000000027612	-7.373809363331318e-06
0.6640000000027653	-2.7774408644765103e-05
0.6650000000027694	-2.2707846792702213e-05
0.6660000000027735	1.7563785544183474e-05
0.6670000000027778	7.980296460585734e-05
0.6680000000027819	0.0001542845685484906
0.669000000002786	0.00022860966303506203
0.6700000000027901	0.00031362508710708337
0.6710000000027945	0.000420366785429227
0.6720000000027986	0.0005558750504516263
0.6730000000028027	0.0007372455095080443
0.674000000002807	0.0009651639603016626
0.6750000000028111	0.0012422016006472525
0.6760000000028152	0.001558008092968799
0.6770000000028193	0.0018875114730023679
0.6780000000028237	0.002205121519018971
0.6790000000028278	0.0024980768498603645
0.6800000000028319	0.0027758600432601366
0.6810000000028362	0.0030636511728192595
0.6820000000028403	0.00338271295220105
0.6830000000028444	0.0037394035684203963
0.6840000000028486	0.004127796860217026
0.6850000000028529	0.004522346805924893
0.686000000002857	0.004888846820297776
0.6870000000028611	0.005206682725578782
0.6880000000028654	0.0054792576824871375
0.6890000000028695	0.005705962793091768
0.6900000000028736	0.005901811205702767
0.6910000000028778	0.0060840955772643035
0.6920000000028821	0.006274559184193729
0.6930000000028862	0.006477508719679115
0.6940000000028901	0.006696083667808828
0.6950000000028944	0.0069274556027831835
0.6960000000028985	0.00716144793394391
0.6970000000029026	0.007408797146847501
0.6980000000029067	0.00766367050796346
0.6990000000029111	0.007917909869083029
0.7000000000029152	0.008172058664906778
0.7010000000029193	0.008433163288042445
0.7020000000029236	0.008714531425488392
0.7030000000029277	0.008993919845651788
0.7040000000029318	0.00924662917790986
0.705000000002936	0.009450280161980129
0.7060000000029403	0.009618744053282335
0.7070000000029444	0.009794066333409845
0.7080000000029485	0.009976043196727513
0.7090000000029526	0.010180486830290825
0.7100000000029569	0.010406123471295547
0.711000000002961	0.010625673759440013
0.7120000000029651	0.010810919667659125
0.7130000000029695	0.010938707162002403
0.7140000000029736	0.011016084816478866
0.7150000000029777	0.011059638899883706
0.7160000000029818	0.01108523262159411
0.7170000000029861	0.011099526117661629
0.7180000000029902	0.011109918436326471
0.7190000000029944	0.011116944961297337
0.7200000000029987	0.011103716631953309
0.7210000000030028	0.011049948906938
0.7220000000030069	0.010934714094271936
0.723000000003011	0.01078093145527892
0.7240000000030153	0.01060673163039172
0.7250000000030195	0.010428502142746598
0.7260000000030233	0.010267489242140604
0.7270000000030277	0.0101153153066178
0.7280000000030318	0.009967657364600813
0.7290000000030359	0.009818608980525556
0.73000000000304	0.009676376846280088
0.7310000000030443	0.00952950979455447
0.7320000000030484	0.009360335351346949
0.7330000000030525	0.009145083847110325
0.7340000000030569	0.008885188877979844
0.735000000003061	0.008585551719716644
0.7360000000030651	0.008250662929120245
0.7370000000030692	0.00788825407084226
0.7380000000030735	0.007522321659410469
0.7390000000030776	0.007170520761064947
0.7400000000030817	0.006835938240989603
0.7410000000030861	0.006506589408619701
0.7420000000030902	0.0061730732488499696
0.7430000000030943	0.005831605531402162
0.7440000000030984	0.005480107078030594
0.7450000000031027	0.005128251547160678
0.7460000000031068	0.00478757008804187
0.747000000003111	0.004465002097323922
0.7480000000031153	0.004169255521534465
0.7490000000031194	0.0038970522184829104
0.7500000000031235	0.0036353630291267036
0.7510000000031276	0.0033762604635235727
0.7520000000031319	0.003108422084152629
0.753000000003136	0.0028232150592236716
0.7540000000031402	0.002532173150895378
0.7550000000031445	0.0022522045601073293
0.7560000000031484	0.001989714380350338
0.7570000000031525	0.0017518189559064812
0.7580000000031566	0.001527262681443764
0.7590000000031609	0.0012982357102002684
0.760000000003165	0.0010632339142735425
0.7610000000031691	0.0008135427214339686
0.7620000000031735	0.0005576377611803407
0.7630000000031776	0.0003032626605798949
0.7640000000031817	3.923226859459117e-05
0.7650000000031858	-0.0002499093401635566
0.7660000000031901	-0.0005663002691205232
0.7670000000031942	-0.0009135892832725645
0.7680000000031983	-0.0012832521832999433
0.7690000000032027	-0.0016646980445125248
0.7700000000032068	-0.002043594718035946
0.7710000000032109	-0.002393006507953821
0.772000000003215	-0.0027207355399649913
0.7730000000032193	-0.0030213661549285398
0.7740000000032234	-0.003287405735075577
0.7750000000032276	-0.0035011977878505185
0.7760000000032319	-0.0036499088418500136
0.777000000003236	-0.003749931220017322
0.7780000000032401	-0.0038138812427466195
0.7790000000032442	-0.0038493186028136783
0.7800000000032485	-0.0038705009111759114
0.7810000000032526	-0.0038972503367455946
0.7820000000032568	-0.003949664044816004
0.7830000000032611	-0.004036824394248795
0.7840000000032652	-0.004151442939012817
0.7850000000032693	-0.004287380624398374
0.7860000000032734	-0.004426859360262991
0.7870000000032777	-0.004545485864182908
0.7880000000032816	-0.0046539773299396625
0.7890000000032857	-0.0047558614248730535
0.7900000000032901	-0.0048505833810414956
0.7910000000032942	-0.004933525741536604
0.7920000000032983	-0.005003363165549057
0.7930000000033024	-0.00505787367766386
0.7940000000033067	-0.005111285845153191
0.7950000000033108	-0.0051593288512152835
0.796000000003315	-0.005197161742924505
0.7970000000033193	-0.005217515499434278
0.7980000000033234	-0.00521977867447232
0.7990000000033275	-0.005207165673359437
0.8000000000033316	-0.005183961307267948
0.8010000000033359	-0.005157118426091234
0.80200000000334	-0.005121248449219795
0.8030000000033441	-0.005060988828168744
0.8040000000033485	-0.004961918052889258
0.8050000000033526	-0.004826419891836853
0.8060000000033567	-0.004669815105935005
0.8070000000033608	-0.00450378478886071
0.8080000000033651	-0.004329455506316915
0.8090000000033692	-0.004137926807505243
0.8100000000033734	-0.003928938616861277
0.8110000000033777	-0.0037015404250717587
0.8120000000033818	-0.00348713777613896
0.8130000000033859	-0.003290751173360862
0.81400000000339	-0.003109821096625387
0.8150000000033943	-0.002935124037651171
0.8160000000033985	-0.002762751578881506
0.8170000000034026	-0.002601398971797897
0.8180000000034067	-0.002450879275890827
0.8190000000034108	-0.0022979652367269843
0.8200000000034149	-0.0021452099232424082
0.821000000003419	-0.0020026155125092426
0.8220000000034233	-0.0018722194487268418
0.8230000000034274	-0.0017541551562985092
0.8240000000034315	-0.001650327776831384
0.8250000000034359	-0.0015583351306154292
0.82600000000344	-0.001476627528165908
0.8270000000034441	-0.0014142807075898656
0.8280000000034482	-0.001373796949102779
0.8290000000034525	-0.00134679367652768
0.8300000000034566	-0.00133042557506724
0.8310000000034607	-0.0013389753247676772
0.8320000000034651	-0.0013767502797754627
0.8330000000034692	-0.0014401131089649688
0.8340000000034733	-0.001517183212511597
0.8350000000034774	-0.0015923921811968889
0.8360000000034817	-0.0016569233521059878
0.8370000000034858	-0.001703939533736154
0.83800000000349	-0.0017294819344944035
0.8390000000034943	-0.0017210587436429226
0.8400000000034984	-0.0016734212178577401
0.8410000000035025	-0.0015908000741255979
0.8420000000035066	-0.0014849502434097772
0.8430000000035109	-0.001361380031562831
0.844000000003515	-0.0012195277699558194
0.8450000000035192	-0.0010591870706386786
0.8460000000035233	-0.0008839781613554365
0.8470000000035276	-0.0007073420537930808
0.8480000000035317	-0.0005443767489179407
0.8490000000035356	-0.0003961497510949208
0.8500000000035399	-0.0002582287878780676
0.851000000003544	-0.0001275114598371374
0.8520000000035481	-1.2359712791010224e-05
0.8530000000035523	7.646222211410425e-05
0.8540000000035566	0.00013684761284227243
0.8550000000035607	0.00017631971664267
0.8560000000035648	0.00019461231032291693
0.8570000000035691	0.00019077536212908086
0.8580000000035732	0.00016980642277897307
0.8590000000035773	0.0001310589208536328
0.8600000000035815	7.260693402932894e-05
0.8610000000035858	1.3441342180398053e-06
0.8620000000035899	-7.800771255950245e-05
0.863000000003594	-0.00016638798223178597
0.8640000000035983	-0.00027122028893233896
0.8650000000036024	-0.0004007276161162032
0.8660000000036066	-0.0005366523263856671
0.8670000000036107	-0.0006698803410212228
0.868000000003615	-0.000801412583505412
0.8690000000036191	-0.000935366166400442
0.8700000000036232	-0.0010879469970621614
0.8710000000036275	-0.0012476266843897132
0.8720000000036316	-0.001397739992796021
0.8730000000036358	-0.001519387339346423
0.8740000000036399	-0.0016197270519162643
0.8750000000036442	-0.0017107899211894484
0.8760000000036483	-0.0017994546890345298
0.8770000000036524	-0.0018744890364421618
0.8780000000036567	-0.0019303907608656523
0.8790000000036609	-0.001965814092044438
0.8800000000036647	-0.001987613064885263
0.8810000000036688	-0.001997127070072491
0.8820000000036732	-0.0019995171903419706
0.8830000000036773	-0.001998350398607185
0.8840000000036814	-0.0019851107154988945
0.8850000000036857	-0.0019567055924627486
0.8860000000036898	-0.0019051809651251528
0.887000000003694	-0.001826976657529844
0.888000000003698	-0.001731252755936552
0.8890000000037024	-0.001624919530663238
0.8900000000037065	-0.0015088677527748118
0.8910000000037106	-0.001383771415844004
0.8920000000037149	-0.0012553505824663969
0.893000000003719	-0.0011271324749559941
0.8940000000037231	-0.0010033987592952265
0.8950000000037273	-0.0008765823440968212
0.8960000000037316	-0.0007437399271255085
0.8970000000037357	-0.0006055402326325954
0.8980000000037398	-0.00046279019081407746
0.8990000000037441	-0.000316356132432416
0.9000000000037482	-0.00016613108245500108
0.9010000000037524	-8.544865762516451e-06
0.9020000000037565	0.000157543790606951
0.9030000000037608	0.00031960600055169763
0.9040000000037649	0.0004748596370036662
0.905000000003769	0.0006176263970018026
0.9060000000037733	0.000755542835106704
0.9070000000037775	0.0008898115590456612
0.9080000000037816	0.0010234080244294619
0.9090000000037857	0.0011546070118549911
0.91000000000379	0.0012736307087015675
0.9110000000037939	0.001380041159215084
0.912000000003798	0.0014804313135541314
0.9130000000038023	0.0015758933726701674
0.9140000000038064	0.0016615228579106578
0.9150000000038105	0.0017387024009556384
0.9160000000038147	0.0018132250303015685
0.917000000003819	0.001884873472132842
0.9180000000038231	0.0019520277634574867
0.9190000000038272	0.00200954041970014
0.9200000000038315	0.0020587372585267882
0.9210000000038356	0.002099557478472125
0.9220000000038397	0.0021272687018587533
0.9230000000038439	0.0021387949530478068
0.9240000000038482	0.00213318246993488
0.9250000000038523	0.002113180613283805
0.9260000000038564	0.002084332863607985
0.9270000000038607	0.0020461134705554995
0.9280000000038648	0.001999296972829079
0.929000000003869	0.001943911324162828
0.9300000000038731	0.0018840169922700323
0.9310000000038774	0.0018208523241065588
0.9320000000038815	0.0017514599664099073
0.9330000000038856	0.001672623056756306
0.9340000000038899	0.0015914293835700422
0.935000000003894	0.001514342699005966
0.9360000000038982	0.0014403279569148442
0.9370000000039023	0.001370158624540041
0.9380000000039066	0.0013072982411540535
0.9390000000039107	0.0012539274014673474
0.9400000000039148	0.0012075623824308046
0.9410000000039191	0.001161938110385452
0.942000000003923	0.001118938377283385
0.9430000000039271	0.0010764569098506982
0.9440000000039312	0.001037546837270975
0.9450000000039356	0.0010063541809000043
0.9460000000039397	0.0009844913717862447
0.9470000000039438	0.0009758605349632354
0.9480000000039481	0.0009827072486049415
0.9490000000039522	0.0010002506568602687
0.9500000000039563	0.0010196124616461688
0.9510000000039605	0.0010366887957220516
0.9520000000039648	0.001052108356859982
0.9530000000039689	0.0010658908925393895
0.954000000003973	0.0010741494853310218
0.9550000000039773	0.0010775949059108614
0.9560000000039814	0.0010760684652033614
0.9570000000039856	0.0010675795769501395
0.9580000000039897	0.001051567662399
0.959000000003994	0.0010263839155595367
0.9600000000039981	0.000992075826108274
0.9610000000040022	0.0009502053406391653
0.9620000000040065	0.0009095408363740676
0.9630000000040106	0.0008708582344650884
0.9640000000040148	0.0008342475060501009
0.9650000000040189	0.0008040091764565105
0.9660000000040232	0.0007804117204326388
0.9670000000040273	0.0007634972369452431
0.9680000000040314	0.0007488214811006699
0.9690000000040357	0.0007349518742233441
0.9700000000040399	0.0007194980930294026
0.9710000000040437	0.0006969225088848674
0.9720000000040478	0.0006677659648601786
0.9730000000040522	0.0006391032726775769
0.9740000000040563	0.000617552940682442
0.9750000000040604	0.0005985383925559695
0.9760000000040647	0.0005760369578992064
0.9770000000040688	0.0005500861254638112
0.978000000004073	0.000524898355675818
0.979000000004077	0.0005041229811005854
0.9800000000040812	0.0004858835953889251
0.9810000000040855	0.00047010568572503075
0.9820000000040896	0.0004564053317737127
0.9830000000040937	0.00044159355564243885
0.984000000004098	0.00042284111055612694
0.9850000000041004	0.0004042642899525495
0.9860000000041018	0.0003900609370439678
0.987000000004103	0.00037885871548515304
0.9880000000041045	0.00037118644646816357
0.9890000000041059	0.0003669444620189033
0.9900000000041072	0.0003658744290048199
0.9910000000041086	0.000369032823605453
0.99200000000411	0.0003807721894724114
0.9930000000041115	0.0004007372831729139
0.9940000000041127	0.0004243988828657175
0.9950000000041141	0.00044802962476220287
0.9960000000041156	0.00046875063074347523
0.997000000004117	0.00048635468726909714
0.9980000000041185	0.0005024021906072651
0.9990000000041197	0.0005188585364958032
1.0000000000041211	0.0005352204382134129
1.001000000004117	0.0005501722616203519
1.002000000004113	0.0005636790258288782
1.0030000000041086	0.0005757443962207676
1.0040000000041045	0.0005828775025342736
1.0050000000041002	0.0005821948988811165
1.006000000004096	0.0005743288282263892
1.007000000004092	0.0005632949202308835
1.0080000000040878	0.0005531787798279675
1.0090000000040837	0.0005438602477945143
1.0100000000040794	0.0005343521240674942
1.0110000000040753	0.0005238594350337467
1.012000000004071	0.0005132572932361468
1.0130000000040669	0.000503071624057827
1.0140000000040628	0.000489111751856397
1.0150000000040587	0.000470625611313058
1.0160000000040534	0.0004517015884690778
1.0170000000040464	0.0004347857762415641
1.0180000000040397	0.000419199083550037
1.0190000000040325	0.000402585929115018
1.0200000000040257	0.00038463706455682534
1.021000000004019	0.00036525072544757453
1.0220000000040117	0.0003464862570947691
1.023000000004005	0.0003276284711652977
1.0240000000039977	0.000306820040581135
1.025000000003991	0.0002819487498681994
1.026000000003984	0.0002560605747596867
1.027000000003977	0.0002338947339971531
1.0280000000039702	0.00021746045779191814
1.0290000000039632	0.0002006898876460994
1.0300000000039562	0.0001798270322891371
1.0310000000039494	0.00015395658978145654
1.0320000000039424	0.00012722011090338103
1.0330000000039354	9.877248884815337e-05
1.0340000000039287	6.688803027055101e-05
1.0350000000039217	3.239797416054735e-05
1.0360000000039147	-2.674156844850728e-06
1.0370000000039077	-3.8275308856361434e-05
1.0380000000039007	-7.484235754340318e-05
1.039000000003894	-0.00011445685948663353
1.0400000000038867	-0.00015646618146192282
1.04100000000388	-0.00019723635995227973
1.0420000000038732	-0.00023567477292774086
1.043000000003866	-0.00027230661618293794
1.0440000000038592	-0.0003094288545122392
1.0450000000038522	-0.0003477338995689916
1.0460000000038452	-0.0003888647135090739
1.0470000000038384	-0.0004322722964207326
1.0480000000038314	-0.0004759930015070246
1.0490000000038244	-0.0005206474433065988
1.0500000000038174	-0.00057116967031412
1.0510000000038104	-0.000630250842648783
1.0520000000038037	-0.0006927983406121996
1.0530000000037967	-0.0007564405067774782
1.0540000000037897	-0.0008268741181762795
1.055000000003783	-0.0009029187754572288
1.056000000003776	-0.0009850372529573992
1.057000000003769	-0.0010726921141819279
1.0580000000037622	-0.0011648552711118754
1.059000000003755	-0.00126256097736821
1.0600000000037482	-0.0013674317456071616
1.0610000000037412	-0.0014775681615704084
1.0620000000037342	-0.0015847661047132533
1.0630000000037274	-0.0016857879108727047
1.0640000000037202	-0.0017832163739006646
1.0650000000037134	-0.001880145903524033
1.0660000000037064	-0.001974531989533679
1.0670000000036994	-0.002066823442919974
1.0680000000036927	-0.0021585286716114815
1.0690000000036857	-0.0022519361432824514
1.0700000000036787	-0.002347061312669263
1.071000000003672	-0.0024432805318759243
1.072000000003665	-0.0025416009715697463
1.073000000003658	-0.002637933661246983
1.0740000000036511	-0.0027311215299545832
1.075000000003644	-0.002819516076396411
1.0760000000036372	-0.002900275914713424
1.0770000000036304	-0.0029721313163837415
1.0780000000036232	-0.0030339678005368853
1.0790000000036164	-0.0030876598158924295
1.0800000000036092	-0.0031339827653089625
1.0810000000036024	-0.003173626214276082
1.0820000000035954	-0.0032075139652203433
1.0830000000035884	-0.0032340377085511296
1.0840000000035817	-0.003253214650641212
1.0850000000035747	-0.0032669505392601828
1.0860000000035677	-0.0032735294535881643
1.087000000003561	-0.0032718171797028184
1.088000000003554	-0.0032598902403275787
1.089000000003547	-0.003237250780085521
1.0900000000035401	-0.0032091310751143354
1.091000000003533	-0.0031727656972635465
1.0920000000035262	-0.0031267025605266063
1.0930000000035192	-0.0030732370429422673
1.0940000000035122	-0.003014012722217796
1.0950000000035054	-0.0029499416200127193
1.0960000000034982	-0.0028789464548366617
1.0970000000034914	-0.002805008885013116
1.0980000000034844	-0.0027294801533011004
1.0990000000034774	-0.0026530442634147278
1.1000000000034706	-0.0025778736662713797
1.1010000000034637	-0.002504115590757916
1.1020000000034567	-0.002430457165629729
1.1030000000034499	-0.0023550959420153283
1.104000000003443	-0.002275603932153425
1.105000000003436	-0.0021920954386640545
1.106000000003429	-0.0021049153118610775
1.107000000003422	-0.002013140453893225
1.1080000000034151	-0.00191350284166103
1.1090000000034081	-0.0018019770115484945
1.1100000000034012	-0.0016785459037158557
1.1110000000033944	-0.001544553025541795
1.1120000000033872	-0.001399706767695852
1.1130000000033804	-0.0012472904811300367
1.1140000000033736	-0.0010922814259051172
1.1150000000033664	-0.000937542237522182
1.1160000000033596	-0.0007845131480481715
1.1170000000033526	-0.0006325761920342732
1.1180000000033457	-0.00048055966258364613
1.1190000000033387	-0.00032762039471290194
1.1200000000033317	-0.00017334147674752387
1.121000000003325	-1.864316163779911e-05
1.122000000003318	0.00013654786021422005
1.123000000003311	0.00029378277721747725
1.1240000000033041	0.00045418092424143186
1.1250000000032971	0.0006154328189966751
1.1260000000032901	0.000777602871605998
1.1270000000032834	0.0009394173025027985
1.1280000000032764	0.0011011028473607576
1.1290000000032694	0.0012633163049676766
1.1300000000032626	0.0014289386057171338
1.1310000000032554	0.0015982941115160187
1.1320000000032486	0.0017686699850788523
1.1330000000032414	0.0019353154976214926
1.1340000000032346	0.002092767793273387
1.1350000000032279	0.0022424405695007366
1.1360000000032207	0.0023876307816875775
1.1370000000032139	0.0025281451685950085
1.138000000003207	0.0026637175918206024
1.1390000000032	0.002790846582312323
1.1400000000031931	0.002906762378581007
1.1410000000031861	0.0030118204551359273
1.1420000000031791	0.0031068674818837128
1.1430000000031724	0.0031959977005197038
1.1440000000031654	0.003279766050853672
1.1450000000031584	0.0033607237269343004
1.1460000000031516	0.0034400736913433594
1.1470000000031444	0.0035146700422012955
1.1480000000031376	0.003585092793746192
1.1490000000031304	0.003653672242770467
1.1500000000031236	0.003715698589825678
1.1510000000031169	0.0037694945558345294
1.1520000000031096	0.0038168179367484845
1.1530000000031029	0.0038583540398337
1.1540000000030959	0.0038952939394264474
1.155000000003089	0.003922683519594905
1.1560000000030821	0.003940625144795207
1.1570000000030751	0.00395298838749758
1.1580000000030681	0.0039627596229261375
1.1590000000030614	0.003972191538946346
1.1600000000030544	0.003981375693761557
1.1610000000030474	0.003988701703357855
1.1620000000030404	0.003995376331695555
1.1630000000030334	0.004002749597892485
1.1640000000030266	0.004011789313635661
1.1650000000030196	0.004018644051367426
1.1660000000030126	0.004020846516898491
1.1670000000030059	0.004017568892888068
1.1680000000029986	0.004011676363727679
1.1690000000029919	0.004003303303818373
1.1700000000029849	0.003987877543045304
1.1710000000029779	0.003963561514017222
1.172000000002971	0.003931376350738924
1.1730000000029641	0.003891520712932195
1.1740000000029571	0.0038430353976318665
1.1750000000029501	0.003791555017484738
1.1760000000029431	0.003739312789567517
1.1770000000029364	0.0036870005998119737
1.1780000000029294	0.0036314094950482545
1.1790000000029224	0.0035700979113089115
1.1800000000029156	0.003502857283267047
1.1810000000029086	0.0034298154923146917
1.1820000000029016	0.0033561279384428655
1.1830000000028948	0.0032853479039416378
1.1840000000028876	0.0032134063133386626
1.1850000000028809	0.0031387372818167947
1.186000000002874	0.003060253263144519
1.1870000000028669	0.0029778350990614655
1.18800000000286	0.0028897939397033445
1.1890000000028529	0.0027945918502565448
1.1900000000028461	0.0026890008417985722
1.1910000000028391	0.0025740682821638883
1.1920000000028321	0.002452736457260407
1.1930000000028254	0.002325013177074231
1.1940000000028184	0.0021912209059834487
1.1950000000028114	0.002053940454689096
1.1960000000028046	0.001916106168891596
1.1970000000027976	0.0017808465189630418
1.1980000000027906	0.001650264541826929
1.1990000000027838	0.001523357563715022
1.2000000000027768	0.001399438696151778
1.2010000000027699	0.0012810941013904342
1.2020000000027629	0.001166093481764996
1.2030000000027559	0.0010548566020140981
1.204000000002749	0.0009477991803296115
1.2050000000027419	0.0008431408711541133
1.206000000002735	0.0007401481395896692
1.2070000000027283	0.0006373878789557308
1.2080000000027211	0.000536017734795724
1.2090000000027143	0.00043821076117700475
1.2100000000027074	0.00034321052769570315
1.2110000000027004	0.0002496944143526303
1.2120000000026936	0.00015379356777189823
1.2130000000026866	5.649398540141792e-05
1.2140000000026796	-3.695558490024453e-05
1.2150000000026726	-0.00012862570567584442
1.2160000000026656	-0.0002187522917964646
1.2170000000026588	-0.0003096107854085872
1.2180000000026519	-0.0004022479851328864
1.2190000000026449	-0.0004952085250127247
1.220000000002638	-0.0005885766699511574
1.2210000000026309	-0.000681439790314986
1.222000000002624	-0.0007709197072820473
1.2230000000026173	-0.0008590690912151366
1.2240000000026101	-0.0009454981859402523
1.2250000000026033	-0.0010302409891265185
1.2260000000025963	-0.0011129708239459024
1.2270000000025894	-0.0011928350690524336
1.2280000000025826	-0.001268043325244106
1.2290000000025754	-0.0013363914533184307
1.2300000000025686	-0.0013950327806666607
1.2310000000025616	-0.0014464660971158505
1.2320000000025546	-0.0014917036451591592
1.2330000000025478	-0.00152793764133774
1.2340000000025408	-0.0015574791752130945
1.2350000000025338	-0.0015815737075344227
1.236000000002527	-0.001599170040316622
1.23700000000252	-0.0016132279810683325
1.238000000002513	-0.0016271843456507895
1.2390000000025063	-0.0016406423066404052
1.240000000002499	-0.00165201851090635
1.2410000000024923	-0.0016607149290783774
1.2420000000024853	-0.001667761903403342
1.2430000000024783	-0.0016728703003763279
1.2440000000024716	-0.0016753678468459654
1.2450000000024644	-0.0016734625899885724
1.2460000000024576	-0.0016667935676950574
1.2470000000024506	-0.0016582975715602188
1.2480000000024436	-0.0016498497838717263
1.2490000000024368	-0.001638513602040037
1.2500000000024298	-0.0016238709176823463
1.2510000000024228	-0.001604195658379215
1.252000000002416	-0.0015792952843394215
1.253000000002409	-0.0015504650886970506
1.254000000002402	-0.0015182292598905356
1.2550000000023953	-0.0014810459441736423
1.256000000002388	-0.0014366405182488773
1.2570000000023813	-0.0013864929880398336
1.2580000000023743	-0.0013313457374934945
1.2590000000023673	-0.00127127091052337
1.2600000000023606	-0.0012102270133362847
1.2610000000023533	-0.0011515842744824756
1.2620000000023466	-0.001092399285521406
1.2630000000023396	-0.0010307597362078091
1.2640000000023326	-0.0009661684854416208
1.2650000000023258	-0.000903867769575184
1.2660000000023188	-0.0008459852573146076
1.2670000000023118	-0.0007901200319320179
1.268000000002305	-0.0007341255399726521
1.269000000002298	-0.0006779657398916505
1.270000000002291	-0.0006219505843838569
1.271000000002284	-0.0005665703053052695
1.272000000002277	-0.0005118970794799615
1.2730000000022703	-0.0004560028658082693
1.2740000000022633	-0.0003991193390353587
1.2750000000022563	-0.0003436639891918336
1.2760000000022496	-0.0002883051352913224
1.2770000000022423	-0.00023049155281729128
1.2780000000022356	-0.00016884671098527093
1.2790000000022288	-0.00010393329161262344
1.2800000000022216	-3.630354719952322e-05
1.2810000000022148	3.3912891389098476e-05
1.2820000000022078	0.00010806185791145673
1.2830000000022008	0.00018125675532831842
1.2840000000021938	0.00025340855340028057
1.2850000000021868	0.0003256339824690979
1.28600000000218	0.00039683477008356505
1.287000000002173	0.0004665333091813384
1.288000000002166	0.0005330918883083013
1.2890000000021593	0.0005980172644397541
1.2900000000021523	0.0006611588197156237
1.2910000000021453	0.0007211313042621015
1.2920000000021385	0.000779375095848911
1.2930000000021313	0.0008345943347448648
1.2940000000021246	0.0008855179653580736
1.2950000000021178	0.0009361722399567896
1.2960000000021106	0.0009869950176117914
1.2970000000021038	0.0010346235112355107
1.2980000000020966	0.0010789845391407926
1.2990000000020898	0.0011214873072625808
1.3000000000020828	0.0011643592734353891
1.3010000000020758	0.0012085686402720786
1.302000000002069	0.0012547104584178514
1.303000000002062	0.0013031550854227802
1.304000000002055	0.0013535172171191823
1.3050000000020483	0.0014051109316883803
1.3060000000020413	0.0014574963537847818
1.3070000000020343	0.001511195843117652
1.3080000000020275	0.0015655887529033574
1.3090000000020205	0.0016207418891889258
1.3100000000020136	0.001678179481754749
1.3110000000020068	0.0017371244902318894
1.3120000000019996	0.0017937800214137267
1.3130000000019928	0.001846176263846644
1.3140000000019856	0.0018968337213358666
1.3150000000019788	0.0019463270740368577
1.316000000001972	0.001995138008985653
1.3170000000019648	0.0020432021904368547
1.318000000001958	0.002089533627500084
1.319000000001951	0.0021345217881615364
1.320000000001944	0.0021788436143730383
1.3210000000019373	0.0022227314455591785
1.3220000000019303	0.0022658087446035813
1.3230000000019233	0.002308231185198628
1.3240000000019165	0.0023496928407448214
1.3250000000019095	0.002389581537378116
1.3260000000019025	0.0024280334100444945
1.3270000000018956	0.0024651605299016444
1.3280000000018886	0.002502068145814551
1.3290000000018818	0.002539047408252504
1.3300000000018748	0.002574637094735155
1.3310000000018678	0.0026087537986340115
1.332000000001861	0.0026429027027213836
1.3330000000018538	0.00267832638459653
1.334000000001847	0.0027146186019892937
1.33500000000184	0.002751307646077561
1.336000000001833	0.002787795119979286
1.3370000000018263	0.0028228566821880685
1.3380000000018193	0.0028574131736205377
1.3390000000018123	0.0028917454626737893
1.3400000000018053	0.0029244898201148395
1.3410000000017983	0.002955253479194342
1.3420000000017915	0.0029845660832490406
1.3430000000017845	0.0030110295865386494
1.3440000000017776	0.0030346330335021543
1.3450000000017708	0.0030562463195475953
1.3460000000017638	0.0030760891252036293
1.3470000000017568	0.0030950442777337717
1.34800000000175	0.0031139119001720728
1.3490000000017428	0.003132258846163527
1.350000000001736	0.003148229102216904
1.3510000000017293	0.0031610685680570905
1.352000000001722	0.0031702503811361638
1.3530000000017153	0.0031759920615155313
1.354000000001708	0.0031782694345410256
1.3550000000017013	0.003176595196920262
1.3560000000016943	0.003173414103349148
1.3570000000016873	0.0031716787713413908
1.3580000000016805	0.003171623816317304
1.3590000000016735	0.0031716873698606207
1.3600000000016665	0.0031690474003831515
1.3610000000016598	0.0031637486502302803
1.3620000000016528	0.0031586778181970088
1.3630000000016458	0.0031548360070614567
1.364000000001639	0.0031529145199629127
1.3650000000016318	0.00315111283131575
1.366000000001625	0.003146975190270185
1.367000000001618	0.003137560300315312
1.368000000001611	0.003124418977400789
1.3690000000016043	0.0031120621600927434
1.370000000001597	0.0031031172937934226
1.3710000000015903	0.0030946563471170307
1.3720000000015833	0.003083067190531086
1.3730000000015763	0.003067088837571341
1.3740000000015695	0.0030502230093033544
1.3750000000015625	0.0030326649799365946
1.3760000000015555	0.003014453667627537
1.3770000000015488	0.0029966669827903303
1.3780000000015418	0.0029803827861765164
1.3790000000015348	0.0029627879956195535
1.3800000000015278	0.0029411014681395287
1.3810000000015208	0.002917914296914126
1.382000000001514	0.002897405519663887
1.383000000001507	0.0028809565714686958
1.3840000000015	0.002862684994469733
1.3850000000014933	0.0028405125638869544
1.386000000001486	0.00281323154966695
1.3870000000014793	0.0027873825763973237
1.3880000000014725	0.0027655335386689295
1.3890000000014653	0.002744835529154166
1.3900000000014585	0.0027205909349015123
1.3910000000014515	0.002691074355637535
1.3920000000014445	0.0026555560258259003
1.3930000000014378	0.002611487692824044
1.3940000000014305	0.002558091948832608
1.3950000000014238	0.0025003462183327274
1.3960000000014168	0.0024449370165100515
1.3970000000014098	0.0023940204007251165
1.398000000001403	0.0023466790159496487
1.399000000001396	0.0023004351413109525
1.400000000001389	0.002254993747810685
1.4010000000013823	0.002210860072427767
1.4020000000013753	0.0021636880851312323
1.4030000000013683	0.002111276403181761
1.4040000000013615	0.0020560585239425277
1.4050000000013543	0.0019990546107757634
1.4060000000013475	0.001936856904740658
1.4070000000013405	0.0018706731187281278
1.4080000000013335	0.0018047144974879803
1.4090000000013267	0.0017396907619440238
1.4100000000013195	0.001672651443482831
1.4110000000013128	0.0016051748290203394
1.4120000000013058	0.001536047507391447
1.4130000000012988	0.0014640780203709625
1.414000000001292	0.0013914135406010164
1.415000000001285	0.0013230578954047667
1.416000000001278	0.0012595922629938805
1.4170000000012712	0.001196227162920227
1.4180000000012642	0.0011314807765365753
1.4190000000012573	0.0010650118108745943
1.4200000000012505	0.0009953558099475845
1.4210000000012433	0.0009193865841414794
1.4220000000012365	0.0008361550905164883
1.4230000000012293	0.0007496083907787554
1.4240000000012225	0.0006627053154908413
1.4250000000012157	0.0005785953263646171
1.4260000000012085	0.0004953156164200223
1.4270000000012018	0.00041133957178185465
1.4280000000011948	0.00032738136904253423
1.4290000000011878	0.00024049706076623156
1.430000000001181	0.00015109313058769835
1.431000000001174	6.15447747671638e-05
1.432000000001167	-2.9954834256606944e-05
1.4330000000011602	-0.00012060951609460524
1.4340000000011532	-0.00020936116212855183
1.4350000000011462	-0.00029620240215200155
1.4360000000011393	-0.0003803237911639279
1.4370000000011323	-0.0004623551155724659
1.4380000000011255	-0.0005451504158413556
1.4390000000011185	-0.0006299696097475938
1.4400000000011115	-0.0007144339998652605
1.4410000000011047	-0.0007991751656231116
1.4420000000010975	-0.0008812866300387245
1.4430000000010907	-0.0009619608771933574
1.4440000000010837	-0.0010459635727404493
1.4450000000010768	-0.0011344350780009282
1.44600000000107	-0.001224971697363797
1.447000000001063	-0.001317726997516866
1.448000000001056	-0.0014128855026929177
1.449000000001049	-0.0015073069033739728
1.450000000001042	-0.0016008908108504638
1.4510000000010352	-0.0016953838195230553
1.4520000000010282	-0.0017909071372812502
1.4530000000010213	-0.001884207050459441
1.4540000000010145	-0.001971768004565
1.4550000000010075	-0.0020535749076964205
1.4560000000010005	-0.002135827114640332
1.4570000000009937	-0.002221418194109148
1.4580000000009865	-0.002308880223859555
1.4590000000009797	-0.0023960470683821455
1.460000000000973	-0.002484431890460659
1.4610000000009657	-0.0025687883512168774
1.462000000000959	-0.0026446370080543957
1.4630000000009518	-0.002715461779811079
1.464000000000945	-0.0027864396910624034
1.465000000000938	-0.002854151119882964
1.466000000000931	-0.0029203096671226447
1.4670000000009242	-0.0029855097189352975
1.4680000000009172	-0.003047162210296772
1.4690000000009102	-0.0031039755541377723
1.4700000000009035	-0.0031567207378262463
1.4710000000008965	-0.0032045392219646196
1.4720000000008895	-0.0032467586387951997
1.4730000000008827	-0.00328618481531584
1.4740000000008757	-0.0033196546536427007
1.4750000000008687	-0.0033470299392284186
1.476000000000862	-0.003372591816191317
1.4770000000008547	-0.0034002716160161928
1.478000000000848	-0.0034255224558887853
1.4790000000008408	-0.003444897751194498
1.480000000000834	-0.0034575592252579224
1.4810000000008272	-0.0034680930138655253
1.48200000000082	-0.0034780377492120707
1.4830000000008132	-0.003486432414148588
1.4840000000008062	-0.0034912732596157348
1.4850000000007992	-0.003492761916578324
1.4860000000007925	-0.0034956054696273497
1.4870000000007855	-0.0035004840311754215
1.4880000000007785	-0.003506408038637554
1.4890000000007717	-0.0035084334517239135
1.4900000000007645	-0.003505970674262393
1.4910000000007577	-0.003502901929446356
1.4920000000007507	-0.003496340068045223
1.4930000000007437	-0.003488769240627132
1.494000000000737	-0.003479642601446953
1.49500000000073	-0.0034663198160853614
1.496000000000723	-0.0034434346797271864
1.497000000000716	-0.0034160334865367403
1.498000000000709	-0.0033931318371778207
1.4990000000007022	-0.0033761001379595257
1.5000000000006952	-0.003357605748579573
1.5010000000006882	-0.003334458649510541
1.5020000000006815	-0.0033043531049836705
1.5030000000006745	-0.00326943263666557
1.5040000000006675	-0.003233852683800942
1.5050000000006605	-0.0031974100328775457
1.5060000000006535	-0.0031588560813857747
1.5070000000006467	-0.003117867139544206
1.5080000000006397	-0.0030784647503518947
1.5090000000006327	-0.0030414833878196212
1.5100000000006257	-0.00300311728435787
1.5110000000006187	-0.0029647989199306224
1.512000000000612	-0.0029264799778858652
1.513000000000605	-0.002885422794882686
1.514000000000598	-0.002843315107201594
1.5150000000005912	-0.0027940925257725624
1.5160000000005842	-0.0027376819231874627
1.5170000000005772	-0.0026822433797857315
1.5180000000005702	-0.0026279113890352868
1.5190000000005632	-0.0025768310146823126
1.5200000000005565	-0.0025274201010858643
1.5210000000005495	-0.0024778445627211543
1.5220000000005425	-0.0024258302102795337
1.5230000000005357	-0.002365413681406636
1.5240000000005285	-0.002303796352214782
1.5250000000005217	-0.0022420295912259913
1.5260000000005147	-0.002179161347418246
1.5270000000005077	-0.002113937684187661
1.528000000000501	-0.0020481240105629794
1.529000000000494	-0.0019834930895170633
1.530000000000487	-0.0019160011462004967
1.53100000000048	-0.0018458327434263122
1.532000000000473	-0.0017774978956948129
1.5330000000004662	-0.0017119415308539665
1.5340000000004592	-0.0016460560448163797
1.5350000000004522	-0.0015807458955641174
1.5360000000004455	-0.0015172161796439543
1.5370000000004385	-0.00145872171238004
1.5380000000004315	-0.0014033133197777214
1.5390000000004245	-0.001344131571290763
1.5400000000004175	-0.0012784670093208828
1.5410000000004107	-0.001205098309471797
1.5420000000004037	-0.0011222955166585447
1.5430000000003967	-0.001031798609620882
1.5440000000003897	-0.0009403891025807631
1.5450000000003827	-0.0008625220742577433
1.546000000000376	-0.0008003008322772232
1.547000000000369	-0.0007476040858953592
1.548000000000362	-0.0006898799874350825
1.549000000000355	-0.0006224437263697702
1.5500000000003482	-0.0005546036678376609
1.5510000000003412	-0.0004775410841517669
1.5520000000003342	-0.00039267560354949715
1.5530000000003272	-0.00030572902274172975
1.5540000000003205	-0.00022745713985972138
1.5550000000003135	-0.0001608293539141492
1.5560000000003065	-0.00010567009204343059
1.5570000000002997	-5.325384772003616e-05
1.5580000000002925	7.98150139758036e-07
1.5590000000002857	5.918646412905737e-05
1.5600000000002787	0.0001264248814916158
1.5610000000002717	0.00020017858767895635
1.5620000000002647	0.00028004920789759247
1.5630000000002577	0.0003575753948453775
1.564000000000251	0.0004354983794734313
1.565000000000244	0.0005121157390364228
1.566000000000237	0.0005853096459769169
1.5670000000002302	0.0006569949208181658
1.5680000000002232	0.0007257927175391421
1.5690000000002162	0.0007902253465423836
1.5700000000002092	0.0008540136699233258
1.5710000000002025	0.0009162700227896003
1.5720000000001955	0.0009767084478378152
1.5730000000001885	0.0010374384942333226
1.5740000000001815	0.001094237422824218
1.5750000000001747	0.001144574342013982
1.5760000000001675	0.0011929660226166483
1.5770000000001607	0.0012385713697586898
1.5780000000001537	0.0012834929541307716
1.5790000000001467	0.001322040237490718
1.58000000000014	0.001356691260027132
1.581000000000133	0.0013879769715824386
1.582000000000126	0.0014180108454768803
1.583000000000119	0.0014507619025192486
1.584000000000112	0.0014879081538824446
1.5850000000001052	0.0015303057981282953
1.5860000000000982	0.0015762492793596206
1.5870000000000912	0.0016253399488247444
1.5880000000000845	0.0016741071307505573
1.5890000000000775	0.001721486902370839
1.5900000000000705	0.0017638128280850207
1.5910000000000635	0.0018009264564712302
1.5920000000000565	0.001837314789018052
1.5930000000000497	0.0018709227288860042
1.5940000000000427	0.0019015329568581318
1.5950000000000357	0.0019275380447743018
1.5960000000000287	0.0019457367674133863
1.5970000000000217	0.001960494891494635
1.598000000000015	0.0019698149599474135
1.599000000000008	0.0019713688368830917
1.600000000000001	0.001966539622086927
1.6009999999999942	0.0019603067297268018
1.6019999999999872	0.0019567137584599603
1.6029999999999802	0.0019498801967263724
1.6039999999999732	0.0019427032423875445
1.6049999999999662	0.0019331998668441486
1.6059999999999595	0.0019182264127729498
1.6069999999999525	0.0019024561407509077
1.6079999999999455	0.0018879159720999183
1.6089999999999387	0.0018751360970856723
1.6099999999999315	0.0018626075219245752
1.6109999999999247	0.0018480733521513137
1.6119999999999177	0.0018324487954226587
1.6129999999999107	0.001815665131931321
1.6139999999999037	0.0018008114928632635
1.614999999999897	0.0017859619101829871
1.61599999999989	0.0017680238500992207
1.616999999999883	0.0017504852838224894
1.617999999999876	0.0017282016268879152
1.6189999999998692	0.001701715147836902
1.6199999999998622	0.0016679371108965224
1.6209999999998552	0.0016272262573339136
1.6219999999998485	0.0015817002240636757
1.6229999999998415	0.0015333116753938336
1.6239999999998345	0.0014873067906499005
1.6249999999998275	0.0014407636466686746
1.6259999999998205	0.001398359981890196
1.6269999999998137	0.00135763597603622
1.6279999999998067	0.0013182954309577388
1.6289999999997997	0.0012800991861182665
1.6299999999997927	0.0012439048270685982
1.6309999999997857	0.0012093251786489123
1.631999999999779	0.0011749095937074738
1.632999999999772	0.0011412300329622926
1.633999999999765	0.0011088026048572397
1.634999999999758	0.001077069828033017
1.6359999999997512	0.0010454442181934143
1.6369999999997442	0.0010148105104147431
1.6379999999997372	0.0009866270323546367
1.6389999999997302	0.0009607922771220911
1.6399999999997235	0.0009361145058872644
1.6409999999997165	0.0009112918858626973
1.6419999999997095	0.0008862182738706981
1.6429999999997025	0.000857809844048707
1.6439999999996955	0.0008255468968034751
1.6449999999996887	0.0007911089281344985
1.6459999999996817	0.0007532604289557376
1.6469999999996747	0.0007124547281196492
1.6479999999996677	0.0006678414483884954
1.6489999999996607	0.0006197678683085295
1.649999999999654	0.0005688506019840833
1.650999999999647	0.0005169497698711556
1.65199999999964	0.00046431402509239383
1.6529999999996332	0.0004087147870093233
1.6539999999996262	0.0003524025506724815
1.6549999999996192	0.00029672479336284585
1.6559999999996122	0.00024162057256160718
1.6569999999996052	0.00018846602233191234
1.6579999999995985	0.00013805110821052402
1.6589999999995915	9.186342663425329e-05
1.6599999999995845	5.0314822338082266e-05
1.6609999999995777	1.2313156797727487e-05
1.6619999999995705	-2.528404968593634e-05
1.6629999999995637	-6.156401288071045e-05
1.6639999999995567	-9.498156118659118e-05
1.6649999999995497	-0.00012755121492502575
1.665999999999543	-0.0001593066409695254
1.666999999999536	-0.00019021384769524197
1.667999999999529	-0.00021964406553842686
1.668999999999522	-0.000246462853100482
1.669999999999515	-0.00027142375161703924
1.6709999999995082	-0.0002934202589681689
1.6719999999995012	-0.00031240230208195996
1.6729999999994942	-0.00032865133842352456
1.6739999999994875	-0.00034394615001120954
1.6749999999994805	-0.00035814320846583314
1.6759999999994735	-0.0003698768417179643
1.6769999999994665	-0.000378866031136571
1.6779999999994595	-0.0003864145688832199
1.6789999999994527	-0.0003922733556400715
1.6799999999994457	-0.0003994230412094346
1.6809999999994387	-0.0004074137902341235
1.6819999999994317	-0.0004150239797500177
1.6829999999994247	-0.0004217672871096312
1.683999999999418	-0.0004299002371310756
1.684999999999411	-0.00044335494972047584
1.685999999999404	-0.0004574594680750721
1.6869999999993972	-0.0004742933738388633
1.6879999999993902	-0.0004918573107446367
1.6889999999993832	-0.0005093201630974598
1.6899999999993762	-0.0005280554255391312
1.6909999999993692	-0.0005518313914636419
1.6919999999993625	-0.0005780638525283432
1.6929999999993555	-0.0006054020945061023
1.6939999999993485	-0.0006348919749874504
1.6949999999993415	-0.0006654217592565459
1.6959999999993345	-0.0006968897756181036
1.6969999999993277	-0.000726561200208975
1.6979999999993207	-0.0007567746620087412
1.6989999999993137	-0.0007829282121047942
1.6999999999993067	-0.0008111729813415902
1.7009999999993	-0.0008375684755934643
1.701999999999293	-0.0008607082176517178
1.702999999999286	-0.0008866337631436849
1.703999999999279	-0.0009067782629941235
1.7049999999992722	-0.0009240885764694173
1.7059999999992652	-0.0009418481250400568
1.7069999999992582	-0.0009574368496407804
1.7079999999992515	-0.0009667986369570336
1.7089999999992442	-0.0009746659945106817
1.7099999999992375	-0.0009810807657304466
1.7109999999992305	-0.000986041348974842
1.7119999999992235	-0.00098813844855683
1.7129999999992167	-0.000988833513255738
1.7139999999992095	-0.0009884243487343625
1.7149999999992027	-0.0009877488426495162
1.7159999999991957	-0.0009863526860851568
1.7169999999991887	-0.0009828887340128656
1.717999999999182	-0.0009785731867339997
1.718999999999175	-0.0009742120126596809
1.719999999999168	-0.0009703052765595022
1.720999999999161	-0.0009653477204385474
1.721999999999154	-0.0009611421986608359
1.7229999999991472	-0.000954641082947294
1.7239999999991402	-0.0009462193237335104
1.7249999999991332	-0.00093756440023407
1.7259999999991265	-0.0009294930676029267
1.7269999999991195	-0.0009220944465333503
1.7279999999991125	-0.000912534136226828
1.7289999999991055	-0.0009006753094193964
1.7299999999990985	-0.0008885542289673865
1.7309999999990917	-0.0008764054035830249
1.7319999999990847	-0.0008625635393952891
1.7329999999990777	-0.0008458060970428782
1.7339999999990707	-0.0008271105741477491
1.7349999999990655	-0.0008075641436966485
1.7359999999990614	-0.0007880478431465665
1.7369999999990573	-0.0007669547244057995
1.7379999999990532	-0.0007448838389632062
1.7389999999990489	-0.0007218007768949875
1.7399999999990448	-0.0006996545532365062
1.7409999999990406	-0.0006784064826603764
1.7419999999990363	-0.0006570606257163547
1.7429999999990322	-0.0006359716755652833
1.743999999999028	-0.0006144880127096908
1.744999999999024	-0.0005923071036846306
1.74599999999902	-0.0005690326063312323
1.7469999999990156	-0.0005441566148904897
1.7479999999990115	-0.0005185716764537496
1.7489999999990071	-0.0004931553622737894
1.749999999999003	-0.00046756175771189845
1.7509999999990045	-0.0004426869152327484
1.751999999999006	-0.0004179012062437426
1.7529999999990071	-0.00039195652778079015
1.7539999999990086	-0.00036273737021152996
1.75499999999901	-0.00033041362924968176
1.7559999999990115	-0.00029837596036674796
1.756999999999013	-0.0002698423943447992
1.7579999999990141	-0.00024224193650135284
1.7589999999990156	-0.0002127441498041005
1.759999999999017	-0.0001819729057428443
1.7609999999990182	-0.0001478085521773309
1.7619999999990197	-0.00011238790541412413
1.7629999999990211	-7.81336363715468e-05
1.7639999999990226	-4.691986147453697e-05
1.7649999999990238	-1.856884621753707e-05
1.7659999999990263	7.307581596838197e-06
1.7669999999990305	3.132697903218684e-05
1.7679999999990346	5.81760177612578e-05
1.7689999999990387	8.746392344793907e-05
1.769999999999043	0.00011866945199656698
1.7709999999990471	0.00014844423626914072
1.7719999999990512	0.00017475286344026397
1.7729999999990556	0.00019995478763146224
1.7739999999990597	0.00022080464240903375
1.7749999999990638	0.0002386631227182523
1.7759999999990679	0.00025494947324400385
1.776999999999072	0.00027128619209726423
1.7779999999990763	0.00029006033581469026
1.7789999999990804	0.00031022501754185416
1.7799999999990845	0.00032936795748406134
1.7809999999990886	0.0003487832645058253
1.781999999999093	0.0003693291826531997
1.782999999999097	0.00038714650489402036
1.7839999999991012	0.00040266032791724804
1.7849999999991053	0.0004162919560649625
1.7859999999991096	0.0004292984371283559
1.7869999999991137	0.000442020632971718
1.7879999999991179	0.000455839441066308
1.788999999999122	0.0004714459131891502
1.789999999999126	0.0004885564219999639
1.7909999999991304	0.0005062221552531998
1.7919999999991345	0.0005226778682595468
1.7929999999991386	0.0005404863842717322
1.7939999999991427	0.0005586259712433428
1.794999999999147	0.0005770144742701655
1.7959999999991512	0.0005910130444535255
1.7969999999991553	0.0006025519032185622
1.7979999999991594	0.0006143068208913638
1.7989999999991637	0.0006250946881261044
1.7999999999991678	0.0006366654477215627
1.800999999999172	0.0006497135899932172
1.801999999999176	0.0006645386409025456
1.8029999999991801	0.0006792173415183234
1.8039999999991845	0.0006963264311539152
1.8049999999991886	0.0007146996353135648
1.8059999999991927	0.0007341815633719051
1.8069999999991968	0.0007543034208357113
1.8079999999992011	0.000777224868930948
1.8089999999992052	0.0008027728576750492
1.8099999999992094	0.0008290194419807717
1.8109999999992135	0.0008552620595472238
1.8119999999992178	0.000881388561972285
1.812999999999222	0.0009080741392615277
1.813999999999226	0.0009344157241091278
1.8149999999992301	0.0009599685236707511
1.8159999999992344	0.0009840731980207407
1.8169999999992386	0.0010062096789729136
1.8179999999992427	0.0010266483821884664
1.8189999999992468	0.0010442075464576206
1.819999999999251	0.0010606433567454943
1.8209999999992552	0.0010782581077046771
1.8219999999992593	0.0010959101079510702
1.8229999999992634	0.0011131148714275119
1.8239999999992675	0.001134222861795764
1.8249999999992719	0.0011553353630989749
1.825999999999276	0.0011771524354708962
1.82699999999928	0.0011990515148098124
1.8279999999992842	0.0012183576046880251
1.8289999999992885	0.0012350430181344851
1.8299999999992926	0.0012492852583941838
1.8309999999992967	0.0012620731044598044
1.8319999999993009	0.0012713286949812552
1.8329999999993052	0.0012778635726690135
1.8339999999993093	0.001281313086766378
1.8349999999993134	0.001280074483320126
1.8359999999993175	0.001274181987365286
1.8369999999993218	0.0012678564751305021
1.837999999999326	0.0012579506732363077
1.83899999999933	0.0012449771781024577
1.8399999999993342	0.0012319663406086256
1.8409999999993385	0.0012177364163978854
1.8419999999993426	0.001203247529324769
1.8429999999993467	0.0011879660354046084
1.8439999999993508	0.0011728312100998117
1.844999999999355	0.0011585482988701878
1.8459999999993593	0.0011421769855476382
1.8469999999993634	0.001121611031636105
1.8479999999993675	0.0011018576030725757
1.8489999999993716	0.0010821865518123586
1.849999999999376	0.0010589488305723371
1.85099999999938	0.0010331689569142988
1.8519999999993841	0.0010057751349807909
1.8529999999993882	0.0009772857741718877
1.8539999999993926	0.0009515157106285699
1.8549999999993967	0.0009247499232932777
1.8559999999994008	0.0008974668507183425
1.856999999999405	0.0008743162841270413
1.857999999999409	0.000848870062128193
1.8589999999994133	0.0008214410825853058
1.8599999999994175	0.0007959018105681004
1.8609999999994216	0.0007715110285153592
1.861999999999426	0.0007470208656643607
1.86299999999943	0.0007207703243496955
1.863999999999434	0.0006957090120178755
1.8649999999994382	0.0006693799313970406
1.8659999999994423	0.0006423961599094641
1.8669999999994467	0.0006180123045116392
1.8679999999994508	0.000594777748960551
1.8689999999994549	0.0005659648354947588
1.869999999999459	0.000536267238899879
1.870999999999463	0.0005115017585689552
1.8719999999994674	0.00048812770525918925
1.8729999999994715	0.00046283666253055245
1.8739999999994756	0.00043864447223729286
1.87499999999948	0.00041493903561917733
1.875999999999484	0.00039711280912824165
1.8769999999994882	0.000386442865816794
1.8779999999994923	0.00037657651773936873
1.8789999999994964	0.0003639954661991407
1.8799999999995007	0.00035049598957714867
1.8809999999995048	0.0003357340571540357
1.881999999999509	0.00032414471144270873
1.882999999999513	0.0003161187658451414
1.8839999999995174	0.0003050853989788882
1.8849999999995215	0.0002892221472388101
1.8859999999995256	0.00027009703522185013
1.8869999999995297	0.00025383789375854615
1.887999999999534	0.0002326528480263157
1.8889999999995382	0.00020893416132383713
1.8899999999995423	0.0001875805728790425
1.8909999999995464	0.0001626182031088108
1.8919999999995505	0.00013619327048153274
1.8929999999995548	0.00011247370309153126
1.893999999999559	9.384805823386966e-05
1.894999999999563	7.568424559922793e-05
1.8959999999995671	5.94925490465803e-05
1.8969999999995715	4.436176319444485e-05
1.8979999999995756	2.9010807262808136e-05
1.8989999999995797	1.2432361729541874e-05
1.8999999999995838	-8.254032537902134e-06
1.9009999999995881	-3.5387026819266865e-05
1.9019999999995922	-5.96535123180697e-05
1.9029999999995963	-7.876863137701307e-05
1.9039999999996005	-9.304415974198399e-05
1.9049999999996048	-9.94313781257361e-05
1.905999999999609	-0.00010042657543607447
1.906999999999613	-9.806622219477035e-05
1.9079999999996171	-9.575279022633332e-05
1.9089999999996214	-9.892244175002674e-05
1.9099999999996256	-0.0001081038839578774
1.9109999999996297	-0.00012168430278647335
1.9119999999996338	-0.00013482330177305712
1.9129999999996379	-0.00014792064313140507
1.9139999999996422	-0.0001581153805438884
1.9149999999996463	-0.00016841710984394354
1.9159999999996504	-0.0001807509502689264
1.9169999999996545	-0.00018992066586065448
1.9179999999996589	-0.00018825315828085998
1.918999999999663	-0.00018864790854489222
1.919999999999667	-0.0001772621466191726
1.9209999999996712	-0.0001629713580628689
1.9219999999996755	-0.00015036966965231713
1.9229999999996796	-0.00014097856936867714
1.9239999999996837	-0.00013039231756484249
1.9249999999996878	-0.00013162728431170834
1.9259999999996922	-0.0001348213428469247
1.9269999999996963	-0.00013222176124361162
1.9279999999997004	-0.00014608290524709133
1.9289999999997045	-0.00015677754810505817
1.9299999999997088	-0.0001695845282176922
1.930999999999713	-0.00017584932788627938
1.931999999999717	-0.00018194921487313387
1.9329999999997212	-0.00019079494065299407
1.9339999999997253	-0.00019785921377368787
1.9349999999997296	-0.00020882951895973
1.9359999999997337	-0.0002154394268094606
1.9369999999997378	-0.00022791407085032134
1.937999999999742	-0.00023457545493577037
1.9389999999997463	-0.0002397877676094673
1.9399999999997504	-0.00024749994999195835
1.9409999999997545	-0.00026129255919493666
1.9419999999997586	-0.00026734794447480503
1.942999999999763	-0.00026948554101280386
1.943999999999767	-0.00027027966875259324
1.9449999999997711	-0.00026368237805352024
1.9459999999997752	-0.0002497578818319024
1.9469999999997794	-0.00023659503956618977
1.9479999999997837	-0.00021818646772198136
1.9489999999997878	-0.0001931043831673307
1.949999999999792	-0.0001757419709489394
1.950999999999796	-0.00016789072855094567
1.9519999999998003	-0.00015819356600377255
1.9529999999998044	-0.00014331018233693094
1.9539999999998086	-0.00013533029687207154
1.9549999999998127	-0.00013275796036160692
1.955999999999817	-0.00012454122047000915
1.956999999999821	-0.00010765002106238875
1.9579999999998252	-8.768905848488551e-05
1.9589999999998293	-7.10153876346542e-05
1.9599999999998337	-6.005181151480521e-05
1.9609999999998378	-4.785991391598188e-05
1.9619999999998419	-2.8326843244830258e-05
1.962999999999846	-5.043492585565801e-06
1.9639999999998503	6.227473819397922e-06
1.9649999999998544	1.783888368533937e-05
1.9659999999998585	2.3486746177248108e-05
1.9669999999998626	2.722195883320122e-05
1.9679999999998667	3.425003576118524e-05
1.968999999999871	5.056146912152393e-05
1.9699999999998752	7.180631842729213e-05
1.9709999999998793	9.923777756437602e-05
1.9719999999998834	0.00013332196787130268
1.9729999999998877	0.00015612099752337905
1.9739999999998918	0.00016364598334173142
1.974999999999896	0.0001746665350733645
1.9759999999999	0.0001999544991281299
1.9769999999999044	0.00022296968805513018
1.9779999999999085	0.00023370668077971057
1.9789999999999126	0.0002578058816365969
1.9799999999999167	0.00028852128991097015
1.980999999999921	0.000317219438423888
1.9819999999999252	0.00034320771705831365
1.9829999999999293	0.00037412776679701665
1.9839999999999334	0.0004143154153590789
1.9849999999999375	0.0004726840536821708
1.9859999999999418	0.0005326729830981147
1.986999999999946	0.00057745633568973
1.98799999999995	0.000614122928214833
1.9889999999999541	0.0006484394107818536
1.9899999999999585	0.0006825470796556488
1.9909999999999626	0.0007180215696149794
1.9919999999999667	0.0007482568050118932
1.9929999999999708	0.0007810412750300921
1.9939999999999751	0.0008182588034346683
1.9949999999999792	0.0008565644896200153
1.9959999999999833	0.0008952559445718489
1.9969999999999875	0.0009208175441896005
1.9979999999999918	0.0009402287562108036
1.998999999999996	0.000946010343769732
2.0	0.0009474846192067954
2.0010279404845495	0.0009463188199619887
2.0021217900815715	0.0009557686752444949
2.0032857751923165	0.000968851995328257
2.004524391841744	0.0009871494614939191
2.005842426366887	0.0010106292405557271
2.007244970197923	0.0010395160029297301
2.0087374418720856	0.0010823917016735685
2.0103256076664273	0.0011208821511348166
2.0120156028936726	0.001164234771484196
2.013813957200875	0.0011908164827437728
2.0157276178435577	0.0011996079923550784
2.0177639781367303	0.0011905714458213534
2.019930905358886	0.0012038733781369881
2.0222367711443985	0.0012908110673532924
2.024690484011897	0.001396420900431572
2.027301523572695	0.0015085953232529814
2.0300799770731848	0.0015731614616404377
2.033036578410754	0.0016269353230100592
2.036182751117039	0.0016642008561702504
2.039530649180409	0.0017262010677586703
2.043093206833892	0.0017855042889962647
2.046884188175661	0.0018513226052787601
2.050918238233338	0.001929525617242689
2.0552109433735133	0.0019832113064308654
2.059778886913171	0.0020152325155781137
2.0646397170403086	0.002043127417113322
2.0698122132469665	0.002048857328137088
2.0753163565584574	0.0020000105078565866
2.081173414838828	0.0019723191548569607
2.0874060143976347	0.0018738082547447021
2.094038234979271	0.0016437902519517156
2.1010956980169606	0.001301047882447559
2.1086056699538682	0.0009752077146648608
2.116597165034399	0.0007172311013804444
2.125101056786564	0.0006857507473019275
2.1341501990307465	0.0004617648271292296
2.143779554474847	0.0001461721660617199
2.1540263207146424	-0.0002125824363501394
2.1649300857539027	-0.0002781012453536569
2.1765329774064615	-0.00026152383180533256
2.1888798204423576	-0.0005686747537836379
2.2020183144046843	-0.0006160963173749145
2.2159992202680474	7.241720993811374e-05
2.2308765524295735	0.0005618740633638319
2.246707783705272	0.0005721706983350394
2.263554079768369	0.00038763710192979417
2.2814805235907363	0.0005203620153209076
2.3005563724108544	0.0008537774392023412
2.320855322320133	0.000993409673677892
2.3424557929209753	0.0004584350025412798
2.3654412374910825	-8.428992139508651e-05
2.389900455657507	-0.00011829615043335018
2.41592795027163	0.0003642508145882406
2.44362426638729	0.000669722824584551
2.473096411506492	0.00048269077930362947
2.5044582437089975	7.012350658497368e-05
2.537830924630887	-9.27425411201277e-06
2.5733433911797423	0.00019778414997073668
2.611132843166974	0.0007032702056590789
2.6513452603475027	-9.053689361948614e-05
2.6941360153529494	-0.0008670103517935956
2.739670418177515	-0.0007023625484392504
2.788124380079947	-0.00048654379887258514
2.839685109337027	0.0002572433528202911
2.894551789617174	-4.9138582857599644e-05
2.9529364084026577	-0.0007894505405794394
3.0150645170164534	-0.0015439602152578225
3.0811761422888653	-0.0017538507982548524
3.1515266965252042	-0.0003985031031732422
3.226387989377641	3.594426742714596e-05
3.30604919671757	-0.0005300758346582501
3.39081811677136	0.00032631988291975667
3.4810222154328754	0.0007931790269084527
3.577010018652917	0.000655322633323463
3.6791523315125145	0.00022717369147684519
3.7878438030764574	0.0006806363753326661
3.9035043177534527	0.0006446583901119629
4.02658072998157	0.0008129122215909668
4.157548527011607	0.0005196902899775591
4.296913682346355	-0.00044636613116466606
4.445214635465608	-0.0005342891041335562
4.603024347307951	0.00020238358454849337
4.770952424745148	-0.00029672428617089075
4.9496476786701376	-0.0005446725039430778
5.139800459354712	-0.000312586185391428
5.342145448462832	-5.6346474573532035e-05
5.557464321076707	0.0003273733310952265
5.786588991858403	-7.797256419816989e-05
6.03040459644804	-0.00021520850734035868
6.289853138906711	3.857008557062169e-05
6.565936951835777	4.4644942301608204e-05
6.859722633511745	-9.954423825275782e-05
7.172345245053396	3.29047755183165e-05
7.505012494394354	9.042580299822855e-05
7.859009576011049	-9.734179328413362e-05
8.23570422033976	4.305356595613041e-05
8.636551628113326	4.819658720345288e-05
9.063100564489073	-4.8118897207460876e-05
9.516998831091398	6.614522883052754e-05
10.0	-1.3432526204670836e-05
