0.0	0.6523026440217521
0.0010000000000041087	0.651930604968083
0.0020000000000082174	0.6510359301825553
0.003000000000012548	0.6495402907764927
0.004000000000016657	0.6475083787205023
0.005000000000020766	0.6448685750094854
0.006000000000024874	0.6416987872614647
0.007000000000029205	0.637962218386813
0.008000000000033314	0.6336958169971458
0.009000000000037423	0.6289060571395423
0.010000000000041753	0.6236113257546326
0.011000000000045862	0.617819832362645
0.01200000000004997	0.6115684748033987
0.01300000000005408	0.6048591623788313
0.01400000000005841	0.5977228728897539
0.015000000000062519	0.5901818258087639
0.016000000000066406	0.582249800723637
0.017000000000070736	0.5739618296661555
0.018000000000074845	0.5653331564653405
0.019000000000078954	0.5563888928568916
0.020000000000083062	0.5471554669177512
0.021000000000087393	0.5376577210413109
0.022000000000091502	0.5279125419367044
0.02300000000009561	0.5179579828622407
0.02400000000009972	0.507798198482946
0.02500000000010405	0.49747561732787293
0.02600000000010816	0.4869976054375633
0.027000000000112268	0.4763965631532314
0.0280000000001166	0.46568629464642575
0.029000000000120707	0.45489519326112426
0.030000000000124816	0.44403553499546033
0.031000000000128924	0.4331329440932692
0.032000000000133255	0.4222021792545819
0.033000000000137364	0.4112626416348486
0.03400000000014147	0.40033126255697826
0.0350000000001458	0.3894227722478454
0.03600000000014991	0.3785548230030421
0.03700000000015402	0.36773981127794186
0.03800000000015813	0.3569925917458956
0.03900000000016246	0.34632555551510813
0.04000000000016657	0.3357516913705558
0.04100000000017068	0.3252810814143767
0.04200000000017501	0.3149253827128342
0.04300000000017912	0.30469523676558574
0.044000000000183226	0.2945956345620916
0.045000000000187335	0.28464347762091713
0.046000000000191665	0.27483665011682523
0.04700000000019555	0.26519137428038375
0.04800000000019966	0.2557075425501134
0.04900000000020399	0.2463955291579215
0.0500000000002081	0.2372593791866351
0.05100000000021221	0.228302619516207
0.05200000000021632	0.2195340582608254
0.05300000000022065	0.21095138741827157
0.05400000000022476	0.202564916197305
0.055000000000228866	0.194371634235884
0.0560000000002332	0.18637697469729098
0.057000000000237305	0.17858518631994869
0.058000000000241414	0.1709902524594159
0.05900000000024552	0.16360187864860654
0.060000000000249853	0.1564218673818829
0.06100000000025396	0.1494371206119589
0.06200000000025807	0.1426641616428369
0.0630000000002624	0.13609444442157048
0.06400000000026651	0.12972673436479465
0.06500000000027062	0.1235642982380385
0.06600000000027473	0.11760312107369808
0.06700000000027906	0.11183985167540567
0.06800000000028317	0.10627988792778487
0.06900000000028728	0.10091072133818446
0.0700000000002916	0.09574208525860306
0.07100000000029572	0.090760076283664
0.07200000000029982	0.08596906978660579
0.07300000000030393	0.08136372491639576
0.07400000000030826	0.07694163792977227
0.07500000000031237	0.07269709371670374
0.07600000000031648	0.06863127598431173
0.07700000000032081	0.06473737482344777
0.0780000000003247	0.061009266692695574
0.07900000000032881	0.05744798197398948
0.08000000000033292	0.054047988964718297
0.08100000000033725	0.05080178251813772
0.08200000000034136	0.04771089714053023
0.08300000000034546	0.04476492380434849
0.0840000000003498	0.04196578298988951
0.0850000000003539	0.03930346843254007
0.08600000000035801	0.036777333346853625
0.08700000000036212	0.034381110777762736
0.08800000000036645	0.03211030212768473
0.08900000000037056	0.029962002311656466
0.09000000000037467	0.027929955009825647
0.091000000000379	0.026011587962118332
0.09200000000038311	0.024199518690538158
0.09300000000038722	0.02249489805749416
0.09400000000039133	0.02088427753668376
0.09500000000039566	0.019375348996362285
0.09600000000039977	0.017953056670204193
0.09700000000040387	0.016619356615900305
0.0980000000004082	0.015370308463055427
0.09900000000041231	0.014197913184002653
0.10000000000041642	0.013103859031164067
0.10100000000042053	0.01207871303432706
0.10200000000042486	0.01112373812472045
0.10300000000042897	0.010232909013429325
0.10400000000043308	0.009400971893281707
0.10500000000043741	0.00863123530388954
0.10600000000044152	0.007911743280745398
0.10700000000044563	0.0072463902254279455
0.10800000000044951	0.006629501961692097
0.10900000000045384	0.006056190936566841
0.11000000000045795	0.005528862657706912
0.11100000000046206	0.005040032880303302
0.1120000000004664	0.004588800428048323
0.1130000000004705	0.004173608761667724
0.11400000000047461	0.0037914860624743696
0.11500000000047872	0.0034395023365074717
0.11600000000048305	0.003117236751392083
0.11700000000048716	0.002820932922531383
0.11800000000049127	0.002550064970408661
0.1190000000004956	0.002302007102544801
0.12000000000049971	0.002075677799600495
0.12100000000050382	0.0018688727952493878
0.12200000000050792	0.0016807795766702327
0.12300000000051226	0.0015094846069477752
0.12400000000051636	0.0013538923531690727
0.12500000000052047	0.0012126169854257407
0.1260000000005248	0.0010846515912769084
0.1270000000005289	0.0009688264807476976
0.12800000000053302	0.0008641823392476766
0.12900000000053713	0.0007696382250219624
0.13000000000054146	0.0006845865580163979
0.13100000000054557	0.0006078642274892632
0.13200000000054968	0.0005390911246767605
0.133000000000554	0.00047728926144741113
0.13400000000055812	0.000421910765514677
0.13500000000056223	0.00037248492677155465
0.13600000000056633	0.00032821079342804094
0.13700000000057067	0.0002888855832752224
0.13800000000057477	0.0002537134059912294
0.13900000000057866	0.00022258700997024317
0.140000000000583	0.00019484982446016375
0.1410000000005871	0.00017036593873265282
0.1420000000005912	0.0001486512475392665
0.14300000000059532	0.00012950549262946698
0.14400000000059965	0.0001126176334022011
0.14500000000060376	9.770506514761301e-05
0.14600000000060787	8.466055226163949e-05
0.1470000000006122	7.317061750078402e-05
0.1480000000006163	6.309540226734356e-05
0.14900000000062041	5.4286531522063086e-05
0.15000000000062452	4.6559338742091505e-05
0.15100000000062885	3.981913986450536e-05
0.15200000000063296	3.392050442507788e-05
0.15300000000063707	2.8780890272139814e-05
0.1540000000006414	2.4296213061658634e-05
0.1550000000006455	2.0391352532178608e-05
0.15600000000064962	1.698759182078291e-05
0.15700000000065373	1.4026984800907805e-05
0.15800000000065806	1.1449759472426102e-05
0.15900000000066217	9.2121878614293e-06
0.16000000000066628	7.258817289135244e-06
0.16100000000067038	5.569677049566124e-06
0.16200000000067472	4.095679431492805e-06
0.16300000000067882	2.82073096213864e-06
0.16400000000068293	1.7105264520367314e-06
0.16500000000068726	7.513043051021739e-07
0.16600000000069137	-8.438523591003388e-08
0.16700000000069548	-8.013863617151173e-07
0.1680000000006996	-1.4255728428835823e-06
0.16900000000070392	-1.9564767850255294e-06
0.1700000000007078	-2.416170976848875e-06
0.17100000000071192	-2.803177581389704e-06
0.17200000000071625	-3.1312018464735303e-06
0.17300000000072036	-3.4018821826187207e-06
0.17400000000072446	-3.62358459016221e-06
0.17500000000072857	-3.79917157067311e-06
0.1760000000007329	-3.932047109245218e-06
0.177000000000737	-4.026488287678376e-06
0.17800000000074112	-4.083376521801796e-06
0.17900000000074545	-4.106789860403026e-06
0.18000000000074956	-4.0967216496934356e-06
0.18100000000075367	-4.0570021946351176e-06
0.18200000000075778	-3.987239200364812e-06
0.1830000000007621	-3.8912568069982e-06
0.18400000000076622	-3.768155982575294e-06
0.18500000000077033	-3.6211940570574086e-06
0.18600000000077466	-3.4503763888249495e-06
0.18700000000077877	-3.2582250582002814e-06
0.18800000000078287	-3.0460010420618744e-06
0.18900000000078698	-2.814829791919493e-06
0.1900000000007913	-2.5674420129906395e-06
0.19100000000079542	-2.304830962085447e-06
0.19200000000079953	-2.0297155296500335e-06
0.19300000000080386	-1.743733063497288e-06
0.19400000000080797	-1.4497324787310362e-06
0.19500000000081208	-1.1498629444162134e-06
0.1960000000008162	-8.469982135661525e-07
0.19700000000082052	-5.434491276989917e-07
0.19800000000082463	-2.422601030893645e-07
0.19900000000082874	5.4515230329954534e-08
0.20000000000083307	3.437519574545078e-07
0.20100000000083695	6.237463217040329e-07
0.20200000000084106	8.916383571477837e-07
0.20300000000084517	1.1457345435728072e-06
0.2040000000008495	1.3840431341005655e-06
0.2050000000008536	1.6046999031793518e-06
0.20600000000085772	1.8066077991374385e-06
0.20700000000086205	1.9881660843212856e-06
0.20800000000086616	2.148715509187049e-06
0.20900000000087027	2.2873958512859005e-06
0.21000000000087438	2.4039119910224116e-06
0.2110000000008787	2.4980419290887568e-06
0.21200000000088282	2.569996522705509e-06
0.21300000000088692	2.62005511297847e-06
0.21400000000089126	2.6488355537868102e-06
0.21500000000089536	2.6574468456885825e-06
0.21600000000089947	2.646908050296659e-06
0.21700000000090358	2.6184229700021433e-06
0.2180000000009079	2.573268398031736e-06
0.21900000000091202	2.5133269389021606e-06
0.22000000000091613	2.4396918641977905e-06
0.22100000000092046	2.3540190525750404e-06
0.22200000000092457	2.2578349563318056e-06
0.22300000000092868	2.1529736944359e-06
0.2240000000009328	2.0406342854384363e-06
0.22500000000093712	1.9226263419103162e-06
0.22600000000094123	1.8003297783675265e-06
0.22700000000094533	1.6753119070900269e-06
0.22800000000094967	1.5490857551148096e-06
0.22900000000095377	1.4230202659559765e-06
0.23000000000095788	1.2985974248147514e-06
0.23100000000096177	1.1770656893617115e-06
0.2320000000009661	1.0598798110272867e-06
0.2330000000009702	9.480978466758216e-07
0.23400000000097432	8.43053145072048e-07
0.23500000000097865	7.457086613760211e-07
0.23600000000098276	6.56902098272738e-07
0.23700000000098687	5.779740055444904e-07
0.23800000000099097	5.088523542529089e-07
0.2390000000009953	4.5112899127452977e-07
0.24000000000099941	4.045525442419873e-07
0.24100000000100352	3.6944332604260666e-07
0.24200000000100785	3.466987151812262e-07
0.24300000000101196	3.3471877358692836e-07
0.24400000000101607	3.3452318559668015e-07
0.24500000000102018	3.447527868738476e-07
0.2460000000010245	3.6475567699589817e-07
0.24700000000102862	3.936445619467932e-07
0.24800000000103273	4.2992173754363705e-07
0.24900000000103706	4.7221608756586875e-07
0.25000000000104117	5.187719458454865e-07
0.2510000000010453	5.6799359526849e-07
0.2520000000010494	6.178652585120403e-07
0.2530000000010537	6.666860863369095e-07
0.2540000000010578	7.125179859457376e-07
0.25500000000106193	7.536892420167973e-07
0.25600000000106626	7.886023772885054e-07
0.25700000000107037	8.159582208788763e-07
0.2580000000010745	8.339408017477012e-07
0.2590000000010786	8.421210579978577e-07
0.2600000000010829	8.389948453757512e-07
0.26100000000108703	8.241798616914764e-07
0.2620000000010909	7.969928168538587e-07
0.26300000000109525	7.570395874623159e-07
0.26400000000109936	7.042610804530725e-07
0.26500000000110346	6.382375765667803e-07
0.2660000000011076	5.593963922079226e-07
0.2670000000011119	4.6788347773940586e-07
0.268000000001116	3.6355815724586904e-07
0.2690000000011201	2.473318112539147e-07
0.27000000000112445	1.1925221865549673e-07
0.27100000000112856	-1.9746164481304618e-08
0.27200000000113267	-1.6927590307247442e-07
0.2730000000011368	-3.2793386339768915e-07
0.2740000000011411	-4.955863559530371e-07
0.2750000000011452	-6.703032175980894e-07
0.2760000000011493	-8.51335227647354e-07
0.27700000000115366	-1.037192282504762e-06
0.27800000000115777	-1.2262384099237522e-06
0.2790000000011619	-1.4169521789231254e-06
0.280000000001166	-1.6076721456315113e-06
0.2810000000011703	-1.7964909275747232e-06
0.2820000000011744	-1.981735814782226e-06
0.28300000000117853	-2.161537093536836e-06
0.28400000000118286	-2.334013587956818e-06
0.28500000000118697	-2.497805923429297e-06
0.2860000000011911	-2.6506503238987733e-06
0.2870000000011952	-2.791466159779432e-06
0.2880000000011995	-2.9183367189489218e-06
0.2890000000012036	-3.0299922650911526e-06
0.29000000000120774	-3.1255543395669605e-06
0.29100000000121207	-3.2031859382719574e-06
0.2920000000012162	-3.2628120663069637e-06
0.29300000000122006	-3.3032652688724795e-06
0.29400000000122417	-3.3238597325624397e-06
0.2950000000012285	-3.3245658590530525e-06
0.2960000000012326	-3.3050580148241693e-06
0.2970000000012367	-3.2652936949872924e-06
0.29800000000124083	-3.205680405571343e-06
0.29900000000124516	-3.126548331344736e-06
0.30000000000124927	-3.0285704282206893e-06
0.3010000000012534	-2.9123788332086065e-06
0.3020000000012577	-2.7789536873878973e-06
0.3030000000012618	-2.6290220827007715e-06
0.3040000000012659	-2.463919839046369e-06
0.30500000000127003	-2.284569162291916e-06
0.30600000000127436	-2.092266064623871e-06
0.3070000000012785	-1.888213282175144e-06
0.3080000000012826	-1.673588928108316e-06
0.3090000000012869	-1.4496906446392899e-06
0.310000000001291	-1.2177755894793307e-06
0.31100000000129513	-9.792291197907588e-07
0.31200000000129924	-7.354205242560141e-07
0.31300000000130357	-4.876233827832976e-07
0.3140000000013077	-2.372364797942339e-07
0.3150000000013118	1.438247654306224e-08
0.3160000000013161	2.658251253562227e-07
0.3170000000013202	5.15592724070757e-07
0.31800000000132433	7.625769697927609e-07
0.31900000000132844	1.0049296853553713e-06
0.3200000000013328	1.2414921450876193e-06
0.3210000000013369	1.4709951583480319e-06
0.322000000001341	1.6915305623976806e-06
0.3230000000013453	1.90227732921322e-06
0.3240000000013492	2.1019121301257826e-06
0.3250000000013533	2.2883676076279613e-06
0.3260000000013574	2.461883714111046e-06
0.32700000000136176	2.6202107215045345e-06
0.32800000000136587	2.762746370454927e-06
0.32900000000137	2.88884146892876e-06
0.3300000000013743	2.998170310797299e-06
0.3310000000013784	3.088842673193426e-06
0.3320000000013825	3.161611431212741e-06
0.33300000000138663	3.2163573372434584e-06
0.33400000000139096	3.251443833951484e-06
0.33500000000139507	3.268500557651599e-06
0.3360000000013992	3.267850677612927e-06
0.3370000000014035	3.248477328798849e-06
0.3380000000014076	3.2129051523721586e-06
0.3390000000014117	3.16107384012998e-06
0.34000000000141584	3.0938686559345285e-06
0.34100000000142017	3.0127818468894674e-06
0.3420000000014243	2.9185606127413166e-06
0.3430000000014284	2.8129760617501276e-06
0.3440000000014327	2.6969869497683874e-06
0.3450000000014368	2.571895759251319e-06
0.34600000000144093	2.4393183377657834e-06
0.34700000000144504	2.3003498657026e-06
0.34800000000144937	2.15670582592864e-06
0.3490000000014535	2.0094903936396236e-06
0.3500000000014576	1.8602337690243331e-06
0.3510000000014619	1.710149698297414e-06
0.35200000000146603	1.56060642830802e-06
0.35300000000147014	1.4128367171739598e-06
0.35400000000147425	1.2680212855276096e-06
0.35500000000147836	1.127368838282905e-06
0.35600000000148246	9.918712170486899e-07
0.3570000000014866	8.626552147061872e-07
0.3580000000014909	7.403750063028625e-07
0.359000000001495	6.263298656383753e-07
0.3600000000014991	5.208662431366307e-07
0.36100000000150323	4.245067747321585e-07
0.36200000000150756	3.381021943527074e-07
0.36300000000151167	2.617142150773688e-07
0.3640000000015158	1.955145859655616e-07
0.3650000000015201	1.4001737913549306e-07
0.3660000000015242	9.495195985032012e-08
0.3670000000015283	6.004633723577513e-08
0.36800000000153243	3.554022720564376e-08
0.36900000000153677	2.0656606869451366e-08
0.3700000000015409	1.510085911871073e-08
0.371000000001545	1.8157197079204934e-08
0.3720000000015493	2.9676039181580904e-08
0.3730000000015534	4.802891284683142e-08
0.37400000000155753	7.371280075219033e-08
0.37500000000156164	1.048668794023655e-07
0.37600000000156597	1.4134228409901084e-07
0.3770000000015701	1.820467849800167e-07
0.3780000000015742	2.2639328711715478e-07
0.3790000000015785	2.734857460495732e-07
0.3800000000015826	3.226396526612163e-07
0.38100000000158674	3.731869988587988e-07
0.38200000000159084	4.2452234982892634e-07
0.3830000000015952	4.761247087703424e-07
0.3840000000015993	5.275288124106936e-07
0.3850000000016034	5.78394609984656e-07
0.3860000000016075	6.283980693577718e-07
0.3870000000016116	6.773371110657678e-07
0.3880000000016157	7.250231430777632e-07
0.38900000000161983	7.71355847195565e-07
0.39000000000162416	8.162001295941579e-07
0.39100000000162827	8.596156930718024e-07
0.3920000000016324	9.014386479488934e-07
0.3930000000016367	9.417922811616464e-07
0.3940000000016408	9.805505267745929e-07
0.3950000000016449	1.0177858866811107e-06
0.39600000000164903	1.0533755481212381e-06
0.39700000000165336	1.087403405874987e-06
0.3980000000016575	1.119742071065133e-06
0.3990000000016616	1.1504362043002203e-06
0.4000000000016659	1.17941090038709e-06
0.40100000000167	1.2066810686217622e-06
0.40200000000167413	1.2322514426621467e-06
0.40300000000167824	1.256051613274245e-06
0.40400000000168257	1.278132290005729e-06
0.4050000000016867	1.2984342083743883e-06
0.4060000000016908	1.3170268784445938e-06
0.4070000000016951	1.33387947021113e-06
0.4080000000016992	1.3490672662319625e-06
0.40900000000170333	1.3626646424569344e-06
0.41000000000170744	1.374716239843643e-06
0.4110000000017118	1.3852730429420035e-06
0.4120000000017159	1.3944360690576474e-06
0.41300000000172	1.4023307463029155e-06
0.4140000000017243	1.4089997465438486e-06
0.41500000000172843	1.41453408608605e-06
0.41600000000173254	1.4190222671350838e-06
0.4170000000017364	1.4225685092128515e-06
0.41800000000174076	1.4252562702266047e-06
0.41900000000174487	1.4271934949405818e-06
0.420000000001749	1.428500096212204e-06
0.4210000000017533	1.4293162911016566e-06
0.4220000000017574	1.4297698868181996e-06
0.4230000000017615	1.4300433847092009e-06
0.42400000000176563	1.430299753968356e-06
0.42500000000176996	1.430724750450807e-06
0.42600000000177407	1.4314954104310829e-06
0.4270000000017782	1.432781182364451e-06
0.4280000000017825	1.4347555582494564e-06
0.4290000000017866	1.4376081830524967e-06
0.4300000000017907	1.4415134750311864e-06
0.43100000000179484	1.4466282097780336e-06
0.43200000000179917	1.4531072080048446e-06
0.4330000000018033	1.4610609837539812e-06
0.4340000000018074	1.4705697160000142e-06
0.4350000000018115	1.4816625608649048e-06
0.4360000000018158	1.4943399740952046e-06
0.43700000000181993	1.5085201960918226e-06
0.43800000000182404	1.5241326726256332e-06
0.43900000000182837	1.540977701663948e-06
0.4400000000018325	1.5587991128995782e-06
0.4410000000018366	1.5773538016849997e-06
0.4420000000018407	1.5962536390468074e-06
0.44300000000184503	1.6151090319604933e-06
0.44400000000184914	1.6334489771896443e-06
0.44500000000185325	1.6508361884159939e-06
0.4460000000018576	1.6666432376410967e-06
0.4470000000018617	1.6804792803970514e-06
0.4480000000018656	1.6917013920814128e-06
0.4490000000018697	1.6997744151092675e-06
0.450000000001874	1.7042236557518464e-06
0.4510000000018781	1.7043918694170657e-06
0.45200000000188223	1.699854479841889e-06
0.45300000000188656	1.6901197408270008e-06
0.45400000000189067	1.6745570389220532e-06
0.4550000000018948	1.6530692914518141e-06
0.4560000000018989	1.6249556837877321e-06
0.4570000000019032	1.590252002858783e-06
0.4580000000019073	1.5484428430578845e-06
0.45900000000191143	1.499459179710172e-06
0.46000000000191577	1.443350641228136e-06
0.4610000000019199	1.3800485969550635e-06
0.462000000001924	1.3095901586490655e-06
0.4630000000019281	1.232173814424975e-06
0.4640000000019324	1.1479806859560071e-06
0.46500000000193653	1.057403277160418e-06
0.46600000000194064	9.60651503567611e-07
0.46700000000194497	8.58225091215914e-07
0.4680000000019491	7.504995533924586e-07
0.4690000000019532	6.3796222760093e-07
0.4700000000019573	5.211473252941801e-07
0.4710000000019616	4.005687377350853e-07
0.47200000000196574	2.7686162429318983e-07
0.47300000000196984	1.505605103924168e-07
0.4740000000019742	2.225181816584154e-08
0.4750000000019783	-1.074265887357484e-07
0.4760000000019824	-2.3785717195856648e-07
0.4770000000019865	-3.6843970763200673e-07
0.47800000000199083	-4.985321415684751e-07
0.4790000000019947	-6.275430928237569e-07
0.48000000000199883	-7.54862881313656e-07
0.48100000000200316	-8.799370254664041e-07
0.48200000000200727	-1.002193839250154e-06
0.4830000000020114	-1.121036101503492e-06
0.4840000000020155	-1.2359719365750976e-06
0.4850000000020198	-1.346308911909233e-06
0.4860000000020239	-1.4515540092130408e-06
0.48700000000202803	-1.5514104416691765e-06
0.48800000000203236	-1.6450856534788727e-06
0.4890000000020365	-1.732398838161231e-06
0.4900000000020406	-1.8130100176705355e-06
0.4910000000020447	-1.886597990496952e-06
0.492000000002049	-1.9528676784563714e-06
0.49300000000205313	-2.0116930852243087e-06
0.49400000000205724	-2.0631021260264504e-06
0.49500000000206157	-2.106687156944176e-06
0.4960000000020657	-2.1425349665538107e-06
0.4970000000020698	-2.1706889152817155e-06
0.4980000000020739	-2.1909447847079377e-06
0.4990000000020782	-2.203348864471266e-06
0.5000000000020823	-2.20804440576039e-06
0.5010000000020864	-2.204907089797814e-06
0.5020000000020908	-2.194132057820042e-06
0.5030000000020949	-2.175902233281235e-06
0.504000000002099	-2.150289694302643e-06
0.5050000000021031	-2.117568820292348e-06
0.5060000000021074	-2.0777435025820523e-06
0.5070000000021115	-2.031158622406437e-06
0.5080000000021156	-1.977896428195791e-06
0.50900000000212	-1.918118710531047e-06
0.5100000000021239	-1.8521238482893665e-06
0.511000000002128	-1.7801824971908076e-06
0.5120000000021321	-1.7025309066998062e-06
0.5130000000021364	-1.6194100962430014e-06
0.5140000000021405	-1.5310489500652835e-06
0.5150000000021446	-1.437868169418266e-06
0.516000000002149	-1.340068499500191e-06
0.5170000000021531	-1.2380667446798554e-06
0.5180000000021572	-1.132068589537738e-06
0.5190000000021613	-1.0225362141458305e-06
0.5200000000021656	-9.09629430445591e-07
0.5210000000021697	-7.939912900489787e-07
0.5220000000021738	-6.758303321419135e-07
0.5230000000021782	-5.556178810373069e-07
0.5240000000021823	-4.338350370058919e-07
0.5250000000021864	-3.1075635464894447e-07
0.5260000000021905	-1.8693745107434268e-07
0.5270000000021948	-6.260210616559903e-08
0.5280000000021989	6.175915878703364e-08
0.529000000002203	1.8591421302449618e-07
0.5300000000022074	3.094810747672483e-07
0.5310000000022115	4.321691875475153e-07
0.5320000000022156	5.537017621071172e-07
0.5330000000022197	6.736322089029301e-07
0.534000000002224	7.920076847689472e-07
0.5350000000022281	9.080582554776839e-07
0.5360000000022322	1.022075100109987e-06
0.5370000000022366	1.1333580663963616e-06
0.5380000000022407	1.2420136163981965e-06
0.5390000000022448	1.347670500306819e-06
0.5400000000022487	1.4501758736074066e-06
0.541000000002253	1.5492066000044602e-06
0.5420000000022571	1.644633915942606e-06
0.5430000000022612	1.7359532487049023e-06
0.5440000000022656	1.82311487062492e-06
0.5450000000022697	1.9055140026980055e-06
0.5460000000022738	1.983182963627428e-06
0.5470000000022779	2.0557250836050756e-06
0.5480000000022822	2.1230285350837264e-06
0.5490000000022863	2.185054519876495e-06
0.5500000000022904	2.2416165170735525e-06
0.5510000000022948	2.29254535344392e-06
0.5520000000022989	2.337760740767081e-06
0.553000000002303	2.3769257668782018e-06
0.5540000000023071	2.410042443390381e-06
0.5550000000023114	2.43688938128539e-06
0.5560000000023155	2.457361129026836e-06
0.5570000000023196	2.4713754427363455e-06
0.558000000002324	2.4789072048392313e-06
0.5590000000023281	2.4800688913639846e-06
0.5600000000023322	2.4749654676803345e-06
0.5610000000023363	2.463840394817396e-06
0.5620000000023406	2.4467255423932244e-06
0.5630000000023447	2.4237768897483747e-06
0.5640000000023488	2.395216364137198e-06
0.5650000000023532	2.3609653407863362e-06
0.5660000000023573	2.3211711652759703e-06
0.5670000000023614	2.2759767063229575e-06
0.5680000000023655	2.2254718943237606e-06
0.5690000000023698	2.1699803514074745e-06
0.5700000000023739	2.109756680801489e-06
0.5710000000023778	2.0449926398935503e-06
0.5720000000023819	1.9760287192083226e-06
0.5730000000023863	1.9031009340642058e-06
0.5740000000023904	1.826417365347055e-06
0.5750000000023945	1.7463692579822165e-06
0.5760000000023988	1.6632745968303553e-06
0.5770000000024029	1.5774725231620934e-06
0.578000000002407	1.4893867288368057e-06
0.5790000000024111	1.399472647767297e-06
0.5800000000024155	1.3082218288662517e-06
0.5810000000024196	1.216175346652193e-06
0.5820000000024237	1.1238581895112176e-06
0.583000000002428	1.0316933262144445e-06
0.5840000000024321	9.401968540379002e-07
0.5850000000024362	8.496635668375774e-07
0.5860000000024403	7.605795215859246e-07
0.5870000000024447	6.731258889169922e-07
0.5880000000024488	5.877774251761281e-07
0.5890000000024529	5.047209332698088e-07
0.5900000000024572	4.2446149017827395e-07
0.5910000000024613	3.471725366077649e-07
0.5920000000024654	2.7316897677209795e-07
0.5930000000024696	2.0281494195195648e-07
0.5940000000024739	1.3617694594181273e-07
0.595000000002478	7.340186924942316e-08
0.5960000000024821	1.4647956181335076e-08
0.5970000000024864	-3.9963352627125914e-08
0.5980000000024905	-9.052847427248878e-08
0.5990000000024946	-1.3669991361098255e-07
0.6000000000024988	-1.7872497326543169e-07
0.6010000000025031	-2.1621008761130156e-07
0.602000000002507	-2.4928737163421033e-07
0.6030000000025111	-2.778413579207495e-07
0.6040000000025154	-3.0176684151506095e-07
0.6050000000025195	-3.2129987270757e-07
0.6060000000025236	-3.363169902570462e-07
0.6070000000025277	-3.4709954088718575e-07
0.6080000000025321	-3.537724830859901e-07
0.6090000000025362	-3.566142079414192e-07
0.6100000000025403	-3.557392058706199e-07
0.6110000000025446	-3.5148068122659026e-07
0.6120000000025487	-3.4401107606996106e-07
0.6130000000025528	-3.3352349992910035e-07
0.614000000002557	-3.2023820151216853e-07
0.6150000000025613	-3.044294270004855e-07
0.6160000000025654	-2.862858845542604e-07
0.6170000000025695	-2.660537452570111e-07
0.6180000000025738	-2.4387571673223363e-07
0.6190000000025779	-2.1996537258317517e-07
0.620000000002582	-1.945048779816716e-07
0.6210000000025861	-1.6765628307879865e-07
0.6220000000025905	-1.3956340594312167e-07
0.6230000000025946	-1.1033997915355087e-07
0.6240000000025987	-8.010257035451218e-08
0.625000000002603	-4.8952208953068066e-08
0.6260000000026071	-1.6989161633063077e-08
0.6270000000026112	1.563328222431437e-08
0.6280000000026154	4.88193225844924e-08
0.6290000000026197	8.243742533053933e-08
0.6300000000026238	1.1639852148803698e-07
0.6310000000026279	1.5057205504653837e-07
0.6320000000026322	1.848443037522074e-07
0.6330000000026361	2.1902108748861338e-07
0.6340000000026402	2.52899979513721e-07
0.6350000000026443	2.862326784480729e-07
0.6360000000026487	3.1876269579456107e-07
0.6370000000026528	3.50214794053727e-07
0.6380000000026569	3.803313878281145e-07
0.6390000000026612	4.088292513415581e-07
0.6400000000026653	4.3546809280758936e-07
0.6410000000026694	4.599596027388131e-07
0.6420000000026735	4.821194845572307e-07
0.6430000000026779	5.01738350200398e-07
0.644000000002682	5.186118893218961e-07
0.6450000000026861	5.326247000114748e-07
0.6460000000026904	5.435828346334048e-07
0.6470000000026945	5.514267631401282e-07
0.6480000000026986	5.560835956153198e-07
0.6490000000027027	5.574677148789675e-07
0.6500000000027071	5.55751299424756e-07
0.6510000000027112	5.508040347157461e-07
0.6520000000027153	5.429804174061914e-07
0.6530000000027196	5.323328446937836e-07
0.6540000000027237	5.189832470442468e-07
0.6550000000027278	5.032296892526489e-07
0.656000000002732	4.851021908613973e-07
0.6570000000027363	4.6484278914959987e-07
0.6580000000027404	4.4252857822613123e-07
0.6590000000027445	4.1843324571910756e-07
0.6600000000027488	3.925488685219136e-07
0.6610000000027529	3.6512485424022856e-07
0.662000000002757	3.362376641558029e-07
0.6630000000027612	3.060893372097695e-07
0.6640000000027653	2.747966334482044e-07
0.6650000000027694	2.425678916617713e-07
0.6660000000027735	2.0953693891101466e-07
0.6670000000027778	1.7587159573118072e-07
0.6680000000027819	1.4171274309582316e-07
0.669000000002786	1.0721651522160869e-07
0.6700000000027901	7.252070255425735e-08
0.6710000000027945	3.779521950963982e-08
0.6720000000027986	3.2077718259415633e-09
0.6730000000028027	-3.104160151146118e-08
0.674000000002807	-6.478564551493093e-08
0.6750000000028111	-9.784997834216824e-08
0.6760000000028152	-1.3009599220126233e-07
0.6770000000028193	-1.6143429304449342e-07
0.6780000000028237	-1.9183921362575518e-07
0.6790000000028278	-2.2131536603353652e-07
0.6800000000028319	-2.499258098254131e-07
0.6810000000028362	-2.777031453682355e-07
0.6820000000028403	-3.0473655820983936e-07
0.6830000000028444	-3.3097966500861276e-07
0.6840000000028486	-3.564751076545747e-07
0.6850000000028529	-3.8105991317927135e-07
0.686000000002857	-4.047321491285061e-07
0.6870000000028611	-4.273020359768509e-07
0.6880000000028654	-4.4877454863367916e-07
0.6890000000028695	-4.6904318251606014e-07
0.6900000000028736	-4.881927764266436e-07
0.6910000000028778	-5.061746262136069e-07
0.6920000000028821	-5.231042139453024e-07
0.6930000000028862	-5.388853199228549e-07
0.6940000000028901	-5.535483562635335e-07
0.6950000000028944	-5.669230567217909e-07
0.6960000000028985	-5.789184212012799e-07
0.6970000000029026	-5.893305408122274e-07
0.6980000000029067	-5.979711477088756e-07
0.6990000000029111	-6.046054514818877e-07
0.7000000000029152	-6.091036559574547e-07
0.7010000000029193	-6.111438586309248e-07
0.7020000000029236	-6.107402792387973e-07
0.7030000000029277	-6.075315372999768e-07
0.7040000000029318	-6.016012337184407e-07
0.705000000002936	-5.926965416236385e-07
0.7060000000029403	-5.808033569643101e-07
0.7070000000029444	-5.659821409320642e-07
0.7080000000029485	-5.482041558479978e-07
0.7090000000029526	-5.275232073387315e-07
0.7100000000029569	-5.040320523175268e-07
0.711000000002961	-4.777568478608885e-07
0.7120000000029651	-4.4874697335828273e-07
0.7130000000029695	-4.170567104999634e-07
0.7140000000029736	-3.82677471710835e-07
0.7150000000029777	-3.456818034042186e-07
0.7160000000029818	-3.0611621970599856e-07
0.7170000000029861	-2.6413951514925316e-07
0.7180000000029902	-2.1979791786641556e-07
0.7190000000029944	-1.7329491797113405e-07
0.7200000000029987	-1.2471311272577168e-07
0.7210000000030028	-7.429879977927101e-08
0.7220000000030069	-2.215014482942479e-08
0.723000000003011	3.151116212407601e-08
0.7240000000030153	8.646734483974683e-08
0.7250000000030195	1.4250475077748348e-07
0.7260000000030233	1.9935190431752403e-07
0.7270000000030277	2.5676703130361744e-07
0.7280000000030318	3.1447882942181593e-07
0.7290000000030359	3.7222577775608556e-07
0.73000000000304	4.297635148864387e-07
0.7310000000030443	4.868325010898289e-07
0.7320000000030484	5.432612506517387e-07
0.7330000000030525	5.987783195937624e-07
0.7340000000030569	6.532177274642947e-07
0.735000000003061	7.063791774841732e-07
0.7360000000030651	7.580338214907556e-07
0.7370000000030692	8.079615037015486e-07
0.7380000000030735	8.559913248218365e-07
0.7390000000030776	9.019745307314864e-07
0.7400000000030817	9.457003466994962e-07
0.7410000000030861	9.871018579188373e-07
0.7420000000030902	1.0260629836889024e-06
0.7430000000030943	1.0625234283523355e-06
0.7440000000030984	1.0964482483055704e-06
0.7450000000031027	1.1277635276751852e-06
0.7460000000031068	1.1564769647476325e-06
0.747000000003111	1.1826059850283954e-06
0.7480000000031153	1.206072792081514e-06
0.7490000000031194	1.227005795634284e-06
0.7500000000031235	1.2453341874385515e-06
0.7510000000031276	1.2611123496597543e-06
0.7520000000031319	1.2744262620767444e-06
0.753000000003136	1.2851885857756429e-06
0.7540000000031402	1.2934806848940994e-06
0.7550000000031445	1.2994072690064584e-06
0.7560000000031484	1.3029416245924352e-06
0.7570000000031525	1.3042411258767928e-06
0.7580000000031566	1.3033163203113318e-06
0.7590000000031609	1.3003274264011822e-06
0.760000000003165	1.295265513623356e-06
0.7610000000031691	1.2882353600529584e-06
0.7620000000031735	1.2794352310940837e-06
0.7630000000031776	1.2687895238894242e-06
0.7640000000031817	1.2566511625733412e-06
0.7650000000031858	1.2426345237237513e-06
0.7660000000031901	1.2272482968755938e-06
0.7670000000031942	1.2101529414110246e-06
0.7680000000031983	1.191521748933333e-06
0.7690000000032027	1.1712629499616156e-06
0.7700000000032068	1.1494393710176354e-06
0.7710000000032109	1.1260247952948887e-06
0.772000000003215	1.1011358972412566e-06
0.7730000000032193	1.0747255303478198e-06
0.7740000000032234	1.0469442255356398e-06
0.7750000000032276	1.0177080946860428e-06
0.7760000000032319	9.872095574348094e-07
0.777000000003236	9.553718691712731e-07
0.7780000000032401	9.222806974795716e-07
0.7790000000032442	8.878876550655335e-07
0.7800000000032485	8.522556964596362e-07
0.7810000000032526	8.153456734216746e-07
0.7820000000032568	7.772115094839549e-07
0.7830000000032611	7.378441656546997e-07
0.7840000000032652	6.972419559492238e-07
0.7850000000032693	6.554071805275896e-07
0.7860000000032734	6.122950274578542e-07
0.7870000000032777	5.679006216396942e-07
0.7880000000032816	5.222432688523071e-07
0.7890000000032857	4.7531925051469415e-07
0.7900000000032901	4.2713847370201563e-07
0.7910000000032942	3.778465373915907e-07
0.7920000000032983	3.274413343801186e-07
0.7930000000033024	2.76033610635551e-07
0.7940000000033067	2.2372075525467494e-07
0.7950000000033108	1.7061834989284819e-07
0.796000000003315	1.1673577526849499e-07
0.7970000000033193	6.223824133844147e-08
0.7980000000033234	7.155502412814485e-09
0.7990000000033275	-4.8434779742478895e-08
0.8000000000033316	-1.0451681919931843e-07
0.8010000000033359	-1.6099575317340964e-07
0.80200000000334	-2.178405000829997e-07
0.8030000000033441	-2.749484409036995e-07
0.8040000000033485	-3.322286084017634e-07
0.8050000000033526	-3.8957954640039816e-07
0.8060000000033567	-4.4689075129333844e-07
0.8070000000033608	-5.040472212947122e-07
0.8080000000033651	-5.609645516990724e-07
0.8090000000033692	-6.17531479951694e-07
0.8100000000033734	-6.736726050338149e-07
0.8110000000033777	-7.293051069723333e-07
0.8120000000033818	-7.843023428488749e-07
0.8130000000033859	-8.386006260518997e-07
0.81400000000339	-8.921093346270226e-07
0.8150000000033943	-9.447066782186653e-07
0.8160000000033985	-9.963467464402243e-07
0.8170000000034026	-1.0469116946687507e-06
0.8180000000034067	-1.0963408776376582e-06
0.8190000000034108	-1.1444986869335594e-06
0.8200000000034149	-1.191320546434227e-06
0.821000000003419	-1.2366736910074394e-06
0.8220000000034233	-1.2804734386140382e-06
0.8230000000034274	-1.3226587547432445e-06
0.8240000000034315	-1.3631368500632846e-06
0.8250000000034359	-1.4019610337090427e-06
0.82600000000344	-1.4390585580947857e-06
0.8270000000034441	-1.474528576572709e-06
0.8280000000034482	-1.5083985387409626e-06
0.8290000000034525	-1.540701141777845e-06
0.8300000000034566	-1.5714301959679489e-06
0.8310000000034607	-1.6005209051428437e-06
0.8320000000034651	-1.6279953702902361e-06
0.8330000000034692	-1.6538210605432369e-06
0.8340000000034733	-1.6778243459025788e-06
0.8350000000034774	-1.7001222614165812e-06
0.8360000000034817	-1.7205555811194984e-06
0.8370000000034858	-1.7391374642627966e-06
0.83800000000349	-1.755882461207392e-06
0.8390000000034943	-1.770697152014833e-06
0.8400000000034984	-1.7836846217811342e-06
0.8410000000035025	-1.7947863546474707e-06
0.8420000000035066	-1.8039862530461193e-06
0.8430000000035109	-1.8112707698136887e-06
0.844000000003515	-1.8166074455816528e-06
0.8450000000035192	-1.8199147064912324e-06
0.8460000000035233	-1.8212244832227498e-06
0.8470000000035276	-1.820557192555583e-06
0.8480000000035317	-1.8179148963959335e-06
0.8490000000035356	-1.8134443953155e-06
0.8500000000035399	-1.8070659870694783e-06
0.851000000003544	-1.7990555465363656e-06
0.8520000000035481	-1.7892568140442933e-06
0.8530000000035523	-1.7779755459024216e-06
0.8540000000035566	-1.7651229311521632e-06
0.8550000000035607	-1.7508485730122203e-06
0.8560000000035648	-1.7352329362285701e-06
0.8570000000035691	-1.7182859615161306e-06
0.8580000000035732	-1.7001225276480625e-06
0.8590000000035773	-1.6808265750345441e-06
0.8600000000035815	-1.6604682602228138e-06
0.8610000000035858	-1.6391350250444248e-06
0.8620000000035899	-1.6169087100337265e-06
0.863000000003594	-1.5937435331458971e-06
0.8640000000035983	-1.5696819211097335e-06
0.8650000000036024	-1.544714512524692e-06
0.8660000000036066	-1.5188376760733036e-06
0.8670000000036107	-1.4920692257280876e-06
0.868000000003615	-1.464455406718912e-06
0.8690000000036191	-1.4359136015773544e-06
0.8700000000036232	-1.406504554601895e-06
0.8710000000036275	-1.3761821477942249e-06
0.8720000000036316	-1.3449737299442432e-06
0.8730000000036358	-1.3129239953002525e-06
0.8740000000036399	-1.2800719315642084e-06
0.8750000000036442	-1.2464636394149409e-06
0.8760000000036483	-1.212191681476682e-06
0.8770000000036524	-1.1772605126303404e-06
0.8780000000036567	-1.1417904006716384e-06
0.8790000000036609	-1.105822586389138e-06
0.8800000000036647	-1.069483922089276e-06
0.8810000000036688	-1.0328585595686945e-06
0.8820000000036732	-9.96064993374901e-07
0.8830000000036773	-9.591870602232433e-07
0.8840000000036814	-9.22317505036574e-07
0.8850000000036857	-8.855021020881537e-07
0.8860000000036898	-8.487826117509201e-07
0.887000000003694	-8.121894130574958e-07
0.888000000003698	-7.757638214034301e-07
0.8890000000037024	-7.395364733930876e-07
0.8900000000037065	-7.035319977699572e-07
0.8910000000037106	-6.677595971726902e-07
0.8920000000037149	-6.322192216412503e-07
0.893000000003719	-5.969103045178059e-07
0.8940000000037231	-5.618434837373343e-07
0.8950000000037273	-5.270372671617451e-07
0.8960000000037316	-4.925168015645909e-07
0.8970000000037357	-4.5831708517241054e-07
0.8980000000037398	-4.2446380854599397e-07
0.8990000000037441	-3.9098956761129955e-07
0.9000000000037482	-3.579593534919212e-07
0.9010000000037524	-3.2541242211969745e-07
0.9020000000037565	-2.934058511705473e-07
0.9030000000037608	-2.6199399560944414e-07
0.9040000000037649	-2.3126496273562225e-07
0.905000000003769	-2.0126072364234915e-07
0.9060000000037733	-1.7205836999600876e-07
0.9070000000037775	-1.4369543821501907e-07
0.9080000000037816	-1.1622058515570188e-07
0.9090000000037857	-8.964586895032767e-08
0.91000000000379	-6.398012830644006e-08
0.9110000000037939	-3.924210889572066e-08
0.912000000003798	-1.542447858327023e-08
0.9130000000038023	7.436233184776597e-09
0.9140000000038064	2.9390739064716342e-08
0.9150000000038105	5.0430887132968394e-08
0.9160000000038147	7.061630846738609e-08
0.917000000003819	8.991900490862292e-08
0.9180000000038231	1.08427865908034e-07
0.9190000000038272	1.2609333999158423e-07
0.9200000000038315	1.4296932759894077e-07
0.9210000000038356	1.5900652949873972e-07
0.9220000000038397	1.7427346710174874e-07
0.9230000000038439	1.8867187900895033e-07
0.9240000000038482	2.0232502473405134e-07
0.9250000000038523	2.1514165693403697e-07
0.9260000000038564	2.2724774817461935e-07
0.9270000000038607	2.3857884057232326e-07
0.9280000000038648	2.492521952168758e-07
0.929000000003869	2.591875357671469e-07
0.9300000000038731	2.685000856095243e-07
0.9310000000038774	2.7710284289383935e-07
0.9320000000038815	2.8506215132839685e-07
0.9330000000038856	2.9231757658898516e-07
0.9340000000038899	2.9897386288890715e-07
0.935000000003894	3.049326486870285e-07
0.9360000000038982	3.103022069295136e-07
0.9370000000039023	3.1503330721882605e-07
0.9380000000039066	3.1917640674894443e-07
0.9390000000039107	3.2266808480674314e-07
0.9400000000039148	3.2555787110588597e-07
0.9410000000039191	3.2779024450313443e-07
0.942000000003923	3.2940552852078753e-07
0.9430000000039271	3.3042708169617185e-07
0.9440000000039312	3.3091504980653497e-07
0.9450000000039356	3.3084968031893425e-07
0.9460000000039397	3.3029919865867896e-07
0.9470000000039438	3.292501340457221e-07
0.9480000000039481	3.277162412551604e-07
0.9490000000039522	3.2568684438238904e-07
0.9500000000039563	3.2313959197338704e-07
0.9510000000039605	3.200827611848922e-07
0.9520000000039648	3.1651954879308164e-07
0.9530000000039689	3.1245990916861643e-07
0.954000000003973	3.0793444316667973e-07
0.9550000000039773	3.029581453484198e-07
0.9560000000039814	2.975641594238354e-07
0.9570000000039856	2.9180777294524063e-07
0.9580000000039897	2.8570402510474935e-07
0.959000000003994	2.7929818513516835e-07
0.9600000000039981	2.726339705105829e-07
0.9610000000040022	2.6571658873209003e-07
0.9620000000040065	2.5862364583240094e-07
0.9630000000040106	2.5135235526274613e-07
0.9640000000040148	2.439503092865891e-07
0.9650000000040189	2.3642040869464864e-07
0.9660000000040232	2.2879154248922617e-07
0.9670000000040273	2.2107111130598156e-07
0.9680000000040314	2.132837990664882e-07
0.9690000000040357	2.054498398074145e-07
0.9700000000040399	1.9759372116290308e-07
0.9710000000040437	1.8974780435776495e-07
0.9720000000040478	1.8193983852832218e-07
0.9730000000040522	1.7420092923714492e-07
0.9740000000040563	1.6655715839863916e-07
0.9750000000040604	1.5903293293373366e-07
0.9760000000040647	1.5164321898186728e-07
0.9770000000040688	1.4439646678354734e-07
0.978000000004073	1.3729850545374234e-07
0.979000000004077	1.3034796031430318e-07
0.9800000000040812	1.235384623488045e-07
0.9810000000040855	1.1685775946901344e-07
0.9820000000040896	1.1029292912301258e-07
0.9830000000040937	1.0382355553062439e-07
0.984000000004098	9.74349789739648e-08
0.9850000000041004	9.110598098160949e-08
0.9860000000041018	8.482479019189526e-08
0.987000000004103	7.857748340889259e-08
0.9880000000041045	7.235745336231503e-08
0.9890000000041059	6.615899561523975e-08
0.9900000000041072	5.99903993148132e-08
0.9910000000041086	5.385996282303296e-08
0.99200000000411	4.777595774552168e-08
0.9930000000041115	4.176331658278798e-08
0.9940000000041127	3.583018770569879e-08
0.9950000000041141	3.0002701878473204e-08
0.9960000000041156	2.4305798929091793e-08
0.997000000004117	1.8756035280453887e-08
0.9980000000041185	1.3379996222084856e-08
0.9990000000041197	8.191382017130877e-09
1.0000000000041211	3.204336573858768e-09
1.001000000004117	-1.575297225997474e-09
1.002000000004113	-6.134691643566725e-09
1.0030000000041086	-1.0488718782397655e-08
1.0040000000041045	-1.4640482604022509e-08
1.0050000000041002	-1.86036759330932e-08
1.006000000004096	-2.2390034715158436e-08
1.007000000004092	-2.6009389308967457e-08
1.0080000000040878	-2.9483705699107077e-08
1.0090000000040837	-3.282186900044337e-08
1.0100000000040794	-3.603827214426758e-08
1.0110000000040753	-3.9130826801070384e-08
1.012000000004071	-4.210559167994177e-08
1.0130000000040669	-4.496846539581156e-08
1.0140000000040628	-4.7728944352343206e-08
1.0150000000040587	-5.0403393458964274e-08
1.0160000000040534	-5.301837946447563e-08
1.0170000000040464	-5.5602643378449557e-08
1.0180000000040397	-5.819122050887415e-08
1.0190000000040325	-6.081036629801417e-08
1.0200000000040257	-6.348537584521807e-08
1.021000000004019	-6.622268200473513e-08
1.0220000000040117	-6.902486449078538e-08
1.023000000004005	-7.187911243988765e-08
1.0240000000039977	-7.476340746492838e-08
1.025000000003991	-7.76524133883072e-08
1.026000000003984	-8.050964894756873e-08
1.027000000003977	-8.330891443364408e-08
1.0280000000039702	-8.601725487444867e-08
1.0290000000039632	-8.861688316486038e-08
1.0300000000039562	-9.108869369889305e-08
1.0310000000039494	-9.343044138354628e-08
1.0320000000039424	-9.56484578207295e-08
1.0330000000039354	-9.775028386727058e-08
1.0340000000039287	-9.97571401040176e-08
1.0350000000039217	-1.0168695441237219e-07
1.0360000000039147	-1.0357394875093462e-07
1.0370000000039077	-1.0544966722036975e-07
1.0380000000039007	-1.0734955901980925e-07
1.039000000003894	-1.0930623628446767e-07
1.0400000000038867	-1.1134885236074865e-07
1.04100000000388	-1.1349266726412566e-07
1.0420000000038732	-1.1575370839622678e-07
1.043000000003866	-1.1813268407934174e-07
1.0440000000038592	-1.2062196352857768e-07
1.0450000000038522	-1.232018671526447e-07
1.0460000000038452	-1.2585547848331657e-07
1.0470000000038384	-1.2855440045811406e-07
1.0480000000038314	-1.312740318670791e-07
1.0490000000038244	-1.3398048603896484e-07
1.0500000000038174	-1.3664402942481502e-07
1.0510000000038104	-1.3922573116609271e-07
1.0520000000038037	-1.417003465675748e-07
1.0530000000037967	-1.4404288806169063e-07
1.0540000000037897	-1.4622188904134248e-07
1.055000000003783	-1.4824920135936281e-07
1.056000000003776	-1.5008886089518114e-07
1.057000000003769	-1.51781450519195e-07
1.0580000000037622	-1.5332360847608584e-07
1.059000000003755	-1.547533707846327e-07
1.0600000000037482	-1.5611536574589024e-07
1.0610000000037412	-1.5745872161687657e-07
1.0620000000037342	-1.5884701665136447e-07
1.0630000000037274	-1.6033815875005075e-07
1.0640000000037202	-1.6198694030578054e-07
1.0650000000037134	-1.6384566459137773e-07
1.0660000000037064	-1.6596005902869138e-07
1.0670000000036994	-1.6836140770415398e-07
1.0680000000036927	-1.7109282213212396e-07
1.0690000000036857	-1.741722674974966e-07
1.0700000000036787	-1.776286078225553e-07
1.071000000003672	-1.814969250446552e-07
1.072000000003665	-1.8578222271692368e-07
1.073000000003658	-1.9051591948482383e-07
1.0740000000036511	-1.9568924192192583e-07
1.075000000003644	-2.0130869460288636e-07
1.0760000000036372	-2.0737895756184344e-07
1.0770000000036304	-2.1387630422253778e-07
1.0780000000036232	-2.2083453643517714e-07
1.0790000000036164	-2.2821531220351687e-07
1.0800000000036092	-2.3601258924976776e-07
1.0810000000036024	-2.4423442979149e-07
1.0820000000035954	-2.52838218139928e-07
1.0830000000035884	-2.618167564971685e-07
1.0840000000035817	-2.7111559397496876e-07
1.0850000000035747	-2.8068530322222784e-07
1.0860000000035677	-2.9045641669611655e-07
1.087000000003561	-3.003632378373311e-07
1.088000000003554	-3.1033786607181924e-07
1.089000000003547	-3.203217611158493e-07
1.0900000000035401	-3.302618074574326e-07
1.091000000003533	-3.4011462957117544e-07
1.0920000000035262	-3.4984180863339986e-07
1.0930000000035192	-3.594240483018041e-07
1.0940000000035122	-3.6883643717011694e-07
1.0950000000035054	-3.7807473773909805e-07
1.0960000000034982	-3.871322815651723e-07
1.0970000000034914	-3.960062946450904e-07
1.0980000000034844	-4.047038637544631e-07
1.0990000000034774	-4.132283386582003e-07
1.1000000000034706	-4.216134796841686e-07
1.1010000000034637	-4.2985921377969305e-07
1.1020000000034567	-4.3799995297355565e-07
1.1030000000034499	-4.460450919729908e-07
1.104000000003443	-4.540112121809159e-07
1.105000000003436	-4.619138773698239e-07
1.106000000003429	-4.6977648415769124e-07
1.107000000003422	-4.776205122514199e-07
1.1080000000034151	-4.85466066013629e-07
1.1090000000034081	-4.933221613434569e-07
1.1100000000034012	-5.01185986712116e-07
1.1110000000033944	-5.09036630846893e-07
1.1120000000033872	-5.168461638671573e-07
1.1130000000033804	-5.245792595864884e-07
1.1140000000033736	-5.321921219270109e-07
1.1150000000033664	-5.396507010146934e-07
1.1160000000033596	-5.469074217945291e-07
1.1170000000033526	-5.539202327931037e-07
1.1180000000033457	-5.606393764789885e-07
1.1190000000033387	-5.670318439232602e-07
1.1200000000033317	-5.730287835348236e-07
1.121000000003325	-5.786325900647427e-07
1.122000000003318	-5.8377697609302e-07
1.123000000003311	-5.884775127196207e-07
1.1240000000033041	-5.926766664110517e-07
1.1250000000032971	-5.963780995710266e-07
1.1260000000032901	-5.995599059449574e-07
1.1270000000032834	-6.02211148503784e-07
1.1280000000032764	-6.04329544406923e-07
1.1290000000032694	-6.059108903500032e-07
1.1300000000032626	-6.069385678486583e-07
1.1310000000032554	-6.074202070216472e-07
1.1320000000032486	-6.073597214051318e-07
1.1330000000032414	-6.067341431492679e-07
1.1340000000032346	-6.055539021332379e-07
1.1350000000032279	-6.038271327390987e-07
1.1360000000032207	-6.015453666297077e-07
1.1370000000032139	-5.98700124365692e-07
1.138000000003207	-5.952957067290043e-07
1.1390000000032	-5.9133923735466e-07
1.1400000000031931	-5.868536003816871e-07
1.1410000000031861	-5.818618395991848e-07
1.1420000000031791	-5.763470560804507e-07
1.1430000000031724	-5.703747616436772e-07
1.1440000000031654	-5.639090567832739e-07
1.1450000000031584	-5.57014560920166e-07
1.1460000000031516	-5.496998469745051e-07
1.1470000000031444	-5.419764366187962e-07
1.1480000000031376	-5.338746664751426e-07
1.1490000000031304	-5.254368262708198e-07
1.1500000000031236	-5.166893912722514e-07
1.1510000000031169	-5.076582707541633e-07
1.1520000000031096	-4.983742782904699e-07
1.1530000000031029	-4.888611442321888e-07
1.1540000000030959	-4.791532544068389e-07
1.155000000003089	-4.6927409824704114e-07
1.1560000000030821	-4.5926908964766255e-07
1.1570000000030751	-4.4916595332011866e-07
1.1580000000030681	-4.3902616209123835e-07
1.1590000000030614	-4.28889507020358e-07
1.1600000000030544	-4.188263287296934e-07
1.1610000000030474	-4.0888252939019765e-07
1.1620000000030404	-3.991186328100582e-07
1.1630000000030334	-3.895623852390173e-07
1.1640000000030266	-3.8023349779869875e-07
1.1650000000030196	-3.7114582274178076e-07
1.1660000000030126	-3.6229922395492054e-07
1.1670000000030059	-3.5370403050904997e-07
1.1680000000029986	-3.453661272523334e-07
1.1690000000029919	-3.3728542603306266e-07
1.1700000000029849	-3.2946352290785796e-07
1.1710000000029779	-3.2189220577905076e-07
1.172000000002971	-3.1457038840443374e-07
1.1730000000029641	-3.0750235424648054e-07
1.1740000000029571	-3.006833324548097e-07
1.1750000000029501	-2.941229757524866e-07
1.1760000000029431	-2.8781231775631966e-07
1.1770000000029364	-2.817691786560772e-07
1.1780000000029294	-2.759660286955068e-07
1.1790000000029224	-2.70394670875973e-07
1.1800000000029156	-2.650187549413374e-07
1.1810000000029086	-2.5982001083946216e-07
1.1820000000029016	-2.547595325808061e-07
1.1830000000028948	-2.4980188517709223e-07
1.1840000000028876	-2.44910107527474e-07
1.1850000000028809	-2.400537368885125e-07
1.186000000002874	-2.3519279612749244e-07
1.1870000000028669	-2.3030079110419877e-07
1.18800000000286	-2.2534751042968537e-07
1.1890000000028529	-2.2031765323227148e-07
1.1900000000028461	-2.151967655183995e-07
1.1910000000028391	-2.0997772609554488e-07
1.1920000000028321	-2.0466025696386225e-07
1.1930000000028254	-1.9924520233693954e-07
1.1940000000028184	-1.9373629989161145e-07
1.1950000000028114	-1.8814941271649843e-07
1.1960000000028046	-1.825027060586848e-07
1.1970000000027976	-1.768213540032093e-07
1.1980000000027906	-1.7113470929253083e-07
1.1990000000027838	-1.6546748282664225e-07
1.2000000000027768	-1.5983903800531607e-07
1.2010000000027699	-1.5426953225983198e-07
1.2020000000027629	-1.487627627749788e-07
1.2030000000027559	-1.4332217634915878e-07
1.204000000002749	-1.3794531517064001e-07
1.2050000000027419	-1.3261904419081816e-07
1.206000000002735	-1.273361713849397e-07
1.2070000000027283	-1.2207780875073126e-07
1.2080000000027211	-1.1683633793779791e-07
1.2090000000027143	-1.115980796662086e-07
1.2100000000027074	-1.0635324021457393e-07
1.2110000000027004	-1.0108852643853083e-07
1.2120000000026936	-9.579740556375782e-08
1.2130000000026866	-9.047370541637179e-08
1.2140000000026796	-8.512015492456726e-08
1.2150000000026726	-7.973726035004347e-08
1.2160000000026656	-7.433422344327312e-08
1.2170000000026588	-6.892124493340646e-08
1.2180000000026519	-6.352164994005705e-08
1.2190000000026449	-5.815509340756364e-08
1.220000000002638	-5.284936244187577e-08
1.2210000000026309	-4.7625963173203445e-08
1.222000000002624	-4.2511738129746846e-08
1.2230000000026173	-3.7525543339356204e-08
1.2240000000026101	-3.268708725912006e-08
1.2250000000026033	-2.800411591508123e-08
1.2260000000025963	-2.348739802648936e-08
1.2270000000025894	-1.9137191165086165e-08
1.2280000000025826	-1.4955923166581897e-08
1.2290000000025754	-1.0934640970461373e-08
1.2300000000025686	-7.071394581004142e-09
1.2310000000025616	-3.3558538170552765e-09
1.2320000000025546	2.165740919934933e-10
1.2330000000025478	3.6533379654812848e-09
1.2340000000025408	6.951456743564677e-09
1.2350000000025338	1.0113258674948611e-08
1.236000000002527	1.3136943088909447e-08
1.23700000000252	1.602094834574075e-08
1.238000000002513	1.8766562082106475e-08
1.2390000000025063	2.1376968084574344e-08
1.240000000002499	2.3849373920192818e-08
1.2410000000024923	2.6190395296943336e-08
1.2420000000024853	2.840966017991775e-08
1.2430000000024783	3.052188823904345e-08
1.2440000000024716	3.253810620940101e-08
1.2450000000024644	3.447176244453232e-08
1.2460000000024576	3.63261716262997e-08
1.2470000000024506	3.810243476287667e-08
1.2480000000024436	3.98004015300657e-08
1.2490000000024368	4.1420991081508873e-08
1.2500000000024298	4.296343503185085e-08
1.2510000000024228	4.4431065493455435e-08
1.252000000002416	4.582170898270732e-08
1.253000000002409	4.713622769880743e-08
1.254000000002402	4.8375916494869386e-08
1.2550000000023953	4.953944110486219e-08
1.256000000002388	5.0630546200025606e-08
1.2570000000023813	5.165731076228752e-08
1.2580000000023743	5.26233352449168e-08
1.2590000000023673	5.353577348099492e-08
1.2600000000023606	5.440274930545996e-08
1.2610000000023533	5.5228528750284056e-08
1.2620000000023466	5.601565067347991e-08
1.2630000000023396	5.676712322433275e-08
1.2640000000023326	5.7482341553338756e-08
1.2650000000023258	5.8166848670992977e-08
1.2660000000023188	5.88197963669046e-08
1.2670000000023118	5.944270509150584e-08
1.268000000002305	6.00385905435985e-08
1.269000000002298	6.061094237619358e-08
1.270000000002291	6.117095296964692e-08
1.271000000002284	6.173074507120901e-08
1.272000000002277	6.230717630728577e-08
1.2730000000022703	6.291306209327274e-08
1.2740000000022633	6.356243542615658e-08
1.2750000000022563	6.426684495686175e-08
1.2760000000022496	6.503700666904422e-08
1.2770000000022423	6.588316903144431e-08
1.2780000000022356	6.68111380663916e-08
1.2790000000022288	6.781921113585554e-08
1.2800000000022216	6.89046735224963e-08
1.2810000000022148	7.005442737018086e-08
1.2820000000022078	7.125845113975515e-08
1.2830000000022008	7.250196421004773e-08
1.2840000000021938	7.37737000378047e-08
1.2850000000021868	7.505786969730366e-08
1.28600000000218	7.634291465663523e-08
1.287000000002173	7.76147993652998e-08
1.288000000002166	7.886290109837546e-08
1.2890000000021593	8.007802132503627e-08
1.2900000000021523	8.125426464999919e-08
1.2910000000021453	8.23876369349108e-08
1.2920000000021385	8.347931113039664e-08
1.2930000000021313	8.45329752863222e-08
1.2940000000021246	8.555722141867506e-08
1.2950000000021178	8.656511374383058e-08
1.2960000000021106	8.757047609275759e-08
1.2970000000021038	8.859180944398304e-08
1.2980000000020966	8.963765507630228e-08
1.2990000000020898	9.073173545814939e-08
1.3000000000020828	9.187894489670612e-08
1.3010000000020758	9.309460724526986e-08
1.302000000002069	9.438222214885883e-08
1.303000000002062	9.574765214015457e-08
1.304000000002055	9.719168969635206e-08
1.3050000000020483	9.87139656682956e-08
1.3060000000020413	1.003145883027301e-07
1.3070000000020343	1.0198867317345872e-07
1.3080000000020275	1.037249552915398e-07
1.3090000000020205	1.0550715801027621e-07
1.3100000000020136	1.073170954324354e-07
1.3110000000020068	1.0913358106101612e-07
1.3120000000019996	1.1093742435797083e-07
1.3130000000019928	1.1270940769581017e-07
1.3140000000019856	1.1443810976619062e-07
1.3150000000019788	1.1611113515108684e-07
1.316000000001972	1.1772180652513953e-07
1.3170000000019648	1.192641506664316e-07
1.318000000001958	1.2073421840064213e-07
1.319000000001951	1.221275301999114e-07
1.320000000001944	1.2344741462388953e-07
1.3210000000019373	1.2469869226094943e-07
1.3220000000019303	1.2589236031423923e-07
1.3230000000019233	1.2704700025345517e-07
1.3240000000019165	1.2818431949224163e-07
1.3250000000019095	1.2932666415554905e-07
1.3260000000019025	1.305020745911989e-07
1.3270000000018956	1.3173606105976177e-07
1.3280000000018886	1.3306772927990096e-07
1.3290000000018818	1.3452047264994604e-07
1.3300000000018748	1.3613899096931448e-07
1.3310000000018678	1.379432770232114e-07
1.332000000001861	1.399756776043759e-07
1.3330000000018538	1.422686199958889e-07
1.334000000001847	1.4483875421245074e-07
1.33500000000184	1.4772694534315178e-07
1.336000000001833	1.5091235405773062e-07
1.3370000000018263	1.54404192764801e-07
1.3380000000018193	1.5817205933910117e-07
1.3390000000018123	1.621865162171332e-07
1.3400000000018053	1.6640973554693517e-07
1.3410000000017983	1.7081723280298888e-07
1.3420000000017915	1.7538221919188857e-07
1.3430000000017845	1.8009076974134786e-07
1.3440000000017776	1.8493612063963383e-07
1.3450000000017708	1.8991962003056528e-07
1.3460000000017638	1.9505589565760317e-07
1.3470000000017568	2.0034608105845564e-07
1.34800000000175	2.058092296586267e-07
1.3490000000017428	2.114433429456497e-07
1.350000000001736	2.1725993859522674e-07
1.3510000000017293	2.2326826087937235e-07
1.352000000001722	2.2948957378865487e-07
1.3530000000017153	2.3593443831959604e-07
1.354000000001708	2.4263091802367853e-07
1.3550000000017013	2.495797584156634e-07
1.3560000000016943	2.568251210588457e-07
1.3570000000016873	2.6435188349438477e-07
1.3580000000016805	2.7217834031034727e-07
1.3590000000016735	2.8029297449716495e-07
1.3600000000016665	2.886531031975892e-07
1.3610000000016598	2.972641325316161e-07
1.3620000000016528	3.0605008405348855e-07
1.3630000000016458	3.1501428510161134e-07
1.364000000001639	3.2411007588883933e-07
1.3650000000016318	3.3331185711471534e-07
1.366000000001625	3.4257062164755325e-07
1.367000000001618	3.518408311364851e-07
1.368000000001611	3.6107673906382587e-07
1.3690000000016043	3.702504154379227e-07
1.370000000001597	3.793339516944272e-07
1.3710000000015903	3.883129113813055e-07
1.3720000000015833	3.9717876965106313e-07
1.3730000000015763	4.059317019189379e-07
1.3740000000015695	4.1457323263216495e-07
1.3750000000015625	4.2311048098486737e-07
1.3760000000015555	4.315505135465969e-07
1.3770000000015488	4.398868614918783e-07
1.3780000000015418	4.481305491133014e-07
1.3790000000015348	4.562749269521049e-07
1.3800000000015278	4.643272318860525e-07
1.3810000000015208	4.7229403032922335e-07
1.382000000001514	4.801839533774555e-07
1.383000000001507	4.880045908484121e-07
1.3840000000015	4.957582262488103e-07
1.3850000000014933	5.034441961093705e-07
1.386000000001486	5.110632462779208e-07
1.3870000000014793	5.186089244713088e-07
1.3880000000014725	5.26072662876409e-07
1.3890000000014653	5.33435478455857e-07
1.3900000000014585	5.4066528232255e-07
1.3910000000014515	5.477511265672419e-07
1.3920000000014445	5.546759231922493e-07
1.3930000000014378	5.614582880841823e-07
1.3940000000014305	5.681207919661091e-07
1.3950000000014238	5.747016890156331e-07
1.3960000000014168	5.812308252473031e-07
1.3970000000014098	5.877372900586764e-07
1.398000000001403	5.942213754384085e-07
1.399000000001396	6.006745192355112e-07
1.400000000001389	6.070610427677536e-07
1.4010000000013823	6.133542943542736e-07
1.4020000000013753	6.195161600386356e-07
1.4030000000013683	6.255393658616271e-07
1.4040000000013615	6.314206187907345e-07
1.4050000000013543	6.371519909453838e-07
1.4060000000013475	6.4274261379893e-07
1.4070000000013405	6.481850390871458e-07
1.4080000000013335	6.534828680404559e-07
1.4090000000013267	6.586076578551925e-07
1.4100000000013195	6.635523633891083e-07
1.4110000000013128	6.682756220621755e-07
1.4120000000013058	6.727603923950554e-07
1.4130000000012988	6.769919804749946e-07
1.414000000001292	6.809491643888776e-07
1.415000000001285	6.846383472369766e-07
1.416000000001278	6.880558017785532e-07
1.4170000000012712	6.912161539807116e-07
1.4180000000012642	6.941134779170355e-07
1.4190000000012573	6.967608918717616e-07
1.4200000000012505	6.991610894679923e-07
1.4210000000012433	7.013166629654677e-07
1.4220000000012365	7.031911597454865e-07
1.4230000000012293	7.048183889857285e-07
1.4240000000012225	7.061741957858914e-07
1.4250000000012157	7.072613917857851e-07
1.4260000000012085	7.080862577391045e-07
1.4270000000012018	7.086419694379842e-07
1.4280000000011948	7.089494253875728e-07
1.4290000000011878	7.09026424683401e-07
1.430000000001181	7.08887760270116e-07
1.431000000001174	7.085599483813709e-07
1.432000000001167	7.080638974032993e-07
1.4330000000011602	7.074034829024356e-07
1.4340000000011532	7.065695064589761e-07
1.4350000000011462	7.055542632361522e-07
1.4360000000011393	7.043434588904773e-07
1.4370000000011323	7.029223393351103e-07
1.4380000000011255	7.012824768670711e-07
1.4390000000011185	6.994324547315856e-07
1.4400000000011115	6.973656683229024e-07
1.4410000000011047	6.950840216735088e-07
1.4420000000010975	6.925670039681364e-07
1.4430000000010907	6.898031968960439e-07
1.4440000000010837	6.86757449130937e-07
1.4450000000010768	6.834299894897811e-07
1.44600000000107	6.798027925025707e-07
1.447000000001063	6.75882152245677e-07
1.448000000001056	6.716648496274402e-07
1.449000000001049	6.671880262709706e-07
1.450000000001042	6.62443246257638e-07
1.4510000000010352	6.574763787847715e-07
1.4520000000010282	6.522655445762027e-07
1.4530000000010213	6.468645297186271e-07
1.4540000000010145	6.412787032505918e-07
1.4550000000010075	6.355278997505209e-07
1.4560000000010005	6.296288168616826e-07
1.4570000000009937	6.23585358350276e-07
1.4580000000009865	6.174146869319941e-07
1.4590000000009797	6.11112856319096e-07
1.460000000000973	6.046900694611779e-07
1.4610000000009657	5.981529318521694e-07
1.462000000000959	5.915236500619869e-07
1.4630000000009518	5.848263686658584e-07
1.464000000000945	5.780829972490409e-07
1.465000000000938	5.713084333391905e-07
1.466000000000931	5.645151207600563e-07
1.4670000000009242	5.577090804731455e-07
1.4680000000009172	5.508946046006713e-07
1.4690000000009102	5.440731947192745e-07
1.4700000000009035	5.3725247062264e-07
1.4710000000008965	5.304354173674142e-07
1.4720000000008895	5.236303132205578e-07
1.4730000000008827	5.168401665534006e-07
1.4740000000008757	5.100639155486419e-07
1.4750000000008687	5.032942868021806e-07
1.476000000000862	4.965197695216972e-07
1.4770000000008547	4.897220816646453e-07
1.478000000000848	4.828853142901934e-07
1.4790000000008408	4.7599444197299334e-07
1.480000000000834	4.69036728789618e-07
1.4810000000008272	4.620155608092702e-07
1.48200000000082	4.549322487612528e-07
1.4830000000008132	4.4779821628537775e-07
1.4840000000008062	4.406288828251448e-07
1.4850000000007992	4.3344342337547914e-07
1.4860000000007925	4.262573730651198e-07
1.4870000000007855	4.190776878854052e-07
1.4880000000007785	4.1190230293253194e-07
1.4890000000007717	4.047182513566838e-07
1.4900000000007645	3.975233734410111e-07
1.4910000000007577	3.9031391263488757e-07
1.4920000000007507	3.8310081662551454e-07
1.4930000000007437	3.758893286631704e-07
1.494000000000737	3.686942822156425e-07
1.49500000000073	3.615351718000426e-07
1.496000000000723	3.5444839396880923e-07
1.497000000000716	3.474649836743282e-07
1.498000000000709	3.406271119610338e-07
1.4990000000007022	3.339549323744251e-07
1.5000000000006952	3.274612536685595e-07
1.5010000000006882	3.2114017467499423e-07
1.5020000000006815	3.149877917385524e-07
1.5030000000006745	3.089966686964374e-07
1.5040000000006675	3.0317192101225743e-07
1.5050000000006605	2.9750698515851326e-07
1.5060000000006535	2.9199805040569515e-07
1.5070000000006467	2.866334127826775e-07
1.5080000000006397	2.81406320801203e-07
1.5090000000006327	2.7630973553627314e-07
1.5100000000006257	2.7134163993469684e-07
1.5110000000006187	2.6650006723638597e-07
1.512000000000612	2.61781498589464e-07
1.513000000000605	2.571949715424182e-07
1.514000000000598	2.52739923878309e-07
1.5150000000005912	2.484299990168637e-07
1.5160000000005842	2.442788833434406e-07
1.5170000000005772	2.4028557521482696e-07
1.5180000000005702	2.3648990610247722e-07
1.5190000000005632	2.3286875472372515e-07
1.5200000000005565	2.294345673448106e-07
1.5210000000005495	2.2618208439517673e-07
1.5220000000005425	2.2309116365359927e-07
1.5230000000005357	2.2018923728772677e-07
1.5240000000005285	2.174599149640244e-07
1.5250000000005217	2.149307638532605e-07
1.5260000000005147	2.1257135929264592e-07
1.5270000000005077	2.1040642406155996e-07
1.528000000000501	2.0840834025204202e-07
1.529000000000494	2.0659322752525355e-07
1.530000000000487	2.0495059471770105e-07
1.53100000000048	2.0348150764348816e-07
1.532000000000473	2.0218126695059624e-07
1.5330000000004662	2.0105215770005458e-07
1.5340000000004592	2.0009330237158451e-07
1.5350000000004522	1.9929636418947183e-07
1.5360000000004455	1.986512023766096e-07
1.5370000000004385	1.9812643459182766e-07
1.5380000000004315	1.9771199100127035e-07
1.5390000000004245	1.9738431722426952e-07
1.5400000000004175	1.9712543330996368e-07
1.5410000000004107	1.9693483965799174e-07
1.5420000000004037	1.9681039287178237e-07
1.5430000000003967	1.9677002627283002e-07
1.5440000000003897	1.9682781648988623e-07
1.5450000000003827	1.969898818510174e-07
1.546000000000376	1.9724640676344052e-07
1.547000000000369	1.9756153080141559e-07
1.548000000000362	1.979061917678493e-07
1.549000000000355	1.9824976282833973e-07
1.5500000000003482	1.985905312418268e-07
1.5510000000003412	1.9893090075218112e-07
1.5520000000003342	1.9930009453883457e-07
1.5530000000003272	1.997274828857698e-07
1.5540000000003205	2.002471545248241e-07
1.5550000000003135	2.0086953944620234e-07
1.5560000000003065	2.0159320990309482e-07
1.5570000000002997	2.0238798059679652e-07
1.5580000000002925	2.032041921395944e-07
1.5590000000002857	2.0399983879926253e-07
1.5600000000002787	2.047280399652962e-07
1.5610000000002717	2.0536233791279557e-07
1.5620000000002647	2.0588996929582493e-07
1.5630000000002577	2.0632278963095274e-07
1.564000000000251	2.066745227180533e-07
1.565000000000244	2.069819922123628e-07
1.566000000000237	2.0727368466033624e-07
1.5670000000002302	2.075675007429112e-07
1.5680000000002232	2.0786889309842849e-07
1.5690000000002162	2.0817624535318657e-07
1.5700000000002092	2.0847637072218816e-07
1.5710000000002025	2.087552902763079e-07
1.5720000000001955	2.0899474151292452e-07
1.5730000000001885	2.0917502940864807e-07
1.5740000000001815	2.092736810510587e-07
1.5750000000001747	2.0928477040271787e-07
1.5760000000001675	2.0918510412748503e-07
1.5770000000001607	2.0894552310579684e-07
1.5780000000001537	2.0851822091216832e-07
1.5790000000001467	2.0787226806540104e-07
1.58000000000014	2.0697087799170788e-07
1.581000000000133	2.057883917716552e-07
1.582000000000126	2.0428621494428256e-07
1.583000000000119	2.0240521014791568e-07
1.584000000000112	2.0016583590631853e-07
1.5850000000001052	1.975448099544863e-07
1.5860000000000982	1.9458235489544506e-07
1.5870000000000912	1.9130095685326864e-07
1.5880000000000845	1.877671990113683e-07
1.5890000000000775	1.8403006818434875e-07
1.5900000000000705	1.8013808200656456e-07
1.5910000000000635	1.7612859792848212e-07
1.5920000000000565	1.7206194058427826e-07
1.5930000000000497	1.6797370694376923e-07
1.5940000000000427	1.6391542190241637e-07
1.5950000000000357	1.5991296620221362e-07
1.5960000000000287	1.559873590295524e-07
1.5970000000000217	1.5212382664664403e-07
1.598000000000015	1.4830101879859114e-07
1.599000000000008	1.4447334173439685e-07
1.600000000000001	1.405903378159934e-07
1.6009999999999942	1.3660737829823688e-07
1.6019999999999872	1.3250459807157e-07
1.6029999999999802	1.2828393347597e-07
1.6039999999999732	1.2395409720866724e-07
1.6049999999999662	1.1952917500224203e-07
1.6059999999999595	1.1503752372910014e-07
1.6069999999999525	1.1049015280484298e-07
1.6079999999999455	1.058914611551387e-07
1.6089999999999387	1.0125041449704497e-07
1.6099999999999315	9.658181965299661e-08
1.6109999999999247	9.189596494874053e-08
1.6119999999999177	8.721225130958743e-08
1.6129999999999107	8.255145500513095e-08
1.6139999999999037	7.794043532793893e-08
1.614999999999897	7.341411323302793e-08
1.61599999999989	6.901097249212285e-08
1.616999999999883	6.475296410179965e-08
1.617999999999876	6.06793417734508e-08
1.6189999999998692	5.679420178594796e-08
1.6199999999998622	5.3111752329471074e-08
1.6209999999998552	4.959747390564928e-08
1.6219999999998485	4.621880567157177e-08
1.6229999999998415	4.29222117848127e-08
1.6239999999998345	3.9665216000628334e-08
1.6249999999998275	3.641078816229992e-08
1.6259999999998205	3.3123985887506535e-08
1.6269999999998137	2.978360347238862e-08
1.6279999999998067	2.6388599194682172e-08
1.6289999999997997	2.2948318356696973e-08
1.6299999999997927	1.9476970813947503e-08
1.6309999999997857	1.598659904455957e-08
1.631999999999779	1.2485328104716586e-08
1.632999999999772	8.979300636369203e-09
1.633999999999765	5.469412811542895e-09
1.634999999999758	1.954034156703699e-09
1.6359999999997512	-1.56507584669896e-09
1.6369999999997442	-5.0876958201939715e-09
1.6379999999997372	-8.59917292928003e-09
1.6389999999997302	-1.208111721773264e-08
1.6399999999997235	-1.5497539473940947e-08
1.6409999999997165	-1.880987987590288e-08
1.6419999999997095	-2.1975453234901465e-08
1.6429999999997025	-2.4943142662436912e-08
1.6439999999996955	-2.7687569126300104e-08
1.6449999999996887	-3.019380057089904e-08
1.6459999999996817	-3.2447151410153197e-08
1.6469999999996747	-3.4478097710177735e-08
1.6479999999996677	-3.630484068928297e-08
1.6489999999996607	-3.795686009944177e-08
1.649999999999654	-3.947453741659501e-08
1.650999999999647	-4.0902175646451155e-08
1.65199999999964	-4.2270441813485604e-08
1.6529999999996332	-4.359715566337741e-08
1.6539999999996262	-4.4905570151243523e-08
1.6549999999996192	-4.622573834822674e-08
1.6559999999996122	-4.756321914101136e-08
1.6569999999996052	-4.893788929649645e-08
1.6579999999995985	-5.03586612410345e-08
1.6589999999995915	-5.1833646486088014e-08
1.6599999999995845	-5.3357317453262e-08
1.6609999999995777	-5.491672894208932e-08
1.6619999999995705	-5.6494311451160684e-08
1.6629999999995637	-5.807862479834114e-08
1.6639999999995567	-5.966379790223186e-08
1.6649999999995497	-6.124679918784182e-08
1.665999999999543	-6.282903730614464e-08
1.666999999999536	-6.4418323564297e-08
1.667999999999529	-6.60241896710545e-08
1.668999999999522	-6.765305671230237e-08
1.669999999999515	-6.930825025008858e-08
1.6709999999995082	-7.098703180830057e-08
1.6719999999995012	-7.268425172846094e-08
1.6729999999994942	-7.438966598272145e-08
1.6739999999994875	-7.60868579252616e-08
1.6749999999994805	-7.776049359975445e-08
1.6759999999994735	-7.940421276053655e-08
1.6769999999994665	-8.101629456191972e-08
1.6779999999994595	-8.25804877813141e-08
1.6789999999994527	-8.408507334856097e-08
1.6799999999994457	-8.549061081275511e-08
1.6809999999994387	-8.676895424386544e-08
1.6819999999994317	-8.789583261226142e-08
1.6829999999994247	-8.884561086830445e-08
1.683999999999418	-8.962238240428633e-08
1.684999999999411	-9.02045942385854e-08
1.685999999999404	-9.058352601343245e-08
1.6869999999993972	-9.075693729876377e-08
1.6879999999993902	-9.073534057435495e-08
1.6889999999993832	-9.053262717273469e-08
1.6899999999993762	-9.016305391185142e-08
1.6909999999993692	-8.964705111580429e-08
1.6919999999993625	-8.90103803996567e-08
1.6929999999993555	-8.828279707273623e-08
1.6939999999993485	-8.748300661665098e-08
1.6949999999993415	-8.663102657457955e-08
1.6959999999993345	-8.574410870210158e-08
1.6969999999993277	-8.483524371882822e-08
1.6979999999993207	-8.391636407978353e-08
1.6989999999993137	-8.2998870887252e-08
1.6999999999993067	-8.20917083199646e-08
1.7009999999993	-8.11974536496507e-08
1.701999999999293	-8.032339082753026e-08
1.702999999999286	-7.948236602217662e-08
1.703999999999279	-7.869256268833169e-08
1.7049999999992722	-7.795528778054006e-08
1.7059999999992652	-7.7278569765582e-08
1.7069999999992582	-7.664985934852098e-08
1.7079999999992515	-7.606373531032773e-08
1.7089999999992442	-7.551751579626398e-08
1.7099999999992375	-7.501648879859601e-08
1.7109999999992305	-7.455752437657281e-08
1.7119999999992235	-7.414288183404949e-08
1.7129999999992167	-7.374031274487436e-08
1.7139999999992095	-7.330880169575948e-08
1.7149999999992027	-7.279279778948933e-08
1.7159999999991957	-7.215874542332301e-08
1.7169999999991887	-7.14128871592834e-08
1.717999999999182	-7.057516482333881e-08
1.718999999999175	-6.969145616153583e-08
1.719999999999168	-6.878948832778065e-08
1.720999999999161	-6.78851777013989e-08
1.721999999999154	-6.696682230966644e-08
1.7229999999991472	-6.602326241278433e-08
1.7239999999991402	-6.502150173837151e-08
1.7249999999991332	-6.393542273386288e-08
1.7259999999991265	-6.274669273054201e-08
1.7269999999991195	-6.143152897486459e-08
1.7279999999991125	-5.99868645867474e-08
1.7289999999991055	-5.839591810108402e-08
1.7299999999990985	-5.664654034731598e-08
1.7309999999990917	-5.476444098206912e-08
1.7319999999990847	-5.276686576571876e-08
1.7329999999990777	-5.069873321161822e-08
1.7339999999990707	-4.857230284649461e-08
1.7349999999990655	-4.6411006815461064e-08
1.7359999999990614	-4.422075128296399e-08
1.7369999999990573	-4.201039360829384e-08
1.7379999999990532	-3.9780374772036e-08
1.7389999999990489	-3.751981703103979e-08
1.7399999999990448	-3.521557356833682e-08
1.7409999999990406	-3.286262884039104e-08
1.7419999999990363	-3.04738616563327e-08
1.7429999999990322	-2.8065479495964496e-08
1.743999999999028	-2.5655212620989687e-08
1.744999999999024	-2.325847492379296e-08
1.74599999999902	-2.088767980801265e-08
1.7469999999990156	-1.8560726955385576e-08
1.7479999999990115	-1.628157253463769e-08
1.7489999999990071	-1.4047227381297489e-08
1.749999999999003	-1.186669296160403e-08
1.7509999999990045	-9.734036465758322e-09
1.751999999999006	-7.669312962477193e-09
1.7529999999990071	-5.675885095257627e-09
1.7539999999990086	-3.743126919530937e-09
1.75499999999901	-1.8280490454714027e-09
1.7559999999990115	1.2245848779457447e-10
1.756999999999013	2.1475268230375377e-09
1.7579999999990141	4.244313456247539e-09
1.7589999999990156	6.393973017715382e-09
1.759999999999017	8.581127142193168e-09
1.7609999999990182	1.081552603032776e-08
1.7619999999990197	1.3134795251446008e-08
1.7629999999990211	1.5570978284529247e-08
1.7639999999990226	1.815523575920963e-08
1.7649999999990238	2.0863599292653134e-08
1.7659999999990263	2.3635504553531916e-08
1.7669999999990305	2.6409509690239474e-08
1.7679999999990346	2.913079966138099e-08
1.7689999999990387	3.1783355836090266e-08
1.769999999999043	3.438279783107845e-08
1.7709999999990471	3.697840944560937e-08
1.7719999999990512	3.959758765326171e-08
1.7729999999990556	4.2248593290494796e-08
1.7739999999990597	4.490281357849568e-08
1.7749999999990638	4.7506981792899694e-08
1.7759999999990679	5.000826330814334e-08
1.776999999999072	5.236357802917979e-08
1.7779999999990763	5.45654895711678e-08
1.7789999999990804	5.662678259632514e-08
1.7799999999990845	5.857985807544708e-08
1.7809999999990886	6.046797107472912e-08
1.781999999999093	6.23219112982909e-08
1.782999999999097	6.418501585780945e-08
1.7839999999991012	6.607545932624248e-08
1.7849999999991053	6.799207608043645e-08
1.7859999999991096	6.992231493807566e-08
1.7869999999991137	7.184685268946112e-08
1.7879999999991179	7.375239841067582e-08
1.788999999999122	7.564203763354982e-08
1.789999999999126	7.75265950325732e-08
1.7909999999991304	7.941317736737119e-08
1.7919999999991345	8.1305103316609e-08
1.7929999999991386	8.321310063230669e-08
1.7939999999991427	8.516246619016954e-08
1.794999999999147	8.717036958927338e-08
1.7959999999991512	8.924470384918948e-08
1.7969999999991553	9.136390632935587e-08
1.7979999999991594	9.349426521865212e-08
1.7989999999991637	9.559631009015135e-08
1.7999999999991678	9.760365771160906e-08
1.800999999999172	9.950931656454998e-08
1.801999999999176	1.0127875205157011e-07
1.8029999999991801	1.0289656648954093e-07
1.8039999999991845	1.04345864615496e-07
1.8049999999991886	1.0560345709009766e-07
1.8059999999991927	1.0665543759280638e-07
1.8069999999991968	1.074917593824054e-07
1.8079999999992011	1.0813003781251496e-07
1.8089999999992052	1.0861953070318009e-07
1.8099999999992094	1.0899886493387356e-07
1.8109999999992135	1.092958947790379e-07
1.8119999999992178	1.0953873430530336e-07
1.812999999999222	1.0973022646076913e-07
1.813999999999226	1.0989570209396504e-07
1.8149999999992301	1.1005063771385437e-07
1.8159999999992344	1.1020981349751935e-07
1.8169999999992386	1.103777528266292e-07
1.8179999999992427	1.1055425697126253e-07
1.8189999999992468	1.1071644956395232e-07
1.819999999999251	1.1079273698477721e-07
1.8209999999992552	1.1076087391703737e-07
1.8219999999992593	1.1059175575311997e-07
1.8229999999992634	1.1029707958076784e-07
1.8239999999992675	1.0988303311698644e-07
1.8249999999992719	1.0939787109531807e-07
1.825999999999276	1.0890316359812857e-07
1.82699999999928	1.0845757181243698e-07
1.8279999999992842	1.0811501605090257e-07
1.8289999999992885	1.0790552695816302e-07
1.8299999999992926	1.0785335091689774e-07
1.8309999999992967	1.0796380811584072e-07
1.8319999999993009	1.0826590368662181e-07
1.8329999999993052	1.0876683509408736e-07
1.8339999999993093	1.0948339956851072e-07
1.8349999999993134	1.1038854552669619e-07
1.8359999999993175	1.1146623823954371e-07
1.8369999999993218	1.1264675137123703e-07
1.837999999999326	1.1388554710389798e-07
1.83899999999933	1.151457841297443e-07
1.8399999999993342	1.1638775909705856e-07
1.8409999999993385	1.1757908691123475e-07
1.8419999999993426	1.1869510019302254e-07
1.8429999999993467	1.197468076918895e-07
1.8439999999993508	1.2075432676006415e-07
1.844999999999355	1.2174586205837556e-07
1.8459999999993593	1.2272340543795224e-07
1.8469999999993634	1.236780043933905e-07
1.8479999999993675	1.2460902687472242e-07
1.8489999999993716	1.2552356309925017e-07
1.849999999999376	1.2642718427713362e-07
1.85099999999938	1.27310130326741e-07
1.8519999999993841	1.2815219851969317e-07
1.8529999999993882	1.2889824585471388e-07
1.8539999999993926	1.295009826041138e-07
1.8549999999993967	1.299292844425537e-07
1.8559999999994008	1.3020135336549998e-07
1.856999999999405	1.3032718415573186e-07
1.857999999999409	1.3034515056187246e-07
1.8589999999994133	1.302743958264685e-07
1.8599999999994175	1.3013518151971937e-07
1.8609999999994216	1.2994041020952807e-07
1.861999999999426	1.2970523810551526e-07
1.86299999999943	1.2946457406126655e-07
1.863999999999434	1.2919721004145401e-07
1.8649999999994382	1.2891266121251022e-07
1.8659999999994423	1.2860201081821288e-07
1.8669999999994467	1.282887124309795e-07
1.8679999999994508	1.2795369441764848e-07
1.8689999999994549	1.2756741396557914e-07
1.869999999999459	1.2708779328907127e-07
1.870999999999463	1.2647429104006847e-07
1.8719999999994674	1.257104825791444e-07
1.8729999999994715	1.247318370811712e-07
1.8739999999994756	1.2350681044548395e-07
1.87499999999948	1.2202237187342035e-07
1.875999999999484	1.2026033224810107e-07
1.8769999999994882	1.182709126190673e-07
1.8779999999994923	1.1610715155985218e-07
1.8789999999994964	1.1383390985386654e-07
1.8799999999995007	1.1154230450394209e-07
1.8809999999995048	1.0928719462732772e-07
1.881999999999509	1.071274282615775e-07
1.882999999999513	1.0511264980639368e-07
1.8839999999995174	1.032757921404226e-07
1.8849999999995215	1.0165504882309051e-07
1.8859999999995256	1.0022699536982316e-07
1.8869999999995297	9.893721064635486e-08
1.887999999999534	9.77545945302083e-08
1.8889999999995382	9.663864475317752e-08
1.8899999999995423	9.555572977326676e-08
1.8909999999995464	9.449260829352824e-08
1.8919999999995505	9.341681017627224e-08
1.8929999999995548	9.229650510533816e-08
1.893999999999559	9.111861254407216e-08
1.894999999999563	8.988906408102793e-08
1.8959999999995671	8.861587452724251e-08
1.8969999999995715	8.731161582620217e-08
1.8979999999995756	8.59880635584176e-08
1.8989999999995797	8.466191048217553e-08
1.8999999999995838	8.329787459793181e-08
1.9009999999995881	8.185719857500828e-08
1.9019999999995922	8.026971376473568e-08
1.9029999999995963	7.845553073870803e-08
1.9039999999996005	7.640141397313727e-08
1.9049999999996048	7.411411895308362e-08
1.905999999999609	7.160665993488635e-08
1.906999999999613	6.896180426707588e-08
1.9079999999996171	6.624409687461252e-08
1.9089999999996214	6.350578529712436e-08
1.9099999999996256	6.077646896862632e-08
1.9109999999996297	5.805608416231678e-08
1.9119999999996338	5.5319788305752127e-08
1.9129999999996379	5.2544024686795865e-08
1.9139999999996422	4.967000366562502e-08
1.9149999999996463	4.666200026370859e-08
1.9159999999996504	4.3496831692024784e-08
1.9169999999996545	4.0117782429405224e-08
1.9179999999996589	3.650935054277937e-08
1.918999999999663	3.269163861840951e-08
1.919999999999667	2.8666564233503777e-08
1.9209999999996712	2.4485143690355926e-08
1.9219999999996755	2.020484446418891e-08
1.9229999999996796	1.592767229219305e-08
1.9239999999996837	1.1780131425886964e-08
1.9249999999996878	7.863801276819515e-09
1.9259999999996922	4.221025085016095e-09
1.9269999999996963	8.911442694881089e-10
1.9279999999997004	-2.0960775337641735e-09
1.9289999999997045	-4.861927971333557e-09
1.9299999999997088	-7.457567896551609e-09
1.930999999999713	-9.930260613799646e-09
1.931999999999717	-1.2260478188252932e-08
1.9329999999997212	-1.4443240159422999e-08
1.9339999999997253	-1.6517540446514545e-08
1.9349999999997296	-1.8565290416105995e-08
1.9359999999997337	-2.0673123213299505e-08
1.9369999999997378	-2.2901296636845814e-08
1.937999999999742	-2.5275001869218272e-08
1.9389999999997463	-2.7733745078251104e-08
1.9399999999997504	-3.028009354366645e-08
1.9409999999997545	-3.292847994273984e-08
1.9419999999997586	-3.574536178163612e-08
1.942999999999763	-3.874554277416564e-08
1.943999999999767	-4.199008074579069e-08
1.9449999999997711	-4.548492693601247e-08
1.9459999999997752	-4.921151108838728e-08
1.9469999999997794	-5.306401495985824e-08
1.9479999999997837	-5.6950782312270576e-08
1.9489999999997878	-6.08063097651268e-08
1.949999999999792	-6.451873990620527e-08
1.950999999999796	-6.808757979648306e-08
1.9519999999998003	-7.156530945628958e-08
1.9529999999998044	-7.499568899227427e-08
1.9539999999998086	-7.84060982805812e-08
1.9549999999998127	-8.191505762589202e-08
1.955999999999817	-8.564917530762273e-08
1.956999999999821	-8.958442387907439e-08
1.9579999999998252	-9.355863372917383e-08
1.9589999999998293	-9.749964968719382e-08
1.9599999999998337	-1.0145676099249101e-07
1.9609999999998378	-1.05518000559357e-07
1.9619999999998419	-1.096776833797719e-07
1.962999999999846	-1.1373624264621185e-07
1.9639999999998503	-1.175757573523839e-07
1.9649999999998544	-1.212170803732704e-07
1.9659999999998585	-1.2465371312941897e-07
1.9669999999998626	-1.2807742288956092e-07
1.9679999999998667	-1.3174963053863564e-07
1.968999999999871	-1.3573218859974645e-07
1.9699999999998752	-1.3980496182952606e-07
1.9709999999998793	-1.439535233238587e-07
1.9719999999998834	-1.4829645111902323e-07
1.9729999999998877	-1.5263229879991513e-07
1.9739999999998918	-1.5667053565593392e-07
1.974999999999896	-1.6035250904877785e-07
1.9759999999999	-1.6397222446506987e-07
1.9769999999999044	-1.6765927202122555e-07
1.9779999999999085	-1.7145416286723503e-07
1.9789999999999126	-1.7572443655744507e-07
1.9799999999999167	-1.8040755866977065e-07
1.980999999999921	-1.8519327760202486e-07
1.9819999999999252	-1.9009813723158686e-07
1.9829999999999293	-1.9525385197560752e-07
1.9839999999999334	-2.0081462581700293e-07
1.9849999999999375	-2.0698077807246307e-07
1.9859999999999418	-2.133632657219664e-07
1.986999999999946	-2.1963817742332026e-07
1.98799999999995	-2.2570637736585297e-07
1.9889999999999541	-2.314897227240209e-07
1.9899999999999585	-2.371421392588502e-07
1.9909999999999626	-2.4270361298484033e-07
1.9919999999999667	-2.481207981297473e-07
1.9929999999999708	-2.535428893502001e-07
1.9939999999999751	-2.587720229207946e-07
1.9949999999999792	-2.63845977954702e-07
1.9959999999999833	-2.6852922552222935e-07
1.9969999999999875	-2.726432404287493e-07
1.9979999999999918	-2.7624178788876463e-07
1.998999999999996	-2.7935727775485475e-07
2.0	-2.824476710294732e-07
2.0010279404845495	-2.855661982437141e-07
2.0021217900815715	-2.8908061500132476e-07
2.0032857751923165	-2.928261142454147e-07
2.004524391841744	-2.968737193853599e-07
2.005842426366887	-3.009513167562261e-07
2.007244970197923	-3.0527312211425794e-07
2.0087374418720856	-3.094845872908536e-07
2.0103256076664273	-3.132797101734752e-07
2.0120156028936726	-3.166513065089305e-07
2.013813957200875	-3.192875348556612e-07
2.0157276178435577	-3.213116577249764e-07
2.0177639781367303	-3.2312336184503465e-07
2.019930905358886	-3.262504497669738e-07
2.0222367711443985	-3.317301418004348e-07
2.024690484011897	-3.392719960526591e-07
2.027301523572695	-3.475934846619566e-07
2.0300799770731848	-3.545383817638026e-07
2.033036578410754	-3.6127131952667924e-07
2.036182751117039	-3.6731450725469017e-07
2.039530649180409	-3.7361296811866396e-07
2.043093206833892	-3.7974825772835175e-07
2.046884188175661	-3.873986478275526e-07
2.050918238233338	-3.952332465750885e-07
2.0552109433735133	-3.99913559157028e-07
2.059778886913171	-4.010748630989269e-07
2.0646397170403086	-3.972532343077262e-07
2.0698122132469665	-3.888742441393589e-07
2.0753163565584574	-3.76763493958876e-07
2.081173414838828	-3.5802522013739235e-07
2.0874060143976347	-3.3480040873001826e-07
2.094038234979271	-3.0347749957471137e-07
2.1010956980169606	-2.629325177583297e-07
2.1086056699538682	-2.23711957181294e-07
2.116597165034399	-1.9036055509680239e-07
2.125101056786564	-1.5986635970577368e-07
2.1341501990307465	-1.2476518462811725e-07
2.143779554474847	-8.528386219452955e-08
2.1540263207146424	-6.230078963831431e-08
2.1649300857539027	-6.195466140113126e-08
2.1765329774064615	-7.0012432296096e-08
2.1888798204423576	-6.341442349011572e-08
2.2020183144046843	-6.881060365948599e-08
2.2159992202680474	-1.3115958585885323e-07
2.2308765524295735	-1.6332459118473253e-07
2.246707783705272	-1.3273803256552696e-07
2.263554079768369	-9.976074233364329e-08
2.2814805235907363	-7.42218482230328e-08
2.3005563724108544	-8.014355001861873e-08
2.320855322320133	-4.206520820559945e-08
2.3424557929209753	1.2279409600246538e-08
2.3654412374910825	5.999385821464642e-08
2.389900455657507	1.278534171866852e-07
2.41592795027163	1.8679157443024508e-07
2.44362426638729	1.97339713570166e-07
2.473096411506492	2.1249400028455767e-07
2.5044582437089975	2.3326692621949974e-07
2.537830924630887	1.9049256061443032e-07
2.5733433911797423	5.6714928642342954e-08
2.611132843166974	3.102185863745888e-08
2.6513452603475027	8.77702839297001e-08
2.6941360153529494	1.0817340323487912e-07
2.739670418177515	1.3004697319018987e-07
2.788124380079947	2.080004111171263e-07
2.839685109337027	1.533920856999771e-07
2.894551789617174	-3.6227295829860395e-08
2.9529364084026577	-2.274755832587516e-07
3.0150645170164534	-2.868108563980343e-07
3.0811761422888653	-1.2223170164915587e-07
3.1515266965252042	2.1471164479702765e-07
3.226387989377641	2.383084140022973e-07
3.30604919671757	3.614647448024755e-08
3.39081811677136	-1.148438006914887e-07
3.4810222154328754	-9.102722087206416e-08
3.577010018652917	-1.1961104040558723e-07
3.6791523315125145	-1.6854171103197757e-07
3.7878438030764574	-8.337845747163897e-08
3.9035043177534527	4.4283323563654164e-08
4.02658072998157	-4.2127008770265206e-08
4.157548527011607	-1.204985133895775e-07
4.296913682346355	1.593649123776686e-08
4.445214635465608	8.387653482877511e-08
4.603024347307951	-1.12735328405833e-07
4.770952424745148	-1.7463154855512641e-07
4.9496476786701376	-2.6071321990173146e-08
5.139800459354712	-1.6192070573239903e-08
5.342145448462832	-1.311652555457954e-07
5.557464321076707	-1.0639930581035628e-07
5.786588991858403	-4.453126156711562e-08
6.03040459644804	-6.741782843100452e-08
6.289853138906711	-2.195832426998834e-08
6.565936951835777	1.4461309261193378e-08
6.859722633511745	-1.1680313161122058e-08
7.172345245053396	1.8584720651304565e-08
7.505012494394354	1.7609893876446847e-08
7.859009576011049	-4.180765955652532e-09
8.23570422033976	4.391215102650392e-08
8.636551628113326	-5.708263639547795e-09
9.063100564489073	9.689347990615715e-09
9.516998831091398	2.7262820667672827e-08
10.0	4.073316017816353e-09
