0.0	0.6040351567385732
0.0010000000000041087	0.6038618520431903
0.0020000000000082174	0.6034411874888401
0.003000000000012548	0.6027402198401921
0.004000000000016657	0.6017832140664174
0.005000000000020766	0.6005402066136971
0.006000000000024874	0.5990393429626713
0.007000000000029205	0.5972665366474676
0.008000000000033314	0.5952309419797587
0.009000000000037423	0.5929361548702446
0.010000000000041753	0.5903838679320432
0.011000000000045862	0.5875759388886285
0.01200000000004997	0.5845245213422848
0.01300000000005408	0.581225558794695
0.01400000000005841	0.577689813815455
0.015000000000062519	0.5739230224959396
0.016000000000066406	0.5699250457369218
0.017000000000070736	0.5657099302703044
0.018000000000074845	0.5612798447310909
0.019000000000078954	0.5566400937959215
0.020000000000083062	0.5518004741654582
0.021000000000087393	0.5467683408257311
0.022000000000091502	0.5415449902694724
0.02300000000009561	0.5361507756002788
0.02400000000009972	0.5305755688135367
0.02500000000010405	0.5248440743723266
0.02600000000010816	0.518952277517992
0.027000000000112268	0.5129143921429742
0.0280000000001166	0.5067337163893061
0.029000000000120707	0.5004247484444393
0.030000000000124816	0.49398784254538985
0.031000000000128924	0.487435939142978
0.032000000000133255	0.4807771088115276
0.033000000000137364	0.47401579130767235
0.03400000000014147	0.46716334608666554
0.0350000000001458	0.4602267711099466
0.03600000000014991	0.45321177450481764
0.03700000000015402	0.44612915016942967
0.03800000000015813	0.4389842163938188
0.03900000000016246	0.43178551830974665
0.04000000000016657	0.42453963918447846
0.04100000000017068	0.41725442469373086
0.04200000000017501	0.4099363611130733
0.04300000000017912	0.402592660239103
0.044000000000183226	0.3952301267472088
0.045000000000187335	0.3878547132261846
0.046000000000191665	0.3804735991199105
0.04700000000019555	0.3730922544104971
0.04800000000019966	0.3657170890352863
0.04900000000020399	0.3583538253940557
0.0500000000002081	0.35100794641977406
0.05100000000021221	0.34368495361226203
0.05200000000021632	0.3363903803668382
0.05300000000022065	0.32912843748265863
0.05400000000022476	0.32190534818580663
0.055000000000228866	0.31472418854966444
0.0560000000002332	0.3075899436473124
0.057000000000237305	0.30050821540227746
0.058000000000241414	0.29348042012817377
0.05900000000024552	0.28651267240825096
0.060000000000249853	0.27960885693687176
0.06100000000025396	0.27276908285599333
0.06200000000025807	0.2660013130343456
0.0630000000002624	0.25930563337544643
0.06400000000026651	0.2526852062338413
0.06500000000027062	0.24614407011326622
0.06600000000027473	0.2396842588581669
0.06700000000027906	0.23330691240253654
0.06800000000028317	0.2270176355895419
0.06900000000028728	0.2208133735107355
0.0700000000002916	0.2147023334344077
0.07100000000029572	0.2086806926570045
0.07200000000029982	0.20275312223651354
0.07300000000030393	0.19692054664196146
0.07400000000030826	0.1911844745706448
0.07500000000031237	0.18554452463885296
0.07600000000031648	0.18000505888601148
0.07700000000032081	0.17456386831000437
0.0780000000003247	0.16922250592570676
0.07900000000032881	0.163982972206849
0.08000000000033292	0.15884463474082877
0.08100000000033725	0.15380826751107324
0.08200000000034136	0.14887398091735804
0.08300000000034546	0.14404232200461653
0.0840000000003498	0.1393133823497028
0.0850000000003539	0.13468728843925737
0.08600000000035801	0.1301630712664953
0.08700000000036212	0.12574212190649625
0.08800000000036645	0.12142172734339562
0.08900000000037056	0.11720492122790094
0.09000000000037467	0.11308799839781458
0.091000000000379	0.10907287020691936
0.09200000000038311	0.10515659694328405
0.09300000000038722	0.10134168031987612
0.09400000000039133	0.09762182233817784
0.09500000000039566	0.09400402848780876
0.09600000000039977	0.09048012843202735
0.09700000000040387	0.08705216802188387
0.0980000000004082	0.08372191779026228
0.09900000000041231	0.08048177530386313
0.10000000000041642	0.0773374320578335
0.10100000000042053	0.07428230346887998
0.10200000000042486	0.07131899092352834
0.10300000000042897	0.06844414239677366
0.10400000000043308	0.06565497056295522
0.10500000000043741	0.06295641834603316
0.10600000000044152	0.06033777448576627
0.10700000000044563	0.057806007079898136
0.10800000000044951	0.05535563558704604
0.10900000000045384	0.052983238462774196
0.11000000000045795	0.0506939522394525
0.11100000000046206	0.04847973399317218
0.1120000000004664	0.046340358758357514
0.1130000000004705	0.04427671597126415
0.11400000000047461	0.0422861250807528
0.11500000000047872	0.040365110126063586
0.11600000000048305	0.03851521478059827
0.11700000000048716	0.03673174267490209
0.11800000000049127	0.03501532987673517
0.1190000000004956	0.03336321186682656
0.12000000000049971	0.03177427282316869
0.12100000000050382	0.03024646074414583
0.12200000000050792	0.028778897491475552
0.12300000000051226	0.02736924878636482
0.12400000000051636	0.02601613951610804
0.12500000000052047	0.024718028303701955
0.1260000000005248	0.023473253858503962
0.1270000000005289	0.02228045421004221
0.12800000000053302	0.021137798226347204
0.12900000000053713	0.020043712523268198
0.13000000000054146	0.01899719351508966
0.13100000000054557	0.017995490773609513
0.13200000000054968	0.017039146590459575
0.133000000000554	0.01612450699871959
0.13400000000055812	0.015251480517870952
0.13500000000056223	0.014418843052355301
0.13600000000056633	0.01362383470628048
0.13700000000057067	0.012866915982739702
0.13800000000057477	0.012144432730669785
0.13900000000057866	0.011458089818835115
0.140000000000583	0.010803315568242433
0.1410000000005871	0.010181916496680543
0.1420000000005912	0.009589964667210071
0.14300000000059532	0.009028622635576133
0.14400000000059965	0.008494876360122472
0.14500000000060376	0.007988516736721296
0.14600000000060787	0.007508393657854495
0.1470000000006122	0.007053234984525036
0.1480000000006163	0.0066216857377723315
0.14900000000062041	0.00621363735495406
0.15000000000062452	0.005826983845277134
0.15100000000062885	0.005461704221388142
0.15200000000063296	0.005116174427228337
0.15300000000063707	0.0047899264105562
0.1540000000006414	0.004481709045024651
0.1550000000006455	0.004191194878880755
0.15600000000064962	0.003916924757424334
0.15700000000065373	0.0036587120521789362
0.15800000000065806	0.0034153393554190448
0.15900000000066217	0.00318647584999332
0.16000000000066628	0.002970976412765558
0.16100000000067038	0.0027685002838166994
0.16200000000067472	0.00257819661873282
0.16300000000067882	0.002399686385422206
0.16400000000068293	0.0022319128547595435
0.16500000000068726	0.0020748834173933695
0.16600000000069137	0.0019273834967749037
0.16700000000069548	0.0017896323356507704
0.1680000000006996	0.0016603143124420683
0.16900000000070392	0.0015397572952995375
0.1700000000007078	0.0014267272132084674
0.17100000000071192	0.001321302243942113
0.17200000000071625	0.0012227825968718076
0.17300000000072036	0.0011310383354717901
0.17400000000072446	0.0010453155868732633
0.17500000000072857	0.0009655692014965966
0.1760000000007329	0.0008913193066187874
0.177000000000737	0.0008221734196276476
0.17800000000074112	0.0007579711094825026
0.17900000000074545	0.0006982104410488965
0.18000000000074956	0.0006428211843876319
0.18100000000075367	0.0005913361704730224
0.18200000000075778	0.0005436846578112942
0.1830000000007621	0.0004994164427513104
0.18400000000076622	0.00045854296576908204
0.18500000000077033	0.0004206349750450755
0.18600000000077466	0.00038566149691898755
0.18700000000077877	0.0003532990248342749
0.18800000000078287	0.00032342857091793853
0.18900000000078698	0.0002958899974147
0.1900000000007913	0.00027046718188261654
0.19100000000079542	0.0002470850777446243
0.19200000000079953	0.00022552773466510967
0.19300000000080386	0.0002057239434171132
0.19400000000080797	0.0001875062888244683
0.19500000000081208	0.00017077597016534884
0.1960000000008162	0.0001554155311015437
0.19700000000082052	0.00014133822678807917
0.19800000000082463	0.0001284403508379217
0.19900000000082874	0.00011661599139445311
0.20000000000083307	0.00010582075969955973
0.20100000000083695	9.592479893627548e-05
0.20200000000084106	8.691231145763201e-05
0.20300000000084517	7.866291776847945e-05
0.2040000000008495	7.115843257254895e-05
0.2050000000008536	6.431330939615787e-05
0.20600000000085772	5.807903018517635e-05
0.20700000000086205	5.241581226034242e-05
0.20800000000086616	4.726285323952695e-05
0.20900000000087027	4.258808560542171e-05
0.21000000000087438	3.83404214405747e-05
0.2110000000008787	3.449620414963661e-05
0.21200000000088282	3.101207308264797e-05
0.21300000000088692	2.785946712624554e-05
0.21400000000089126	2.5011555631837545e-05
0.21500000000089536	2.2437190156376907e-05
0.21600000000089947	2.0115414473109716e-05
0.21700000000090358	1.802201008349602e-05
0.2180000000009079	1.6138820171374135e-05
0.21900000000091202	1.4442597196961948e-05
0.22000000000091613	1.2919617690343443e-05
0.22100000000092046	1.1551401403187e-05
0.22200000000092457	1.0325562767143914e-05
0.22300000000092868	9.225896297704317e-06
0.2240000000009328	8.243355265502572e-06
0.22500000000093712	7.363920389136247e-06
0.22600000000094123	6.579516657612139e-06
0.22700000000094533	5.8801226316962385e-06
0.22800000000094967	5.256406831799509e-06
0.22900000000095377	4.7021301283756145e-06
0.23000000000095788	4.209395786047843e-06
0.23100000000096177	3.77208410795582e-06
0.2320000000009661	3.384512251125571e-06
0.2330000000009702	3.041445946649901e-06
0.23400000000097432	2.738066599006217e-06
0.23500000000097865	2.470307785551462e-06
0.23600000000098276	2.233836548182211e-06
0.23700000000098687	2.0262630719969366e-06
0.23800000000099097	1.8424329772948056e-06
0.2390000000009953	1.6819882605600966e-06
0.24000000000099941	1.540415623835223e-06
0.24100000000100352	1.4163076871298586e-06
0.24200000000100785	1.307917695148042e-06
0.24300000000101196	1.2123000714403531e-06
0.24400000000101607	1.129008012079602e-06
0.24500000000102018	1.055721744802618e-06
0.2460000000010245	9.915753504952107e-07
0.24700000000102862	9.351394806289548e-07
0.24800000000103273	8.855080868563903e-07
0.24900000000103706	8.416088844720448e-07
0.25000000000104117	8.026791185056226e-07
0.2510000000010453	7.678877326222633e-07
0.2520000000010494	7.367270173919138e-07
0.2530000000010537	7.084126411038838e-07
0.2540000000010578	6.825279874611567e-07
0.25500000000106193	6.586007739173283e-07
0.25600000000106626	6.361882100014427e-07
0.25700000000107037	6.149526741161537e-07
0.2580000000010745	5.945931701445417e-07
0.2590000000010786	5.747981224324406e-07
0.2600000000010829	5.553694332194326e-07
0.26100000000108703	5.360721913039157e-07
0.2620000000010909	5.167570609199146e-07
0.26300000000109525	4.972601699293477e-07
0.26400000000109936	4.774805324458953e-07
0.26500000000110346	4.5729446418452113e-07
0.2660000000011076	4.3665484994459547e-07
0.2670000000011119	4.154813989520889e-07
0.268000000001116	3.9373742188875127e-07
0.2690000000011201	3.713952341222182e-07
0.27000000000112445	3.4844107910103617e-07
0.27100000000112856	3.248758148055586e-07
0.27200000000113267	3.006900944901858e-07
0.2730000000011368	2.759305693933456e-07
0.2740000000011411	2.505723082357747e-07
0.2750000000011452	2.2470376892513855e-07
0.2760000000011493	1.98327000711096e-07
0.27700000000115366	1.714892650106492e-07
0.27800000000115777	1.4426978811599156e-07
0.2790000000011619	1.1669596899910317e-07
0.280000000001166	8.88515016006508e-08
0.2810000000011703	6.079182468532451e-08
0.2820000000011744	3.2593721055462765e-08
0.28300000000117853	4.328081448790044e-09
0.28400000000118286	-2.3924671577191248e-08
0.28500000000118697	-5.2093216185156166e-08
0.2860000000011911	-8.008979324181098e-08
0.2870000000011952	-1.0784793769147427e-07
0.2880000000011995	-1.3527387343614805e-07
0.2890000000012036	-1.6230227695146482e-07
0.29000000000120774	-1.8885667807388984e-07
0.29100000000121207	-2.148489990361213e-07
0.2920000000012162	-2.402311494176246e-07
0.29300000000122006	-2.64917332071235e-07
0.29400000000122417	-2.88840980910976e-07
0.2950000000012285	-3.119495604053668e-07
0.2960000000012326	-3.3418677092278415e-07
0.2970000000012367	-3.554882797018877e-07
0.29800000000124083	-3.758128888087242e-07
0.29900000000124516	-3.951166753779489e-07
0.30000000000124927	-4.133669615491442e-07
0.3010000000012534	-4.305200245191543e-07
0.3020000000012577	-4.4655884212652097e-07
0.3030000000012618	-4.61455583300463e-07
0.3040000000012659	-4.752079461045611e-07
0.30500000000127003	-4.87796785630934e-07
0.30600000000127436	-4.992225546285312e-07
0.3070000000012785	-5.094921737835989e-07
0.3080000000012826	-5.186067377760395e-07
0.3090000000012869	-5.265753248995253e-07
0.310000000001291	-5.334256003575177e-07
0.31100000000129513	-5.391611064275992e-07
0.31200000000129924	-5.438192431928002e-07
0.31300000000130357	-5.474166220320598e-07
0.3140000000013077	-5.499828270583151e-07
0.3150000000013118	-5.515599945660199e-07
0.3160000000013161	-5.521523565032993e-07
0.3170000000013202	-5.51811474958086e-07
0.31800000000132433	-5.505832378904785e-07
0.31900000000132844	-5.484541019118438e-07
0.3200000000013328	-5.454965519291477e-07
0.3210000000013369	-5.417306780941544e-07
0.322000000001341	-5.371667646247857e-07
0.3230000000013453	-5.318567330991897e-07
0.3240000000013492	-5.258195496793405e-07
0.3250000000013533	-5.190519396514048e-07
0.3260000000013574	-5.116243393388231e-07
0.32700000000136176	-5.035080516968549e-07
0.32800000000136587	-4.947403919874915e-07
0.32900000000137	-4.853307986607547e-07
0.3300000000013743	-4.753080768971074e-07
0.3310000000013784	-4.646413640507774e-07
0.3320000000013825	-4.53366774344488e-07
0.33300000000138663	-4.41497141956404e-07
0.33400000000139096	-4.28994536116889e-07
0.33500000000139507	-4.159011623983133e-07
0.3360000000013992	-4.022125434932633e-07
0.3370000000014035	-3.8789864098554006e-07
0.3380000000014076	-3.730023618864209e-07
0.3390000000014117	-3.5750141069712527e-07
0.34000000000141584	-3.4140148019723426e-07
0.34100000000142017	-3.2471447664050856e-07
0.3420000000014243	-3.074290031435112e-07
0.3430000000014284	-2.8957637376869627e-07
0.3440000000014327	-2.7115043965686425e-07
0.3450000000014368	-2.521650237508055e-07
0.34600000000144093	-2.3265606263755956e-07
0.34700000000144504	-2.12611339645008e-07
0.34800000000144937	-1.9209659907204468e-07
0.3490000000014535	-1.711038926099917e-07
0.3500000000014576	-1.4968991401964615e-07
0.3510000000014619	-1.2788682668407603e-07
0.35200000000146603	-1.0573415121228891e-07
0.35300000000147014	-8.328654255151946e-08
0.35400000000147425	-6.059316404183335e-08
0.35500000000147836	-3.7714240397335175e-08
0.35600000000148246	-1.4711435403214068e-08
0.3570000000014866	8.345334090442691e-09
0.3580000000014909	3.138768400745562e-08
0.359000000001495	5.4331506738058977e-08
0.3600000000014991	7.710480531830655e-08
0.36100000000150323	9.961762803545327e-08
0.36200000000150756	1.2178382713390334e-07
0.36300000000151167	1.4351410171364876e-07
0.3640000000015158	1.6471646258064965e-07
0.3650000000015201	1.8529301870628956e-07
0.3660000000015242	2.0515463994286165e-07
0.3670000000015283	2.2420329859329513e-07
0.36800000000153243	2.423362686077013e-07
0.36900000000153677	2.5946740112026134e-07
0.3700000000015409	2.7549298153850543e-07
0.371000000001545	2.903329671122279e-07
0.3720000000015493	3.0383924209953506e-07
0.3730000000015534	3.1604875094792817e-07
0.37400000000155753	3.267019299535434e-07
0.37500000000156164	3.3588264802819623e-07
0.37600000000156597	3.4338111332132826e-07
0.3770000000015701	3.492338853661181e-07
0.3780000000015742	3.532772704373244e-07
0.3790000000015785	3.5551666743849353e-07
0.3800000000015826	3.5585270075078057e-07
0.38100000000158674	3.542887053731292e-07
0.38200000000159084	3.5071269510744685e-07
0.3830000000015952	3.45153741365678e-07
0.3840000000015993	3.3755680040048475e-07
0.3850000000016034	3.279187885674162e-07
0.3860000000016075	3.162213773055811e-07
0.3870000000016116	3.024991660494081e-07
0.3880000000016157	2.867306690967908e-07
0.38900000000161983	2.6898816296583306e-07
0.39000000000162416	2.4923284747124796e-07
0.39100000000162827	2.2759996631815937e-07
0.3920000000016324	2.0405258571720708e-07
0.3930000000016367	1.7873201962892438e-07
0.3940000000016408	1.5164762623420813e-07
0.3950000000016449	1.2294067019968935e-07
0.39600000000164903	9.262874811621913e-08
0.39700000000165336	6.088665760461964e-08
0.3980000000016575	2.775996088555388e-08
0.3990000000016616	-6.5932184156736184e-09
0.4000000000016659	-4.208741266609195e-08
0.40100000000167	-7.857835471192232e-08
0.40200000000167413	-1.1592899440415749e-07
0.40300000000167824	-1.540237308805814e-07
0.40400000000168257	-1.9270801665527415e-07
0.4050000000016867	-2.3184882524951433e-07
0.4060000000016908	-2.712936129078969e-07
0.4070000000016951	-3.1090845276082746e-07
0.4080000000016992	-3.5053763980386066e-07
0.40900000000170333	-3.900422100855394e-07
0.41000000000170744	-4.292769497649118e-07
0.4110000000017118	-4.6808877662840587e-07
0.4120000000017159	-5.063441044228512e-07
0.41300000000172	-5.439050760891462e-07
0.4140000000017243	-5.806240142014474e-07
0.41500000000172843	-6.163718961893494e-07
0.41600000000173254	-6.510128254255676e-07
0.4170000000017364	-6.844292617103065e-07
0.41800000000174076	-7.164896729250358e-07
0.41900000000174487	-7.470757048544385e-07
0.420000000001749	-7.760786910893103e-07
0.4210000000017533	-8.033829368425671e-07
0.4220000000017574	-8.288879680407035e-07
0.4230000000017615	-8.524940449117224e-07
0.42400000000176563	-8.741156620750701e-07
0.42500000000176996	-8.936555357941245e-07
0.42600000000177407	-9.110444310067578e-07
0.4270000000017782	-9.262016751332425e-07
0.4280000000017825	-9.390818951349189e-07
0.4290000000017866	-9.495951625027033e-07
0.4300000000017907	-9.577262218840588e-07
0.43100000000179484	-9.633934752173445e-07
0.43200000000179917	-9.66603134422428e-07
0.4330000000018033	-9.673124623521545e-07
0.4340000000018074	-9.654917672019536e-07
0.4350000000018115	-9.611500426665032e-07
0.4360000000018158	-9.542625600822419e-07
0.43700000000181993	-9.448756719265816e-07
0.43800000000182404	-9.32973236889012e-07
0.43900000000182837	-9.185774432207694e-07
0.4400000000018325	-9.017826279045238e-07
0.4410000000018366	-8.825311264004654e-07
0.4420000000018407	-8.61027426690697e-07
0.44300000000184503	-8.371852002753144e-07
0.44400000000184914	-8.111970206670094e-07
0.44500000000185325	-7.831159907212282e-07
0.4460000000018576	-7.529967702701867e-07
0.4470000000018617	-7.210162076276561e-07
0.4480000000018656	-6.872325633011656e-07
0.4490000000018697	-6.517834016950275e-07
0.450000000001874	-6.148011977291645e-07
0.4510000000018781	-5.764085095893989e-07
0.45200000000188223	-5.367473054906924e-07
0.45300000000188656	-4.959828234785135e-07
0.45400000000189067	-4.542221818670811e-07
0.4550000000018948	-4.116616381111271e-07
0.4560000000018989	-3.684069420639702e-07
0.4570000000019032	-3.2465365729095197e-07
0.4580000000019073	-2.80525304541257e-07
0.45900000000191143	-2.3619180611333945e-07
0.46000000000191577	-1.917996306222136e-07
0.4610000000019199	-1.4750337773428157e-07
0.462000000001924	-1.0344806788964434e-07
0.4630000000019281	-5.97827698456399e-08
0.4640000000019324	-1.6651634293651796e-08
0.46500000000193653	2.5815070525680994e-08
0.46600000000194064	6.747530323369944e-08
0.46700000000194497	1.082129510443508e-07
0.4680000000019491	1.4790339630810223e-07
0.4690000000019532	1.8643093901982155e-07
0.4700000000019573	2.236921422538174e-07
0.4710000000019616	2.5958568516948333e-07
0.47200000000196574	2.940240558801932e-07
0.47300000000196984	3.269201804823041e-07
0.4740000000019742	3.5819185750796123e-07
0.4750000000019783	3.877793115503181e-07
0.4760000000019824	4.156197112026305e-07
0.4770000000019865	4.416704114662551e-07
0.47800000000199083	4.6588217184062586e-07
0.4790000000019947	4.882324946553496e-07
0.48000000000199883	5.086797086883976e-07
0.48100000000200316	5.272307507242502e-07
0.48200000000200727	5.438482937325517e-07
0.4830000000020114	5.585628226612016e-07
0.4840000000020155	5.713529924733507e-07
0.4850000000020198	5.822345032768794e-07
0.4860000000020239	5.912256261231263e-07
0.48700000000202803	5.983822953803397e-07
0.48800000000203236	6.036925587205033e-07
0.4890000000020365	6.072363643028211e-07
0.4900000000020406	6.09050106570308e-07
0.4910000000020447	6.091758483206533e-07
0.492000000002049	6.076820578959641e-07
0.49300000000205313	6.046282142735393e-07
0.49400000000205724	6.000840302444743e-07
0.49500000000206157	5.941036642642672e-07
0.4960000000020657	5.867727630448627e-07
0.4970000000020698	5.78169685794272e-07
0.4980000000020739	5.683638606424068e-07
0.4990000000020782	5.574269165142809e-07
0.5000000000020823	5.454626343937008e-07
0.5010000000020864	5.325263245925527e-07
0.5020000000020908	5.187113928384335e-07
0.5030000000020949	5.041067303590552e-07
0.504000000002099	4.887806640541115e-07
0.5050000000021031	4.7282483228716643e-07
0.5060000000021074	4.563092573794947e-07
0.5070000000021115	4.3931927262708115e-07
0.5080000000021156	4.21928108673697e-07
0.50900000000212	4.0421062796891505e-07
0.5100000000021239	3.8624119302888005e-07
0.511000000002128	3.680908933212379e-07
0.5120000000021321	3.498275591429234e-07
0.5130000000021364	3.315176929641339e-07
0.5140000000021405	3.132251383819451e-07
0.5150000000021446	2.9500821663308585e-07
0.516000000002149	2.7692759296815694e-07
0.5170000000021531	2.590334423624441e-07
0.5180000000021572	2.413849684579361e-07
0.5190000000021613	2.2401726695875368e-07
0.5200000000021656	2.0699352298869655e-07
0.5210000000021697	1.90337967831411e-07
0.5220000000021738	1.7410218144942036e-07
0.5230000000021782	1.583215041289776e-07
0.5240000000021823	1.4301400008687182e-07
0.5250000000021864	1.2822769157594394e-07
0.5260000000021905	1.1396944799013653e-07
0.5270000000021948	1.0027386443400843e-07
0.5280000000021989	8.715178989593397e-08
0.529000000002203	7.462182338713319e-08
0.5300000000022074	6.26893535971007e-08
0.5310000000022115	5.137137359945143e-08
0.5320000000022156	4.0662771150223875e-08
0.5330000000022197	3.058925923671296e-08
0.534000000002224	2.1101733249651033e-08
0.5350000000022281	1.2284634420822726e-08
0.5360000000022322	4.0304514170586e-09
0.5370000000022366	-3.5643454854294987e-09
0.5380000000022407	-1.0584247700506921e-08
0.5390000000022448	-1.6993099594131422e-08
0.5400000000022487	-2.2818340106312007e-08
0.541000000002253	-2.8058307233180813e-08
0.5420000000022571	-3.274392623708877e-08
0.5430000000022612	-3.68654595739315e-08
0.5440000000022656	-4.046273649471743e-08
0.5450000000022697	-4.352251048445055e-08
0.5460000000022738	-4.609061510230106e-08
0.5470000000022779	-4.816153742481788e-08
0.5480000000022822	-4.977091916380516e-08
0.5490000000022863	-5.0931132644649324e-08
0.5500000000022904	-5.166674954537598e-08
0.5510000000022948	-5.1995638905566466e-08
0.5520000000022989	-5.194393515317586e-08
0.553000000002303	-5.1529075895118126e-08
0.5540000000023071	-5.0777412052838145e-08
0.5550000000023114	-4.9710057403729024e-08
0.5560000000023155	-4.834817768362143e-08
0.5570000000023196	-4.671594511229671e-08
0.558000000002324	-4.4834942869442784e-08
0.5590000000023281	-4.27266333424825e-08
0.5600000000023322	-4.0412823976154755e-08
0.5610000000023363	-3.791414049381103e-08
0.5620000000023406	-3.52499274214324e-08
0.5630000000023447	-3.244058599527477e-08
0.5640000000023488	-2.950562749681751e-08
0.5650000000023532	-2.6462341651267707e-08
0.5660000000023573	-2.3327797249450555e-08
0.5670000000023614	-2.0118414711944865e-08
0.5680000000023655	-1.6849302397758947e-08
0.5690000000023698	-1.3535069953718448e-08
0.5700000000023739	-1.0188596633042835e-08
0.5710000000023778	-6.8218950488585506e-09
0.5720000000023819	-3.4456617559186498e-09
0.5730000000023863	-6.957256992734528e-11
0.5740000000023904	3.297936368440446e-09
0.5750000000023945	6.649573447425894e-09
0.5760000000023988	9.979435056095554e-09
0.5770000000024029	1.3282520638924211e-08
0.578000000002407	1.6555045112554012e-08
0.5790000000024111	1.9794894945412977e-08
0.5800000000024155	2.300018486778299e-08
0.5810000000024196	2.6170983380424673e-08
0.5820000000024237	2.9307487103835683e-08
0.583000000002428	3.2411727191039574e-08
0.5840000000024321	3.548540306042014e-08
0.5850000000024362	3.853225039041064e-08
0.5860000000024403	4.155598065658239e-08
0.5870000000024447	4.456094537808042e-08
0.5880000000024488	4.755268567802062e-08
0.5890000000024529	5.053643437058497e-08
0.5900000000024572	5.351883791693268e-08
0.5910000000024613	5.650611889507218e-08
0.5920000000024654	5.9505656291314324e-08
0.5930000000024696	6.252497641856536e-08
0.5940000000024739	6.55718707109898e-08
0.595000000002478	6.865479584838852e-08
0.5960000000024821	7.178226835158341e-08
0.5970000000024864	7.496479992319394e-08
0.5980000000024905	7.82100371132799e-08
0.5990000000024946	8.153093045137894e-08
0.6000000000024988	8.49337441488629e-08
0.6010000000025031	8.843297572003195e-08
0.602000000002507	9.203787243450279e-08
0.6030000000025111	9.575749215784413e-08
0.6040000000025154	9.960641422779304e-08
0.6050000000025195	1.0358902491347521e-07
0.6060000000025236	1.0772237812872731e-07
0.6070000000025277	1.1200942140465742e-07
0.6080000000025321	1.1646382136465405e-07
0.6090000000025362	1.2109034996932166e-07
0.6100000000025403	1.2590032871795387e-07
0.6110000000025446	1.3089733585935903e-07
0.6120000000025487	1.3608843940637882e-07
0.6130000000025528	1.4147786553397879e-07
0.614000000002557	1.4707073514586e-07
0.6150000000025613	1.52868104841275e-07
0.6160000000025654	1.5887118487434293e-07
0.6170000000025695	1.650792764706921e-07
0.6180000000025738	1.7149225040036242e-07
0.6190000000025779	1.7810607710888604e-07
0.620000000002582	1.8491582787216743e-07
0.6210000000025861	1.919147585294212e-07
0.6220000000025905	1.9909471771217824e-07
0.6230000000025946	2.064475379537356e-07
0.6240000000025987	2.1396204141765907e-07
0.625000000002603	2.216260587273311e-07
0.6260000000026071	2.2942780308898847e-07
0.6270000000026112	2.3735104393018958e-07
0.6280000000026154	2.4538328458056924e-07
0.6290000000026197	2.535055234620387e-07
0.6300000000026238	2.6170087541466103e-07
0.6310000000026279	2.699487664514777e-07
0.6320000000026322	2.7823014137062785e-07
0.6330000000026361	2.8652079619995163e-07
0.6340000000026402	2.947990108692622e-07
0.6350000000026443	3.0303852527335806e-07
0.6360000000026487	3.112148606598808e-07
0.6370000000026528	3.1930051702655504e-07
0.6380000000026569	3.272682898014523e-07
0.6390000000026612	3.350885080521948e-07
0.6400000000026653	3.4273336513290786e-07
0.6410000000026694	3.5017173583007377e-07
0.6420000000026735	3.5737570858174195e-07
0.6430000000026779	3.6431387184787667e-07
0.644000000002682	3.7095973959289097e-07
0.6450000000026861	3.7728291557570515e-07
0.6460000000026904	3.832504751333232e-07
0.6470000000026945	3.8883824626800845e-07
0.6480000000026986	3.940193217255583e-07
0.6490000000027027	3.9875287438650986e-07
0.6500000000027071	4.0303442183642346e-07
0.6510000000027112	4.068129317857938e-07
0.6520000000027153	4.100790819139277e-07
0.6530000000027196	4.1281979856755413e-07
0.6540000000027237	4.149902880223877e-07
0.6550000000027278	4.16604153063993e-07
0.656000000002732	4.176099059893801e-07
0.6570000000027363	4.180208006410169e-07
0.6580000000027404	4.177999352039663e-07
0.6590000000027445	4.169630145600678e-07
0.6600000000027488	4.1546881723864004e-07
0.6610000000027529	4.133290097962927e-07
0.662000000002757	4.105133083465162e-07
0.6630000000027612	4.070374088893658e-07
0.6640000000027653	4.0285978419873913e-07
0.6650000000027694	3.980036784589913e-07
0.6660000000027735	3.9244274363525733e-07
0.6670000000027778	3.861846010755343e-07
0.6680000000027819	3.7922325402117707e-07
0.669000000002786	3.715535507042844e-07
0.6700000000027901	3.631841087869958e-07
0.6710000000027945	3.5411200216550753e-07
0.6720000000027986	3.443450493634259e-07
0.6730000000028027	3.3388189402128177e-07
0.674000000002807	3.2273663297388566e-07
0.6750000000028111	3.1091611230049665e-07
0.6760000000028152	2.984317495347e-07
0.6770000000028193	2.8529447404501695e-07
0.6780000000028237	2.715194532543208e-07
0.6790000000028278	2.571241066728902e-07
0.6800000000028319	2.4213457061605936e-07
0.6810000000028362	2.2654962639201415e-07
0.6820000000028403	2.1042186493236414e-07
0.6830000000028444	1.9373359905205945e-07
0.6840000000028486	1.7655175099662301e-07
0.6850000000028529	1.5885478310551093e-07
0.686000000002857	1.4071206977384065e-07
0.6870000000028611	1.221078638202755e-07
0.6880000000028654	1.0310053610851355e-07
0.6890000000028695	8.368533910285691e-08
0.6900000000028736	6.392284745970755e-08
0.6910000000028778	4.3807279137553223e-08
0.6920000000028821	2.3396712789391927e-08
0.6930000000028862	2.6949305009793534e-09
0.6940000000028901	-1.82445656360386e-08
0.6950000000028944	-3.9403376339564034e-08
0.6960000000028985	-6.074399605537906e-08
0.6970000000029026	-8.223087744063662e-08
0.6980000000029067	-1.0383385995460515e-07
0.6990000000029111	-1.2551327421839176e-07
0.7000000000029152	-1.4723438290786817e-07
0.7010000000029193	-1.6896167753799318e-07
0.7020000000029236	-1.906582967059478e-07
0.7030000000029277	-2.122877875709861e-07
0.7040000000029318	-2.338158289205694e-07
0.705000000002936	-2.5520417734625767e-07
0.7060000000029403	-2.764174200642344e-07
0.7070000000029444	-2.9742057461312754e-07
0.7080000000029485	-3.1817866430472463e-07
0.7090000000029526	-3.386560507578906e-07
0.7100000000029569	-3.5881972060280987e-07
0.711000000002961	-3.7863640112156816e-07
0.7120000000029651	-3.980720797436277e-07
0.7130000000029695	-4.1709950804325047e-07
0.7140000000029736	-4.3568455931897176e-07
0.7150000000029777	-4.5380625390833984e-07
0.7160000000029818	-4.7143107018143837e-07
0.7170000000029861	-4.885470212823151e-07
0.7180000000029902	-5.051128697530771e-07
0.7190000000029944	-5.211249411996022e-07
0.7200000000029987	-5.365400075341142e-07
0.7210000000030028	-5.513595762174361e-07
0.7220000000030069	-5.655531782888801e-07
0.723000000003011	-5.790981678632789e-07
0.7240000000030153	-5.919894852102203e-07
0.7250000000030195	-6.041951616797547e-07
0.7260000000030233	-6.157086041014281e-07
0.7270000000030277	-6.265234144819942e-07
0.7280000000030318	-6.366005109725847e-07
0.7290000000030359	-6.459611512354968e-07
0.73000000000304	-6.545736617180609e-07
0.7310000000030443	-6.6243141150224e-07
0.7320000000030484	-6.695485597063566e-07
0.7330000000030525	-6.758853647870211e-07
0.7340000000030569	-6.814603834559563e-07
0.735000000003061	-6.86256763859916e-07
0.7360000000030651	-6.902726410462634e-07
0.7370000000030692	-6.934999003949116e-07
0.7380000000030735	-6.959300382636258e-07
0.7390000000030776	-6.975683874976824e-07
0.7400000000030817	-6.983946836403021e-07
0.7410000000030861	-6.984212026495129e-07
0.7420000000030902	-6.976355182430893e-07
0.7430000000030943	-6.96041356329502e-07
0.7440000000030984	-6.936393046608202e-07
0.7450000000031027	-6.904284044484399e-07
0.7460000000031068	-6.864117882976473e-07
0.747000000003111	-6.81601124208342e-07
0.7480000000031153	-6.759945205825346e-07
0.7490000000031194	-6.696116392479468e-07
0.7500000000031235	-6.624439135016758e-07
0.7510000000031276	-6.545145703196198e-07
0.7520000000031319	-6.458224042216187e-07
0.753000000003136	-6.363842741663461e-07
0.7540000000031402	-6.262167717707712e-07
0.7550000000031445	-6.153304918932179e-07
0.7560000000031484	-6.037396023117481e-07
0.7570000000031525	-5.914633325332375e-07
0.7580000000031566	-5.785233188060346e-07
0.7590000000031609	-5.649481309433213e-07
0.760000000003165	-5.507444991170729e-07
0.7610000000031691	-5.35943163848529e-07
0.7620000000031735	-5.205790991613668e-07
0.7630000000031776	-5.046481410531101e-07
0.7640000000031817	-4.882314392773424e-07
0.7650000000031858	-4.71265520607389e-07
0.7660000000031901	-4.5387319613787724e-07
0.7670000000031942	-4.3600123467157914e-07
0.7680000000031983	-4.177251893278111e-07
0.7690000000032027	-3.990455259561543e-07
0.7700000000032068	-3.800019043875835e-07
0.7710000000032109	-3.6061630459549576e-07
0.772000000003215	-3.409261972731059e-07
0.7730000000032193	-3.209509071844252e-07
0.7740000000032234	-3.007390023679335e-07
0.7750000000032276	-2.802949072844285e-07
0.7760000000032319	-2.5968450412250377e-07
0.777000000003236	-2.3891572897838387e-07
0.7780000000032401	-2.180420339836786e-07
0.7790000000032442	-1.9708583232080912e-07
0.7800000000032485	-1.7609346958380456e-07
0.7810000000032526	-1.5509598583207662e-07
0.7820000000032568	-1.341349411543291e-07
0.7830000000032611	-1.1324442916738064e-07
0.7840000000032652	-9.246557497455399e-08
0.7850000000032693	-7.182802241878505e-08
0.7860000000032734	-5.1374012599580965e-08
0.7870000000032777	-3.113548219246809e-08
0.7880000000032816	-1.1143475253660995e-08
0.7890000000032857	8.565683939920632e-09
0.7900000000032901	2.7956082782054636e-08
0.7910000000032942	4.7003987924121304e-08
0.7920000000032983	6.567233867826872e-08
0.7930000000033024	8.39349106884768e-08
0.7940000000033067	1.0175206788254343e-07
0.7950000000033108	1.1912603548047684e-07
0.796000000003315	1.3599323789303952e-07
0.7970000000033193	1.523540917869326e-07
0.7980000000033234	1.6818135173402027e-07
0.7990000000033275	1.8345099295213885e-07
0.8000000000033316	1.9813097285048542e-07
0.8010000000033359	2.1222062240866535e-07
0.80200000000334	2.2567982060905933e-07
0.8030000000033441	2.3848997676712003e-07
0.8040000000033485	2.506585878858658e-07
0.8050000000033526	2.621378821787701e-07
0.8060000000033567	2.729392809541764e-07
0.8070000000033608	2.830521679264564e-07
0.8080000000033651	2.9245784505249617e-07
0.8090000000033692	3.0116428662019246e-07
0.8100000000033734	3.091584375169987e-07
0.8110000000033777	3.164521548137955e-07
0.8120000000033818	3.2303238473030405e-07
0.8130000000033859	3.2891524837097563e-07
0.81400000000339	3.3411087041468335e-07
0.8150000000033943	3.38610812056217e-07
0.8160000000033985	3.424411990637921e-07
0.8170000000034026	3.45605263185611e-07
0.8180000000034067	3.4811841387316633e-07
0.8190000000034108	3.4999233267107854e-07
0.8200000000034149	3.512531082661141e-07
0.821000000003419	3.5189535452229137e-07
0.8220000000034233	3.519557292275266e-07
0.8230000000034274	3.5144261922859243e-07
0.8240000000034315	3.5037345436084166e-07
0.8250000000034359	3.487760759091074e-07
0.82600000000344	3.46648009630357e-07
0.8270000000034441	3.440268253607215e-07
0.8280000000034482	3.409237703255741e-07
0.8290000000034525	3.373645793836033e-07
0.8300000000034566	3.3336447569087824e-07
0.8310000000034607	3.2894790935600327e-07
0.8320000000034651	3.2413637962580566e-07
0.8330000000034692	3.189594651731298e-07
0.8340000000034733	3.1342569195569325e-07
0.8350000000034774	3.075728786106069e-07
0.8360000000034817	3.0141950935203e-07
0.8370000000034858	2.9499051623638195e-07
0.83800000000349	2.8831299492271256e-07
0.8390000000034943	2.8140776764384867e-07
0.8400000000034984	2.743025048212999e-07
0.8410000000035025	2.6701874455969943e-07
0.8420000000035066	2.595787819137385e-07
0.8430000000035109	2.5200508235734276e-07
0.844000000003515	2.443171608357275e-07
0.8450000000035192	2.3653196379314068e-07
0.8460000000035233	2.2866895144080246e-07
0.8470000000035276	2.2074394168125622e-07
0.8480000000035317	2.127737169788091e-07
0.8490000000035356	2.0477382567385405e-07
0.8500000000035399	1.9675853168976687e-07
0.851000000003544	1.88742576012757e-07
0.8520000000035481	1.8073901308923723e-07
0.8530000000035523	1.7276097163954063e-07
0.8540000000035566	1.648219820626906e-07
0.8550000000035607	1.5693550625694996e-07
0.8560000000035648	1.4911337153922233e-07
0.8570000000035691	1.4137152171134204e-07
0.8580000000035732	1.337219946995205e-07
0.8590000000035773	1.261814033259867e-07
0.8600000000035815	1.1876435102031735e-07
0.8610000000035858	1.1148806611238626e-07
0.8620000000035899	1.0436471276076276e-07
0.863000000003594	9.741577045030425e-08
0.8640000000035983	9.065189865431478e-08
0.8650000000036024	8.4092829366611e-08
0.8660000000036066	7.775583465985392e-08
0.8670000000036107	7.16614853013553e-08
0.868000000003615	6.581231060120984e-08
0.8690000000036191	6.024047682906541e-08
0.8700000000036232	5.494431221109153e-08
0.8710000000036275	4.9944656299594214e-08
0.8720000000036316	4.5250134750318693e-08
0.8730000000036358	4.087189942048042e-08
0.8740000000036399	3.681477867001348e-08
0.8750000000036442	3.3095008067363096e-08
0.8760000000036483	2.9702626580530023e-08
0.8770000000036524	2.6666422847654303e-08
0.8780000000036567	2.3966825080101728e-08
0.8790000000036609	2.162765089241958e-08
0.8800000000036647	1.9631783976237216e-08
0.8810000000036688	1.80051782372459e-08
0.8820000000036732	1.672108196348887e-08
0.8830000000036773	1.5803550579285286e-08
0.8840000000036814	1.523157466820635e-08
0.8850000000036857	1.5015991006173124e-08
0.8860000000036898	1.514478631392535e-08
0.887000000003694	1.5618814352968968e-08
0.888000000003698	1.6431326521626488e-08
0.8890000000037024	1.7575051303175826e-08
0.8900000000037065	1.9043302379451177e-08
0.8910000000037106	2.0828148983298433e-08
0.8920000000037149	2.291845302426765e-08
0.893000000003719	2.5304872086628905e-08
0.8940000000037231	2.7972864691250265e-08
0.8950000000037273	3.091571987301478e-08
0.8960000000037316	3.411165394595628e-08
0.8970000000037357	3.75563001808743e-08
0.8980000000037398	4.122657815130992e-08
0.8990000000037441	4.510634854515416e-08
0.9000000000037482	4.918159746125639e-08
0.9010000000037524	5.3434248359351955e-08
0.9020000000037565	5.784563406052712e-08
0.9030000000037608	6.23946105893225e-08
0.9040000000037649	6.706729571703818e-08
0.905000000003769	7.183744932248715e-08
0.9060000000037733	7.669068868842999e-08
0.9070000000037775	8.160469877616094e-08
0.9080000000037816	8.656290695352453e-08
0.9090000000037857	9.154542146561084e-08
0.91000000000379	9.65360580362784e-08
0.9110000000037939	1.0151805263092228e-07
0.912000000003798	1.0647697790133748e-07
0.9130000000038023	1.1139641342694517e-07
0.9140000000038064	1.162654725828105e-07
0.9150000000038105	1.210689455355407e-07
0.9160000000038147	1.257960574596595e-07
0.917000000003819	1.30433163270105e-07
0.9180000000038231	1.3497358619662947e-07
0.9190000000038272	1.3940285181757162e-07
0.9200000000038315	1.4372093326553426e-07
0.9210000000038356	1.479092333056542e-07
0.9220000000038397	1.5197748759465668e-07
0.9230000000038439	1.55902924126039e-07
0.9240000000038482	1.597008270071143e-07
0.9250000000038523	1.63354237803226e-07
0.9260000000038564	1.6687368009637993e-07
0.9270000000038607	1.702497086641941e-07
0.9280000000038648	1.7349242598108106e-07
0.929000000003869	1.7659247208978712e-07
0.9300000000038731	1.7956423237208696e-07
0.9310000000038774	1.823974505876791e-07
0.9320000000038815	1.851061979252222e-07
0.9330000000038856	1.8768018694714783e-07
0.9340000000038899	1.9013765784059444e-07
0.935000000003894	1.924647764495191e-07
0.9360000000038982	1.9467550704810321e-07
0.9370000000039023	1.9676436102677997e-07
0.9380000000039066	1.9873713918983071e-07
0.9390000000039107	2.0058904259823152e-07
0.9400000000039148	2.0232738850989307e-07
0.9410000000039191	2.039428053102199e-07
0.942000000003923	2.0544413781298232e-07
0.9430000000039271	2.0682243617731189e-07
0.9440000000039312	2.0808538070404836e-07
0.9450000000039356	2.0922393706435116e-07
0.9460000000039397	2.1024526353219386e-07
0.9470000000039438	2.1114282777734417e-07
0.9480000000039481	2.1191915478002699e-07
0.9490000000039522	2.1257299664956264e-07
0.9500000000039563	2.1310473807822916e-07
0.9510000000039605	2.1351485379739188e-07
0.9520000000039648	2.1380327130948729e-07
0.9530000000039689	2.1396961913389134e-07
0.954000000003973	2.140164289121671e-07
0.9550000000039773	2.1394197380342206e-07
0.9560000000039814	2.1374368075477435e-07
0.9570000000039856	2.1342869160889677e-07
0.9580000000039897	2.129924564497898e-07
0.959000000003994	2.1242579850699883e-07
0.9600000000039981	2.1175151843078055e-07
0.9610000000040022	2.1093872737409924e-07
0.9620000000040065	2.100120956027851e-07
0.9630000000040106	2.0895459906800085e-07
0.9640000000040148	2.0777320619558282e-07
0.9650000000040189	2.0646415488378977e-07
0.9660000000040232	2.0502887099205225e-07
0.9670000000040273	2.0346489737477214e-07
0.9680000000040314	2.0177245041441694e-07
0.9690000000040357	1.9995111011361644e-07
0.9700000000040399	1.980011048452468e-07
0.9710000000040437	1.959226680892101e-07
0.9720000000040478	1.9371816273316966e-07
0.9730000000040522	1.9138791829131918e-07
0.9740000000040563	1.889341770811015e-07
0.9750000000040604	1.8635817156109624e-07
0.9760000000040647	1.8366222476196015e-07
0.9770000000040688	1.8084796227224587e-07
0.978000000004073	1.779178553373839e-07
0.979000000004077	1.7487217185419013e-07
0.9800000000040812	1.717138818913e-07
0.9810000000040855	1.6844284678185772e-07
0.9820000000040896	1.650607333036902e-07
0.9830000000040937	1.6156823123836261e-07
0.984000000004098	1.5796408747714707e-07
0.9850000000041004	1.542489560524274e-07
0.9860000000041018	1.5042107315288433e-07
0.987000000004103	1.464852356081181e-07
0.9880000000041045	1.42432106220447e-07
0.9890000000041059	1.3827457567838763e-07
0.9900000000041072	1.3399710918626795e-07
0.9910000000041086	1.2961863937732687e-07
0.99200000000411	1.2512782820994772e-07
0.9930000000041115	1.2052845499432863e-07
0.9940000000041127	1.1582780579111329e-07
0.9950000000041141	1.1102274943830537e-07
0.9960000000041156	1.0611616496625231e-07
0.997000000004117	1.0111228221365565e-07
0.9980000000041185	9.60108228476031e-08
0.9990000000041197	9.081482177375477e-08
1.0000000000041211	8.552769947822725e-08
1.001000000004117	8.015205565925498e-08
1.002000000004113	7.468600937698966e-08
1.0030000000041086	6.913689165610748e-08
1.0040000000041045	6.350335479687885e-08
1.0050000000041002	5.778954981217055e-08
1.006000000004096	5.199883301720831e-08
1.007000000004092	4.612968840245202e-08
1.0080000000040878	4.0188669503393726e-08
1.0090000000040837	3.417569716113178e-08
1.0100000000040794	2.8096658777343464e-08
1.0110000000040753	2.195266701754406e-08
1.012000000004071	1.5748524928582697e-08
1.0130000000040669	9.48782452603325e-09
1.0140000000040628	3.1753976115211913e-09
1.0150000000040587	-3.1856604021385238e-09
1.0160000000040534	-9.589805616272429e-09
1.0170000000040464	-1.6033778749147132e-08
1.0180000000040397	-2.2511540853642487e-08
1.0190000000040325	-2.9019047387279784e-08
1.0200000000040257	-3.555020811063514e-08
1.021000000004019	-4.209989401537939e-08
1.0220000000040117	-4.8662366580742855e-08
1.023000000004005	-5.5229919970756214e-08
1.0240000000039977	-6.179740785761112e-08
1.025000000003991	-6.835750698819254e-08
1.026000000003984	-7.490206899163354e-08
1.027000000003977	-8.14250511460557e-08
1.0280000000039702	-8.791808325803174e-08
1.0290000000039632	-9.437400239065141e-08
1.0300000000039562	-1.0078560475079712e-07
1.0310000000039494	-1.0714435449976634e-07
1.0320000000039424	-1.1344552452996481e-07
1.0330000000039354	-1.1967912949550907e-07
1.0340000000039287	-1.2584185138386772e-07
1.0350000000039217	-1.3192439363152175e-07
1.0360000000039147	-1.379227905218272e-07
1.0370000000039077	-1.4382959112602123e-07
1.0380000000039007	-1.4964222616598022e-07
1.039000000003894	-1.5535211850270514e-07
1.0400000000038867	-1.6095531618631753e-07
1.04100000000388	-1.6645063105613644e-07
1.0420000000038732	-1.718291011698625e-07
1.043000000003866	-1.77087981390045e-07
1.0440000000038592	-1.8222309638993295e-07
1.0450000000038522	-1.8722895456235733e-07
1.0460000000038452	-1.9209990798074728e-07
1.0470000000038384	-1.9682916208019208e-07
1.0480000000038314	-2.0141742118617856e-07
1.0490000000038244	-2.0585022419972177e-07
1.0500000000038174	-2.1013253426183098e-07
1.0510000000038104	-2.1424870544350938e-07
1.0520000000038037	-2.1820121753890476e-07
1.0530000000037967	-2.2198385840610513e-07
1.0540000000037897	-2.2558486389989696e-07
1.055000000003783	-2.290174374586229e-07
1.056000000003776	-2.3225019951667036e-07
1.057000000003769	-2.353120078790738e-07
1.0580000000037622	-2.3817979011298007e-07
1.059000000003755	-2.408589891977897e-07
1.0600000000037482	-2.433518282440872e-07
1.0610000000037412	-2.456521612792528e-07
1.0620000000037342	-2.4776593265940505e-07
1.0630000000037274	-2.4969519252238115e-07
1.0640000000037202	-2.5144034787594194e-07
1.0650000000037134	-2.530065184025432e-07
1.0660000000037064	-2.543988082415183e-07
1.0670000000036994	-2.5562178018745385e-07
1.0680000000036927	-2.566797032699242e-07
1.0690000000036857	-2.5757949684290793e-07
1.0700000000036787	-2.583265032995996e-07
1.071000000003672	-2.589234819883046e-07
1.072000000003665	-2.593773156256418e-07
1.073000000003658	-2.596909520757862e-07
1.0740000000036511	-2.5987143037475846e-07
1.075000000003644	-2.599236890166168e-07
1.0760000000036372	-2.5984767537678977e-07
1.0770000000036304	-2.5965710515052365e-07
1.0780000000036232	-2.5934503633529005e-07
1.0790000000036164	-2.5892139121630464e-07
1.0800000000036092	-2.583925395871489e-07
1.0810000000036024	-2.5775254819393467e-07
1.0820000000035954	-2.570132378032497e-07
1.0830000000035884	-2.5617179377768196e-07
1.0840000000035817	-2.552336413330636e-07
1.0850000000035747	-2.541992081273037e-07
1.0860000000035677	-2.53070891353957e-07
1.087000000003561	-2.518515875848948e-07
1.088000000003554	-2.505422895815457e-07
1.089000000003547	-2.4914337126702435e-07
1.0900000000035401	-2.4765894512945863e-07
1.091000000003533	-2.4608893189892456e-07
1.0920000000035262	-2.4443556889686135e-07
1.0930000000035192	-2.427018401807146e-07
1.0940000000035122	-2.4088907313313257e-07
1.0950000000035054	-2.390005946484308e-07
1.0960000000034982	-2.3703831608656856e-07
1.0970000000034914	-2.350031851339196e-07
1.0980000000034844	-2.3289732986597755e-07
1.0990000000034774	-2.3072073807028914e-07
1.1000000000034706	-2.2847670733128211e-07
1.1010000000034637	-2.2616201378333756e-07
1.1020000000034567	-2.237812346539414e-07
1.1030000000034499	-2.2133141230895603e-07
1.104000000003443	-2.1881471568008237e-07
1.105000000003436	-2.1623111035040665e-07
1.106000000003429	-2.1358152491046667e-07
1.107000000003422	-2.1086779544710055e-07
1.1080000000034151	-2.0809018241862987e-07
1.1090000000034081	-2.0525070576482563e-07
1.1100000000034012	-2.0234973230337516e-07
1.1110000000033944	-1.993889129359161e-07
1.1120000000033872	-1.9636781600773645e-07
1.1130000000033804	-1.9328730282985873e-07
1.1140000000033736	-1.9014608798606503e-07
1.1150000000033664	-1.869450716451837e-07
1.1160000000033596	-1.8368150445091658e-07
1.1170000000033526	-1.8035517745929042e-07
1.1180000000033457	-1.7696273157952191e-07
1.1190000000033387	-1.7350705650009957e-07
1.1200000000033317	-1.6998199803275327e-07
1.121000000003325	-1.6639197175649656e-07
1.122000000003318	-1.6273193859106527e-07
1.123000000003311	-1.5900710659266792e-07
1.1240000000033041	-1.5521251839345496e-07
1.1250000000032971	-1.5135272102284603e-07
1.1260000000032901	-1.4742659781852296e-07
1.1270000000032834	-1.4343667120719772e-07
1.1280000000032764	-1.393843713781706e-07
1.1290000000032694	-1.3527186171202743e-07
1.1300000000032626	-1.311013435589814e-07
1.1310000000032554	-1.2687563311075678e-07
1.1320000000032486	-1.2259774972989135e-07
1.1330000000032414	-1.1827050294677122e-07
1.1340000000032346	-1.138972072212141e-07
1.1350000000032279	-1.0948104889330068e-07
1.1360000000032207	-1.0502577629800669e-07
1.1370000000032139	-1.005350172000874e-07
1.138000000003207	-9.601165640304998e-08
1.1390000000032	-9.146007173832515e-08
1.1400000000031931	-8.68835812184443e-08
1.1410000000031861	-8.228545844701785e-08
1.1420000000031791	-7.767007015324623e-08
1.1430000000031724	-7.304051452550198e-08
1.1440000000031654	-6.839973787364784e-08
1.1450000000031584	-6.375231986766039e-08
1.1460000000031516	-5.9100883964546824e-08
1.1470000000031444	-5.4449802222578114e-08
1.1480000000031376	-4.980227985562635e-08
1.1490000000031304	-4.516320717407041e-08
1.1500000000031236	-4.0536715983918725e-08
1.1510000000031169	-3.592829211918058e-08
1.1520000000031096	-3.134257298142984e-08
1.1530000000031029	-2.6786196816175334e-08
1.1540000000030959	-2.2263884957851587e-08
1.155000000003089	-1.7785471095876915e-08
1.1560000000030821	-1.3354190420145073e-08
1.1570000000030751	-8.9826863725051e-09
1.1580000000030681	-4.675365872230941e-09
1.1590000000030614	-4.411848664176432e-10
1.1600000000030544	3.707775753092335e-09
1.1610000000030474	7.76940678459681e-09
1.1620000000030404	1.172778674174424e-08
1.1630000000030334	1.5581479440029966e-08
1.1640000000030266	1.9321490185575385e-08
1.1650000000030196	2.294115919454498e-08
1.1660000000030126	2.6437474986984455e-08
1.1670000000030059	2.9803336465406005e-08
1.1680000000029986	3.303367868134899e-08
1.1690000000029919	3.612685173237651e-08
1.1700000000029849	3.90772622038682e-08
1.1710000000029779	4.188450897224527e-08
1.172000000002971	4.454731117320421e-08
1.1730000000029641	4.706266398812886e-08
1.1740000000029571	4.9431712723091437e-08
1.1750000000029501	5.1648019305794435e-08
1.1760000000029431	5.3719935166895993e-08
1.1770000000029364	5.563518845619342e-08
1.1780000000029294	5.7404675457561893e-08
1.1790000000029224	5.902150557179908e-08
1.1800000000029156	6.049394163376576e-08
1.1810000000029086	6.182036971225102e-08
1.1820000000029016	6.300712129814201e-08
1.1830000000028948	6.405546559840047e-08
1.1840000000028876	6.49720880430138e-08
1.1850000000028809	6.575928701568756e-08
1.186000000002874	6.641826044706534e-08
1.1870000000028669	6.695922416533051e-08
1.18800000000286	6.737872593198801e-08
1.1890000000028529	6.768788407551796e-08
1.1900000000028461	6.788612361141588e-08
1.1910000000028391	6.798003426844446e-08
1.1920000000028321	6.797287621651549e-08
1.1930000000028254	6.786859896301678e-08
1.1940000000028184	6.766923987822082e-08
1.1950000000028114	6.737991387062436e-08
1.1960000000028046	6.700344168386607e-08
1.1970000000027976	6.654268547290343e-08
1.1980000000027906	6.600000279632923e-08
1.1990000000027838	6.53789256066517e-08
1.2000000000027768	6.46817051030979e-08
1.2010000000027699	6.390980833437254e-08
1.2020000000027629	6.306905953046282e-08
1.2030000000027559	6.215944547971475e-08
1.204000000002749	6.118371953522939e-08
1.2050000000027419	6.014806819276686e-08
1.206000000002735	5.904886468677262e-08
1.2070000000027283	5.789555679314162e-08
1.2080000000027211	5.668657709900771e-08
1.2090000000027143	5.542629299970514e-08
1.2100000000027074	5.411810100053316e-08
1.2110000000027004	5.2763107216691196e-08
1.2120000000026936	5.136637770686292e-08
1.2130000000026866	4.992862401298481e-08
1.2140000000026796	4.84528771549364e-08
1.2150000000026726	4.6941469600270125e-08
1.2160000000026656	4.5395315950713666e-08
1.2170000000026588	4.3816910322291847e-08
1.2180000000026519	4.220703919699531e-08
1.2190000000026449	4.056678570840688e-08
1.220000000002638	3.8896930343312874e-08
1.2210000000026309	3.719805885538108e-08
1.222000000002624	3.546952953570326e-08
1.2230000000026173	3.371153267650584e-08
1.2240000000026101	3.1923538701406073e-08
1.2250000000026033	3.010580718054712e-08
1.2260000000025963	2.8257326700753538e-08
1.2270000000025894	2.6378702888685268e-08
1.2280000000025826	2.446938629496742e-08
1.2290000000025754	2.2530007970367194e-08
1.2300000000025686	2.0560580793471672e-08
1.2310000000025616	1.856198816874155e-08
1.2320000000025546	1.6534220437236513e-08
1.2330000000025478	1.447848441138433e-08
1.2340000000025408	1.2394203885435218e-08
1.2350000000025338	1.028257279322986e-08
1.236000000002527	8.143722363129768e-09
1.23700000000252	5.977883743568668e-09
1.238000000002513	3.785854296722846e-09
1.2390000000025063	1.5676917541895818e-09
1.240000000002499	-6.758544834895019e-10
1.2410000000024923	-2.944450905317808e-09
1.2420000000024853	-5.237616562681069e-09
1.2430000000024783	-7.553419667516437e-09
1.2440000000024716	-9.892185737214731e-09
1.2450000000024644	-1.225106838198542e-08
1.2460000000024576	-1.4629316646974644e-08
1.2470000000024506	-1.702484331289611e-08
1.2480000000024436	-1.943590466346734e-08
1.2490000000024368	-2.186073988497128e-08
1.2500000000024298	-2.4297236889125884e-08
1.2510000000024228	-2.6743145697949444e-08
1.252000000002416	-2.9196463247060933e-08
1.253000000002409	-3.165478101863073e-08
1.254000000002402	-3.411552196297407e-08
1.2550000000023953	-3.657608416141045e-08
1.256000000002388	-3.903374112823599e-08
1.2570000000023813	-4.1485596069534836e-08
1.2580000000023743	-4.392886432391663e-08
1.2590000000023673	-4.636059092177902e-08
1.2600000000023606	-4.877804893332893e-08
1.2610000000023533	-5.117871593185441e-08
1.2620000000023466	-5.355971177678498e-08
1.2630000000023396	-5.591954055361725e-08
1.2640000000023326	-5.825528592851015e-08
1.2650000000023258	-6.056662260611745e-08
1.2660000000023188	-6.285105369485677e-08
1.2670000000023118	-6.510807826209941e-08
1.268000000002305	-6.733798318947493e-08
1.269000000002298	-6.953848386004324e-08
1.270000000002291	-7.171081417567393e-08
1.271000000002284	-7.38534327027196e-08
1.272000000002277	-7.596627993322613e-08
1.2730000000022703	-7.804952195655801e-08
1.2740000000022633	-8.010126228974457e-08
1.2750000000022563	-8.212121715978071e-08
1.2760000000022496	-8.410766438871065e-08
1.2770000000022423	-8.605818369034068e-08
1.2780000000022356	-8.797051287423585e-08
1.2790000000022288	-8.984283028645734e-08
1.2800000000022216	-9.167068171223036e-08
1.2810000000022148	-9.345371543290071e-08
1.2820000000022078	-9.518621824078366e-08
1.2830000000022008	-9.68697448922029e-08
1.2840000000021938	-9.849559035046695e-08
1.2850000000021868	-1.0006826189901119e-07
1.28600000000218	-1.0157833774115943e-07
1.287000000002173	-1.0303032249581179e-07
1.288000000002166	-1.044178110642946e-07
1.2890000000021593	-1.0574232889304369e-07
1.2900000000021523	-1.0700049424272606e-07
1.2910000000021453	-1.0819347040502691e-07
1.2920000000021385	-1.0931911265110728e-07
1.2930000000021313	-1.1037953862036431e-07
1.2940000000021246	-1.1137172317710053e-07
1.2950000000021178	-1.1229945084956228e-07
1.2960000000021106	-1.1316008996509197e-07
1.2970000000021038	-1.139561780494347e-07
1.2980000000020966	-1.1469016802934107e-07
1.2990000000020898	-1.1535824984143517e-07
1.3000000000020828	-1.1596786775314172e-07
1.3010000000020758	-1.1651498033060648e-07
1.302000000002069	-1.1700480895271426e-07
1.303000000002062	-1.1743634709127093e-07
1.304000000002055	-1.1781292674761801e-07
1.3050000000020483	-1.1813502331925463e-07
1.3060000000020413	-1.1840497871062894e-07
1.3070000000020343	-1.1862301851905954e-07
1.3080000000020275	-1.1879007977277922e-07
1.3090000000020205	-1.1890819728854751e-07
1.3100000000020136	-1.1897742280275736e-07
1.3110000000020068	-1.1899988772157144e-07
1.3120000000019996	-1.1897606810862271e-07
1.3130000000019928	-1.189078944197064e-07
1.3140000000019856	-1.187960434467783e-07
1.3150000000019788	-1.186429758881502e-07
1.316000000001972	-1.1844930547511012e-07
1.3170000000019648	-1.1821696799252379e-07
1.318000000001958	-1.1794750731652925e-07
1.319000000001951	-1.1764198171171358e-07
1.320000000001944	-1.1730104021445698e-07
1.3210000000019373	-1.1692533408158567e-07
1.3220000000019303	-1.1651478382113112e-07
1.3230000000019233	-1.1606801098018593e-07
1.3240000000019165	-1.1558605472750116e-07
1.3250000000019095	-1.1506612862532961e-07
1.3260000000019025	-1.145078372122299e-07
1.3270000000018956	-1.1390924314902406e-07
1.3280000000018886	-1.1326931481647762e-07
1.3290000000018818	-1.125876660790226e-07
1.3300000000018748	-1.1186204385005283e-07
1.3310000000018678	-1.110939353843321e-07
1.332000000001861	-1.1028164736970325e-07
1.3330000000018538	-1.0942655626067221e-07
1.334000000001847	-1.0853047371917057e-07
1.33500000000184	-1.0759215918199061e-07
1.336000000001833	-1.0661620875040967e-07
1.3370000000018263	-1.0560292285077821e-07
1.3380000000018193	-1.0455450771829078e-07
1.3390000000018123	-1.034733680960187e-07
1.3400000000018053	-1.0236047987000063e-07
1.3410000000017983	-1.012163453051329e-07
1.3420000000017915	-1.0004124639806378e-07
1.3430000000017845	-9.883402118937568e-08
1.3440000000017776	-9.759317975976955e-08
1.3450000000017708	-9.631684205757551e-08
1.3460000000017638	-9.500133391071586e-08
1.3470000000017568	-9.36439732424077e-08
1.34800000000175	-9.224053454381931e-08
1.3490000000017428	-9.07880561840102e-08
1.350000000001736	-8.928254113804712e-08
1.3510000000017293	-8.772179205251973e-08
1.352000000001722	-8.610056978497482e-08
1.3530000000017153	-8.441899912448037e-08
1.354000000001708	-8.267153961405427e-08
1.3550000000017013	-8.086102787352445e-08
1.3560000000016943	-7.898212017742878e-08
1.3570000000016873	-7.703685001025917e-08
1.3580000000016805	-7.502554488780788e-08
1.3590000000016735	-7.294714965411231e-08
1.3600000000016665	-7.08069414212531e-08
1.3610000000016598	-6.860258294771882e-08
1.3620000000016528	-6.634144256167929e-08
1.3630000000016458	-6.402374230773944e-08
1.364000000001639	-6.165466559515664e-08
1.3650000000016318	-5.923819945685693e-08
1.366000000001625	-5.677810399618011e-08
1.367000000001618	-5.427910476640818e-08
1.368000000001611	-5.174725670187286e-08
1.3690000000016043	-4.918824725308468e-08
1.370000000001597	-4.660844332704528e-08
1.3710000000015903	-4.4015731059943164e-08
1.3720000000015833	-4.141758558340314e-08
1.3730000000015763	-3.882267796129213e-08
1.3740000000015695	-3.6240100254048e-08
1.3750000000015625	-3.368100176537325e-08
1.3760000000015555	-3.115319291424612e-08
1.3770000000015488	-2.8669445484297285e-08
1.3780000000015418	-2.6234728611740366e-08
1.3790000000015348	-2.3858549580424437e-08
1.3800000000015278	-2.1543416828251338e-08
1.3810000000015208	-1.9291309438784765e-08
1.382000000001514	-1.7101799532071027e-08
1.383000000001507	-1.49712251484857e-08
1.3840000000015	-1.289532414183725e-08
1.3850000000014933	-1.0865767396950332e-08
1.386000000001486	-8.875859602852643e-09
1.3870000000014793	-6.917750372537057e-09
1.3880000000014725	-4.981562939931905e-09
1.3890000000014653	-3.0618241275703895e-09
1.3900000000014585	-1.1498721974589898e-09
1.3910000000014515	7.595494233569866e-10
1.3920000000014445	2.671737719950329e-09
1.3930000000014378	4.590307134400007e-09
1.3940000000014305	6.517840489550508e-09
1.3950000000014238	8.454365540977449e-09
1.3960000000014168	1.0399262229121575e-08
1.3970000000014098	1.2349146372159225e-08
1.398000000001403	1.4299293304986804e-08
1.399000000001396	1.624394341259716e-08
1.400000000001389	1.817505412837761e-08
1.4010000000013823	2.0085590746177218e-08
1.4020000000013753	2.1966473751078297e-08
1.4030000000013683	2.3811229210579654e-08
1.4040000000013615	2.5612911014327722e-08
1.4050000000013543	2.736432047623083e-08
1.4060000000013475	2.9060340356323877e-08
1.4070000000013405	3.06936008831471e-08
1.4080000000013335	3.226151301660707e-08
1.4090000000013267	3.375572710240249e-08
1.4100000000013195	3.517614810544245e-08
1.4110000000013128	3.651524016490271e-08
1.4120000000013058	3.777268564597591e-08
1.4130000000012988	3.89490497632039e-08
1.414000000001292	4.004166032078871e-08
1.415000000001285	4.105548723210006e-08
1.416000000001278	4.199318914821504e-08
1.4170000000012712	4.286130694808321e-08
1.4180000000012642	4.366738548533533e-08
1.4190000000012573	4.441743295391376e-08
1.4200000000012505	4.512191442707092e-08
1.4210000000012433	4.578740686600469e-08
1.4220000000012365	4.6419164956290615e-08
1.4230000000012293	4.7027067351379515e-08
1.4240000000012225	4.7612559450627145e-08
1.4250000000012157	4.818054422095486e-08
1.4260000000012085	4.873280257111645e-08
1.4270000000012018	4.926918717451656e-08
1.4280000000011948	4.9788307698861445e-08
1.4290000000011878	5.0287416564209764e-08
1.430000000001181	5.0762481329513776e-08
1.431000000001174	5.120765944610639e-08
1.432000000001167	5.1616419360911436e-08
1.4330000000011602	5.1980191928535646e-08
1.4340000000011532	5.228992538963695e-08
1.4350000000011462	5.2535903960482244e-08
1.4360000000011393	5.27096140068295e-08
1.4370000000011323	5.28006496303135e-08
1.4380000000011255	5.280164383503205e-08
1.4390000000011185	5.2707927911122e-08
1.4400000000011115	5.2512113990488274e-08
1.4410000000011047	5.221231613727895e-08
1.4420000000010975	5.180174456054232e-08
1.4430000000010907	5.128068669701946e-08
1.4440000000010837	5.0643028881580676e-08
1.4450000000010768	4.989233293173356e-08
1.44600000000107	4.9026937176677166e-08
1.447000000001063	4.805031661447856e-08
1.448000000001056	4.69648494538788e-08
1.449000000001049	4.5779487978236943e-08
1.450000000001042	4.449424995112139e-08
1.4510000000010352	4.3122900583725254e-08
1.4520000000010282	4.1662373551076826e-08
1.4530000000010213	4.012806154030102e-08
1.4540000000010145	3.8520248657469836e-08
1.4550000000010075	3.684839255946315e-08
1.4560000000010005	3.511674828704514e-08
1.4570000000009937	3.3331909454759057e-08
1.4580000000009865	3.150120431172354e-08
1.4590000000009797	2.9630330855567877e-08
1.460000000000973	2.7726871909550255e-08
1.4610000000009657	2.5799320457764452e-08
1.462000000000959	2.3854182962246284e-08
1.4630000000009518	2.1900767088745e-08
1.464000000000945	1.994572251806659e-08
1.465000000000938	1.7997635715083504e-08
1.466000000000931	1.606226507355757e-08
1.4670000000009242	1.4146774529599782e-08
1.4680000000009172	1.2256460291126814e-08
1.4690000000009102	1.0397199767808729e-08
1.4700000000009035	8.573211029982986e-09
1.4710000000008965	6.790486395402695e-09
1.4720000000008895	5.051647766762812e-09
1.4730000000008827	3.3606009086639688e-09
1.4740000000008757	1.7186543299629875e-09
1.4750000000008687	1.2815393191090152e-10
1.476000000000862	-1.4130709935500363e-09
1.4770000000008547	-2.9022639846942866e-09
1.478000000000848	-4.3434646990192505e-09
1.4790000000008408	-5.7361977390257834e-09
1.480000000000834	-7.08147185335406e-09
1.4810000000008272	-8.381934035739391e-09
1.48200000000082	-9.63881974236358e-09
1.4830000000008132	-1.0852572618347267e-08
1.4840000000008062	-1.2024226725415588e-08
1.4850000000007992	-1.3156007172554496e-08
1.4860000000007925	-1.4247447444049044e-08
1.4870000000007855	-1.5301018896352048e-08
1.4880000000007785	-1.6319433804312666e-08
1.4890000000007717	-1.7302337562696835e-08
1.4900000000007645	-1.8251989475359665e-08
1.4910000000007577	-1.9172124776645205e-08
1.4920000000007507	-2.0060433758573026e-08
1.4930000000007437	-2.092311923718171e-08
1.494000000000737	-2.175808955229286e-08
1.49500000000073	-2.256725828431172e-08
1.496000000000723	-2.3349292721519532e-08
1.497000000000716	-2.4105613949387816e-08
1.498000000000709	-2.4833457512585255e-08
1.4990000000007022	-2.553291311713224e-08
1.5000000000006952	-2.620232586458826e-08
1.5010000000006882	-2.6841415534661905e-08
1.5020000000006815	-2.7448211037395254e-08
1.5030000000006745	-2.8022839160257718e-08
1.5040000000006675	-2.8562484155614243e-08
1.5050000000006605	-2.9066671958233314e-08
1.5060000000006535	-2.9533163248274263e-08
1.5070000000006467	-2.996022230306039e-08
1.5080000000006397	-3.034603279772341e-08
1.5090000000006327	-3.068696585728503e-08
1.5100000000006257	-3.0981106347027776e-08
1.5110000000006187	-3.1225328100958905e-08
1.512000000000612	-3.141803106565533e-08
1.513000000000605	-3.1555567048258126e-08
1.514000000000598	-3.1637357400526867e-08
1.5150000000005912	-3.1660184252046975e-08
1.5160000000005842	-3.1623989649176565e-08
1.5170000000005772	-3.152921590476865e-08
1.5180000000005702	-3.1371385711409516e-08
1.5190000000005632	-3.115521041152647e-08
1.5200000000005565	-3.087839761661826e-08
1.5210000000005495	-3.053959840570997e-08
1.5220000000005425	-3.0144593043957e-08
1.5230000000005357	-2.9687632352448645e-08
1.5240000000005285	-2.917554420278634e-08
1.5250000000005217	-2.860533632187412e-08
1.5260000000005147	-2.7984875305975265e-08
1.5270000000005077	-2.7312052397476805e-08
1.528000000000501	-2.6595005309104636e-08
1.529000000000494	-2.58341281700325e-08
1.530000000000487	-2.503544127563373e-08
1.53100000000048	-2.4202804427275737e-08
1.532000000000473	-2.333980853030937e-08
1.5330000000004662	-2.245165697800644e-08
1.5340000000004592	-2.1541490147214404e-08
1.5350000000004522	-2.061299508859804e-08
1.5360000000004455	-1.966842644307576e-08
1.5370000000004385	-1.8710820004486095e-08
1.5380000000004315	-1.774169611223897e-08
1.5390000000004245	-1.6762740973064183e-08
1.5400000000004175	-1.5775757811198332e-08
1.5410000000004107	-1.4781456725287967e-08
1.5420000000004037	-1.3780945051777849e-08
1.5430000000003967	-1.2774268975945802e-08
1.5440000000003897	-1.1760815432637628e-08
1.5450000000003827	-1.073971978016175e-08
1.546000000000376	-9.708083892334685e-09
1.547000000000369	-8.665008932595697e-09
1.548000000000362	-7.605774898777895e-09
1.549000000000355	-6.527882234763638e-09
1.5500000000003482	-5.429114047217354e-09
1.5510000000003412	-4.303463585486611e-09
1.5520000000003342	-3.1497222607868025e-09
1.5530000000003272	-1.9638461967730336e-09
1.5540000000003205	-7.421345760150189e-10
1.5550000000003135	5.173655948098599e-10
1.5560000000003065	1.8181891547897067e-09
1.5570000000002997	3.1622833240874115e-09
1.5580000000002925	4.549478127557904e-09
1.5590000000002857	5.980183903631087e-09
1.5600000000002787	7.45102435306677e-09
1.5610000000002717	8.95838292436224e-09
1.5620000000002647	1.0496994273800908e-08
1.5630000000002577	1.2059054754764986e-08
1.564000000000251	1.3639028240142181e-08
1.565000000000244	1.522896164729559e-08
1.566000000000237	1.6821854242898837e-08
1.5670000000002302	1.8410767799181826e-08
1.5680000000002232	1.9988827482109173e-08
1.5690000000002162	2.1549929618558394e-08
1.5700000000002092	2.3088154388339888e-08
1.5710000000002025	2.4597675007953512e-08
1.5720000000001955	2.6072143444189066e-08
1.5730000000001885	2.7507728983522384e-08
1.5740000000001815	2.8897958914697597e-08
1.5750000000001747	3.0240901338629556e-08
1.5760000000001675	3.153031435942921e-08
1.5770000000001607	3.276572069221828e-08
1.5780000000001537	3.394115954957755e-08
1.5790000000001467	3.505832713024404e-08
1.58000000000014	3.611265642078365e-08
1.581000000000133	3.7104803785048546e-08
1.582000000000126	3.803432047089217e-08
1.583000000000119	3.889790212152633e-08
1.584000000000112	3.969878970000451e-08
1.5850000000001052	4.043236678796802e-08
1.5860000000000982	4.1101589354219925e-08
1.5870000000000912	4.170065170949755e-08
1.5880000000000845	4.2229813090877144e-08
1.5890000000000775	4.268750319891268e-08
1.5900000000000705	4.3073645317193154e-08
1.5910000000000635	4.3385425474440353e-08
1.5920000000000565	4.3625339007924424e-08
1.5930000000000497	4.3795632564958e-08
1.5940000000000427	4.389659702397353e-08
1.5950000000000357	4.393591468421221e-08
1.5960000000000287	4.391368391143402e-08
1.5970000000000217	4.384041063509869e-08
1.598000000000015	4.371842243777735e-08
1.599000000000008	4.35542211185691e-08
1.600000000000001	4.3354735801415245e-08
1.6009999999999942	4.3123907778053194e-08
1.6019999999999872	4.2868407601481806e-08
1.6029999999999802	4.259194752442852e-08
1.6039999999999732	4.2298438640564484e-08
1.6049999999999662	4.198976899516538e-08
1.6059999999999595	4.166852474174476e-08
1.6069999999999525	4.133538322736996e-08
1.6079999999999455	4.0989621474807336e-08
1.6089999999999387	4.0630873998637185e-08
1.6099999999999315	4.0257350009120785e-08
1.6109999999999247	3.9866119405651546e-08
1.6119999999999177	3.945396320759187e-08
1.6129999999999107	3.901714373810705e-08
1.6139999999999037	3.8551931202945866e-08
1.614999999999897	3.805314763294376e-08
1.61599999999989	3.75162420018782e-08
1.616999999999883	3.693914218949601e-08
1.617999999999876	3.631550882232659e-08
1.6189999999998692	3.564513517684276e-08
1.6199999999998622	3.492268507709895e-08
1.6209999999998552	3.414809168766908e-08
1.6219999999998485	3.3318115599811904e-08
1.6229999999998415	3.2432179608576917e-08
1.6239999999998345	3.1488101015497705e-08
1.6249999999998275	3.048480723411018e-08
1.6259999999998205	2.9421684533126324e-08
1.6269999999998137	2.8298210330568452e-08
1.6279999999998067	2.7116243139779783e-08
1.6289999999997997	2.5876857989715063e-08
1.6299999999997927	2.4579204671582033e-08
1.6309999999997857	2.3224760337114958e-08
1.631999999999779	2.1813543527038348e-08
1.632999999999772	2.034402202255592e-08
1.633999999999765	1.881636801925879e-08
1.634999999999758	1.7227858140067553e-08
1.6359999999997512	1.5579569634383006e-08
1.6369999999997442	1.3867543002810123e-08
1.6379999999997372	1.2091164736105497e-08
1.6389999999997302	1.0252064308602371e-08
1.6399999999997235	8.34635660584837e-09
1.6409999999997165	6.3785097204061e-09
1.6419999999997095	4.3481445111126504e-09
1.6429999999997025	2.2546864375527775e-09
1.6439999999996955	1.0042566778167838e-10
1.6449999999996887	-2.113601293984857e-09
1.6459999999996817	-4.391187191643553e-09
1.6469999999996747	-6.730498380846939e-09
1.6479999999996677	-9.134411893541028e-09
1.6489999999996607	-1.1605507221901235e-08
1.649999999999654	-1.4143389126530792e-08
1.650999999999647	-1.67475571188902e-08
1.65199999999964	-1.941626437407251e-08
1.6529999999996332	-2.214279470891256e-08
1.6539999999996262	-2.492512529705948e-08
1.6549999999996192	-2.7750647113577998e-08
1.6559999999996122	-3.061347020327787e-08
1.6569999999996052	-3.350485977549056e-08
1.6579999999995985	-3.6415872983752706e-08
1.6589999999995915	-3.9340284141431425e-08
1.6599999999995845	-4.227172611948049e-08
1.6609999999995777	-4.5206743237713454e-08
1.6619999999995705	-4.8142918096516496e-08
1.6629999999995637	-5.107946954296949e-08
1.6639999999995567	-5.40170495000325e-08
1.6649999999995497	-5.695698113150627e-08
1.665999999999543	-5.990104368081006e-08
1.666999999999536	-6.285134590555685e-08
1.667999999999529	-6.580990774551765e-08
1.668999999999522	-6.877806080218818e-08
1.669999999999515	-7.175798844016867e-08
1.6709999999995082	-7.474913576999143e-08
1.6719999999995012	-7.775198729298438e-08
1.6729999999994942	-8.076461521788758e-08
1.6739999999994875	-8.378606830561353e-08
1.6749999999994805	-8.681343022232113e-08
1.6759999999994735	-8.984536381539954e-08
1.6769999999994665	-9.287940505586789e-08
1.6779999999994595	-9.591478256076869e-08
1.6789999999994527	-9.895051045205605e-08
1.6799999999994457	-1.0198543209938293e-07
1.6809999999994387	-1.0502006198009894e-07
1.6819999999994317	-1.0805348016340588e-07
1.6829999999994247	-1.1108489683664402e-07
1.683999999999418	-1.141135697046991e-07
1.684999999999411	-1.1713779501931754e-07
1.685999999999404	-1.2015606865034556e-07
1.6869999999993972	-1.2316718622784606e-07
1.6879999999993902	-1.2617007927318014e-07
1.6889999999993832	-1.2916321878719828e-07
1.6899999999993762	-1.3214531868754875e-07
1.6909999999993692	-1.3511277008326772e-07
1.6919999999993625	-1.3806235799052047e-07
1.6929999999993555	-1.4098829148601055e-07
1.6939999999993485	-1.4388551150545936e-07
1.6949999999993415	-1.467480033046087e-07
1.6959999999993345	-1.4956653915376705e-07
1.6969999999993277	-1.5233921701884867e-07
1.6979999999993207	-1.55054669548349e-07
1.6989999999993137	-1.5770910710699582e-07
1.6999999999993067	-1.6029570226727685e-07
1.7009999999993	-1.6280588011063912e-07
1.701999999999293	-1.6523803281209837e-07
1.702999999999286	-1.6758618204271158e-07
1.703999999999279	-1.6984317596779874e-07
1.7049999999992722	-1.720103519620153e-07
1.7059999999992652	-1.7407215513465246e-07
1.7069999999992582	-1.7603090918250075e-07
1.7079999999992515	-1.7788234329962904e-07
1.7089999999992442	-1.7962383247471791e-07
1.7099999999992375	-1.812525247668617e-07
1.7109999999992305	-1.827792617259405e-07
1.7119999999992235	-1.8419460623420036e-07
1.7129999999992167	-1.8550749092405283e-07
1.7139999999992095	-1.8671651469404082e-07
1.7149999999992027	-1.8781891730768052e-07
1.7159999999991957	-1.8882082697402325e-07
1.7169999999991887	-1.8972214643753205e-07
1.717999999999182	-1.905250701650374e-07
1.718999999999175	-1.9122840266838637e-07
1.719999999999168	-1.9183308119785636e-07
1.720999999999161	-1.923382773050264e-07
1.721999999999154	-1.9273356199889236e-07
1.7229999999991472	-1.930195245858357e-07
1.7239999999991402	-1.9318406874191396e-07
1.7249999999991332	-1.932260538239916e-07
1.7259999999991265	-1.9314102583933845e-07
1.7269999999991195	-1.9292681030513847e-07
1.7279999999991125	-1.9258000261146435e-07
1.7289999999991055	-1.9210137680580885e-07
1.7299999999990985	-1.914819662829359e-07
1.7309999999990917	-1.9072863932656503e-07
1.7319999999990847	-1.89828933017111e-07
1.7329999999990777	-1.8880141938737438e-07
1.7339999999990707	-1.876390587352006e-07
1.7349999999990655	-1.8635248788534398e-07
1.7359999999990614	-1.849498072470368e-07
1.7369999999990573	-1.8343242702556495e-07
1.7379999999990532	-1.8181356198354592e-07
1.7389999999990489	-1.8009193381018918e-07
1.7399999999990448	-1.7828115073115214e-07
1.7409999999990406	-1.76376144800372e-07
1.7419999999990363	-1.7439134225583075e-07
1.7429999999990322	-1.7232085802731945e-07
1.743999999999028	-1.7017411702013874e-07
1.744999999999024	-1.679437282575691e-07
1.74599999999902	-1.656368457947366e-07
1.7469999999990156	-1.6325158647134685e-07
1.7479999999990115	-1.6079143794200945e-07
1.7489999999990071	-1.5826071009250597e-07
1.749999999999003	-1.5565503064252084e-07
1.7509999999990045	-1.529876922923279e-07
1.751999999999006	-1.502511561835007e-07
1.7529999999990071	-1.474501560849717e-07
1.7539999999990086	-1.4458792052529645e-07
1.75499999999901	-1.4166211359523118e-07
1.7559999999990115	-1.3867557657754048e-07
1.756999999999013	-1.356247310013714e-07
1.7579999999990141	-1.3251229158406375e-07
1.7589999999990156	-1.2933577031581933e-07
1.759999999999017	-1.2609651900419294e-07
1.7609999999990182	-1.2279313765795052e-07
1.7619999999990197	-1.1942824040822586e-07
1.7629999999990211	-1.16002190297948e-07
1.7639999999990226	-1.1251552400892706e-07
1.7649999999990238	-1.0896964353079852e-07
1.7659999999990263	-1.0536761352319957e-07
1.7669999999990305	-1.0171139397385787e-07
1.7679999999990346	-9.800416989058647e-08
1.7689999999990387	-9.424898639309731e-08
1.769999999999043	-9.044722193429777e-08
1.7709999999990471	-8.660464390075617e-08
1.7719999999990512	-8.271896878575546e-08
1.7729999999990556	-7.879492680551436e-08
1.7739999999990597	-7.483002484320878e-08
1.7749999999990638	-7.08268330651407e-08
1.7759999999990679	-6.678414710137304e-08
1.776999999999072	-6.269946650760971e-08
1.7779999999990763	-5.8571321570610735e-08
1.7789999999990804	-5.439757333469686e-08
1.7799999999990845	-5.017397231021903e-08
1.7809999999990886	-4.59046778367167e-08
1.781999999999093	-4.1585813903566304e-08
1.782999999999097	-3.722193264721341e-08
1.7839999999991012	-3.281335736460278e-08
1.7849999999991053	-2.8360307213759484e-08
1.7859999999991096	-2.3865822429414152e-08
1.7869999999991137	-1.9325849809348483e-08
1.7879999999991179	-1.4746563969936233e-08
1.788999999999122	-1.0124649563181265e-08
1.789999999999126	-5.462319041527053e-09
1.7909999999991304	-7.576534954978342e-10
1.7919999999991345	3.986272756328901e-09
1.7929999999991386	8.776057769388501e-09
1.7939999999991427	1.3606900606255579e-08
1.794999999999147	1.8481402408454528e-08
1.7959999999991512	2.3399337467644443e-08
1.7969999999991553	2.8357987180704924e-08
1.7979999999991594	3.335939458004589e-08
1.7989999999991637	3.8399918800280375e-08
1.7999999999991678	4.34823557160513e-08
1.800999999999172	4.8601042079710055e-08
1.801999999999176	5.375715850242102e-08
1.8029999999991801	5.894518395610504e-08
1.8039999999991845	6.416018050181549e-08
1.8049999999991886	6.939818253393071e-08
1.8059999999991927	7.465323748068187e-08
1.8069999999991968	7.992197303963167e-08
1.8079999999992011	8.520210892370983e-08
1.8089999999992052	9.048981297610226e-08
1.8099999999992094	9.5778681097336e-08
1.8109999999992135	1.0106360015527116e-07
1.8119999999992178	1.0633363833889575e-07
1.812999999999222	1.115829758591147e-07
1.813999999999226	1.1679963229926926e-07
1.8149999999992301	1.2197472443187252e-07
1.8159999999992344	1.2709537899890933e-07
1.8169999999992386	1.3215559746537764e-07
1.8179999999992427	1.371469868782782e-07
1.8189999999992468	1.4206623200063717e-07
1.819999999999251	1.469085743055487e-07
1.8209999999992552	1.5168033218326826e-07
1.8219999999992593	1.56377393145668e-07
1.8229999999992634	1.610094976234322e-07
1.8239999999992675	1.6557454562970975e-07
1.8249999999992719	1.7007720209960553e-07
1.825999999999276	1.7451824407821448e-07
1.82699999999928	1.7889495640410757e-07
1.8279999999992842	1.8320604766586257e-07
1.8289999999992885	1.8744924168423438e-07
1.8299999999992926	1.916232672538598e-07
1.8309999999992967	1.9572660148181598e-07
1.8319999999993009	1.9975058329624318e-07
1.8329999999993052	2.0369709463619046e-07
1.8339999999993093	2.0756009577738155e-07
1.8349999999993134	2.1134378880294236e-07
1.8359999999993175	2.1503659486388216e-07
1.8369999999993218	2.1864415489236677e-07
1.837999999999326	2.2215966022365308e-07
1.83899999999933	2.2558441115094752e-07
1.8399999999993342	2.2891863671326007e-07
1.8409999999993385	2.321619244627371e-07
1.8419999999993426	2.3531364334861138e-07
1.8429999999993467	2.383786382731401e-07
1.8439999999993508	2.413500940212643e-07
1.844999999999355	2.4422876021557016e-07
1.8459999999993593	2.4700791634302277e-07
1.8469999999993634	2.496815350028214e-07
1.8479999999993675	2.52251992516328e-07
1.8489999999993716	2.5471579345737183e-07
1.849999999999376	2.5708343398544997e-07
1.85099999999938	2.593518425575425e-07
1.8519999999993841	2.615189932386741e-07
1.8529999999993882	2.63593010640939e-07
1.8539999999993926	2.655742756818569e-07
1.8549999999993967	2.6746356152074213e-07
1.8559999999994008	2.6926848817332427e-07
1.856999999999405	2.709856801175192e-07
1.857999999999409	2.7262700141861274e-07
1.8589999999994133	2.741855579246888e-07
1.8599999999994175	2.756695589578584e-07
1.8609999999994216	2.7707685035238683e-07
1.861999999999426	2.784076531536783e-07
1.86299999999943	2.7966867055528866e-07
1.863999999999434	2.808523307251676e-07
1.8649999999994382	2.819639670637031e-07
1.8659999999994423	2.8300367405087457e-07
1.8669999999994467	2.839764049467064e-07
1.8679999999994508	2.8488382608493623e-07
1.8689999999994549	2.857282163093444e-07
1.869999999999459	2.865077249891712e-07
1.870999999999463	2.8722366673950006e-07
1.8719999999994674	2.878715169574164e-07
1.8729999999994715	2.8844897947966075e-07
1.8739999999994756	2.8895480552737496e-07
1.87499999999948	2.893894899269611e-07
1.875999999999484	2.8975059429559025e-07
1.8769999999994882	2.9004257273701484e-07
1.8779999999994923	2.902685941608141e-07
1.8789999999994964	2.904328938457823e-07
1.8799999999995007	2.9054655004134844e-07
1.8809999999995048	2.906135569968882e-07
1.881999999999509	2.9064167117454076e-07
1.882999999999513	2.906314647832531e-07
1.8839999999995174	2.905846002709822e-07
1.8849999999995215	2.904990750174363e-07
1.8859999999995256	2.9037255966368747e-07
1.8869999999995297	2.90199580366135e-07
1.887999999999534	2.899797409972038e-07
1.8889999999995382	2.897099297127781e-07
1.8899999999995423	2.893907106171767e-07
1.8909999999995464	2.890193057103474e-07
1.8919999999995505	2.8859591461039e-07
1.8929999999995548	2.881194933745945e-07
1.893999999999559	2.875891667031283e-07
1.894999999999563	2.870043761538099e-07
1.8959999999995671	2.8636486204547396e-07
1.8969999999995715	2.8567210019758704e-07
1.8979999999995756	2.849268037063979e-07
1.8989999999995797	2.841262842778747e-07
1.8999999999995838	2.8326688816804335e-07
1.9009999999995881	2.8234797255777266e-07
1.9019999999995922	2.813696134973398e-07
1.9029999999995963	2.8032920029730235e-07
1.9039999999996005	2.792311739607811e-07
1.9049999999996048	2.780749848163566e-07
1.905999999999609	2.768598915681153e-07
1.906999999999613	2.7558758330936683e-07
1.9079999999996171	2.742582703163521e-07
1.9089999999996214	2.728729204815039e-07
1.9099999999996256	2.7143432101972564e-07
1.9109999999996297	2.6994634694244013e-07
1.9119999999996338	2.6841610223371504e-07
1.9129999999996379	2.6684734533155563e-07
1.9139999999996422	2.6524520979620547e-07
1.9149999999996463	2.636119382781743e-07
1.9159999999996504	2.619519209323684e-07
1.9169999999996545	2.6026681554380815e-07
1.9179999999996589	2.585594979231942e-07
1.918999999999663	2.5683152515831864e-07
1.919999999999667	2.5508184831046776e-07
1.9209999999996712	2.533115013303444e-07
1.9219999999996755	2.515208636921784e-07
1.9229999999996796	2.497111183386025e-07
1.9239999999996837	2.4788676566966927e-07
1.9249999999996878	2.4605257098464506e-07
1.9259999999996922	2.442128210766725e-07
1.9269999999996963	2.423727651912344e-07
1.9279999999997004	2.4053603420171044e-07
1.9289999999997045	2.387052822072633e-07
1.9299999999997088	2.368807059394129e-07
1.930999999999713	2.3506196333844542e-07
1.931999999999717	2.332460499188116e-07
1.9329999999997212	2.3143008520687403e-07
1.9339999999997253	2.296123462475208e-07
1.9349999999997296	2.277910999826105e-07
1.9359999999997337	2.2596570325994492e-07
1.9369999999997378	2.2413451827851816e-07
1.937999999999742	2.222959715192374e-07
1.9389999999997463	2.2044923619901624e-07
1.9399999999997504	2.185926377684666e-07
1.9409999999997545	2.1672818528717386e-07
1.9419999999997586	2.1485696433121149e-07
1.942999999999763	2.1298246166701063e-07
1.943999999999767	2.1110754899744677e-07
1.9449999999997711	2.0923396926164628e-07
1.9459999999997752	2.0736024886058857e-07
1.9469999999997794	2.0548336765457975e-07
1.9479999999997837	2.0359960672955424e-07
1.9489999999997878	2.0170470149682984e-07
1.949999999999792	1.9979593657293293e-07
1.950999999999796	1.978724505358187e-07
1.9519999999998003	1.9593244471316495e-07
1.9529999999998044	1.9397718997726798e-07
1.9539999999998086	1.9200866852031595e-07
1.9549999999998127	1.900298943757761e-07
1.955999999999817	1.8804028567576125e-07
1.956999999999821	1.8603807516726079e-07
1.9579999999998252	1.84016878290727e-07
1.9589999999998293	1.819762809329717e-07
1.9599999999998337	1.7991528500349574e-07
1.9609999999998378	1.778365176230423e-07
1.9619999999998419	1.75736078245059e-07
1.962999999999846	1.7360979043257174e-07
1.9639999999998503	1.714539679120719e-07
1.9649999999998544	1.692710912548634e-07
1.9659999999998585	1.670675524589882e-07
1.9669999999998626	1.6485664899867913e-07
1.9679999999998667	1.626503900453713e-07
1.968999999999871	1.604536363775111e-07
1.9699999999998752	1.5826410770802823e-07
1.9709999999998793	1.560801256017541e-07
1.9719999999998834	1.538972171921671e-07
1.9729999999998877	1.5170409739528878e-07
1.9739999999998918	1.4948608539899766e-07
1.974999999999896	1.4723882735268035e-07
1.9759999999999	1.4497173650429573e-07
1.9769999999999044	1.4269716763770646e-07
1.9779999999999085	1.404228336943092e-07
1.9789999999999126	1.38152317585849e-07
1.9799999999999167	1.3587858305186273e-07
1.980999999999921	1.3359642170307495e-07
1.9819999999999252	1.3130246534487355e-07
1.9829999999999293	1.2899518642139896e-07
1.9839999999999334	1.266777109876216e-07
1.9849999999999375	1.2434987006759712e-07
1.9859999999999418	1.220061699447328e-07
1.986999999999946	1.1964420476573423e-07
1.98799999999995	1.1725896609249276e-07
1.9889999999999541	1.1485503814689935e-07
1.9899999999999585	1.1243978104147345e-07
1.9909999999999626	1.100210815785374e-07
1.9919999999999667	1.0760526614195243e-07
1.9929999999999708	1.0519717574819509e-07
1.9939999999999751	1.027862466251861e-07
1.9949999999999792	1.0036924602552233e-07
1.9959999999999833	9.793766619914379e-08
1.9969999999999875	9.548446855411896e-08
1.9979999999999918	9.300959624702898e-08
1.998999999999996	9.053066019060196e-08
2.0	8.806753237777798e-08
2.0010279404845495	8.555092023687649e-08
2.0021217900815715	8.292879360993766e-08
2.0032857751923165	8.019436914530331e-08
2.004524391841744	7.733521911745811e-08
2.005842426366887	7.436075755151705e-08
2.007244970197923	7.123295697741838e-08
2.0087374418720856	6.794071816251801e-08
2.0103256076664273	6.450742329189296e-08
2.0120156028936726	6.084519776905495e-08
2.013813957200875	5.69490747892587e-08
2.0157276178435577	5.282102877313122e-08
2.0177639781367303	4.852875234995224e-08
2.019930905358886	4.415248555655893e-08
2.0222367711443985	3.968581929747472e-08
2.024690484011897	3.526812986098804e-08
2.027301523572695	3.069904619401598e-08
2.0300799770731848	2.5689152471919385e-08
2.033036578410754	2.0325509164642597e-08
2.036182751117039	1.4417586124970683e-08
2.039530649180409	8.219559921585073e-09
2.043093206833892	1.8591317374472283e-09
2.046884188175661	-4.170723988394798e-09
2.050918238233338	-1.0122569893411537e-08
2.0552109433735133	-1.634058688360085e-08
2.059778886913171	-2.287250655541584e-08
2.0646397170403086	-2.9550376812181867e-08
2.0698122132469665	-3.6309784512411625e-08
2.0753163565584574	-4.223838900863086e-08
2.081173414838828	-4.7814989301286914e-08
2.0874060143976347	-5.227020261067139e-08
2.094038234979271	-5.638123345974577e-08
2.1010956980169606	-6.095210625112202e-08
2.1086056699538682	-6.403981611668996e-08
2.116597165034399	-6.477353364786609e-08
2.125101056786564	-6.396422080889863e-08
2.1341501990307465	-6.21856828253442e-08
2.143779554474847	-6.062093715897277e-08
2.1540263207146424	-5.495763533147624e-08
2.1649300857539027	-4.6308394008320874e-08
2.1765329774064615	-3.706683759929774e-08
2.1888798204423576	-2.99811961923524e-08
2.2020183144046843	-2.1187258614219218e-08
2.2159992202680474	-4.717922053032453e-09
2.2308765524295735	1.0240331249633527e-08
2.246707783705272	1.9368845638467747e-08
2.263554079768369	3.209055188246879e-08
2.2814805235907363	4.45223249379012e-08
2.3005563724108544	6.460013368680961e-08
2.320855322320133	7.954513114860617e-08
2.3424557929209753	1.0177247833365044e-07
2.3654412374910825	1.2922319436725616e-07
2.389900455657507	1.5382660623064481e-07
2.41592795027163	1.7286657461035304e-07
2.44362426638729	1.953628705475552e-07
2.473096411506492	1.9967683995147922e-07
2.5044582437089975	1.7083504000314775e-07
2.537830924630887	1.3491713946045536e-07
2.5733433911797423	1.1677878186677759e-07
2.611132843166974	5.7832044930705706e-08
2.6513452603475027	-1.85899069471418e-08
2.6941360153529494	-5.942342884424079e-08
2.739670418177515	-8.469534917843191e-08
2.788124380079947	-1.38766545587643e-07
2.839685109337027	-1.5896479910182393e-07
2.894551789617174	-1.0719619902843647e-07
2.9529364084026577	-1.0185299448295382e-07
3.0150645170164534	-7.41385359770419e-08
3.0811761422888653	-4.8472243552311056e-08
3.1515266965252042	-5.811051750903573e-08
3.226387989377641	-3.1059719018955434e-08
3.30604919671757	6.287687615014192e-08
3.39081811677136	8.168152276777363e-08
3.4810222154328754	4.254947905124595e-08
3.577010018652917	-7.777987587331836e-09
3.6791523315125145	4.962706623423685e-08
3.7878438030764574	2.8632960669128238e-08
3.9035043177534527	1.3732296966217916e-08
4.02658072998157	-5.087710586160199e-08
4.157548527011607	-4.9483815489637095e-08
4.296913682346355	4.302626366303741e-08
4.445214635465608	-1.776367408723445e-08
4.603024347307951	-1.9188272748493773e-08
4.770952424745148	-4.396201180867365e-08
4.9496476786701376	-6.767266214069423e-08
5.139800459354712	-5.627222465776072e-09
5.342145448462832	5.9370582894402446e-08
5.557464321076707	1.4291910210850745e-08
5.786588991858403	2.29134553553223e-08
6.03040459644804	2.6520993401391024e-08
6.289853138906711	-5.90636606290218e-09
6.565936951835777	-1.6508167721696054e-08
6.859722633511745	5.905637090464211e-09
7.172345245053396	2.1285023854566987e-08
7.505012494394354	-5.4075439681611215e-09
7.859009576011049	-1.175541886055953e-09
8.23570422033976	-6.326615231699861e-09
8.636551628113326	-5.683350234875206e-09
9.063100564489073	-5.623517207453688e-10
9.516998831091398	-6.225594928466194e-09
10.0	-2.5337056452912066e-08
