0.0	0.6961293301977101
0.0010000000000041087	0.6953482556126597
0.0020000000000082174	0.6934752403870652
0.003000000000012548	0.6903452852416322
0.004000000000016657	0.6861127421318494
0.005000000000020766	0.6806410024970957
0.006000000000024874	0.6741220096135416
0.007000000000029205	0.6664905747702246
0.008000000000033314	0.6578650671321951
0.009000000000037423	0.6482786986814697
0.010000000000041753	0.637805666629178
0.011000000000045862	0.6264957424122674
0.01200000000004997	0.6144466677301634
0.01300000000005408	0.6017050519562603
0.01400000000005841	0.58835313615205
0.015000000000062519	0.5744672262192163
0.016000000000066406	0.5601031238783458
0.017000000000070736	0.5453474042744371
0.018000000000074845	0.5302493588677444
0.019000000000078954	0.5148836720868486
0.020000000000083062	0.49930748277946513
0.021000000000087393	0.4835796267360084
0.022000000000091502	0.4677527584822969
0.02300000000009561	0.4518779136886393
0.02400000000009972	0.4359998378965677
0.02500000000010405	0.42016594232637305
0.02600000000010816	0.40441156578641557
0.027000000000112268	0.38877866515535375
0.0280000000001166	0.3732986428330889
0.029000000000120707	0.35799816472797374
0.030000000000124816	0.34291307005859717
0.031000000000128924	0.3280676530767076
0.032000000000133255	0.31347803596793233
0.033000000000137364	0.2991744887724317
0.03400000000014147	0.2851733771092654
0.0350000000001458	0.27148105469152994
0.03600000000014991	0.2581322559961381
0.03700000000015402	0.24512062893190922
0.03800000000015813	0.23246819783636485
0.03900000000016246	0.22018435166231431
0.04000000000016657	0.2082783381316875
0.04100000000017068	0.19674818671806527
0.04200000000017501	0.1856117748565589
0.04300000000017912	0.17486419129430542
0.044000000000183226	0.1645034236841736
0.045000000000187335	0.1545560754876376
0.046000000000191665	0.14498526213980234
0.04700000000019555	0.1358257448329765
0.04800000000019966	0.12704777761601715
0.04900000000020399	0.11866774940392788
0.0500000000002081	0.11067361988087143
0.05100000000021221	0.10305687931268859
0.05200000000021632	0.0958213381619315
0.05300000000022065	0.08894835113380761
0.05400000000022476	0.08244336434833999
0.055000000000228866	0.07628521769838859
0.0560000000002332	0.07047767915385439
0.057000000000237305	0.06500326987875193
0.058000000000241414	0.05984605565943646
0.05900000000024552	0.055008309200108574
0.060000000000249853	0.05048565504453284
0.06100000000025396	0.04623516653580417
0.06200000000025807	0.042277714109478115
0.0630000000002624	0.03859223274358681
0.06400000000026651	0.035158177923704015
0.06500000000027062	0.03197615075715654
0.06600000000027473	0.029024741047236735
0.06700000000027906	0.026294135931154483
0.06800000000028317	0.02378024880108265
0.06900000000028728	0.021459764744548693
0.0700000000002916	0.01933356107581241
0.07100000000029572	0.017377636817556885
0.07200000000029982	0.01559071286887459
0.07300000000030393	0.013957775385311177
0.07400000000030826	0.01246935136679106
0.07500000000031237	0.01111469912036378
0.07600000000031648	0.009887760034972048
0.07700000000032081	0.008776299466223714
0.0780000000003247	0.007769723383654781
0.07900000000032881	0.006864681694947472
0.08000000000033292	0.0060516543585753535
0.08100000000033725	0.005319834783704347
0.08200000000034136	0.00466809441519378
0.08300000000034546	0.004083241444939545
0.0840000000003498	0.0035665964608054823
0.0850000000003539	0.0031028391482722517
0.08600000000035801	0.0026961876582110023
0.08700000000036212	0.0023344175934318923
0.08800000000036645	0.0020172083332157253
0.08900000000037056	0.0017373816644949969
0.09000000000037467	0.0014930094455898324
0.091000000000379	0.0012787892781611632
0.09200000000038311	0.001091821533095283
0.09300000000038722	0.0009298941711455289
0.09400000000039133	0.0007883071204387582
0.09500000000039566	0.0006673250447861712
0.09600000000039977	0.0005618011503232268
0.09700000000040387	0.000471768303654474
0.0980000000004082	0.0003947552295587853
0.09900000000041231	0.000328798138670372
0.10000000000041642	0.0002730476780024027
0.10100000000042053	0.00022527404685546148
0.10200000000042486	0.0001854438982412665
0.10300000000042897	0.00015157338339943927
0.10400000000043308	0.00012315625146763765
0.10500000000043741	9.987241263209601e-05
0.10600000000044152	8.018850194990712e-05
0.10700000000044563	6.433499163427392e-05
0.10800000000044951	5.136496597768492e-05
0.10900000000045384	4.0560784653642656e-05
0.11000000000045795	3.18783577928361e-05
0.11100000000046206	2.4989797885677234e-05
0.1120000000004664	1.9636276372914097e-05
0.1130000000004705	1.539830062191605e-05
0.11400000000047461	1.223447758080809e-05
0.11500000000047872	9.815525596978958e-06
0.11600000000048305	8.0747107576995e-06
0.11700000000048716	6.7921560046313445e-06
0.11800000000049127	5.996721673229288e-06
0.1190000000004956	5.51424786732202e-06
0.12000000000049971	5.294351162699051e-06
0.12100000000050382	5.269006821406741e-06
0.12200000000050792	5.394411084602702e-06
0.12300000000051226	5.6279394827774e-06
0.12400000000051636	5.972494825590147e-06
0.12500000000052047	6.340897806822454e-06
0.1260000000005248	6.703443808930842e-06
0.1270000000005289	7.015529895904038e-06
0.12800000000053302	7.261531455582393e-06
0.12900000000053713	7.398747861042665e-06
0.13000000000054146	7.4354541720333955e-06
0.13100000000054557	7.363840565988156e-06
0.13200000000054968	7.192385348631092e-06
0.133000000000554	6.8621901262444496e-06
0.13400000000055812	6.408907503807626e-06
0.13500000000056223	5.842200079375637e-06
0.13600000000056633	5.207867676215727e-06
0.13700000000057067	4.495395215853293e-06
0.13800000000057477	3.7352094138798364e-06
0.13900000000057866	2.9152002566368296e-06
0.140000000000583	2.0535909003305264e-06
0.1410000000005871	1.1742220804578096e-06
0.1420000000005912	2.85075903327936e-07
0.14300000000059532	-5.998891461356237e-07
0.14400000000059965	-1.4846882461228006e-06
0.14500000000060376	-2.365303102269678e-06
0.14600000000060787	-3.2352470156205015e-06
0.1470000000006122	-4.0834012615675874e-06
0.1480000000006163	-4.905708654634466e-06
0.14900000000062041	-5.697547989846896e-06
0.15000000000062452	-6.4606770160402505e-06
0.15100000000062885	-7.194767611906627e-06
0.15200000000063296	-7.898290786512163e-06
0.15300000000063707	-8.569035694128146e-06
0.1540000000006414	-9.213065957025535e-06
0.1550000000006455	-9.829771685510025e-06
0.15600000000064962	-1.042025938913227e-05
0.15700000000065373	-1.0979477761186018e-05
0.15800000000065806	-1.1493311629973135e-05
0.15900000000066217	-1.1952357283906423e-05
0.16000000000066628	-1.2339528089544416e-05
0.16100000000067038	-1.2632097099452011e-05
0.16200000000067472	-1.2824386721232983e-05
0.16300000000067882	-1.2907046589738513e-05
0.16400000000068293	-1.289065300147385e-05
0.16500000000068726	-1.277716173375687e-05
0.16600000000069137	-1.258067250420325e-05
0.16700000000069548	-1.2309976962887603e-05
0.1680000000006996	-1.1985640925082919e-05
0.16900000000070392	-1.1620809520884734e-05
0.1700000000007078	-1.1232324405030525e-05
0.17100000000071192	-1.0826529325713707e-05
0.17200000000071625	-1.041518159383692e-05
0.17300000000072036	-1.0003922592094483e-05
0.17400000000072446	-9.599018691019978e-06
0.17500000000072857	-9.203083425335379e-06
0.1760000000007329	-8.823093224918921e-06
0.177000000000737	-8.46286045308453e-06
0.17800000000074112	-8.13040407110499e-06
0.17900000000074545	-7.829682111992753e-06
0.18000000000074956	-7.562383385062432e-06
0.18100000000075367	-7.3261825961346005e-06
0.18200000000075778	-7.117332638362228e-06
0.1830000000007621	-6.930946201855193e-06
0.18400000000076622	-6.762365303281115e-06
0.18500000000077033	-6.604766215057012e-06
0.18600000000077466	-6.454105628161955e-06
0.18700000000077877	-6.30381658184298e-06
0.18800000000078287	-6.1507173521047065e-06
0.18900000000078698	-5.989093450065042e-06
0.1900000000007913	-5.816318218387906e-06
0.19100000000079542	-5.628955148662129e-06
0.19200000000079953	-5.427353056752793e-06
0.19300000000080386	-5.212652280706109e-06
0.19400000000080797	-4.988039276954126e-06
0.19500000000081208	-4.755705204750882e-06
0.1960000000008162	-4.518319998814135e-06
0.19700000000082052	-4.278141185531936e-06
0.19800000000082463	-4.037080746588373e-06
0.19900000000082874	-3.7958796046400067e-06
0.20000000000083307	-3.5536435183392e-06
0.20100000000083695	-3.309110222060596e-06
0.20200000000084106	-3.0598389026970096e-06
0.20300000000084517	-2.804174769943657e-06
0.2040000000008495	-2.540618505797454e-06
0.2050000000008536	-2.2695293244723302e-06
0.20600000000085772	-1.9925196075298857e-06
0.20700000000086205	-1.7127715976616997e-06
0.20800000000086616	-1.4357112447793696e-06
0.20900000000087027	-1.1662403212042705e-06
0.21000000000087438	-9.121633905984083e-07
0.2110000000008787	-6.777341086117161e-07
0.21200000000088282	-4.6869339609401095e-07
0.21300000000088692	-2.8916528860278845e-07
0.21400000000089126	-1.4168037143491574e-07
0.21500000000089536	-3.137736692693238e-08
0.21600000000089947	4.1033560660430624e-08
0.21700000000090358	7.412148905761029e-08
0.2180000000009079	6.566478494285377e-08
0.21900000000091202	1.7410121566641124e-08
0.22000000000091613	-7.155429804228675e-08
0.22100000000092046	-2.010315367506621e-07
0.22200000000092457	-3.6810453818425515e-07
0.22300000000092868	-5.674534528932185e-07
0.2240000000009328	-7.968445390194034e-07
0.22500000000093712	-1.0481897476655178e-06
0.22600000000094123	-1.3146398243346624e-06
0.22700000000094533	-1.5862176478975698e-06
0.22800000000094967	-1.852981944328036e-06
0.22900000000095377	-2.106957858849512e-06
0.23000000000095788	-2.338868518414472e-06
0.23100000000096177	-2.5433387202955515e-06
0.2320000000009661	-2.7147654442227775e-06
0.2330000000009702	-2.852793912877516e-06
0.23400000000097432	-2.9565743504544884e-06
0.23500000000097865	-3.0300169311381353e-06
0.23600000000098276	-3.0758544864450954e-06
0.23700000000098687	-3.0937050397028543e-06
0.23800000000099097	-3.087361031051117e-06
0.2390000000009953	-3.0534895743006274e-06
0.24000000000099941	-2.99392109726071e-06
0.24100000000100352	-2.907534941920531e-06
0.24200000000100785	-2.790244955086507e-06
0.24300000000101196	-2.644972864285222e-06
0.24400000000101607	-2.464690816994519e-06
0.24500000000102018	-2.249243912899601e-06
0.2460000000010245	-1.997610889370449e-06
0.24700000000102862	-1.7079164233990696e-06
0.24800000000103273	-1.383121138953669e-06
0.24900000000103706	-1.0254173721246929e-06
0.25000000000104117	-6.399920517985436e-07
0.2510000000010453	-2.323724399566629e-07
0.2520000000010494	1.887400192801536e-07
0.2530000000010537	6.141062705022904e-07
0.2540000000010578	1.035167159102457e-06
0.25500000000106193	1.4437428788038886e-06
0.25600000000106626	1.8340457775822827e-06
0.25700000000107037	2.200700140786438e-06
0.2580000000010745	2.5385506999819896e-06
0.2590000000010786	2.847265073491201e-06
0.2600000000010829	3.1262457689251733e-06
0.26100000000108703	3.3771795363568557e-06
0.2620000000010909	3.602887821418932e-06
0.26300000000109525	3.805325512251656e-06
0.26400000000109936	3.9865366114888445e-06
0.26500000000110346	4.148384683211326e-06
0.2660000000011076	4.292084943124941e-06
0.2670000000011119	4.4198502852088595e-06
0.268000000001116	4.529742802517056e-06
0.2690000000011201	4.623298766714967e-06
0.27000000000112445	4.697112818585758e-06
0.27100000000112856	4.751236091338207e-06
0.27200000000113267	4.781109365525893e-06
0.2730000000011368	4.786099289111334e-06
0.2740000000011411	4.759750000360441e-06
0.2750000000011452	4.702168043824173e-06
0.2760000000011493	4.6132795972209095e-06
0.27700000000115366	4.4901132941754796e-06
0.27800000000115777	4.337662564024569e-06
0.2790000000011619	4.154034027425979e-06
0.280000000001166	3.945241124903021e-06
0.2810000000011703	3.713658700554845e-06
0.2820000000011744	3.4637444420448915e-06
0.28300000000117853	3.1997383860282724e-06
0.28400000000118286	2.9250275963565997e-06
0.28500000000118697	2.6431013385730395e-06
0.2860000000011911	2.356496054733981e-06
0.2870000000011952	2.067531924110355e-06
0.2880000000011995	1.7773173215385185e-06
0.2890000000012036	1.486642759895851e-06
0.29000000000120774	1.1955565620835884e-06
0.29100000000121207	9.046515957455981e-07
0.2920000000012162	6.139742178001839e-07
0.29300000000122006	3.241750777815966e-07
0.29400000000122417	3.602944953495779e-08
0.2950000000012285	-2.491045545394144e-07
0.2960000000012326	-5.295976424068982e-07
0.2970000000012367	-8.031374110206713e-07
0.29800000000124083	-1.0679466062590848e-06
0.29900000000124516	-1.322229117306506e-06
0.30000000000124927	-1.5647101259119722e-06
0.3010000000012534	-1.793979811592905e-06
0.3020000000012577	-2.0077501894366634e-06
0.3030000000012618	-2.2030937103512116e-06
0.3040000000012659	-2.377629897409861e-06
0.30500000000127003	-2.528274927415808e-06
0.30600000000127436	-2.6528280527848835e-06
0.3070000000012785	-2.748248306705392e-06
0.3080000000012826	-2.8120520181307285e-06
0.3090000000012869	-2.8412639361263814e-06
0.310000000001291	-2.834330624867931e-06
0.31100000000129513	-2.7900979988615404e-06
0.31200000000129924	-2.7063214780298495e-06
0.31300000000130357	-2.5819321958220343e-06
0.3140000000013077	-2.4165633700778955e-06
0.3150000000013118	-2.2120455733798394e-06
0.3160000000013161	-1.968117763428978e-06
0.3170000000013202	-1.6879080901865962e-06
0.31800000000132433	-1.375717133988985e-06
0.31900000000132844	-1.030382488220738e-06
0.3200000000013328	-6.580468845385212e-07
0.3210000000013369	-2.607405065191415e-07
0.322000000001341	1.5989283141948363e-07
0.3230000000013453	5.966983201988185e-07
0.3240000000013492	1.0474176412866854e-06
0.3250000000013533	1.507344576157088e-06
0.3260000000013574	1.971805405287519e-06
0.32700000000136176	2.4364381556729597e-06
0.32800000000136587	2.8961105669189635e-06
0.32900000000137	3.346555015770747e-06
0.3300000000013743	3.782685067732494e-06
0.3310000000013784	4.199209304500684e-06
0.3320000000013825	4.590068261811631e-06
0.33300000000138663	4.9536199605570985e-06
0.33400000000139096	5.280257917572584e-06
0.33500000000139507	5.5675142793809584e-06
0.3360000000013992	5.8153414643769e-06
0.3370000000014035	6.012968492674631e-06
0.3380000000014076	6.166158535880761e-06
0.3390000000014117	6.271793994594432e-06
0.34000000000141584	6.326909639420286e-06
0.34100000000142017	6.33313759357268e-06
0.3420000000014243	6.289627357158878e-06
0.3430000000014284	6.200921817467453e-06
0.3440000000014327	6.067992914915443e-06
0.3450000000014368	5.890648735240589e-06
0.34600000000144093	5.67393781980563e-06
0.34700000000144504	5.418031368886744e-06
0.34800000000144937	5.128498587247954e-06
0.3490000000014535	4.807482792190676e-06
0.3500000000014576	4.45795513592806e-06
0.3510000000014619	4.083330874316005e-06
0.35200000000146603	3.6859268659483746e-06
0.35300000000147014	3.269089918656043e-06
0.35400000000147425	2.8358301674691333e-06
0.35500000000147836	2.390148131636849e-06
0.35600000000148246	1.9351933189248882e-06
0.3570000000014866	1.4760244919642673e-06
0.3580000000014909	1.0172734968838526e-06
0.359000000001495	5.658973161182246e-07
0.3600000000014991	1.2649877478843052e-07
0.36100000000150323	-2.982834483855612e-07
0.36200000000150756	-7.035962310553145e-07
0.36300000000151167	-1.0876037095375324e-06
0.3640000000015158	-1.448221210731404e-06
0.3650000000015201	-1.7816091062439199e-06
0.3660000000015242	-2.088494792884532e-06
0.3670000000015283	-2.370778458882228e-06
0.36800000000153243	-2.627652082143328e-06
0.36900000000153677	-2.8643754104162866e-06
0.3700000000015409	-3.0844425862319724e-06
0.371000000001545	-3.291840704022775e-06
0.3720000000015493	-3.4902980359241553e-06
0.3730000000015534	-3.6835797896372924e-06
0.37400000000155753	-3.873466176695928e-06
0.37500000000156164	-4.0648115986474664e-06
0.37600000000156597	-4.260618138518524e-06
0.3770000000015701	-4.46491845429442e-06
0.3780000000015742	-4.681062134359593e-06
0.3790000000015785	-4.9100160290915795e-06
0.3800000000015826	-5.152046141931876e-06
0.38100000000158674	-5.4058294773895454e-06
0.38200000000159084	-5.669628667215321e-06
0.3830000000015952	-5.94210337134804e-06
0.3840000000015993	-6.220156416603118e-06
0.3850000000016034	-6.501069038211682e-06
0.3860000000016075	-6.779646604559986e-06
0.3870000000016116	-7.051262773227762e-06
0.3880000000016157	-7.309454718384956e-06
0.38900000000161983	-7.550405050071873e-06
0.39000000000162416	-7.766094816563651e-06
0.39100000000162827	-7.955888519095566e-06
0.3920000000016324	-8.110867227406615e-06
0.3930000000016367	-8.230392237074113e-06
0.3940000000016408	-8.306811257519087e-06
0.3950000000016449	-8.338499555948786e-06
0.39600000000164903	-8.322547318417861e-06
0.39700000000165336	-8.264957423342878e-06
0.3980000000016575	-8.165014807826054e-06
0.3990000000016616	-8.026951392015036e-06
0.4000000000016659	-7.853591207807042e-06
0.40100000000167	-7.651513471484961e-06
0.40200000000167413	-7.425249793246991e-06
0.40300000000167824	-7.180266106576738e-06
0.40400000000168257	-6.9237579052305875e-06
0.4050000000016867	-6.659837451739037e-06
0.4060000000016908	-6.396320734847194e-06
0.4070000000016951	-6.136557392899533e-06
0.4080000000016992	-5.886785971576103e-06
0.40900000000170333	-5.648904933153176e-06
0.41000000000170744	-5.426934919672277e-06
0.4110000000017118	-5.223506640117392e-06
0.4120000000017159	-5.040363661779068e-06
0.41300000000172	-4.876937052866737e-06
0.4140000000017243	-4.734845914455832e-06
0.41500000000172843	-4.614902753052874e-06
0.41600000000173254	-4.517803172010559e-06
0.4170000000017364	-4.4419916624960365e-06
0.41800000000174076	-4.386154541791143e-06
0.41900000000174487	-4.350045969880867e-06
0.420000000001749	-4.331299531923349e-06
0.4210000000017533	-4.329575827410892e-06
0.4220000000017574	-4.34353698208767e-06
0.4230000000017615	-4.367268728877605e-06
0.42400000000176563	-4.396716587251603e-06
0.42500000000176996	-4.4263103893271705e-06
0.42600000000177407	-4.451299517427287e-06
0.4270000000017782	-4.469154696096211e-06
0.4280000000017825	-4.47555552840484e-06
0.4290000000017866	-4.46773035434056e-06
0.4300000000017907	-4.442672759008559e-06
0.43100000000179484	-4.397608933448538e-06
0.43200000000179917	-4.328514173757014e-06
0.4330000000018033	-4.233189118796332e-06
0.4340000000018074	-4.1112933781839445e-06
0.4350000000018115	-3.962301356352782e-06
0.4360000000018158	-3.7867713138517445e-06
0.43700000000181993	-3.5849902124684974e-06
0.43800000000182404	-3.357162505546185e-06
0.43900000000182837	-3.1053510114453786e-06
0.4400000000018325	-2.832755850779023e-06
0.4410000000018366	-2.540274357532013e-06
0.4420000000018407	-2.235250534221578e-06
0.44300000000184503	-1.9204322456722878e-06
0.44400000000184914	-1.6008212735396654e-06
0.44500000000185325	-1.279904084938721e-06
0.4460000000018576	-9.622772012551906e-07
0.4470000000018617	-6.512602259700628e-07
0.4480000000018656	-3.505866006392466e-07
0.4490000000018697	-6.436439559109886e-08
0.450000000001874	2.0519775589811218e-07
0.4510000000018781	4.543084081154447e-07
0.45200000000188223	6.800906898751791e-07
0.45300000000188656	8.795722903354175e-07
0.45400000000189067	1.0504527792054574e-06
0.4550000000018948	1.1939331260313324e-06
0.4560000000018989	1.308960317913943e-06
0.4570000000019032	1.3961038333176745e-06
0.4580000000019073	1.4543907415065505e-06
0.45900000000191143	1.4848853707727372e-06
0.46000000000191577	1.489198574788908e-06
0.4610000000019199	1.4682941763544122e-06
0.462000000001924	1.424624875956404e-06
0.4630000000019281	1.3585598026555346e-06
0.4640000000019324	1.27151301188011e-06
0.46500000000193653	1.1662412944257738e-06
0.46600000000194064	1.0438209827601241e-06
0.46700000000194497	9.053556910831873e-07
0.4680000000019491	7.531890460210633e-07
0.4690000000019532	5.897037961277718e-07
0.4700000000019573	4.1741451151100506e-07
0.4710000000019616	2.3896938416978486e-07
0.47200000000196574	5.713889028591268e-08
0.47300000000196984	-1.2560729700794582e-07
0.4740000000019742	-3.073110259599332e-07
0.4750000000019783	-4.868085541342992e-07
0.4760000000019824	-6.639062868352141e-07
0.4770000000019865	-8.382551133223615e-07
0.47800000000199083	-1.009035860866092e-06
0.4790000000019947	-1.1759305982295132e-06
0.48000000000199883	-1.338841502551702e-06
0.48100000000200316	-1.4969971393608006e-06
0.48200000000200727	-1.649979282980496e-06
0.4830000000020114	-1.796305544310428e-06
0.4840000000020155	-1.93494846612019e-06
0.4850000000020198	-2.064211406249683e-06
0.4860000000020239	-2.1826845777450643e-06
0.48700000000202803	-2.2903569014687264e-06
0.48800000000203236	-2.3844853118681897e-06
0.4890000000020365	-2.4645488525543158e-06
0.4900000000020406	-2.5301029813462605e-06
0.4910000000020447	-2.5806533501260276e-06
0.492000000002049	-2.6162664401585545e-06
0.49300000000205313	-2.6370605301639927e-06
0.49400000000205724	-2.6444944820624983e-06
0.49500000000206157	-2.638906231533511e-06
0.4960000000020657	-2.6211898320749327e-06
0.4970000000020698	-2.592335491824471e-06
0.4980000000020739	-2.5535190897318927e-06
0.4990000000020782	-2.5057610542056352e-06
0.5000000000020823	-2.4500812356720303e-06
0.5010000000020864	-2.38837070343223e-06
0.5020000000020908	-2.32187498916403e-06
0.5030000000020949	-2.251720655710443e-06
0.504000000002099	-2.1786776791543616e-06
0.5050000000021031	-2.1034180408552317e-06
0.5060000000021074	-2.025960124996118e-06
0.5070000000021115	-1.946571405841979e-06
0.5080000000021156	-1.8654156390685017e-06
0.50900000000212	-1.7827956757532348e-06
0.5100000000021239	-1.698890756518523e-06
0.511000000002128	-1.613528691768451e-06
0.5120000000021321	-1.5265921122775694e-06
0.5130000000021364	-1.43854646061925e-06
0.5140000000021405	-1.350096569208148e-06
0.5150000000021446	-1.2618868645564163e-06
0.516000000002149	-1.1739647294284339e-06
0.5170000000021531	-1.0861857919763906e-06
0.5180000000021572	-9.981443811479807e-07
0.5190000000021613	-9.099109763432978e-07
0.5200000000021656	-8.211994459994543e-07
0.5210000000021697	-7.319615440426475e-07
0.5220000000021738	-6.420512121962929e-07
0.5230000000021782	-5.515481458218119e-07
0.5240000000021823	-4.606077383950691e-07
0.5250000000021864	-3.6933270020078623e-07
0.5260000000021905	-2.7781012112981784e-07
0.5270000000021948	-1.8585510019875073e-07
0.5280000000021989	-9.325851157981901e-08
0.529000000002203	9.311751369978083e-11
0.5300000000022074	9.420165725249063e-08
0.5310000000022115	1.8903168463868525e-07
0.5320000000022156	2.844924510414515e-07
0.5330000000022197	3.8013973369110943e-07
0.534000000002224	4.756035349995358e-07
0.5350000000022281	5.702026389942105e-07
0.5360000000022322	6.639517935447259e-07
0.5370000000022366	7.566382449475384e-07
0.5380000000022407	8.484591078605774e-07
0.5390000000022448	9.39615603101629e-07
0.5400000000022487	1.0302492381430994e-06
0.541000000002253	1.1202661950315829e-06
0.5420000000022571	1.2096013887186174e-06
0.5430000000022612	1.2975696217498722e-06
0.5440000000022656	1.3838779601149653e-06
0.5450000000022697	1.4675212663961545e-06
0.5460000000022738	1.5482663813237707e-06
0.5470000000022779	1.6259227146875332e-06
0.5480000000022822	1.7003709228413655e-06
0.5490000000022863	1.772093628948923e-06
0.5500000000022904	1.8410210356201162e-06
0.5510000000022948	1.9068793772891723e-06
0.5520000000022989	1.969030208548439e-06
0.553000000002303	2.0262722060238048e-06
0.5540000000023071	2.077934342148424e-06
0.5550000000023114	2.1233069191772813e-06
0.5560000000023155	2.1624187067637024e-06
0.5570000000023196	2.1953529534268768e-06
0.558000000002324	2.2228532884360774e-06
0.5590000000023281	2.2456740603749026e-06
0.5600000000023322	2.2642688302099145e-06
0.5610000000023363	2.279206800959166e-06
0.5620000000023406	2.2903336104329597e-06
0.5630000000023447	2.2976726142820425e-06
0.5640000000023488	2.301030348927924e-06
0.5650000000023532	2.2997122957058025e-06
0.5660000000023573	2.29345184155072e-06
0.5670000000023614	2.2816996221308727e-06
0.5680000000023655	2.2637247953927186e-06
0.5690000000023698	2.23959586753697e-06
0.5700000000023739	2.2095013541001407e-06
0.5710000000023778	2.1734737181144936e-06
0.5720000000023819	2.131870589838769e-06
0.5730000000023863	2.0846268814489477e-06
0.5740000000023904	2.0314261449660975e-06
0.5750000000023945	1.9723429205420473e-06
0.5760000000023988	1.9073409297520882e-06
0.5770000000024029	1.836397883425711e-06
0.578000000002407	1.7601721595816855e-06
0.5790000000024111	1.6794452225576961e-06
0.5800000000024155	1.5952274519115406e-06
0.5810000000024196	1.5089086731201462e-06
0.5820000000024237	1.4214471877327384e-06
0.583000000002428	1.3337099253885043e-06
0.5840000000024321	1.2470503865102955e-06
0.5850000000024362	1.1619801614237701e-06
0.5860000000024403	1.0803015065841137e-06
0.5870000000024447	1.0017274241214125e-06
0.5880000000024488	9.279576841381143e-07
0.5890000000024529	8.593694882375047e-07
0.5900000000024572	7.974285135547987e-07
0.5910000000024613	7.428781908513926e-07
0.5920000000024654	6.961069962674316e-07
0.5930000000024696	6.582010335653976e-07
0.5940000000024739	6.288891205574743e-07
0.595000000002478	6.081528317603002e-07
0.5960000000024821	5.961102020890507e-07
0.5970000000024864	5.93025378137213e-07
0.5980000000024905	5.987994120548734e-07
0.5990000000024946	6.140646394703353e-07
0.6000000000024988	6.381802633015354e-07
0.6010000000025031	6.713403400970819e-07
0.602000000002507	7.121031383450216e-07
0.6030000000025111	7.600995192147408e-07
0.6040000000025154	8.146369497863404e-07
0.6050000000025195	8.747035591394337e-07
0.6060000000025236	9.399696581091632e-07
0.6070000000025277	1.009093003823125e-06
0.6080000000025321	1.0809006030232382e-06
0.6090000000025362	1.1541712211515787e-06
0.6100000000025403	1.227849655061064e-06
0.6110000000025446	1.3015247888326087e-06
0.6120000000025487	1.374961973832356e-06
0.6130000000025528	1.447725260117494e-06
0.614000000002557	1.5193094295984366e-06
0.6150000000025613	1.5889310545080804e-06
0.6160000000025654	1.6558499891239364e-06
0.6170000000025695	1.7192934282928007e-06
0.6180000000025738	1.778651018247146e-06
0.6190000000025779	1.8336386559125728e-06
0.620000000002582	1.8842648191741418e-06
0.6210000000025861	1.930578110265202e-06
0.6220000000025905	1.9729204656648847e-06
0.6230000000025946	2.0118966214122125e-06
0.6240000000025987	2.0484742621063035e-06
0.625000000002603	2.082945017356508e-06
0.6260000000026071	2.1152355788034427e-06
0.6270000000026112	2.145312752332984e-06
0.6280000000026154	2.1728599779446967e-06
0.6290000000026197	2.198053737023642e-06
0.6300000000026238	2.221380142275464e-06
0.6310000000026279	2.2433321509307547e-06
0.6320000000026322	2.264122214712394e-06
0.6330000000026361	2.283460917684721e-06
0.6340000000026402	2.3001220015306245e-06
0.6350000000026443	2.312997422593277e-06
0.6360000000026487	2.320490847806944e-06
0.6370000000026528	2.3210750705882077e-06
0.6380000000026569	2.3132145909876556e-06
0.6390000000026612	2.295160815068975e-06
0.6400000000026653	2.2663414875889742e-06
0.6410000000026694	2.225473373029807e-06
0.6420000000026735	2.172809225209349e-06
0.6430000000026779	2.1084373281743396e-06
0.644000000002682	2.032006472418857e-06
0.6450000000026861	1.943272980975408e-06
0.6460000000026904	1.8414800813104648e-06
0.6470000000026945	1.7260585489786706e-06
0.6480000000026986	1.5967915952819212e-06
0.6490000000027027	1.453674015827744e-06
0.6500000000027071	1.2977848096173972e-06
0.6510000000027112	1.1304929872224534e-06
0.6520000000027153	9.561389991974423e-07
0.6530000000027196	7.753754476258479e-07
0.6540000000027237	5.911712648298817e-07
0.6550000000027278	4.051318417408467e-07
0.656000000002732	2.1749317780095367e-07
0.6570000000027363	2.8094327086947146e-08
0.6580000000027404	-1.6386933676670878e-07
0.6590000000027445	-3.579638621076242e-07
0.6600000000027488	-5.537655805021302e-07
0.6610000000027529	-7.499414260703219e-07
0.662000000002757	-9.447793969385998e-07
0.6630000000027612	-1.1367832128961197e-06
0.6640000000027653	-1.3235300957425977e-06
0.6650000000027694	-1.5038739389350297e-06
0.6660000000027735	-1.677289890311684e-06
0.6670000000027778	-1.8435132891347905e-06
0.6680000000027819	-2.0033812140329843e-06
0.669000000002786	-2.1575565940512575e-06
0.6700000000027901	-2.306753837721942e-06
0.6710000000027945	-2.4505578344324874e-06
0.6720000000027986	-2.5884943668508242e-06
0.6730000000028027	-2.7202538719350855e-06
0.674000000002807	-2.845036151111202e-06
0.6750000000028111	-2.9615932337634376e-06
0.6760000000028152	-3.0679327667204603e-06
0.6770000000028193	-3.1636394013379032e-06
0.6780000000028237	-3.2487380545731526e-06
0.6790000000028278	-3.323665589860525e-06
0.6800000000028319	-3.390517061552245e-06
0.6810000000028362	-3.4514523568063282e-06
0.6820000000028403	-3.5086522933713837e-06
0.6830000000028444	-3.5634234352155403e-06
0.6840000000028486	-3.616433163822208e-06
0.6850000000028529	-3.6672910845858553e-06
0.686000000002857	-3.7155477823347383e-06
0.6870000000028611	-3.7597221929086544e-06
0.6880000000028654	-3.799492202416488e-06
0.6890000000028695	-3.8350429756306426e-06
0.6900000000028736	-3.867595777418131e-06
0.6910000000028778	-3.897898689375623e-06
0.6920000000028821	-3.927039704310076e-06
0.6930000000028862	-3.954978507580975e-06
0.6940000000028901	-3.981997812374516e-06
0.6950000000028944	-4.007796388982854e-06
0.6960000000028985	-4.031405326232473e-06
0.6970000000029026	-4.051905825752655e-06
0.6980000000029067	-4.0678143129468936e-06
0.6990000000029111	-4.077860250806253e-06
0.7000000000029152	-4.0810751376074705e-06
0.7010000000029193	-4.0761311044246185e-06
0.7020000000029236	-4.063310081070526e-06
0.7030000000029277	-4.040098276592019e-06
0.7040000000029318	-4.007016968232691e-06
0.705000000002936	-3.963147134022904e-06
0.7060000000029403	-3.908568347421593e-06
0.7070000000029444	-3.844668213570657e-06
0.7080000000029485	-3.7712630749364706e-06
0.7090000000029526	-3.6892318358017206e-06
0.7100000000029569	-3.599237248685938e-06
0.711000000002961	-3.5014243133790757e-06
0.7120000000029651	-3.395633564329259e-06
0.7130000000029695	-3.281843154345765e-06
0.7140000000029736	-3.1596750373896754e-06
0.7150000000029777	-3.028350784806122e-06
0.7160000000029818	-2.8882069220692586e-06
0.7170000000029861	-2.7396348702968254e-06
0.7180000000029902	-2.582990636934568e-06
0.7190000000029944	-2.419352568949762e-06
0.7200000000029987	-2.2490018052323535e-06
0.7210000000030028	-2.0726523612957237e-06
0.7220000000030069	-1.890323635400648e-06
0.723000000003011	-1.7029254277822758e-06
0.7240000000030153	-1.5113032068025944e-06
0.7250000000030195	-1.3160287877234111e-06
0.7260000000030233	-1.1179588661480722e-06
0.7270000000030277	-9.179395974445725e-07
0.7280000000030318	-7.169519302685501e-07
0.7290000000030359	-5.159910800855982e-07
0.73000000000304	-3.1587086346540616e-07
0.7310000000030443	-1.1774097607997192e-07
0.7320000000030484	7.827739523236232e-08
0.7330000000030525	2.7118673318060615e-07
0.7340000000030569	4.602399538145008e-07
0.735000000003061	6.448366913769377e-07
0.7360000000030651	8.231158854510312e-07
0.7370000000030692	9.938739498061011e-07
0.7380000000030735	1.1561929773584723e-06
0.7390000000030776	1.3093683006726309e-06
0.7400000000030817	1.4532649992293756e-06
0.7410000000030861	1.5885364696988091e-06
0.7420000000030902	1.7154709577305027e-06
0.7430000000030943	1.8343287057076552e-06
0.7440000000030984	1.9452713513334885e-06
0.7450000000031027	2.048208671334706e-06
0.7460000000031068	2.142992312714753e-06
0.747000000003111	2.2297367372470234e-06
0.7480000000031153	2.308618750612723e-06
0.7490000000031194	2.3805179529823306e-06
0.7500000000031235	2.4457299623303896e-06
0.7510000000031276	2.504552907622859e-06
0.7520000000031319	2.557764050670208e-06
0.753000000003136	2.6047879384538675e-06
0.7540000000031402	2.646185519039612e-06
0.7550000000031445	2.6830013410972242e-06
0.7560000000031484	2.71551124186864e-06
0.7570000000031525	2.7445294541461607e-06
0.7580000000031566	2.769837078919757e-06
0.7590000000031609	2.7918873004573186e-06
0.760000000003165	2.8102417306552496e-06
0.7610000000031691	2.8250096676396552e-06
0.7620000000031735	2.836999072775015e-06
0.7630000000031776	2.8461953672787033e-06
0.7640000000031817	2.8532810948389553e-06
0.7650000000031858	2.8573886715621555e-06
0.7660000000031901	2.8591578793424333e-06
0.7670000000031942	2.8572124021186696e-06
0.7680000000031983	2.8512238510192134e-06
0.7690000000032027	2.8404076568566694e-06
0.7700000000032068	2.8246276174703766e-06
0.7710000000032109	2.803398466033613e-06
0.772000000003215	2.7772311559370877e-06
0.7730000000032193	2.7458936232571673e-06
0.7740000000032234	2.7099948350928216e-06
0.7750000000032276	2.6695827948231e-06
0.7760000000032319	2.625170991032988e-06
0.777000000003236	2.577167683481818e-06
0.7780000000032401	2.526151231529994e-06
0.7790000000032442	2.4723636347090405e-06
0.7800000000032485	2.41691047819792e-06
0.7810000000032526	2.3603919517833916e-06
0.7820000000032568	2.303666860492548e-06
0.7830000000032611	2.24737041221168e-06
0.7840000000032652	2.1915874623967824e-06
0.7850000000032693	2.1363533683205205e-06
0.7860000000032734	2.081252182484228e-06
0.7870000000032777	2.0256860248091257e-06
0.7880000000032816	1.969432575021912e-06
0.7890000000032857	1.9124256829261554e-06
0.7900000000032901	1.8551322523707725e-06
0.7910000000032942	1.7979733315520718e-06
0.7920000000032983	1.741498449669976e-06
0.7930000000033024	1.6858635202288141e-06
0.7940000000033067	1.6310674884056908e-06
0.7950000000033108	1.5767237477870566e-06
0.796000000003315	1.5226811505009152e-06
0.7970000000033193	1.468198910670182e-06
0.7980000000033234	1.4131737526845711e-06
0.7990000000033275	1.3569175589811522e-06
0.8000000000033316	1.2993253890591916e-06
0.8010000000033359	1.240484678977083e-06
0.80200000000334	1.1809861635292407e-06
0.8030000000033441	1.121620778476995e-06
0.8040000000033485	1.0633242271129717e-06
0.8050000000033526	1.0070360061398276e-06
0.8060000000033567	9.53500394307305e-07
0.8070000000033608	9.035049901573444e-07
0.8080000000033651	8.576083845301952e-07
0.8090000000033692	8.160184064021081e-07
0.8100000000033734	7.783477103950887e-07
0.8110000000033777	7.447094473311822e-07
0.8120000000033818	7.155489289978334e-07
0.8130000000033859	6.905968370496396e-07
0.81400000000339	6.703040014155448e-07
0.8150000000033943	6.549593144500321e-07
0.8160000000033985	6.445381690589613e-07
0.8170000000034026	6.39187496043192e-07
0.8180000000034067	6.384577230234001e-07
0.8190000000034108	6.422489522428521e-07
0.8200000000034149	6.5025364870408e-07
0.821000000003419	6.621601089662477e-07
0.8220000000034233	6.776828087584619e-07
0.8230000000034274	6.966865051527549e-07
0.8240000000034315	7.189474588997768e-07
0.8250000000034359	7.43611929032717e-07
0.82600000000344	7.69930957544851e-07
0.8270000000034441	7.971083275659652e-07
0.8280000000034482	8.245130179718174e-07
0.8290000000034525	8.521184917675839e-07
0.8300000000034566	8.802268692820192e-07
0.8310000000034607	9.091282611173312e-07
0.8320000000034651	9.388462962611754e-07
0.8330000000034692	9.692795023275025e-07
0.8340000000034733	1.0004994002166256e-06
0.8350000000034774	1.0323117758392897e-06
0.8360000000034817	1.0647023245269338e-06
0.8370000000034858	1.0974370625582708e-06
0.83800000000349	1.13033057602685e-06
0.8390000000034943	1.1632681916617926e-06
0.8400000000034984	1.1959771274439035e-06
0.8410000000035025	1.2284448960286909e-06
0.8420000000035066	1.2607788572038814e-06
0.8430000000035109	1.293258898193983e-06
0.844000000003515	1.3261776308226558e-06
0.8450000000035192	1.3599218978699312e-06
0.8460000000035233	1.394856938508049e-06
0.8470000000035276	1.4311789970911093e-06
0.8480000000035317	1.4690185616839102e-06
0.8490000000035356	1.50821348010588e-06
0.8500000000035399	1.5487341702424828e-06
0.851000000003544	1.5903877701450853e-06
0.8520000000035481	1.6332921499717656e-06
0.8530000000035523	1.6772229294303997e-06
0.8540000000035566	1.722440559626115e-06
0.8550000000035607	1.7689403183362984e-06
0.8560000000035648	1.8167055815254685e-06
0.8570000000035691	1.8655507522113979e-06
0.8580000000035732	1.9149786743000163e-06
0.8590000000035773	1.9643576513184158e-06
0.8600000000035815	2.0131179994109516e-06
0.8610000000035858	2.060788390267909e-06
0.8620000000035899	2.1070584915738877e-06
0.863000000003594	2.1518333592762673e-06
0.8640000000035983	2.1954721451944437e-06
0.8650000000036024	2.238204314553016e-06
0.8660000000036066	2.2801791605964183e-06
0.8670000000036107	2.3213421058709827e-06
0.868000000003615	2.3616962363526284e-06
0.8690000000036191	2.4010734903656683e-06
0.8700000000036232	2.4393042789006003e-06
0.8710000000036275	2.4758048333684e-06
0.8720000000036316	2.510020079227182e-06
0.8730000000036358	2.541264009336963e-06
0.8740000000036399	2.5694564603773173e-06
0.8750000000036442	2.59435034188904e-06
0.8760000000036483	2.616399403576608e-06
0.8770000000036524	2.635036113085576e-06
0.8780000000036567	2.650640215984268e-06
0.8790000000036609	2.6630818461548245e-06
0.8800000000036647	2.6728358231142835e-06
0.8810000000036688	2.6796749559299116e-06
0.8820000000036732	2.683617875698374e-06
0.8830000000036773	2.6844828262539977e-06
0.8840000000036814	2.6821513636754446e-06
0.8850000000036857	2.6760469765685357e-06
0.8860000000036898	2.6657510293626174e-06
0.887000000003694	2.6512478183970956e-06
0.888000000003698	2.632669809043975e-06
0.8890000000037024	2.6101239880560456e-06
0.8900000000037065	2.5838644207576422e-06
0.8910000000037106	2.553890592227326e-06
0.8920000000037149	2.5203656153216514e-06
0.893000000003719	2.483449630941159e-06
0.8940000000037231	2.4432689557096765e-06
0.8950000000037273	2.399468838509833e-06
0.8960000000037316	2.351820223456258e-06
0.8970000000037357	2.2998584334743555e-06
0.8980000000037398	2.243782057376187e-06
0.8990000000037441	2.1834563441736066e-06
0.9000000000037482	2.11843739972295e-06
0.9010000000037524	2.0487251036760412e-06
0.9020000000037565	1.9745286936601048e-06
0.9030000000037608	1.8962783678855288e-06
0.9040000000037649	1.8141268445237557e-06
0.905000000003769	1.728932712219411e-06
0.9060000000037733	1.641062072343935e-06
0.9070000000037775	1.5514254922965875e-06
0.9080000000037816	1.4602357366610974e-06
0.9090000000037857	1.3677928736299805e-06
0.91000000000379	1.2742970249002283e-06
0.9110000000037939	1.1796975281086475e-06
0.912000000003798	1.083678262681076e-06
0.9130000000038023	9.85891329463584e-07
0.9140000000038064	8.862277754984049e-07
0.9150000000038105	7.850546903664934e-07
0.9160000000038147	6.827639928985718e-07
0.917000000003819	5.797563122911242e-07
0.9180000000038231	4.7666225388987016e-07
0.9190000000038272	3.739618020803803e-07
0.9200000000038315	2.717759104431394e-07
0.9210000000038356	1.698495988300408e-07
0.9220000000038397	6.81588611106676e-08
0.9230000000038439	-3.3028817458813364e-08
0.9240000000038482	-1.335468706731291e-07
0.9250000000038523	-2.3295065987305463e-07
0.9260000000038564	-3.307404052854679e-07
0.9270000000038607	-4.2632461560998536e-07
0.9280000000038648	-5.196526915440813e-07
0.929000000003869	-6.108942007809759e-07
0.9300000000038731	-7.008843179168167e-07
0.9310000000038774	-7.902522223268704e-07
0.9320000000038815	-8.80067959174724e-07
0.9330000000038856	-9.71190184273496e-07
0.9340000000038899	-1.0638922827155284e-06
0.935000000003894	-1.15863406158212e-06
0.9360000000038982	-1.255061190308382e-06
0.9370000000039023	-1.3529374776055647e-06
0.9380000000039066	-1.452114885669431e-06
0.9390000000039107	-1.552406886817792e-06
0.9400000000039148	-1.653287572178641e-06
0.9410000000039191	-1.7542902484013467e-06
0.942000000003923	-1.8543385340574758e-06
0.9430000000039271	-1.9526557710758397e-06
0.9440000000039312	-2.0482046001468746e-06
0.9450000000039356	-2.1400488008360696e-06
0.9460000000039397	-2.228454563546478e-06
0.9470000000039438	-2.313344603876999e-06
0.9480000000039481	-2.395036348801227e-06
0.9490000000039522	-2.4736593216001523e-06
0.9500000000039563	-2.5494585842444906e-06
0.9510000000039605	-2.6227256872957128e-06
0.9520000000039648	-2.6936438932700923e-06
0.9530000000039689	-2.762372750098052e-06
0.954000000003973	-2.829351828381732e-06
0.9550000000039773	-2.8946713472866037e-06
0.9560000000039814	-2.9574398532350443e-06
0.9570000000039856	-3.016684686496518e-06
0.9580000000039897	-3.071594421033552e-06
0.959000000003994	-3.121410153905657e-06
0.9600000000039981	-3.1659013477458586e-06
0.9610000000040022	-3.204692388791841e-06
0.9620000000040065	-3.2391508710816197e-06
0.9630000000040106	-3.268169800119125e-06
0.9640000000040148	-3.2930891848970134e-06
0.9650000000040189	-3.312622256723685e-06
0.9660000000040232	-3.3274247821513114e-06
0.9670000000040273	-3.3364165583638083e-06
0.9680000000040314	-3.3400481445067243e-06
0.9690000000040357	-3.337807713776897e-06
0.9700000000040399	-3.3297564565604176e-06
0.9710000000040437	-3.3164289812148695e-06
0.9720000000040478	-3.2977543740209114e-06
0.9730000000040522	-3.274223051130676e-06
0.9740000000040563	-3.2461239363179573e-06
0.9750000000040604	-3.2130521963047443e-06
0.9760000000040647	-3.1753286540148196e-06
0.9770000000040688	-3.1328719540812955e-06
0.978000000004073	-3.085911222777682e-06
0.979000000004077	-3.0352049265047754e-06
0.9800000000040812	-2.981241324917505e-06
0.9810000000040855	-2.9242824977071535e-06
0.9820000000040896	-2.864570937566313e-06
0.9830000000040937	-2.8017963724646933e-06
0.984000000004098	-2.7354542719848496e-06
0.9850000000041004	-2.6651296098911814e-06
0.9860000000041018	-2.5904677893873185e-06
0.987000000004103	-2.51127297934417e-06
0.9880000000041045	-2.4268114513503747e-06
0.9890000000041059	-2.337532467588943e-06
0.9900000000041072	-2.242756521386724e-06
0.9910000000041086	-2.1438400827911153e-06
0.99200000000411	-2.0412307280004427e-06
0.9930000000041115	-1.9355382696595314e-06
0.9940000000041127	-1.8275404642942306e-06
0.9950000000041141	-1.7171590758202626e-06
0.9960000000041156	-1.604324498583054e-06
0.997000000004117	-1.4897116029644053e-06
0.9980000000041185	-1.3733354369271922e-06
0.9990000000041197	-1.2557479738273258e-06
1.0000000000041211	-1.1372170349854827e-06
1.001000000004117	-1.0181781426865655e-06
1.002000000004113	-8.987435033969149e-07
1.0030000000041086	-7.790757554637651e-07
1.0040000000041045	-6.595734631797967e-07
1.0050000000041002	-5.40867139298129e-07
1.006000000004096	-4.2332595562299957e-07
1.007000000004092	-3.069595475579945e-07
1.0080000000040878	-1.9137292084359103e-07
1.0090000000040837	-7.620625686044491e-08
1.0100000000040794	3.869494480390756e-08
1.0110000000040753	1.5304397105175838e-07
1.012000000004071	2.663936674585088e-07
1.0130000000040669	3.782457703715991e-07
1.0140000000040628	4.883440742897704e-07
1.0150000000040587	5.967845462251375e-07
1.0160000000040534	7.039062348557223e-07
1.0170000000040464	8.09798964551689e-07
1.0180000000040397	9.142333770029154e-07
1.0190000000040325	1.016863727332229e-06
1.0200000000040257	1.1173749973059088e-06
1.021000000004019	1.2156718698363989e-06
1.0220000000040117	1.3120593351789722e-06
1.023000000004005	1.4065437957677673e-06
1.0240000000039977	1.4997150037387996e-06
1.025000000003991	1.5910580605238422e-06
1.026000000003984	1.680826129391022e-06
1.027000000003977	1.768841962235257e-06
1.0280000000039702	1.8551373199837684e-06
1.0290000000039632	1.9395697722357497e-06
1.0300000000039562	2.022031256210255e-06
1.0310000000039494	2.1027414064400674e-06
1.0320000000039424	2.182131499162132e-06
1.0330000000039354	2.260648751195582e-06
1.0340000000039287	2.3382544216410395e-06
1.0350000000039217	2.4144902830425252e-06
1.0360000000039147	2.488739960337938e-06
1.0370000000039077	2.560124614192638e-06
1.0380000000039007	2.6279807963103252e-06
1.039000000003894	2.6914014211731896e-06
1.0400000000038867	2.7501818573583137e-06
1.04100000000388	2.804702614489507e-06
1.0420000000038732	2.8552075675980504e-06
1.043000000003866	2.9016154043937092e-06
1.0440000000038592	2.94393767941159e-06
1.0450000000038522	2.9823849534427183e-06
1.0460000000038452	3.0163887907441733e-06
1.0470000000038384	3.045873727791637e-06
1.0480000000038314	3.0712325315152e-06
1.0490000000038244	3.0920833855585528e-06
1.0500000000038174	3.10900388700297e-06
1.0510000000038104	3.1218427138934857e-06
1.0520000000038037	3.1315567118328502e-06
1.0530000000037967	3.138133717994762e-06
1.0540000000037897	3.141400279904616e-06
1.055000000003783	3.141936316231053e-06
1.056000000003776	3.1395301143266607e-06
1.057000000003769	3.1349489142407094e-06
1.0580000000037622	3.1279676817597135e-06
1.059000000003755	3.118653997713494e-06
1.0600000000037482	3.1061506751139945e-06
1.0610000000037412	3.090097380309409e-06
1.0620000000037342	3.0700531061800262e-06
1.0630000000037274	3.045223406661357e-06
1.0640000000037202	3.015640333448033e-06
1.0650000000037134	2.9810788486628326e-06
1.0660000000037064	2.9418371290113043e-06
1.0670000000036994	2.8990173578380407e-06
1.0680000000036927	2.852680116127715e-06
1.0690000000036857	2.8041450881310936e-06
1.0700000000036787	2.753474789951582e-06
1.071000000003672	2.700462835680817e-06
1.072000000003665	2.6449430472474944e-06
1.073000000003658	2.5860018382228844e-06
1.0740000000036511	2.5234472393886875e-06
1.075000000003644	2.4574287595946487e-06
1.0760000000036372	2.388430837663158e-06
1.0770000000036304	2.3169038072534676e-06
1.0780000000036232	2.2430962746122773e-06
1.0790000000036164	2.1673801464672238e-06
1.0800000000036092	2.089773571856135e-06
1.0810000000036024	2.0105812339465956e-06
1.0820000000035954	1.9301230038681894e-06
1.0830000000035884	1.8486143802398658e-06
1.0840000000035817	1.766068343456162e-06
1.0850000000035747	1.682474488173824e-06
1.0860000000035677	1.597899527361335e-06
1.087000000003561	1.512709719708738e-06
1.088000000003554	1.4270720937181736e-06
1.089000000003547	1.3409484616033751e-06
1.0900000000035401	1.2543882954574315e-06
1.091000000003533	1.1672487969516254e-06
1.0920000000035262	1.079737509956935e-06
1.0930000000035192	9.922631856174036e-07
1.0940000000035122	9.052275926624276e-07
1.0950000000035054	8.188275180120996e-07
1.0960000000034982	7.330838915908799e-07
1.0970000000034914	6.48057340013608e-07
1.0980000000034844	5.636824038646182e-07
1.0990000000034774	4.798522779125847e-07
1.1000000000034706	3.9640748483726895e-07
1.1010000000034637	3.134897540446602e-07
1.1020000000034567	2.3093294476694837e-07
1.1030000000034499	1.4866002451263682e-07
1.104000000003443	6.669018792759829e-08
1.105000000003436	-1.515447145550297e-08
1.106000000003429	-9.721064819778746e-08
1.107000000003422	-1.7985720712765385e-07
1.1080000000034151	-2.6366091976370853e-07
1.1090000000034081	-3.4887947975015265e-07
1.1100000000034012	-4.354751736990181e-07
1.1110000000033944	-5.229449988597423e-07
1.1120000000033872	-6.105092449359972e-07
1.1130000000033804	-6.973926156561561e-07
1.1140000000033736	-7.82993145875821e-07
1.1150000000033664	-8.670959925627386e-07
1.1160000000033596	-9.494641888263544e-07
1.1170000000033526	-1.0295997174836202e-06
1.1180000000033457	-1.1071599785861252e-06
1.1190000000033387	-1.1818223324411292e-06
1.1200000000033317	-1.2530722452996912e-06
1.121000000003325	-1.3214810474782013e-06
1.122000000003318	-1.3866564829712047e-06
1.123000000003311	-1.448992277053307e-06
1.1240000000033041	-1.508329016353116e-06
1.1250000000032971	-1.5647353412973075e-06
1.1260000000032901	-1.6183125159940914e-06
1.1270000000032834	-1.6692103450566265e-06
1.1280000000032764	-1.7177819888747337e-06
1.1290000000032694	-1.7642630565362083e-06
1.1300000000032626	-1.8085445039339731e-06
1.1310000000032554	-1.8506121743921966e-06
1.1320000000032486	-1.8903415328619388e-06
1.1330000000032414	-1.9271092814854285e-06
1.1340000000032346	-1.9608604338028357e-06
1.1350000000032279	-1.9916746447634637e-06
1.1360000000032207	-2.019454725887826e-06
1.1370000000032139	-2.0440029606660914e-06
1.138000000003207	-2.0650992624826614e-06
1.1390000000032	-2.082697513783316e-06
1.1400000000031931	-2.0969701051143375e-06
1.1410000000031861	-2.1084825760908643e-06
1.1420000000031791	-2.117487878372515e-06
1.1430000000031724	-2.124740796194402e-06
1.1440000000031654	-2.13035674034856e-06
1.1450000000031584	-2.134552968824366e-06
1.1460000000031516	-2.137282064662571e-06
1.1470000000031444	-2.1383479460457266e-06
1.1480000000031376	-2.1377230772223754e-06
1.1490000000031304	-2.1356710786513133e-06
1.1500000000031236	-2.131987893783105e-06
1.1510000000031169	-2.12657128351168e-06
1.1520000000031096	-2.119430156488633e-06
1.1530000000031029	-2.1106356200562004e-06
1.1540000000030959	-2.100323070575172e-06
1.155000000003089	-2.088544940326287e-06
1.1560000000030821	-2.0756232355090276e-06
1.1570000000030751	-2.0619473219962714e-06
1.1580000000030681	-2.0480870674965956e-06
1.1590000000030614	-2.034299619646518e-06
1.1600000000030544	-2.0211028579630863e-06
1.1610000000030474	-2.008612503434648e-06
1.1620000000030404	-1.997098243666784e-06
1.1630000000030334	-1.9864393809854164e-06
1.1640000000030266	-1.9764790455401027e-06
1.1650000000030196	-1.966893750982024e-06
1.1660000000030126	-1.9574949241540907e-06
1.1670000000030059	-1.948138983465242e-06
1.1680000000029986	-1.9386479452876415e-06
1.1690000000029919	-1.928669706163788e-06
1.1700000000029849	-1.9178259289542865e-06
1.1710000000029779	-1.9058754021639146e-06
1.172000000002971	-1.8926169409461124e-06
1.1730000000029641	-1.8778102011118847e-06
1.1740000000029571	-1.861319486540225e-06
1.1750000000029501	-1.8432594868222907e-06
1.1760000000029431	-1.8236042920172224e-06
1.1770000000029364	-1.8021410264079663e-06
1.1780000000029294	-1.7786794646035275e-06
1.1790000000029224	-1.7531073188692403e-06
1.1800000000029156	-1.7258011637544257e-06
1.1810000000029086	-1.697009205159361e-06
1.1820000000029016	-1.6671784610622353e-06
1.1830000000028948	-1.6363593706714141e-06
1.1840000000028876	-1.6041537092004177e-06
1.1850000000028809	-1.5702545945739388e-06
1.186000000002874	-1.5341480912312022e-06
1.1870000000028669	-1.4957908662793784e-06
1.18800000000286	-1.4542773552062016e-06
1.1890000000028529	-1.409475315794495e-06
1.1900000000028461	-1.361265404398182e-06
1.1910000000028391	-1.3092715289708678e-06
1.1920000000028321	-1.253854097660323e-06
1.1930000000028254	-1.1951908116536458e-06
1.1940000000028184	-1.1334071376989385e-06
1.1950000000028114	-1.0693235450442984e-06
1.1960000000028046	-1.003490038620214e-06
1.1970000000027976	-9.362752031449872e-07
1.1980000000027906	-8.682952326033444e-07
1.1990000000027838	-8.001563647219712e-07
1.2000000000027768	-7.322253194885775e-07
1.2010000000027699	-6.649796444602174e-07
1.2020000000027629	-5.983449471447244e-07
1.2030000000027559	-5.322098619586768e-07
1.204000000002749	-4.665165600492571e-07
1.2050000000027419	-4.0112061627795015e-07
1.206000000002735	-3.357578930440752e-07
1.2070000000027283	-2.700450092429918e-07
1.2080000000027211	-2.0370201792019316e-07
1.2090000000027143	-1.3696645018157483e-07
1.2100000000027074	-7.001818125296211e-08
1.2110000000027004	-2.6690254451011697e-09
1.2120000000026936	6.516441253268113e-08
1.2130000000026866	1.3358978856459203e-07
1.2140000000026796	2.0235028219683926e-07
1.2150000000026726	2.715566698174854e-07
1.2160000000026656	3.41195240061154e-07
1.2170000000026588	4.1118952354146643e-07
1.2180000000026519	4.812821122746058e-07
1.2190000000026449	5.51069926579828e-07
1.220000000002638	6.199614756008387e-07
1.2210000000026309	6.875257521077316e-07
1.222000000002624	7.533314729801788e-07
1.2230000000026173	8.171311625115862e-07
1.2240000000026101	8.787964713707908e-07
1.2250000000026033	9.383186377887043e-07
1.2260000000025963	9.955688176077615e-07
1.2270000000025894	1.0504056389137872e-06
1.2280000000025826	1.1025376843720736e-06
1.2290000000025754	1.1518483421513181e-06
1.2300000000025686	1.1980941992950633e-06
1.2310000000025616	1.2414377941194488e-06
1.2320000000025546	1.2824476077755165e-06
1.2330000000025478	1.3214647159864867e-06
1.2340000000025408	1.358720454591733e-06
1.2350000000025338	1.3945899662859418e-06
1.236000000002527	1.4291826115897521e-06
1.23700000000252	1.462693283493799e-06
1.238000000002513	1.4951531426277143e-06
1.2390000000025063	1.5263625102734935e-06
1.240000000002499	1.5560934641944968e-06
1.2410000000024923	1.5843052985076156e-06
1.2420000000024853	1.6110493371579437e-06
1.2430000000024783	1.6365000934381868e-06
1.2440000000024716	1.6605511279355056e-06
1.2450000000024644	1.6831082065849046e-06
1.2460000000024576	1.7039589517153786e-06
1.2470000000024506	1.7228271792513183e-06
1.2480000000024436	1.7396316239759457e-06
1.2490000000024368	1.7541348821259461e-06
1.2500000000024298	1.766277953896278e-06
1.2510000000024228	1.7761783459580016e-06
1.252000000002416	1.7836691903472257e-06
1.253000000002409	1.7887752199463591e-06
1.254000000002402	1.791436062381635e-06
1.2550000000023953	1.7914477409286533e-06
1.256000000002388	1.7890440235923677e-06
1.2570000000023813	1.7847235425083596e-06
1.2580000000023743	1.7787242465594488e-06
1.2590000000023673	1.7714706070925956e-06
1.2600000000023606	1.7634172393421466e-06
1.2610000000023533	1.7546573095605922e-06
1.2620000000023466	1.7450941602881187e-06
1.2630000000023396	1.7347606666717752e-06
1.2640000000023326	1.7235641471824437e-06
1.2650000000023258	1.7119652706565347e-06
1.2660000000023188	1.700070751287086e-06
1.2670000000023118	1.6874660563326316e-06
1.268000000002305	1.6740203897525063e-06
1.269000000002298	1.6592100784418307e-06
1.270000000002291	1.6429745777202243e-06
1.271000000002284	1.6254835114581923e-06
1.272000000002277	1.6069376619354259e-06
1.2730000000022703	1.587461361585163e-06
1.2740000000022633	1.566954810683363e-06
1.2750000000022563	1.5453634103490543e-06
1.2760000000022496	1.5226922031041923e-06
1.2770000000022423	1.4990763725908351e-06
1.2780000000022356	1.4747964911521194e-06
1.2790000000022288	1.450122473323212e-06
1.2800000000022216	1.4250571938045908e-06
1.2810000000022148	1.3996187192555354e-06
1.2820000000022078	1.3739267313850334e-06
1.2830000000022008	1.348339083495631e-06
1.2840000000021938	1.3229575046569408e-06
1.2850000000021868	1.297572058578389e-06
1.28600000000218	1.2721028697093573e-06
1.287000000002173	1.2465987255794175e-06
1.288000000002166	1.2210845414806215e-06
1.2890000000021593	1.195447397517313e-06
1.2900000000021523	1.1695800543609636e-06
1.2910000000021453	1.143415711890583e-06
1.2920000000021385	1.116876241713527e-06
1.2930000000021313	1.0899322752111473e-06
1.2940000000021246	1.0626895143861503e-06
1.2950000000021178	1.035339636135113e-06
1.2960000000021106	1.0080182356597689e-06
1.2970000000021038	9.807372758352528e-07
1.2980000000020966	9.534548125467168e-07
1.2990000000020898	9.261043892871967e-07
1.3000000000020828	8.98615354238963e-07
1.3010000000020758	8.708623975284269e-07
1.302000000002069	8.42828392300099e-07
1.303000000002062	8.145382660584843e-07
1.304000000002055	7.86109349615316e-07
1.3050000000020483	7.577218814613929e-07
1.3060000000020413	7.295339906621123e-07
1.3070000000020343	7.015255025777378e-07
1.3080000000020275	6.735225331899741e-07
1.3090000000020205	6.451954203123833e-07
1.3100000000020136	6.162567285361575e-07
1.3110000000020068	5.866229240147902e-07
1.3120000000019996	5.563072532632773e-07
1.3130000000019928	5.252217590845376e-07
1.3140000000019856	4.933395767459103e-07
1.3150000000019788	4.606336175827508e-07
1.316000000001972	4.271532826338742e-07
1.3170000000019648	3.930350587211251e-07
1.318000000001958	3.583533826345686e-07
1.319000000001951	3.2311721265276816e-07
1.320000000001944	2.873608032638586e-07
1.3210000000019373	2.511649356273793e-07
1.3220000000019303	2.1462263821714345e-07
1.3230000000019233	1.7788191419843002e-07
1.3240000000019165	1.4103889911520895e-07
1.3250000000019095	1.0425542229519635e-07
1.3260000000019025	6.766369164967756e-08
1.3270000000018956	3.137922555129791e-08
1.3280000000018886	-4.490477767404855e-09
1.3290000000018818	-3.990991559454926e-08
1.3300000000018748	-7.474373941995793e-08
1.3310000000018678	-1.0897792845909748e-07
1.332000000001861	-1.4258003311340417e-07
1.3330000000018538	-1.7550554831657905e-07
1.334000000001847	-2.076641900661258e-07
1.33500000000184	-2.388395605734672e-07
1.336000000001833	-2.689118492327225e-07
1.3370000000018263	-2.97619429545648e-07
1.3380000000018193	-3.2492578894149915e-07
1.3390000000018123	-3.5084259808471074e-07
1.3400000000018053	-3.7548854026070444e-07
1.3410000000017983	-3.9884633040720985e-07
1.3420000000017915	-4.2100313457638094e-07
1.3430000000017845	-4.4198353887914266e-07
1.3440000000017776	-4.6181837465297804e-07
1.3450000000017708	-4.805460118717519e-07
1.3460000000017638	-4.981605354892338e-07
1.3470000000017568	-5.147377550862586e-07
1.34800000000175	-5.301949759228819e-07
1.3490000000017428	-5.447890267795685e-07
1.350000000001736	-5.585499949223305e-07
1.3510000000017293	-5.714782620458436e-07
1.352000000001722	-5.836899112932059e-07
1.3530000000017153	-5.952034523026839e-07
1.354000000001708	-6.060767063775785e-07
1.3550000000017013	-6.161898840062463e-07
1.3560000000016943	-6.254862712218312e-07
1.3570000000016873	-6.34103360708238e-07
1.3580000000016805	-6.417502609323833e-07
1.3590000000016735	-6.483944601232139e-07
1.3600000000016665	-6.540976489333161e-07
1.3610000000016598	-6.588143239838473e-07
1.3620000000016528	-6.63099836817338e-07
1.3630000000016458	-6.668757457362062e-07
1.364000000001639	-6.701967569799905e-07
1.3650000000016318	-6.728274639655751e-07
1.366000000001625	-6.746888825404085e-07
1.367000000001618	-6.754932440067307e-07
1.368000000001611	-6.751409227234717e-07
1.3690000000016043	-6.736022775122308e-07
1.370000000001597	-6.71221226156149e-07
1.3710000000015903	-6.684282023439181e-07
1.3720000000015833	-6.654152937546343e-07
1.3730000000015763	-6.623432537988805e-07
1.3740000000015695	-6.591368579833556e-07
1.3750000000015625	-6.556996692275163e-07
1.3760000000015555	-6.519046755748548e-07
1.3770000000015488	-6.475066132161089e-07
1.3780000000015418	-6.423486735851469e-07
1.3790000000015348	-6.362263131887147e-07
1.3800000000015278	-6.290705134581742e-07
1.3810000000015208	-6.209422400704767e-07
1.382000000001514	-6.118718556269442e-07
1.383000000001507	-6.02040375774493e-07
1.3840000000015	-5.916262935112826e-07
1.3850000000014933	-5.805110714351969e-07
1.386000000001486	-5.685580597436513e-07
1.3870000000014793	-5.555243496324636e-07
1.3880000000014725	-5.414708565965043e-07
1.3890000000014653	-5.265288813838254e-07
1.3900000000014585	-5.108180549662222e-07
1.3910000000014515	-4.94519785343428e-07
1.3920000000014445	-4.778060380683513e-07
1.3930000000014378	-4.6095338923635154e-07
1.3940000000014305	-4.439523584309768e-07
1.3950000000014238	-4.265975110939735e-07
1.3960000000014168	-4.087575329325688e-07
1.3970000000014098	-3.9037850863010704e-07
1.398000000001403	-3.7141959952080583e-07
1.399000000001396	-3.520474498586168e-07
1.400000000001389	-3.3225760120991765e-07
1.4010000000013823	-3.120170974924008e-07
1.4020000000013753	-2.9122596578723403e-07
1.4030000000013683	-2.7001401026183203e-07
1.4040000000013615	-2.485468368895738e-07
1.4050000000013543	-2.2673753963253773e-07
1.4060000000013475	-2.046036504665949e-07
1.4070000000013405	-1.8215921926412193e-07
1.4080000000013335	-1.5933351482644298e-07
1.4090000000013267	-1.3608942195375562e-07
1.4100000000013195	-1.1260150056813245e-07
1.4110000000013128	-8.9044523088333e-08
1.4120000000013058	-6.560130016985966e-08
1.4130000000012988	-4.233499839578769e-08
1.414000000001292	-1.9198437284373426e-08
1.415000000001285	3.8604327512459236e-09
1.416000000001278	2.6832581934144173e-08
1.4170000000012712	4.9689164116628604e-08
1.4180000000012642	7.24195388102089e-08
1.4190000000012573	9.506103104683916e-08
1.4200000000012505	1.1757786877453213e-07
1.4210000000012433	1.3989284664006618e-07
1.4220000000012365	1.6170821748318076e-07
1.4230000000012293	1.82997269559948e-07
1.4240000000012225	2.036680124550827e-07
1.4250000000012157	2.2369011909439962e-07
1.4260000000012085	2.431312828843346e-07
1.4270000000012018	2.6208924142068213e-07
1.4280000000011948	2.808168502177466e-07
1.4290000000011878	2.993485713753685e-07
1.430000000001181	3.176411013106062e-07
1.431000000001174	3.3576693425629855e-07
1.432000000001167	3.5375647655655484e-07
1.4330000000011602	3.7155429577495624e-07
1.4340000000011532	3.8913102828885826e-07
1.4350000000011462	4.0647570720420134e-07
1.4360000000011393	4.235138568731145e-07
1.4370000000011323	4.402918789558896e-07
1.4380000000011255	4.5692907890693135e-07
1.4390000000011185	4.7350905585386016e-07
1.4400000000011115	4.900167182020354e-07
1.4410000000011047	5.064054968695331e-07
1.4420000000010975	5.225804208253138e-07
1.4430000000010907	5.385757939624369e-07
1.4440000000010837	5.543854538769821e-07
1.4450000000010768	5.700187195589734e-07
1.44600000000107	5.85384025031388e-07
1.447000000001063	6.004574043538824e-07
1.448000000001056	6.15116570790164e-07
1.449000000001049	6.294506046389259e-07
1.450000000001042	6.433098380664859e-07
1.4510000000010352	6.566913742789282e-07
1.4520000000010282	6.693299225979388e-07
1.4530000000010213	6.811165208508996e-07
1.4540000000010145	6.920034927304641e-07
1.4550000000010075	7.020910077759623e-07
1.4560000000010005	7.116818115937562e-07
1.4570000000009937	7.209779873118549e-07
1.4580000000009865	7.300497971707287e-07
1.4590000000009797	7.388056398882625e-07
1.460000000000973	7.471110142764914e-07
1.4610000000009657	7.5482690342632e-07
1.462000000000959	7.620323675405771e-07
1.4630000000009518	7.689126634291554e-07
1.464000000000945	7.756984756746022e-07
1.465000000000938	7.82397580723071e-07
1.466000000000931	7.890042729163937e-07
1.4670000000009242	7.953595890786147e-07
1.4680000000009172	8.013203217638321e-07
1.4690000000009102	8.068681262018984e-07
1.4700000000009035	8.120579076953405e-07
1.4710000000008965	8.16876412290668e-07
1.4720000000008895	8.213333864137695e-07
1.4730000000008827	8.25471552667878e-07
1.4740000000008757	8.293487485655504e-07
1.4750000000008687	8.331031493558072e-07
1.476000000000862	8.368038202366535e-07
1.4770000000008547	8.404078728485587e-07
1.478000000000848	8.437186558296617e-07
1.4790000000008408	8.465660124024055e-07
1.480000000000834	8.489119425192371e-07
1.4810000000008272	8.509741191708997e-07
1.48200000000082	8.528400634588706e-07
1.4830000000008132	8.545642605772841e-07
1.4840000000008062	8.561246214178198e-07
1.4850000000007992	8.576034612461925e-07
1.4860000000007925	8.591128730639497e-07
1.4870000000007855	8.606778081343691e-07
1.4880000000007785	8.621755049897928e-07
1.4890000000007717	8.634180823641202e-07
1.4900000000007645	8.642164355254778e-07
1.4910000000007577	8.646171306692096e-07
1.4920000000007507	8.644696247728234e-07
1.4930000000007437	8.638710050634657e-07
1.494000000000737	8.627722123399906e-07
1.49500000000073	8.611488627741082e-07
1.496000000000723	8.59224085436594e-07
1.497000000000716	8.573627021668528e-07
1.498000000000709	8.560598564466559e-07
1.4990000000007022	8.553436252611846e-07
1.5000000000006952	8.549329688634089e-07
1.5010000000006882	8.545151505279236e-07
1.5020000000006815	8.539116533867741e-07
1.5030000000006745	8.532944395511777e-07
1.5040000000006675	8.527667617608259e-07
1.5050000000006605	8.524860866110373e-07
1.5060000000006535	8.525461446806659e-07
1.5070000000006467	8.52995893252384e-07
1.5080000000006397	8.538636047106252e-07
1.5090000000006327	8.550416077390821e-07
1.5100000000006257	8.563810242057102e-07
1.5110000000006187	8.577728289882458e-07
1.512000000000612	8.590516459294761e-07
1.513000000000605	8.600622440901873e-07
1.514000000000598	8.608006296650927e-07
1.5150000000005912	8.613511974786547e-07
1.5160000000005842	8.619536879805878e-07
1.5170000000005772	8.628461503068507e-07
1.5180000000005702	8.642375345369047e-07
1.5190000000005632	8.659943997457731e-07
1.5200000000005565	8.679206231487768e-07
1.5210000000005495	8.696029838439756e-07
1.5220000000005425	8.70884393378013e-07
1.5230000000005357	8.716672821318383e-07
1.5240000000005285	8.721952160506419e-07
1.5250000000005217	8.726550790871812e-07
1.5260000000005147	8.731127335570577e-07
1.5270000000005077	8.735816374727534e-07
1.528000000000501	8.740729955380999e-07
1.529000000000494	8.745480524208205e-07
1.530000000000487	8.749489777137853e-07
1.53100000000048	8.753347375822784e-07
1.532000000000473	8.758821190557597e-07
1.5330000000004662	8.768244594836716e-07
1.5340000000004592	8.782856840694464e-07
1.5350000000004522	8.80334096620139e-07
1.5360000000004455	8.829807724985983e-07
1.5370000000004385	8.859111095826933e-07
1.5380000000004315	8.886264006857658e-07
1.5390000000004245	8.905431787553653e-07
1.5400000000004175	8.915635448802917e-07
1.5410000000004107	8.917628085969298e-07
1.5420000000004037	8.913057081283426e-07
1.5430000000003967	8.908102294702402e-07
1.5440000000003897	8.910856674759771e-07
1.5450000000003827	8.930317267896726e-07
1.546000000000376	8.963547524221127e-07
1.547000000000369	9.000733056652166e-07
1.548000000000362	9.029419907324865e-07
1.549000000000355	9.044903317434461e-07
1.5500000000003482	9.049516369596944e-07
1.5510000000003412	9.039755368700497e-07
1.5520000000003342	9.02461371410368e-07
1.5530000000003272	9.0124712071038e-07
1.5540000000003205	9.011212046550199e-07
1.5550000000003135	9.021733565761636e-07
1.5560000000003065	9.041920461250186e-07
1.5570000000002997	9.065006518760299e-07
1.5580000000002925	9.083879271010176e-07
1.5590000000002857	9.09210252642012e-07
1.5600000000002787	9.083685356126026e-07
1.5610000000002717	9.057656209510156e-07
1.5620000000002647	9.014853471489559e-07
1.5630000000002577	8.961917565830646e-07
1.564000000000251	8.902930739296266e-07
1.565000000000244	8.84489492203322e-07
1.566000000000237	8.791748518088838e-07
1.5670000000002302	8.743758677098867e-07
1.5680000000002232	8.701544772504732e-07
1.5690000000002162	8.664721588003133e-07
1.5700000000002092	8.629497574297318e-07
1.5710000000002025	8.595902565300406e-07
1.5720000000001955	8.566343907556728e-07
1.5730000000001885	8.539317674083335e-07
1.5740000000001815	8.514405166470951e-07
1.5750000000001747	8.493558245614707e-07
1.5760000000001675	8.47645611257164e-07
1.5770000000001607	8.459557592210842e-07
1.5780000000001537	8.43868789179858e-07
1.5790000000001467	8.411959928622537e-07
1.58000000000014	8.380291487419811e-07
1.581000000000133	8.341882323792404e-07
1.582000000000126	8.291813715644025e-07
1.583000000000119	8.222344107799984e-07
1.584000000000112	8.132676982963716e-07
1.5850000000001052	8.020491315541278e-07
1.5860000000000982	7.887655846250397e-07
1.5870000000000912	7.737826441811535e-07
1.5880000000000845	7.578442475786318e-07
1.5890000000000775	7.414166420804946e-07
1.5900000000000705	7.249224545091693e-07
1.5910000000000635	7.085831785769159e-07
1.5920000000000565	6.926248139471625e-07
1.5930000000000497	6.772525112941352e-07
1.5940000000000427	6.629087682119561e-07
1.5950000000000357	6.497215658818334e-07
1.5960000000000287	6.37928758928652e-07
1.5970000000000217	6.271513626199265e-07
1.598000000000015	6.174807258840787e-07
1.599000000000008	6.085976052006004e-07
1.600000000000001	5.999299327319463e-07
1.6009999999999942	5.910124704078257e-07
1.6019999999999872	5.815283514731817e-07
1.6029999999999802	5.716857915949447e-07
1.6039999999999732	5.614444835710941e-07
1.6049999999999662	5.508059230940887e-07
1.6059999999999595	5.398205060735961e-07
1.6069999999999525	5.283211241824404e-07
1.6079999999999455	5.161464653458125e-07
1.6089999999999387	5.034490672128911e-07
1.6099999999999315	4.904594952392927e-07
1.6109999999999247	4.772508086503535e-07
1.6119999999999177	4.6390073049629166e-07
1.6129999999999107	4.5040155949305216e-07
1.6139999999999037	4.367751730294245e-07
1.614999999999897	4.2326832239147905e-07
1.61599999999989	4.1026990560411036e-07
1.616999999999883	3.9802212503659007e-07
1.617999999999876	3.8679905189908936e-07
1.6189999999998692	3.7656444340505857e-07
1.6199999999998622	3.6728976726685403e-07
1.6209999999998552	3.5871586268054756e-07
1.6219999999998485	3.506294716792979e-07
1.6229999999998415	3.426805091910623e-07
1.6239999999998345	3.346710075735615e-07
1.6249999999998275	3.2640387459537124e-07
1.6259999999998205	3.1769747388388225e-07
1.6269999999998137	3.085258875046293e-07
1.6279999999998067	2.989185148294382e-07
1.6289999999997997	2.8888515768432654e-07
1.6299999999997927	2.7848127892582397e-07
1.6309999999997857	2.6778069028843277e-07
1.631999999999779	2.5675704007355193e-07
1.632999999999772	2.4539086873609506e-07
1.633999999999765	2.3367829837805942e-07
1.634999999999758	2.2183574566181363e-07
1.6359999999997512	2.1019593088311694e-07
1.6369999999997442	1.9882972801532617e-07
1.6379999999997372	1.8771458765165505e-07
1.6389999999997302	1.7684473796464317e-07
1.6399999999997235	1.6639262168105518e-07
1.6409999999997165	1.56605743484306e-07
1.6419999999997095	1.4771862677509517e-07
1.6429999999997025	1.4008738769000217e-07
1.6439999999996955	1.3356922168306085e-07
1.6449999999996887	1.2786136927012137e-07
1.6459999999996817	1.229488373333254e-07
1.6469999999996747	1.1877493566458952e-07
1.6479999999996677	1.154447963891414e-07
1.6489999999996607	1.1294818835771991e-07
1.649999999999654	1.1107281894240373e-07
1.650999999999647	1.0969604691268842e-07
1.65199999999964	1.0882443257642649e-07
1.6529999999996332	1.0857481669290792e-07
1.6539999999996262	1.0900366098631764e-07
1.6549999999996192	1.0984367726507571e-07
1.6559999999996122	1.1097855556752023e-07
1.6569999999996052	1.1188063298028794e-07
1.6579999999995985	1.119378711944563e-07
1.6589999999995915	1.1089051721313581e-07
1.6599999999995845	1.0876127898296062e-07
1.6609999999995777	1.0572878272885333e-07
1.6619999999995705	1.0206002443169382e-07
1.6629999999995637	9.788415433753528e-08
1.6639999999995567	9.323091743063117e-08
1.6649999999995497	8.833948705877503e-08
1.665999999999543	8.331643253089993e-08
1.666999999999536	7.820302427852255e-08
1.667999999999529	7.301129101300319e-08
1.668999999999522	6.772935545740211e-08
1.669999999999515	6.250511519478863e-08
1.6709999999995082	5.726837237762794e-08
1.6719999999995012	5.194231034177932e-08
1.6729999999994942	4.6507446227472826e-08
1.6739999999994875	4.105945783372533e-08
1.6749999999994805	3.577515705899259e-08
1.6759999999994735	3.0588522159646914e-08
1.6769999999994665	2.555128386649841e-08
1.6779999999994595	2.08719294070292e-08
1.6789999999994527	1.6594926988133807e-08
1.6799999999994457	1.3108530594330148e-08
1.6809999999994387	1.0367019798174226e-08
1.6819999999994317	8.29530599766315e-09
1.6829999999994247	7.016766723211276e-09
1.683999999999418	6.49326614698964e-09
1.684999999999411	7.050131367591916e-09
1.685999999999404	8.524761563322159e-09
1.6869999999993972	1.079762279587726e-08
1.6879999999993902	1.3755988126362695e-08
1.6889999999993832	1.7377610017632605e-08
1.6899999999993762	2.187820480337166e-08
1.6909999999993692	2.7300988247880298e-08
1.6919999999993625	3.362285549979305e-08
1.6929999999993555	4.070292347613247e-08
1.6939999999993485	4.849702384124299e-08
1.6949999999993415	5.6830023686949005e-08
1.6959999999993345	6.545838016069894e-08
1.6969999999993277	7.425591386223118e-08
1.6979999999993207	8.309255583593966e-08
1.6989999999993137	9.180512328121893e-08
1.6999999999993067	1.0024451024825964e-07
1.7009999999993	1.083808742752268e-07
1.701999999999293	1.1609611516583129e-07
1.702999999999286	1.233241062603696e-07
1.703999999999279	1.2983603758787154e-07
1.7049999999992722	1.3571583779015128e-07
1.7059999999992652	1.4069612896960848e-07
1.7069999999992582	1.448184195895763e-07
1.7079999999992515	1.4805570669462753e-07
1.7089999999992442	1.504299039778445e-07
1.7099999999992375	1.5219617521822215e-07
1.7109999999992305	1.5364884153878933e-07
1.7119999999992235	1.5474156467298883e-07
1.7129999999992167	1.5563525623818464e-07
1.7139999999992095	1.5647589124423433e-07
1.7149999999992027	1.5743108394694616e-07
1.7159999999991957	1.5867372638034283e-07
1.7169999999991887	1.6021748061589847e-07
1.717999999999182	1.6204909392136813e-07
1.718999999999175	1.642488032249645e-07
1.719999999999168	1.6691271953472864e-07
1.720999999999161	1.6991675111377447e-07
1.721999999999154	1.7325881018770417e-07
1.7229999999991472	1.7680248298734824e-07
1.7239999999991402	1.8049457084501341e-07
1.7249999999991332	1.8432676007762439e-07
1.7259999999991265	1.8834344528428915e-07
1.7269999999991195	1.9248940463789666e-07
1.7279999999991125	1.967263782987061e-07
1.7289999999991055	2.0096226471810752e-07
1.7299999999990985	2.0499634745263506e-07
1.7309999999990917	2.0882447193670828e-07
1.7319999999990847	2.1236387859335792e-07
1.7329999999990777	2.1556393781096972e-07
1.7339999999990707	2.1838746844249357e-07
1.7349999999990655	2.2094974805320078e-07
1.7359999999990614	2.233890181724263e-07
1.7369999999990573	2.2575307878636153e-07
1.7379999999990532	2.2814654743186225e-07
1.7389999999990489	2.306374689009516e-07
1.7399999999990448	2.3334678989073154e-07
1.7409999999990406	2.3635424351020617e-07
1.7419999999990363	2.396554078520907e-07
1.7429999999990322	2.431676444647479e-07
1.743999999999028	2.467827493468633e-07
1.744999999999024	2.5058573771552517e-07
1.74599999999902	2.5460586727810153e-07
1.7469999999990156	2.5867132014134597e-07
1.7479999999990115	2.625307250481157e-07
1.7489999999990071	2.660213884730922e-07
1.749999999999003	2.690545075623163e-07
1.7509999999990045	2.717031738486142e-07
1.751999999999006	2.7382342981940866e-07
1.7529999999990071	2.7543900649185105e-07
1.7539999999990086	2.764297194479681e-07
1.75499999999901	2.769372111632862e-07
1.7559999999990115	2.77341906884665e-07
1.756999999999013	2.778902944422512e-07
1.7579999999990141	2.78487272686867e-07
1.7589999999990156	2.788461378466778e-07
1.759999999999017	2.788701697342688e-07
1.7609999999990182	2.785693667961553e-07
1.7619999999990197	2.783220482971416e-07
1.7629999999990211	2.782757517749701e-07
1.7639999999990226	2.784152446366761e-07
1.7649999999990238	2.7850831452180813e-07
1.7659999999990263	2.783984183185595e-07
1.7669999999990305	2.7795043000544695e-07
1.7679999999990346	2.769890499187966e-07
1.7689999999990387	2.7554015558095557e-07
1.769999999999043	2.7377388089888655e-07
1.7709999999990471	2.7204846309025754e-07
1.7719999999990512	2.704787491758509e-07
1.7729999999990556	2.6901981231564065e-07
1.7739999999990597	2.6773299877103085e-07
1.7749999999990638	2.664907979843534e-07
1.7759999999990679	2.651733242986509e-07
1.776999999999072	2.637468369259821e-07
1.7779999999990763	2.622311258138055e-07
1.7789999999990804	2.6067929193018813e-07
1.7799999999990845	2.591402350482497e-07
1.7809999999990886	2.574548493283757e-07
1.781999999999093	2.554868666626575e-07
1.782999999999097	2.535515903900887e-07
1.7839999999991012	2.5163794170612874e-07
1.7849999999991053	2.4959846700589594e-07
1.7859999999991096	2.4725384950574636e-07
1.7869999999991137	2.4437154899636937e-07
1.7879999999991179	2.4096604989143344e-07
1.788999999999122	2.3708826979440545e-07
1.789999999999126	2.3281532368635283e-07
1.7909999999991304	2.281642547119489e-07
1.7919999999991345	2.2322163828469854e-07
1.7929999999991386	2.1765141944296573e-07
1.7939999999991427	2.1171637099026697e-07
1.794999999999147	2.055482285490129e-07
1.7959999999991512	1.9943531559540872e-07
1.7969999999991553	1.9339245638239078e-07
1.7979999999991594	1.8722045580510382e-07
1.7989999999991637	1.808909926293012e-07
1.7999999999991678	1.738897480452195e-07
1.800999999999172	1.6629272536761164e-07
1.801999999999176	1.5796438979087668e-07
1.8029999999991801	1.4893616273603527e-07
1.8039999999991845	1.392507529285325e-07
1.8049999999991886	1.2897196643990583e-07
1.8059999999991927	1.1811505618020135e-07
1.8069999999991968	1.067115151798248e-07
1.8079999999992011	9.493876773625232e-08
1.8089999999992052	8.309391374972108e-08
1.8099999999992094	7.148125669154126e-08
1.8109999999992135	6.009135300466539e-08
1.8119999999992178	4.87978263352673e-08
1.812999999999222	3.740041343291978e-08
1.813999999999226	2.5919302482080298e-08
1.8149999999992301	1.4499675016210745e-08
1.8159999999992344	3.4358684786184313e-09
1.8169999999992386	-7.250522182644659e-09
1.8179999999992427	-1.7499423687894478e-08
1.8189999999992468	-2.721803160632419e-08
1.819999999999251	-3.6822555005144864e-08
1.8209999999992552	-4.656802832236906e-08
1.8219999999992593	-5.651379830773351e-08
1.8229999999992634	-6.674116304061783e-08
1.8239999999992675	-7.742764340790131e-08
1.8249999999992719	-8.844453680545428e-08
1.825999999999276	-9.94658826414252e-08
1.82699999999928	-1.1033618330102968e-07
1.8279999999992842	-1.208562532273305e-07
1.8289999999992885	-1.31023473182168e-07
1.8299999999992926	-1.4075792131862386e-07
1.8309999999992967	-1.4998972885926776e-07
1.8319999999993009	-1.5849104828546956e-07
1.8329999999993052	-1.6618758680309043e-07
1.8339999999993093	-1.729431493568967e-07
1.8349999999993134	-1.788583035011726e-07
1.8359999999993175	-1.8412537694523223e-07
1.8369999999993218	-1.8916960287107543e-07
1.837999999999326	-1.9402584827687974e-07
1.83899999999933	-1.9870824097267814e-07
1.8399999999993342	-2.0330864414219718e-07
1.8409999999993385	-2.079089651552124e-07
1.8419999999993426	-2.1240495273744386e-07
1.8429999999993467	-2.1662563876034824e-07
1.8439999999993508	-2.2050827142017226e-07
1.844999999999355	-2.2382589071057168e-07
1.8459999999993593	-2.264174667754304e-07
1.8469999999993634	-2.2837440316614277e-07
1.8479999999993675	-2.2984138126069809e-07
1.8489999999993716	-2.3070674814995584e-07
1.849999999999376	-2.3108859958931305e-07
1.85099999999938	-2.3090146883397722e-07
1.8519999999993841	-2.3040938224028196e-07
1.8529999999993882	-2.3018995487511518e-07
1.8539999999993926	-2.3073013966090627e-07
1.8549999999993967	-2.3202515153641912e-07
1.8559999999994008	-2.3396479043036322e-07
1.856999999999405	-2.3651972336224958e-07
1.857999999999409	-2.3931365156215634e-07
1.8589999999994133	-2.4221759931108977e-07
1.8599999999994175	-2.453475314023734e-07
1.8609999999994216	-2.4871111414803693e-07
1.861999999999426	-2.5212311483002736e-07
1.86299999999943	-2.552039846115406e-07
1.863999999999434	-2.580965785536904e-07
1.8649999999994382	-2.606660405302108e-07
1.8659999999994423	-2.630725686181279e-07
1.8669999999994467	-2.6529287877608e-07
1.8679999999994508	-2.671944219212463e-07
1.8689999999994549	-2.688232940695201e-07
1.869999999999459	-2.70717738448667e-07
1.870999999999463	-2.733195001436428e-07
1.8719999999994674	-2.7640835886799664e-07
1.8729999999994715	-2.8015154862615077e-07
1.8739999999994756	-2.8482641600824365e-07
1.87499999999948	-2.9054917538573477e-07
1.875999999999484	-2.976919564190439e-07
1.8769999999994882	-3.0599419331700517e-07
1.8779999999994923	-3.1484405349502254e-07
1.8789999999994964	-3.2386610060441967e-07
1.8799999999995007	-3.3297581758517936e-07
1.8809999999995048	-3.4206783072754376e-07
1.881999999999509	-3.510486217273012e-07
1.882999999999513	-3.5971621570318746e-07
1.8839999999995174	-3.6765905386815234e-07
1.8849999999995215	-3.7432667010506293e-07
1.8859999999995256	-3.8003669300401555e-07
1.8869999999995297	-3.851532432985749e-07
1.887999999999534	-3.894452080821509e-07
1.8889999999995382	-3.93102194573558e-07
1.8899999999995423	-3.964389523325451e-07
1.8909999999995464	-3.9917730787486505e-07
1.8919999999995505	-4.015416081859513e-07
1.8929999999995548	-4.0392977629366555e-07
1.893999999999559	-4.0642968013315794e-07
1.894999999999563	-4.0873758533344073e-07
1.8959999999995671	-4.108780700118331e-07
1.8969999999995715	-4.1289266605737396e-07
1.8979999999995756	-4.1483103219164263e-07
1.8989999999995797	-4.164594487043871e-07
1.8999999999995838	-4.175207153345184e-07
1.9009999999995881	-4.184144606345086e-07
1.9019999999995922	-4.1962313446219923e-07
1.9029999999995963	-4.217372242543149e-07
1.9039999999996005	-4.2490018947738406e-07
1.9049999999996048	-4.2896222773869397e-07
1.905999999999609	-4.3387663106742025e-07
1.906999999999613	-4.3900300217281085e-07
1.9079999999996171	-4.4408726806999255e-07
1.9089999999996214	-4.485270126419749e-07
1.9099999999996256	-4.520502931981696e-07
1.9109999999996297	-4.5506457513333487e-07
1.9119999999996338	-4.5818014093867987e-07
1.9129999999996379	-4.6125352892723015e-07
1.9139999999996422	-4.6446736634564445e-07
1.9149999999996463	-4.6786019947120394e-07
1.9159999999996504	-4.712687342589561e-07
1.9169999999996545	-4.7502090927409313e-07
1.9179999999996589	-4.798756592094833e-07
1.918999999999663	-4.856809976416798e-07
1.919999999999667	-4.923340450879721e-07
1.9209999999996712	-4.991549722443978e-07
1.9219999999996755	-5.062493106944288e-07
1.9229999999996796	-5.130374416406625e-07
1.9239999999996837	-5.18939678784136e-07
1.9249999999996878	-5.23681048525404e-07
1.9259999999996922	-5.277565839900689e-07
1.9269999999996963	-5.311702648835848e-07
1.9279999999997004	-5.328932060066904e-07
1.9289999999997045	-5.343035975879928e-07
1.9299999999997088	-5.357498302771546e-07
1.930999999999713	-5.377136804707305e-07
1.931999999999717	-5.395117836926033e-07
1.9329999999997212	-5.404633283134785e-07
1.9339999999997253	-5.407655512268406e-07
1.9349999999997296	-5.406691099274497e-07
1.9359999999997337	-5.414228274602806e-07
1.9369999999997378	-5.430750884549695e-07
1.937999999999742	-5.457522738172571e-07
1.9389999999997463	-5.485836362950636e-07
1.9399999999997504	-5.506935507604283e-07
1.9409999999997545	-5.527892736889584e-07
1.9419999999997586	-5.558565874252963e-07
1.942999999999763	-5.59279951684033e-07
1.943999999999767	-5.63657830854325e-07
1.9449999999997711	-5.700146985532228e-07
1.9459999999997752	-5.782667531484265e-07
1.9469999999997794	-5.869617176745834e-07
1.9479999999997837	-5.960681914718435e-07
1.9489999999997878	-6.054715466774496e-07
1.949999999999792	-6.13797492832191e-07
1.950999999999796	-6.206888314430614e-07
1.9519999999998003	-6.271359658249764e-07
1.9529999999998044	-6.333255924140246e-07
1.9539999999998086	-6.386591853146939e-07
1.9549999999998127	-6.442459556943447e-07
1.955999999999817	-6.522481270643254e-07
1.956999999999821	-6.624606470051475e-07
1.9579999999998252	-6.722114589408079e-07
1.9589999999998293	-6.803262675436628e-07
1.9599999999998337	-6.879521379232756e-07
1.9609999999998378	-6.965260230806791e-07
1.9619999999998419	-7.066339609007599e-07
1.962999999999846	-7.159097761277877e-07
1.9639999999998503	-7.219525981483343e-07
1.9649999999998544	-7.266316082166213e-07
1.9659999999998585	-7.290941448356847e-07
1.9669999999998626	-7.312007495041684e-07
1.9679999999998667	-7.356170419470232e-07
1.968999999999871	-7.435285358514676e-07
1.9699999999998752	-7.515368714017256e-07
1.9709999999998793	-7.589109429773089e-07
1.9719999999998834	-7.684697662657669e-07
1.9729999999998877	-7.777780788309485e-07
1.9739999999998918	-7.834529331951501e-07
1.974999999999896	-7.858261297233327e-07
1.9759999999999	-7.884478530062466e-07
1.9769999999999044	-7.904762788779607e-07
1.9779999999999085	-7.916843456357014e-07
1.9789999999999126	-7.970888618036298e-07
1.9799999999999167	-8.052718618589694e-07
1.980999999999921	-8.124270685083701e-07
1.9819999999999252	-8.182585837790413e-07
1.9829999999999293	-8.239428908041191e-07
1.9839999999999334	-8.315819313153838e-07
1.9849999999999375	-8.438739051985777e-07
1.9859999999999418	-8.567929481451131e-07
1.986999999999946	-8.672638762696749e-07
1.98799999999995	-8.753245741566218e-07
1.9889999999999541	-8.814349699015622e-07
1.9899999999999585	-8.870059406973496e-07
1.9909999999999626	-8.924199488280493e-07
1.9919999999999667	-8.965697442242515e-07
1.9929999999999708	-9.018847126895935e-07
1.9939999999999751	-9.077009817115567e-07
1.9949999999999792	-9.137672420944654e-07
1.9959999999999833	-9.186174461106589e-07
1.9969999999999875	-9.198110146879657e-07
1.9979999999999918	-9.175486874735128e-07
1.998999999999996	-9.125351054795061e-07
2.0	-9.092063932847338e-07
2.0010279404845495	-9.052254026364892e-07
2.0021217900815715	-9.041799216014113e-07
2.0032857751923165	-9.040771591362073e-07
2.004524391841744	-9.051438052409821e-07
2.005842426366887	-9.074116722462833e-07
2.007244970197923	-9.10927326014388e-07
2.0087374418720856	-9.133736149635752e-07
2.0103256076664273	-9.150717157346833e-07
2.0120156028936726	-9.139191063933794e-07
2.013813957200875	-9.088627654918469e-07
2.0157276178435577	-9.001943497288778e-07
2.0177639781367303	-8.899831156483629e-07
2.019930905358886	-8.845453818295823e-07
2.0222367711443985	-8.874469912267813e-07
2.024690484011897	-8.999235512341386e-07
2.027301523572695	-9.148063215835833e-07
2.0300799770731848	-9.182945055474789e-07
2.033036578410754	-9.188657474901163e-07
2.036182751117039	-9.085824106414009e-07
2.039530649180409	-8.951744518981286e-07
2.043093206833892	-8.779463191999071e-07
2.046884188175661	-8.727897489180236e-07
2.050918238233338	-8.70515115325432e-07
2.0552109433735133	-8.527796762081152e-07
2.059778886913171	-8.148535211027763e-07
2.0646397170403086	-7.608333729702821e-07
2.0698122132469665	-6.952525632986095e-07
2.0753163565584574	-6.226905611139699e-07
2.081173414838828	-5.228134865031819e-07
2.0874060143976347	-4.1146584495166394e-07
2.094038234979271	-2.670640633084531e-07
2.1010956980169606	-6.735798474544197e-08
2.1086056699538682	1.246051392067571e-07
2.116597165034399	2.841745447845767e-07
2.125101056786564	4.2513637943386584e-07
2.1341501990307465	6.034450632519395e-07
2.143779554474847	8.002955712571591e-07
2.1540263207146424	9.166792084291941e-07
2.1649300857539027	9.354654482152114e-07
2.1765329774064615	9.084992598218378e-07
2.1888798204423576	9.385294560404489e-07
2.2020183144046843	9.175648143511239e-07
2.2159992202680474	6.206332044955687e-07
2.2308765524295735	4.0406114387714354e-07
2.246707783705272	4.004939798685214e-07
2.263554079768369	3.4172905827301037e-07
2.2814805235907363	1.802594519206835e-07
2.3005563724108544	-1.7158446841136765e-07
2.320855322320133	-3.939761801241559e-07
2.3424557929209753	-5.685325370485828e-07
2.3654412374910825	-7.488277833367363e-07
2.389900455657507	-8.46408263921461e-07
2.41592795027163	-8.91519804868679e-07
2.44362426638729	-8.94783726224091e-07
2.473096411506492	-7.891265350057353e-07
2.5044582437089975	-5.549309904928634e-07
2.537830924630887	-4.451103505775933e-07
2.5733433911797423	-5.772599869224848e-07
2.611132843166974	-2.6697040156342666e-07
2.6513452603475027	1.5768955519135375e-07
2.6941360153529494	3.603369951310498e-07
2.739670418177515	5.40218034972284e-07
2.788124380079947	7.304501659088913e-07
2.839685109337027	5.927572124253544e-07
2.894551789617174	7.015111014307962e-08
2.9529364084026577	-3.211423145188519e-07
3.0150645170164534	-4.791052616859304e-07
3.0811761422888653	2.684323452406545e-08
3.1515266965252042	6.900635443063408e-07
3.226387989377641	3.7028795007998383e-07
3.30604919671757	-5.215043086259641e-07
3.39081811677136	-5.422834494783757e-07
3.4810222154328754	-4.33861867765728e-07
3.577010018652917	-3.8573796401486504e-07
3.6791523315125145	-6.57430806461079e-07
3.7878438030764574	-2.8615723146607763e-07
3.9035043177534527	5.155366356035529e-09
4.02658072998157	3.113894379014326e-07
4.157548527011607	3.089908907627503e-07
4.296913682346355	-3.2042942965659904e-07
4.445214635465608	2.2887880346544875e-07
4.603024347307951	-1.5590617485905511e-07
4.770952424745148	-1.2699830653772892e-07
4.9496476786701376	2.3018896599946714e-07
5.139800459354712	-1.3882637928119834e-07
5.342145448462832	-1.7011315023296447e-08
5.557464321076707	-5.915593372929351e-07
5.786588991858403	-1.009394696716015e-07
6.03040459644804	1.0733239075300105e-07
6.289853138906711	-4.274455722708126e-08
6.565936951835777	-3.448080265755493e-08
6.859722633511745	-1.0444570830436817e-07
7.172345245053396	-1.440625618798208e-08
7.505012494394354	-6.440090483117444e-08
7.859009576011049	-1.4546300386442113e-08
8.23570422033976	3.7471351799212016e-08
8.636551628113326	9.218483665307531e-08
9.063100564489073	3.052049346585761e-08
9.516998831091398	6.277628694650872e-08
10.0	-3.104615453608517e-09
