0.0	0.14134231522002416
0.0010000000000041087	0.14134231294385935
0.0020000000000082174	0.14134230680019855
0.003000000000012548	0.14134229716103275
0.004000000000016657	0.1413422840709001
0.005000000000020766	0.14134226684939677
0.006000000000024874	0.14134224614296642
0.007000000000029205	0.14134222153208376
0.008000000000033314	0.14134219311032126
0.009000000000037423	0.14134216114743237
0.010000000000041753	0.14134212525776213
0.011000000000045862	0.1413420855452583
0.01200000000004997	0.14134204210054302
0.01300000000005408	0.14134199482729093
0.01400000000005841	0.14134194405774103
0.015000000000062519	0.14134188940194348
0.016000000000066406	0.14134183073664774
0.017000000000070736	0.14134176857093905
0.018000000000074845	0.14134170260908707
0.019000000000078954	0.14134163267070143
0.020000000000083062	0.1413415591605296
0.021000000000087393	0.14134148182298034
0.022000000000091502	0.14134140067962442
0.02300000000009561	0.14134131597288135
0.02400000000009972	0.14134122712106567
0.02500000000010405	0.14134113481557264
0.02600000000010816	0.1413410386698175
0.027000000000112268	0.14134093853768603
0.0280000000001166	0.14134083476916992
0.029000000000120707	0.14134072743980242
0.030000000000124816	0.14134061613868654
0.031000000000128924	0.14134050108129737
0.032000000000133255	0.14134038229797496
0.033000000000137364	0.1413402595535206
0.03400000000014147	0.14134013323621264
0.0350000000001458	0.14134000326680196
0.03600000000014991	0.14133986929995423
0.03700000000015402	0.1413397316177053
0.03800000000015813	0.14133959019025455
0.03900000000016246	0.1413394450367096
0.04000000000016657	0.1413392959182882
0.04100000000017068	0.14133914312227192
0.04200000000017501	0.14133898668132439
0.04300000000017912	0.1413388264207569
0.044000000000183226	0.14133866236874093
0.045000000000187335	0.1413384943984496
0.046000000000191665	0.14133832293886583
0.04700000000019555	0.14133814765129382
0.04800000000019966	0.14133796830731793
0.04900000000020399	0.14133778539666697
0.0500000000002081	0.1413375986626475
0.05100000000021221	0.14133740813691165
0.05200000000021632	0.141337214069283
0.05300000000022065	0.14133701610695615
0.05400000000022476	0.14133681417702137
0.055000000000228866	0.14133660875126908
0.0560000000002332	0.1413363994253466
0.057000000000237305	0.1413361861701199
0.058000000000241414	0.141335969469933
0.05900000000024552	0.14133574884148026
0.060000000000249853	0.14133552431892937
0.06100000000025396	0.14133529630994046
0.06200000000025807	0.14133506431014176
0.0630000000002624	0.14133482859688373
0.06400000000026651	0.1413345891829385
0.06500000000027062	0.14133434594804628
0.06600000000027473	0.14133409883356718
0.06700000000027906	0.1413338479435885
0.06800000000028317	0.1413335934910378
0.06900000000028728	0.1413333352951467
0.0700000000002916	0.14133307299311404
0.07100000000029572	0.1413328072292257
0.07200000000029982	0.1413325376382355
0.07300000000030393	0.14133226408561672
0.07400000000030826	0.14133198699370186
0.07500000000031237	0.1413317060975504
0.07600000000031648	0.1413314212050112
0.07700000000032081	0.14133113280277398
0.0780000000003247	0.14133084054555978
0.07900000000032881	0.1413305445022488
0.08000000000033292	0.14133024474636602
0.08100000000033725	0.1413299411505169
0.08200000000034136	0.1413296338154194
0.08300000000034546	0.14132932271707055
0.0840000000003498	0.14132900789393277
0.0850000000003539	0.14132868924972763
0.08600000000035801	0.14132836684916184
0.08700000000036212	0.14132804061876159
0.08800000000036645	0.14132771063962601
0.08900000000037056	0.14132737683719876
0.09000000000037467	0.1413270395056354
0.091000000000379	0.14132669840535084
0.09200000000038311	0.14132635320592624
0.09300000000038722	0.14132600446729637
0.09400000000039133	0.14132565196773772
0.09500000000039566	0.1413252954068478
0.09600000000039977	0.14132493546522173
0.09700000000040387	0.1413245717273569
0.0980000000004082	0.14132420396853762
0.09900000000041231	0.14132383236161816
0.10000000000041642	0.14132345694446302
0.10100000000042053	0.1413230780244359
0.10200000000042486	0.14132269551527465
0.10300000000042897	0.14132230937302426
0.10400000000043308	0.14132191908134584
0.10500000000043741	0.141321524759646
0.10600000000044152	0.14132112709326816
0.10700000000044563	0.14132072554035924
0.10800000000044951	0.14132032024504926
0.10900000000045384	0.1413199112279404
0.11000000000045795	0.14131949810697586
0.11100000000046206	0.14131908154910922
0.1120000000004664	0.14131866129141202
0.1130000000004705	0.1413182371003121
0.11400000000047461	0.14131780912213998
0.11500000000047872	0.14131737742325823
0.11600000000048305	0.1413169419550896
0.11700000000048716	0.14131650272720975
0.11800000000049127	0.14131605972467387
0.1190000000004956	0.14131561294355688
0.12000000000049971	0.14131516239310282
0.12100000000050382	0.1413147080991065
0.12200000000050792	0.1413142500232034
0.12300000000051226	0.1413137881855523
0.12400000000051636	0.14131332257490992
0.12500000000052047	0.14131285319351405
0.1260000000005248	0.14131238006347924
0.1270000000005289	0.14131190314701136
0.12800000000053302	0.14131142247401096
0.12900000000053713	0.14131093802731431
0.13000000000054146	0.1413104498148925
0.13100000000054557	0.14130995780465438
0.13200000000054968	0.141309461897558
0.133000000000554	0.14130896259360637
0.13400000000055812	0.14130845965126793
0.13500000000056223	0.1413079524289642
0.13600000000056633	0.14130744161357156
0.13700000000057067	0.14130692704035208
0.13800000000057477	0.14130640870958933
0.13900000000057866	0.14130588656042675
0.140000000000583	0.14130536081499434
0.1410000000005871	0.14130483108062497
0.1420000000005912	0.14130429775432074
0.14300000000059532	0.14130376051094284
0.14400000000059965	0.14130321967216597
0.14500000000060376	0.14130267505593952
0.14600000000060787	0.14130212649674445
0.1470000000006122	0.14130157422744039
0.1480000000006163	0.1413010182821286
0.14900000000062041	0.14130045848893413
0.15000000000062452	0.14129989499732754
0.15100000000062885	0.1412993276667055
0.15200000000063296	0.1412987566238978
0.15300000000063707	0.14129818180111475
0.1540000000006414	0.14129760326860408
0.1550000000006455	0.14129702090724316
0.15600000000064962	0.14129643481484244
0.15700000000065373	0.1412958449559244
0.15800000000065806	0.14129525137094534
0.15900000000066217	0.14129465399657004
0.16000000000066628	0.14129405285513064
0.16100000000067038	0.14129344794593934
0.16200000000067472	0.1412928391925492
0.16300000000067882	0.14129222663119068
0.16400000000068293	0.1412916104848243
0.16500000000068726	0.14129099055800487
0.16600000000069137	0.14129036689851437
0.16700000000069548	0.14128973938465528
0.1680000000006996	0.1412891081422073
0.16900000000070392	0.1412884729659104
0.1700000000007078	0.1412878341355659
0.17100000000071192	0.141287191649773
0.17200000000071625	0.14128654533863938
0.17300000000072036	0.14128589512331446
0.17400000000072446	0.14128524158444145
0.17500000000072857	0.1412845841914253
0.1760000000007329	0.14128392265646073
0.177000000000737	0.14128325752103987
0.17800000000074112	0.14128258858024245
0.17900000000074545	0.14128191597862938
0.18000000000074956	0.1412812395054407
0.18100000000075367	0.1412805593039972
0.18200000000075778	0.14127987533609787
0.1830000000007621	0.14127918771117942
0.18400000000076622	0.14127849627336286
0.18500000000077033	0.14127780106242416
0.18600000000077466	0.14127710202174204
0.18700000000077877	0.14127639942965997
0.18800000000078287	0.14127569293817566
0.18900000000078698	0.1412749825621974
0.1900000000007913	0.14127426859035352
0.19100000000079542	0.14127355075873038
0.19200000000079953	0.14127282926157603
0.19300000000080386	0.14127210391679723
0.19400000000080797	0.14127137478094864
0.19500000000081208	0.14127064201898942
0.1960000000008162	0.1412699055346649
0.19700000000082052	0.1412691651710788
0.19800000000082463	0.14126842102322967
0.19900000000082874	0.14126767320138478
0.20000000000083307	0.14126692154377973
0.20100000000083695	0.1412661661927227
0.20200000000084106	0.14126540700260015
0.20300000000084517	0.14126464422216412
0.2040000000008495	0.14126387755098924
0.2050000000008536	0.1412631070982323
0.20600000000085772	0.1412623329596373
0.20700000000086205	0.14126155499890913
0.20800000000086616	0.1412607733341099
0.20900000000087027	0.14125998786467187
0.21000000000087438	0.14125919871664383
0.2110000000008787	0.14125840575013926
0.21200000000088282	0.14125760900988515
0.21300000000088692	0.14125680854822387
0.21400000000089126	0.14125600429234875
0.21500000000089536	0.14125519630560468
0.21600000000089947	0.1412543845278338
0.21700000000090358	0.14125356904528974
0.2180000000009079	0.14125274976260493
0.21900000000091202	0.14125192672378994
0.22000000000091613	0.1412510999462696
0.22100000000092046	0.14125026940904084
0.22200000000092457	0.14124943510196752
0.22300000000092868	0.14124859706895132
0.2240000000009328	0.14124775524391997
0.22500000000093712	0.1412469097212402
0.22600000000094123	0.14124606039019638
0.22700000000094533	0.14124520726865564
0.22800000000094967	0.14124435044970696
0.22900000000095377	0.1412434898744207
0.23000000000095788	0.1412426255414232
0.23100000000096177	0.14124175744331846
0.2320000000009661	0.14124088558309178
0.2330000000009702	0.14124000992922714
0.23400000000097432	0.14123913056141457
0.23500000000097865	0.14123824765743964
0.23600000000098276	0.14123736080172522
0.23700000000098687	0.141236469869509
0.23800000000099097	0.14123557556215816
0.2390000000009953	0.14123467741011497
0.24000000000099941	0.14123377568465378
0.24100000000100352	0.14123287030874554
0.24200000000100785	0.1412319606184358
0.24300000000101196	0.1412310475951467
0.24400000000101607	0.14123013079527358
0.24500000000102018	0.14122920995737243
0.2460000000010245	0.14122828549551147
0.24700000000102862	0.14122735745399284
0.24800000000103273	0.14122642554024045
0.24900000000103706	0.1412254898734221
0.25000000000104117	0.14122455045304816
0.2510000000010453	0.14122360729438643
0.2520000000010494	0.1412226602936868
0.2530000000010537	0.14122170959525637
0.2540000000010578	0.14122075518650912
0.25500000000106193	0.14121979705103327
0.25600000000106626	0.1412188351416963
0.25700000000107037	0.14121786948269177
0.2580000000010745	0.14121689998218745
0.2590000000010786	0.1412159268975055
0.2600000000010829	0.14121494989861316
0.26100000000108703	0.1412139692256894
0.2620000000010909	0.1412129847591871
0.26300000000109525	0.14121199657345318
0.26400000000109936	0.14121100463776104
0.26500000000110346	0.14121000892429147
0.2660000000011076	0.1412090095316959
0.2670000000011119	0.14120800649495124
0.268000000001116	0.14120699947435966
0.2690000000011201	0.1412059885652691
0.27000000000112445	0.1412049741138286
0.27100000000112856	0.14120395617648818
0.27200000000113267	0.14120293459238364
0.2730000000011368	0.14120190880887729
0.2740000000011411	0.14120087907188383
0.2750000000011452	0.1411998461123417
0.2760000000011493	0.1411988092094899
0.27700000000115366	0.14119776827547925
0.27800000000115777	0.141196724082147
0.2790000000011619	0.14119567599019622
0.280000000001166	0.14119462386095738
0.2810000000011703	0.141193568188551
0.2820000000011744	0.14119250895200142
0.28300000000117853	0.14119144557094077
0.28400000000118286	0.14119037865479056
0.28500000000118697	0.1411893081499399
0.2860000000011911	0.14118823376888234
0.2870000000011952	0.14118715565620366
0.2880000000011995	0.14118607369703828
0.2890000000012036	0.14118498806984758
0.29000000000120774	0.14118389874923132
0.29100000000121207	0.14118280558889373
0.2920000000012162	0.14118170870337454
0.29300000000122006	0.14118060812642763
0.29400000000122417	0.1411795037632413
0.2950000000012285	0.14117839562346224
0.2960000000012326	0.14117728380451133
0.2970000000012367	0.141176168200576
0.29800000000124083	0.1411750488400766
0.29900000000124516	0.14117392577356958
0.30000000000124927	0.14117279895482415
0.3010000000012534	0.14117166838944262
0.3020000000012577	0.14117053407713565
0.3030000000012618	0.14116939599683453
0.3040000000012659	0.14116825422073043
0.30500000000127003	0.14116710868714955
0.30600000000127436	0.14116595938032517
0.3070000000012785	0.1411648063710721
0.3080000000012826	0.14116364960467787
0.3090000000012869	0.14116248906661144
0.310000000001291	0.14116132483960975
0.31100000000129513	0.14116015685608407
0.31200000000129924	0.14115898511744684
0.31300000000130357	0.14115780960484603
0.3140000000013077	0.14115663037623782
0.3150000000013118	0.14115544743851227
0.3160000000013161	0.14115426073913617
0.3170000000013202	0.14115307032224866
0.31800000000132433	0.14115187613526503
0.31900000000132844	0.14115067815229487
0.3200000000013328	0.1411494765638468
0.3210000000013369	0.14114827116189543
0.322000000001341	0.14114706192686888
0.3230000000013453	0.1411458491209059
0.3240000000013492	0.14114463253638954
0.3250000000013533	0.1411434120446956
0.3260000000013574	0.14114218804720247
0.32700000000136176	0.1411409602903987
0.32800000000136587	0.141139728568054
0.32900000000137	0.1411384931448828
0.3300000000013743	0.1411372543163284
0.3310000000013784	0.14113601139217524
0.3320000000013825	0.14113476475455644
0.33300000000138663	0.1411335147317455
0.33400000000139096	0.141132260617017
0.33500000000139507	0.1411310028888455
0.3360000000013992	0.1411297414716447
0.3370000000014035	0.14112847602457657
0.3380000000014076	0.14112720718279514
0.3390000000014117	0.1411259345948821
0.34000000000141584	0.14112465810145314
0.34100000000142017	0.14112337790446505
0.3420000000014243	0.14112209393234787
0.3430000000014284	0.14112080640879987
0.3440000000014327	0.14111951499384912
0.3450000000014368	0.14111821981715478
0.34600000000144093	0.1411169210690444
0.34700000000144504	0.1411156183839417
0.34800000000144937	0.1411143121810119
0.3490000000014535	0.1411130021086986
0.3500000000014576	0.141111688286379
0.3510000000014619	0.14111037085921851
0.35200000000146603	0.1411090495811378
0.35300000000147014	0.14110772459041032
0.35400000000147425	0.14110639589862994
0.35500000000147836	0.14110506345736817
0.35600000000148246	0.14110372728809262
0.3570000000014866	0.14110238738377556
0.3580000000014909	0.14110104374483656
0.359000000001495	0.14109969635663144
0.3600000000014991	0.14109834524086107
0.36100000000150323	0.14109699039324353
0.36200000000150756	0.1410956318522525
0.36300000000151167	0.14109426956647464
0.3640000000015158	0.14109290349755454
0.3650000000015201	0.1410915337368135
0.3660000000015242	0.14109016028303634
0.3670000000015283	0.14108878306445471
0.36800000000153243	0.14108740212818693
0.36900000000153677	0.14108601747265703
0.3700000000015409	0.14108462905498254
0.371000000001545	0.14108323693965863
0.3720000000015493	0.14108184100180743
0.3730000000015534	0.14108044155503363
0.37400000000155753	0.1410790381301974
0.37500000000156164	0.14107763108320204
0.37600000000156597	0.1410762200859469
0.3770000000015701	0.14107480579277643
0.3780000000015742	0.1410733874790755
0.3790000000015785	0.14107196552948686
0.3800000000015826	0.14107053986774543
0.38100000000158674	0.14106911046802295
0.38200000000159084	0.14106767744565785
0.3830000000015952	0.14106624028928516
0.3840000000015993	0.14106480000237687
0.3850000000016034	0.14106335551203864
0.3860000000016075	0.14106190745020275
0.3870000000016116	0.14106045561885283
0.3880000000016157	0.14105900005214234
0.38900000000161983	0.14105754084798883
0.39000000000162416	0.14105607789942898
0.39100000000162827	0.1410546113341472
0.3920000000016324	0.14105314087423892
0.3930000000016367	0.14105166668535452
0.3940000000016408	0.141050188762611
0.3950000000016449	0.14104870731610597
0.39600000000164903	0.1410472222287683
0.39700000000165336	0.1410457331196593
0.3980000000016575	0.14104424027103335
0.3990000000016616	0.1410427437749675
0.4000000000016659	0.14104124350072245
0.40100000000167	0.14103973961087612
0.40200000000167413	0.14103823199163923
0.40300000000167824	0.14103672062871053
0.40400000000168257	0.1410352055327605
0.4050000000016867	0.1410336867446056
0.4060000000016908	0.1410321643083574
0.4070000000016951	0.14103063813002714
0.4080000000016992	0.14102910824345716
0.40900000000170333	0.14102757446454395
0.41000000000170744	0.14102603704218197
0.4110000000017118	0.14102449610838574
0.4120000000017159	0.14102295065381187
0.41300000000172	0.14102140267984742
0.4140000000017243	0.14101985039343246
0.41500000000172843	0.14101829381382003
0.41600000000173254	0.1410167346586111
0.4170000000017364	0.1410151710994425
0.41800000000174076	0.14101360391887574
0.41900000000174487	0.14101203304368348
0.420000000001749	0.14101045845601057
0.4210000000017533	0.14100888015202617
0.4220000000017574	0.1410072981317131
0.4230000000017615	0.1410057123974111
0.42400000000176563	0.14100412296821196
0.42500000000176996	0.14100252992222895
0.42600000000177407	0.14100093247302659
0.4270000000017782	0.14099933244268104
0.4280000000017825	0.14099772799909482
0.4290000000017866	0.14099611992477146
0.4300000000017907	0.1409945081726256
0.43100000000179484	0.14099289271418924
0.43200000000179917	0.14099127367172204
0.4330000000018033	0.1409896502405228
0.4340000000018074	0.14098802420575995
0.4350000000018115	0.14098639376526068
0.4360000000018158	0.1409847596917806
0.43700000000181993	0.14098312196340435
0.43800000000182404	0.1409814804413858
0.43900000000182837	0.1409798354043762
0.4400000000018325	0.14097818603218215
0.4410000000018366	0.14097653400803267
0.4420000000018407	0.1409748775777191
0.44300000000184503	0.14097321748134783
0.44400000000184914	0.1409715537574906
0.44500000000185325	0.14096988634740915
0.4460000000018576	0.14096821513616742
0.4470000000018617	0.1409665402887984
0.4480000000018656	0.14096486173975142
0.4490000000018697	0.14096317942520054
0.450000000001874	0.14096149346526587
0.4510000000018781	0.14095980378126316
0.45200000000188223	0.14095811032732242
0.45300000000188656	0.1409564132652924
0.45400000000189067	0.14095471245031732
0.4550000000018948	0.14095300799950272
0.4560000000018989	0.140951299883173
0.4570000000019032	0.14094958758170306
0.4580000000019073	0.140947872186872
0.45900000000191143	0.14094615267700528
0.46000000000191577	0.14094442964638765
0.4610000000019199	0.14094270285385258
0.462000000001924	0.1409409723734817
0.4630000000019281	0.14093923818512566
0.4640000000019324	0.14093750029912466
0.46500000000193653	0.14093575867428376
0.46600000000194064	0.14093401333886346
0.46700000000194497	0.14093226432952188
0.4680000000019491	0.14093051160879577
0.4690000000019532	0.14092875518827508
0.4700000000019573	0.14092699506382755
0.4710000000019616	0.14092523123610667
0.47200000000196574	0.14092346370431463
0.47300000000196984	0.14092169246810804
0.4740000000019742	0.14091991752979127
0.4750000000019783	0.14091813889077764
0.4760000000019824	0.14091635654908752
0.4770000000019865	0.14091457049167244
0.47800000000199083	0.14091278074778946
0.4790000000019947	0.14091098736245056
0.48000000000199883	0.14090919025590598
0.48100000000200316	0.14090738944046755
0.48200000000200727	0.14090558487550342
0.4830000000020114	0.14090377664905018
0.4840000000020155	0.1409019647312847
0.4850000000020198	0.14090014921230953
0.4860000000020239	0.1408983292175915
0.48700000000202803	0.1408965067725494
0.48800000000203236	0.14089467989881455
0.4890000000020365	0.1408928494258408
0.4900000000020406	0.14089101527826775
0.4910000000020447	0.14088917745449703
0.492000000002049	0.1408873360313304
0.49300000000205313	0.1408854901908836
0.49400000000205724	0.14088364185029234
0.49500000000206157	0.14088178909290128
0.4960000000020657	0.14087993274254385
0.4970000000020698	0.14087807272312214
0.4980000000020739	0.1408762090196437
0.4990000000020782	0.1408743416018583
0.5000000000020823	0.1408724705470653
0.5010000000020864	0.1408705957368458
0.5020000000020908	0.14086871720856242
0.5030000000020949	0.1408668350313791
0.504000000002099	0.14086494915346348
0.5050000000021031	0.14086305958078105
0.5060000000021074	0.140861166314744
0.5070000000021115	0.14085926935563675
0.5080000000021156	0.14085736870401866
0.50900000000212	0.14085546436007945
0.5100000000021239	0.14085355632323826
0.511000000002128	0.14085164459153499
0.5120000000021321	0.14084972916068927
0.5130000000021364	0.1408478100134919
0.5140000000021405	0.1408458872231586
0.5150000000021446	0.1408439608091958
0.516000000002149	0.14084203065763834
0.5170000000021531	0.14084009674329712
0.5180000000021572	0.14083815916241071
0.5190000000021613	0.14083621794748424
0.5200000000021656	0.14083427300032547
0.5210000000021697	0.14083232445753835
0.5220000000021738	0.1408303721115205
0.5230000000021782	0.14082841604229557
0.5240000000021823	0.14082645639487534
0.5250000000021864	0.1408244929910496
0.5260000000021905	0.14082252592575273
0.5270000000021948	0.14082055517345315
0.5280000000021989	0.14081858073280407
0.529000000002203	0.14081660260797957
0.5300000000022074	0.140814620795778
0.5310000000022115	0.14081263529331822
0.5320000000022156	0.1408106460987264
0.5330000000022197	0.14080865326308956
0.534000000002224	0.14080665677678517
0.5350000000022281	0.14080465628686822
0.5360000000022322	0.14080265256127222
0.5370000000022366	0.14080064489305721
0.5380000000022407	0.14079863370122658
0.5390000000022448	0.1407966188053189
0.5400000000022487	0.1407946000698297
0.541000000002253	0.14079257767673448
0.5420000000022571	0.14079055170101962
0.5430000000022612	0.14078852196013392
0.5440000000022656	0.14078648862432075
0.5450000000022697	0.14078445152808594
0.5460000000022738	0.14078241082922838
0.5470000000022779	0.14078036637404734
0.5480000000022822	0.14077831827872755
0.5490000000022863	0.14077626652413877
0.5500000000022904	0.14077421105428956
0.5510000000022948	0.1407721519295383
0.5520000000022989	0.1407700891406345
0.553000000002303	0.14076802266765398
0.5540000000023071	0.14076595250895152
0.5550000000023114	0.14076387866965268
0.5560000000023155	0.14076180115342773
0.5570000000023196	0.14075971996180336
0.558000000002324	0.14075763509307104
0.5590000000023281	0.14075554654613898
0.5600000000023322	0.14075345432051967
0.5610000000023363	0.14075135841582465
0.5620000000023406	0.1407492588334872
0.5630000000023447	0.14074715557706263
0.5640000000023488	0.1407450486501619
0.5650000000023532	0.14074293804869253
0.5660000000023573	0.14074082377161135
0.5670000000023614	0.14073870582315307
0.5680000000023655	0.14073658420247892
0.5690000000023698	0.14073445890758152
0.5700000000023739	0.14073232993893825
0.5710000000023778	0.1407301972968431
0.5720000000023819	0.14072806098459667
0.5730000000023863	0.14072592100558012
0.5740000000023904	0.14072377735744057
0.5750000000023945	0.14072163003886085
0.5760000000023988	0.14071947904609194
0.5770000000024029	0.1407173243698978
0.578000000002407	0.14071516601167622
0.5790000000024111	0.14071300403319265
0.5800000000024155	0.14071083838147924
0.5810000000024196	0.14070866904751722
0.5820000000024237	0.14070649609037467
0.583000000002428	0.14070431953659734
0.5840000000024321	0.14070213912359475
0.5850000000024362	0.1406999550681688
0.5860000000024403	0.14069776741550144
0.5870000000024447	0.14069557605520033
0.5880000000024488	0.1406933810655796
0.5890000000024529	0.14069118240996137
0.5900000000024572	0.1406889800773612
0.5910000000024613	0.14068677408570407
0.5920000000024654	0.14068456442594635
0.5930000000024696	0.14068235109882943
0.5940000000024739	0.14068013411007085
0.595000000002478	0.14067791344746472
0.5960000000024821	0.14067568912620554
0.5970000000024864	0.1406734611335031
0.5980000000024905	0.14067122949353195
0.5990000000024946	0.14066899419582746
0.6000000000024988	0.14066675531460882
0.6010000000025031	0.14066451257901047
0.602000000002507	0.14066226623733402
0.6030000000025111	0.14066001632339342
0.6040000000025154	0.14065776267580588
0.6050000000025195	0.14065550543494232
0.6060000000025236	0.1406532444747376
0.6070000000025277	0.14065097991411446
0.6080000000025321	0.14064871163991566
0.6090000000025362	0.1406464397445658
0.6100000000025403	0.1406441641560009
0.6110000000025446	0.14064188494711893
0.6120000000025487	0.14063960209189674
0.6130000000025528	0.14063731556804993
0.614000000002557	0.14063502537804773
0.6150000000025613	0.1406327315299345
0.6160000000025654	0.1406304340256872
0.6170000000025695	0.140628132866363
0.6180000000025738	0.14062582805256885
0.6190000000025779	0.14062351958523733
0.620000000002582	0.14062120746504259
0.6210000000025861	0.1406188916922988
0.6220000000025905	0.14061657226557722
0.6230000000025946	0.14061424918513699
0.6240000000025987	0.140611922450667
0.625000000002603	0.14060959205544088
0.6260000000026071	0.14060725800005625
0.6270000000026112	0.14060492032812544
0.6280000000026154	0.14060257897985406
0.6290000000026197	0.14060023400088806
0.6300000000026238	0.14059788533432815
0.6310000000026279	0.14059553305634498
0.6320000000026322	0.14059317709828467
0.6330000000026361	0.14059081750176516
0.6340000000026402	0.14058845425336686
0.6350000000026443	0.14058608736437472
0.6360000000026487	0.14058371682140158
0.6370000000026528	0.14058134264028155
0.6380000000026569	0.14057896480367504
0.6390000000026612	0.14057658333226264
0.6400000000026653	0.1405741982273927
0.6410000000026694	0.1405718095323546
0.6420000000026735	0.14056941718104587
0.6430000000026779	0.1405670208830051
0.644000000002682	0.14056462128282043
0.6450000000026861	0.1405622180370203
0.6460000000026904	0.14055981095585945
0.6470000000026945	0.14055740029649022
0.6480000000026986	0.14055498602508076
0.6490000000027027	0.1405525681167965
0.6500000000027071	0.1405501466602752
0.6510000000027112	0.14054772135514593
0.6520000000027153	0.1405452924470756
0.6530000000027196	0.14054285999553162
0.6540000000027237	0.14054042382802034
0.6550000000027278	0.14053798409023943
0.656000000002732	0.1405355406449018
0.6570000000027363	0.14053309362005062
0.6580000000027404	0.14053064289543304
0.6590000000027445	0.14052818858429528
0.6600000000027488	0.14052573058276197
0.6610000000027529	0.1405232689871473
0.662000000002757	0.14052080371020226
0.6630000000027612	0.14051833482702458
0.6640000000027653	0.14051586226472168
0.6650000000027694	0.14051338613810704
0.6660000000027735	0.1405109063191623
0.6670000000027778	0.14050842287294196
0.6680000000027819	0.14050593580777082
0.669000000002786	0.1405034450921614
0.6700000000027901	0.1405009507524655
0.6710000000027945	0.1404984527747567
0.6720000000027986	0.14049595116945046
0.6730000000028027	0.14049344591724833
0.674000000002807	0.14049093703956195
0.6750000000028111	0.140488424536384
0.6760000000028152	0.14048590839458264
0.6770000000028193	0.14048338862715704
0.6780000000028237	0.14048086522007508
0.6790000000028278	0.14047833820178857
0.6800000000028319	0.140475807569877
0.6810000000028362	0.14047327321853142
0.6820000000028403	0.14047073536029586
0.6830000000028444	0.14046819376178266
0.6840000000028486	0.140465648628591
0.6850000000028529	0.1404630997805476
0.686000000002857	0.1404605473982684
0.6870000000028611	0.14045799127426384
0.6880000000028654	0.14045543165457075
0.6890000000028695	0.14045286830030002
0.6900000000028736	0.1404503014109305
0.6910000000028778	0.14044773080187
0.6920000000028821	0.1404451566776571
0.6930000000028862	0.14044257884185873
0.6940000000028901	0.1404399973466336
0.6950000000028944	0.14043741226624673
0.6960000000028985	0.1404348236054952
0.6970000000029026	0.14043223128789195
0.6980000000029067	0.14042963528389008
0.6990000000029111	0.14042703567006298
0.7000000000029152	0.1404244325140831
0.7010000000029193	0.1404218256455182
0.7020000000029236	0.14041921524988155
0.7030000000029277	0.14041660115359178
0.7040000000029318	0.1404139834916116
0.705000000002936	0.1404113621917602
0.7060000000029403	0.1404087372692855
0.7070000000029444	0.14040610872678794
0.7080000000029485	0.14040347656980967
0.7090000000029526	0.14040084079501092
0.7100000000029569	0.1403982014123868
0.711000000002961	0.14039555840779994
0.7120000000029651	0.1403929117890257
0.7130000000029695	0.14039026156055046
0.7140000000029736	0.14038760769963954
0.7150000000029777	0.14038495023069508
0.7160000000029818	0.14038228914401385
0.7170000000029861	0.14037962446566565
0.7180000000029902	0.14037695613900947
0.7190000000029944	0.14037428426145282
0.7200000000029987	0.14037160863900966
0.7210000000030028	0.14036892953300129
0.7220000000030069	0.140366246799159
0.723000000003011	0.14036356033117192
0.7240000000030153	0.1403608703786221
0.7250000000030195	0.14035817676713203
0.7260000000030233	0.14035547956881822
0.7270000000030277	0.14035277883884034
0.7280000000030318	0.140350074299449
0.7290000000030359	0.1403473662446164
0.73000000000304	0.14034465457385203
0.7310000000030443	0.14034193929602157
0.7320000000030484	0.1403392205134818
0.7330000000030525	0.1403364979752607
0.7340000000030569	0.14033377182317364
0.735000000003061	0.14033104210494152
0.7360000000030651	0.14032830879689018
0.7370000000030692	0.1403255718733425
0.7380000000030735	0.140322831335712
0.7390000000030776	0.14032008720587308
0.7400000000030817	0.1403173394775291
0.7410000000030861	0.14031458817716214
0.7420000000030902	0.14031183325545948
0.7430000000030943	0.14030907471297083
0.7440000000030984	0.14030631256660941
0.7450000000031027	0.14030354682945012
0.7460000000031068	0.1403007774868057
0.747000000003111	0.14029800454096053
0.7480000000031153	0.14029522799132688
0.7490000000031194	0.14029244783290018
0.7500000000031235	0.14028966406209964
0.7510000000031276	0.14028687675196616
0.7520000000031319	0.1402840857783917
0.753000000003136	0.14028129121834
0.7540000000031402	0.14027849305136186
0.7550000000031445	0.14027569127085338
0.7560000000031484	0.14027288593878007
0.7570000000031525	0.14027007698106486
0.7580000000031566	0.14026726447864202
0.7590000000031609	0.1402644484610226
0.760000000003165	0.1402616286518047
0.7610000000031691	0.14025880527215084
0.7620000000031735	0.1402559783569156
0.7630000000031776	0.1402531478218314
0.7640000000031817	0.14025031382815656
0.7650000000031858	0.14024747585471042
0.7660000000031901	0.14024463472411663
0.7670000000031942	0.14024178979910717
0.7680000000031983	0.14023894139603488
0.7690000000032027	0.14023608939201715
0.7700000000032068	0.1402332336224401
0.7710000000032109	0.14023037428908025
0.772000000003215	0.14022751143218248
0.7730000000032193	0.1402246450010779
0.7740000000032234	0.14022177508196443
0.7750000000032276	0.14021890129688097
0.7760000000032319	0.14021602421187984
0.777000000003236	0.14021314336177704
0.7780000000032401	0.14021025898714667
0.7790000000032442	0.14020737102681058
0.7800000000032485	0.14020447947528347
0.7810000000032526	0.14020158433644636
0.7820000000032568	0.14019868562206583
0.7830000000032611	0.14019578330777305
0.7840000000032652	0.14019287738176922
0.7850000000032693	0.1401899679853853
0.7860000000032734	0.14018705489489303
0.7870000000032777	0.1401841382309703
0.7880000000032816	0.14018121813185813
0.7890000000032857	0.1401782937292081
0.7900000000032901	0.14017536689152865
0.7910000000032942	0.1401724357809525
0.7920000000032983	0.14016950135919626
0.7930000000033024	0.14016656310695974
0.7940000000033067	0.14016362118544046
0.7950000000033108	0.14016067607355331
0.796000000003315	0.1401577273216117
0.7970000000033193	0.14015477474615057
0.7980000000033234	0.14015181869380522
0.7990000000033275	0.14014885907171537
0.8000000000033316	0.1401458959014832
0.8010000000033359	0.1401429292604751
0.80200000000334	0.14013995878676144
0.8030000000033441	0.1401369847052919
0.8040000000033485	0.14013400713435442
0.8050000000033526	0.14013102613730333
0.8060000000033567	0.14012804177615557
0.8070000000033608	0.1401250533882472
0.8080000000033651	0.14012206158715967
0.8090000000033692	0.14011906627128745
0.8100000000033734	0.1401160672910159
0.8110000000033777	0.14011306487653996
0.8120000000033818	0.14011005878539173
0.8130000000033859	0.14010704922256156
0.81400000000339	0.14010403548887873
0.8150000000033943	0.14010101920149776
0.8160000000033985	0.14009799873531725
0.8170000000034026	0.14009497481082556
0.8180000000034067	0.1400919474271063
0.8190000000034108	0.14008891591991357
0.8200000000034149	0.14008588178465964
0.821000000003419	0.14008284337217114
0.8220000000034233	0.1400798015657292
0.8230000000034274	0.14007675616130644
0.8240000000034315	0.14007370718777956
0.8250000000034359	0.1400706549971802
0.82600000000344	0.14006759883549047
0.8270000000034441	0.14006453919089512
0.8280000000034482	0.1400614760578195
0.8290000000034525	0.1400584093540147
0.8300000000034566	0.1400553390546877
0.8310000000034607	0.1400522652113162
0.8320000000034651	0.1400491878082999
0.8330000000034692	0.14004610684232932
0.8340000000034733	0.1400430222980713
0.8350000000034774	0.14003993422504268
0.8360000000034817	0.1400368425801547
0.8370000000034858	0.1400337473611729
0.83800000000349	0.1400306486025895
0.8390000000034943	0.14002754628061864
0.8400000000034984	0.1400244403924189
0.8410000000035025	0.1400213309338909
0.8420000000035066	0.14001821793882396
0.8430000000035109	0.140015101387854
0.844000000003515	0.14001198127914072
0.8450000000035192	0.1400088576208981
0.8460000000035233	0.14000573042756748
0.8470000000035276	0.1400025996245603
0.8480000000035317	0.13999946532083285
0.8490000000035356	0.13999632749326985
0.8500000000035399	0.13999318592564802
0.851000000003544	0.13999004105097734
0.8520000000035481	0.13998689253593943
0.8530000000035523	0.13998374052135976
0.8540000000035566	0.1399805848834088
0.8550000000035607	0.13997742565041627
0.8560000000035648	0.13997426283394665
0.8570000000035691	0.1399710965048654
0.8580000000035732	0.13996792672947733
0.8590000000035773	0.13996475332593394
0.8600000000035815	0.13996157638970852
0.8610000000035858	0.13995839591623727
0.8620000000035899	0.13995521188112192
0.863000000003594	0.13995202424409992
0.8640000000035983	0.13994883317873485
0.8650000000036024	0.13994563868375287
0.8660000000036066	0.1399424404134636
0.8670000000036107	0.13993923852945
0.868000000003615	0.13993603341173577
0.8690000000036191	0.13993282451555833
0.8700000000036232	0.13992961216228617
0.8710000000036275	0.1399263963140983
0.8720000000036316	0.13992317674681176
0.8730000000036358	0.13991995363236032
0.8740000000036399	0.13991672723018667
0.8750000000036442	0.13991349715416468
0.8760000000036483	0.13991026356285297
0.8770000000036524	0.13990702620765072
0.8780000000036567	0.13990378552013094
0.8790000000036609	0.13990054133160013
0.8800000000036647	0.13989729360540082
0.8810000000036688	0.13989404219863288
0.8820000000036732	0.13989078741970884
0.8830000000036773	0.13988752900862667
0.8840000000036814	0.13988426710000312
0.8850000000036857	0.13988100163553596
0.8860000000036898	0.13987773266970627
0.887000000003694	0.13987446019625727
0.888000000003698	0.13987118412338106
0.8890000000037024	0.13986790452862996
0.8900000000037065	0.13986462141554157
0.8910000000037106	0.1398613347920168
0.8920000000037149	0.13985804459565665
0.893000000003719	0.1398547508879514
0.8940000000037231	0.139851453694391
0.8950000000037273	0.13984815290050967
0.8960000000037316	0.1398448487234566
0.8970000000037357	0.13984154093328605
0.8980000000037398	0.13983822936007384
0.8990000000037441	0.1398349145764799
0.9000000000037482	0.13983159625710273
0.9010000000037524	0.13982827424748678
0.9020000000037565	0.13982494877163032
0.9030000000037608	0.13982161984616293
0.9040000000037649	0.13981828718128775
0.905000000003769	0.13981495115285436
0.9060000000037733	0.1398116116497149
0.9070000000037775	0.1398082686150991
0.9080000000037816	0.13980492200580996
0.9090000000037857	0.13980157183320618
0.91000000000379	0.13979821818907845
0.9110000000037939	0.1397948610587284
0.912000000003798	0.1397915004209146
0.9130000000038023	0.1397881361546387
0.9140000000038064	0.13978476849200017
0.9150000000038105	0.13978139723417482
0.9160000000038147	0.13977802249001348
0.917000000003819	0.13977464425502495
0.9180000000038231	0.13977126243405846
0.9190000000038272	0.13976787710713756
0.9200000000038315	0.13976448832971122
0.9210000000038356	0.13976109586056562
0.9220000000038397	0.13975770016140354
0.9230000000038439	0.1397543006584152
0.9240000000038482	0.1397508977798838
0.9250000000038523	0.1397474914023995
0.9260000000038564	0.13974408156267248
0.9270000000038607	0.1397406681153207
0.9280000000038648	0.13973725129804793
0.929000000003869	0.1397338307467325
0.9300000000038731	0.13973040683203863
0.9310000000038774	0.13972697938167478
0.9320000000038815	0.1397235484062901
0.9330000000038856	0.13972011390291061
0.9340000000038899	0.13971667589945613
0.935000000003894	0.1397132342937759
0.9360000000038982	0.13970978943653722
0.9370000000039023	0.13970634095850143
0.9380000000039066	0.13970288892867755
0.9390000000039107	0.13969943337926738
0.9400000000039148	0.13969597436327486
0.9410000000039191	0.13969251174642172
0.942000000003923	0.13968904583052966
0.9430000000039271	0.13968557622322664
0.9440000000039312	0.1396821032097536
0.9450000000039356	0.13967862662105957
0.9460000000039397	0.1396751465921554
0.9470000000039438	0.13967166305979406
0.9480000000039481	0.13966817613153215
0.9490000000039522	0.13966468499468443
0.9500000000039563	0.13966119156866574
0.9510000000039605	0.13965769389487415
0.9520000000039648	0.13965419279000768
0.9530000000039689	0.13965068822716298
0.954000000003973	0.13964718037616664
0.9550000000039773	0.13964366879348777
0.9560000000039814	0.1396401535775902
0.9570000000039856	0.1396366353140579
0.9580000000039897	0.13963311288588676
0.959000000003994	0.13962958785411927
0.9600000000039981	0.1396260583409632
0.9610000000040022	0.1396225262521531
0.9620000000040065	0.1396189902213698
0.9630000000040106	0.13961545075709658
0.9640000000040148	0.1396119075182891
0.9650000000040189	0.13960836135929489
0.9660000000040232	0.13960481123730262
0.9670000000040273	0.13960125793432898
0.9680000000040314	0.13959770110144554
0.9690000000040357	0.13959414005830673
0.9700000000040399	0.13959057669352182
0.9710000000040437	0.13958700917029354
0.9720000000040478	0.1395834383141067
0.9730000000040522	0.13957986406439193
0.9740000000040563	0.1395762856348809
0.9750000000040604	0.13957270485261342
0.9760000000040647	0.139569119923875
0.9770000000040688	0.13956553161609153
0.978000000004073	0.13956193994450916
0.979000000004077	0.13955834408943069
0.9800000000040812	0.13955474593091743
0.9810000000040855	0.1395511435654211
0.9820000000040896	0.1395475378275779
0.9830000000040937	0.1395439286329374
0.984000000004098	0.1395403161031128
0.9850000000041004	0.13953669989532824
0.9860000000041018	0.13953308015115884
0.987000000004103	0.13952945724013355
0.9880000000041045	0.13952583053562728
0.9890000000041059	0.13952219994400972
0.9900000000041072	0.1395185670962834
0.9910000000041086	0.13951492957405753
0.99200000000411	0.1395112894817655
0.9930000000041115	0.13950764523866155
0.9940000000041127	0.13950399791608648
0.9950000000041141	0.13950034710967174
0.9960000000041156	0.13949669247426566
0.997000000004117	0.1394930346396046
0.9980000000041185	0.13948937345362622
0.9990000000041197	0.13948570858409925
1.0000000000041211	0.13948204034678735
1.001000000004117	0.13947836861350582
1.002000000004113	0.1394746932900941
1.0030000000041086	0.13947101467916667
1.0040000000041045	0.1394673324664547
1.0050000000041002	0.13946364677214895
1.006000000004096	0.1394599577862029
1.007000000004092	0.13945626520786958
1.0080000000040878	0.13945256917685844
1.0090000000040837	0.13944886966404224
1.0100000000040794	0.13944516674161933
1.0110000000040753	0.13944146034273042
1.012000000004071	0.13943775046975748
1.0130000000040669	0.13943403712353475
1.0140000000040628	0.1394303203433489
1.0150000000040587	0.1394266000775255
1.0160000000040534	0.13942287634567307
1.0170000000040464	0.1394191491350879
1.0180000000040397	0.13941541849963202
1.0190000000040325	0.13941168437039697
1.0200000000040257	0.13940794685453484
1.021000000004019	0.1394042059536308
1.0220000000040117	0.1394004613875094
1.023000000004005	0.13939671327950798
1.0240000000039977	0.139392962131611
1.025000000003991	0.1393892072189059
1.026000000003984	0.13938544890150562
1.027000000003977	0.139381687132346
1.0280000000039702	0.13937792192774023
1.0290000000039632	0.13937415338801817
1.0300000000039562	0.13937038112945466
1.0310000000039494	0.1393666054464744
1.0320000000039424	0.13936282652956433
1.0330000000039354	0.13935904403164512
1.0340000000039287	0.13935525813160787
1.0350000000039217	0.1393514687715316
1.0360000000039147	0.13934767597777165
1.0370000000039077	0.1393438796509725
1.0380000000039007	0.1393400799712009
1.039000000003894	0.1393362768070433
1.0400000000038867	0.13933247015820527
1.04100000000388	0.13932866016223566
1.0420000000038732	0.13932484663257916
1.043000000003866	0.1393210296570826
1.0440000000038592	0.13931720926280033
1.0450000000038522	0.1393133854489892
1.0460000000038452	0.13930955817278567
1.0470000000038384	0.13930572743381453
1.0480000000038314	0.13930189334803167
1.0490000000038244	0.13929805572473986
1.0500000000038174	0.13929421480769122
1.0510000000038104	0.1392903702298438
1.0520000000038037	0.13928652230618455
1.0530000000037967	0.139282670947509
1.0540000000037897	0.13927881616501003
1.055000000003783	0.13927495801364864
1.056000000003776	0.13927109604732335
1.057000000003769	0.13926723114863282
1.0580000000037622	0.13926336265435668
1.059000000003755	0.1392594905048269
1.0600000000037482	0.13925561516651086
1.0610000000037412	0.13925173633694432
1.0620000000037342	0.13924785407632756
1.0630000000037274	0.13924396848200904
1.0640000000037202	0.13924007875759004
1.0650000000037134	0.13923618679192262
1.0660000000037064	0.13923229078833255
1.0670000000036994	0.1392283907684222
1.0680000000036927	0.13922448848088198
1.0690000000036857	0.1392205820737521
1.0700000000036787	0.13921667232345036
1.071000000003672	0.1392127591750928
1.072000000003665	0.13920884247968912
1.073000000003658	0.13920492246400584
1.0740000000036511	0.13920099927555574
1.075000000003644	0.13919707233124945
1.0760000000036372	0.13919314190843424
1.0770000000036304	0.13918920849648364
1.0780000000036232	0.1391852712204259
1.0790000000036164	0.13918133041709457
1.0800000000036092	0.13917738655303957
1.0810000000036024	0.13917343917902558
1.0820000000035954	0.13916948845464516
1.0830000000035884	0.13916553441365842
1.0840000000035817	0.13916157657095907
1.0850000000035747	0.13915761576145913
1.0860000000035677	0.1391536507409855
1.087000000003561	0.13914968313938147
1.088000000003554	0.13914571207457638
1.089000000003547	0.139141737267237
1.0900000000035401	0.13913775860384814
1.091000000003533	0.1391337775511906
1.0920000000035262	0.13912979256544267
1.0930000000035192	0.13912580373324268
1.0940000000035122	0.13912181237481147
1.0950000000035054	0.13911781716438176
1.0960000000034982	0.13911381816827117
1.0970000000034914	0.13910981638086817
1.0980000000034844	0.13910581087659557
1.0990000000034774	0.13910180187176557
1.1000000000034706	0.13909778985337584
1.1010000000034637	0.13909377403272183
1.1020000000034567	0.13908975495242426
1.1030000000034499	0.13908573244578104
1.104000000003443	0.13908170652383967
1.105000000003436	0.1390776772056621
1.106000000003429	0.13907364446893045
1.107000000003422	0.13906960837222104
1.1080000000034151	0.13906556884586807
1.1090000000034081	0.13906152592258492
1.1100000000034012	0.13905747959683634
1.1110000000033944	0.1390534298858097
1.1120000000033872	0.13904937676112672
1.1130000000033804	0.13904532025271
1.1140000000033736	0.13904126030481512
1.1150000000033664	0.13903719698186034
1.1160000000033596	0.13903313030741793
1.1170000000033526	0.13902906017674066
1.1180000000033457	0.13902498656646678
1.1190000000033387	0.13902090978253978
1.1200000000033317	0.1390168295662676
1.121000000003325	0.13901274584238643
1.122000000003318	0.1390086585440503
1.123000000003311	0.13900456809601414
1.1240000000033041	0.1390004741598605
1.1250000000032971	0.13899637684915433
1.1260000000032901	0.13899227615654186
1.1270000000032834	0.13898817207821956
1.1280000000032764	0.1389840645989442
1.1290000000032694	0.13897995373766836
1.1300000000032626	0.1389758395084777
1.1310000000032554	0.13897172188526474
1.1320000000032486	0.13896760086016113
1.1330000000032414	0.13896347645841112
1.1340000000032346	0.13895934869813187
1.1350000000032279	0.13895521749472972
1.1360000000032207	0.1389510829546744
1.1370000000032139	0.13894694502854932
1.138000000003207	0.13894280361317057
1.1390000000032	0.1389386589522602
1.1400000000031931	0.13893451099526
1.1410000000031861	0.13893035944252408
1.1420000000031791	0.13892620440532233
1.1430000000031724	0.13892204642899608
1.1440000000031654	0.13891788484281853
1.1450000000031584	0.1389137194713389
1.1460000000031516	0.13890955097129343
1.1470000000031444	0.1389053793072249
1.1480000000031376	0.13890120423285346
1.1490000000031304	0.1388970257102229
1.1500000000031236	0.13889284384818434
1.1510000000031169	0.1388886585596929
1.1520000000031096	0.13888446992985082
1.1530000000031029	0.13888027794165048
1.1540000000030959	0.13887608259269624
1.155000000003089	0.1388718837511297
1.1560000000030821	0.13886768174545128
1.1570000000030751	0.13886347616835037
1.1580000000030681	0.13885926727466247
1.1590000000030614	0.13885505501923268
1.1600000000030544	0.13885083938627452
1.1610000000030474	0.13884662052651386
1.1620000000030404	0.13884239802921716
1.1630000000030334	0.13883817227582274
1.1640000000030266	0.13883394316736009
1.1650000000030196	0.13882971066786698
1.1660000000030126	0.13882547486668595
1.1670000000030059	0.13882123568358806
1.1680000000029986	0.13881699308422268
1.1690000000029919	0.13881274719180758
1.1700000000029849	0.138808497917554
1.1710000000029779	0.1388042452735615
1.172000000002971	0.1387999892823869
1.1730000000029641	0.13879572987110755
1.1740000000029571	0.13879146713732615
1.1750000000029501	0.13878720085437146
1.1760000000029431	0.13878293171117706
1.1770000000029364	0.13877865877247597
1.1780000000029294	0.1387743826019694
1.1790000000029224	0.13877010306935322
1.1800000000029156	0.1387658201924028
1.1810000000029086	0.13876153396974777
1.1820000000029016	0.13875724444858206
1.1830000000028948	0.13875295150900135
1.1840000000028876	0.13874865521394497
1.1850000000028809	0.1387443555454979
1.186000000002874	0.13874005242052911
1.1870000000028669	0.1387357461361277
1.18800000000286	0.13873143639039842
1.1890000000028529	0.13872712333228687
1.1900000000028461	0.13872280691361438
1.1910000000028391	0.13871848716627577
1.1920000000028321	0.1387141640910079
1.1930000000028254	0.1387098376401794
1.1940000000028184	0.13870550781937852
1.1950000000028114	0.13870117469252796
1.1960000000028046	0.1386968382344943
1.1970000000027976	0.13869249836592468
1.1980000000027906	0.13868815520018385
1.1990000000027838	0.1386838087257961
1.2000000000027768	0.13867945881959354
1.2010000000027699	0.13867510561440688
1.2020000000027629	0.13867074923774902
1.2030000000027559	0.13866638924407015
1.204000000002749	0.13866202591610732
1.2050000000027419	0.13865765964379306
1.206000000002735	0.13865328949196698
1.2070000000027283	0.1386489161235558
1.2080000000027211	0.13864453959045353
1.2090000000027143	0.13864015968064003
1.2100000000027074	0.13863577649871317
1.2110000000027004	0.13863138987682389
1.2120000000026936	0.13862699999035355
1.2130000000026866	0.1386226067621873
1.2140000000026796	0.13861821023809962
1.2150000000026726	0.13861381038281606
1.2160000000026656	0.13860940688771373
1.2170000000026588	0.13860500041833457
1.2180000000026519	0.13860059059020102
1.2190000000026449	0.13859617735329777
1.220000000002638	0.13859176079025715
1.2210000000026309	0.13858734089028812
1.222000000002624	0.13858291764767805
1.2230000000026173	0.13857849102147135
1.2240000000026101	0.1385740611075592
1.2250000000026033	0.1385696279785138
1.2260000000025963	0.1385651914347199
1.2270000000025894	0.13856075158261638
1.2280000000025826	0.13855630843427824
1.2290000000025754	0.1385518619600996
1.2300000000025686	0.13854741214162458
1.2310000000025616	0.13854295897948754
1.2320000000025546	0.13853850252838362
1.2330000000025478	0.13853404278071602
1.2340000000025408	0.13852957963609658
1.2350000000025338	0.13852511326079964
1.236000000002527	0.1385206435585149
1.23700000000252	0.1385161703997082
1.238000000002513	0.13851169404561414
1.2390000000025063	0.13850721459072735
1.240000000002499	0.13850273165688298
1.2410000000024923	0.13849824503281638
1.2420000000024853	0.13849375522282092
1.2430000000024783	0.13848926244099125
1.2440000000024716	0.13848476623667683
1.2450000000024644	0.1384802666844619
1.2460000000024576	0.1384757638617785
1.2470000000024506	0.13847125776979352
1.2480000000024436	0.1384667482916232
1.2490000000024368	0.13846223543895997
1.2500000000024298	0.13845771931217088
1.2510000000024228	0.1384531998543519
1.252000000002416	0.1384486771542992
1.253000000002409	0.13844415115878062
1.254000000002402	0.13843962185225833
1.2550000000023953	0.13843508924648174
1.256000000002388	0.13843055327966813
1.2570000000023813	0.13842601408177124
1.2580000000023743	0.13842147157821283
1.2590000000023673	0.13841692566225894
1.2600000000023606	0.13841237658248584
1.2610000000023533	0.13840782416574915
1.2620000000023466	0.13840326835214123
1.2630000000023396	0.1383987093677186
1.2640000000023326	0.13839414704324493
1.2650000000023258	0.1383895815448819
1.2660000000023188	0.13838501253012425
1.2670000000023118	0.13838044029762897
1.268000000002305	0.1383758648406982
1.269000000002298	0.13837128587528513
1.270000000002291	0.13836670392085926
1.271000000002284	0.13836211859367686
1.272000000002277	0.13835752973912507
1.2730000000022703	0.1383529378325623
1.2740000000022633	0.13834834257985995
1.2750000000022563	0.13834374399933747
1.2760000000022496	0.13833914218600518
1.2770000000022423	0.13833453706047083
1.2780000000022356	0.13832992859444926
1.2790000000022288	0.13832531703228312
1.2800000000022216	0.13832070175544375
1.2810000000022148	0.13831608365801307
1.2820000000022078	0.13831146216949886
1.2830000000022008	0.13830683732407323
1.2840000000021938	0.13830220889345846
1.2850000000021868	0.1382975776446579
1.28600000000218	0.1382929429775399
1.287000000002173	0.13828830500737221
1.288000000002166	0.13828366376395818
1.2890000000021593	0.13827901925789998
1.2900000000021523	0.13827437144834165
1.2910000000021453	0.1382697203716179
1.2920000000021385	0.13826506598812116
1.2930000000021313	0.13826040839438625
1.2940000000021246	0.13825574746657332
1.2950000000021178	0.13825108340623626
1.2960000000021106	0.13824641587715014
1.2970000000021038	0.13824174510136922
1.2980000000020966	0.13823707116681927
1.2990000000020898	0.13823239371767504
1.3000000000020828	0.13822771328156525
1.3010000000020758	0.13822302955519294
1.302000000002069	0.13821834234877783
1.303000000002062	0.13821365162938726
1.304000000002055	0.13820895833653357
1.3050000000020483	0.13820426154929843
1.3060000000020413	0.13819956128345123
1.3070000000020343	0.13819485794023856
1.3080000000020275	0.13819015125149536
1.3090000000020205	0.13818544131042376
1.3100000000020136	0.138180728018516
1.3110000000020068	0.13817601152434156
1.3120000000019996	0.13817129174982812
1.3130000000019928	0.13816656872585964
1.3140000000019856	0.13816184247295493
1.3150000000019788	0.13815711297302846
1.316000000001972	0.138152380175951
1.3170000000019648	0.13814764410840819
1.318000000001958	0.13814290484520275
1.319000000001951	0.13813816231799603
1.320000000001944	0.1381334165288396
1.3210000000019373	0.13812866742531393
1.3220000000019303	0.13812391492799758
1.3230000000019233	0.13811915923236195
1.3240000000019165	0.13811440048673163
1.3250000000019095	0.13810963845555524
1.3260000000019025	0.1381048731481851
1.3270000000018956	0.1381001045672886
1.3280000000018886	0.13809533271805474
1.3290000000018818	0.13809055768423828
1.3300000000018748	0.13808577937178412
1.3310000000018678	0.13808099790484185
1.332000000001861	0.13807621299173423
1.3330000000018538	0.13807142488044843
1.334000000001847	0.1380666336832823
1.33500000000184	0.13806183897377988
1.336000000001833	0.13805704114058603
1.3370000000018263	0.13805224007986827
1.3380000000018193	0.13804743576830614
1.3390000000018123	0.13804262837692494
1.3400000000018053	0.1380378171175537
1.3410000000017983	0.13803300352515258
1.3420000000017915	0.13802818629478997
1.3430000000017845	0.1380233655512676
1.3440000000017776	0.13801854197738617
1.3450000000017708	0.138013714880597
1.3460000000017638	0.13800888457858673
1.3470000000017568	0.13800405114262215
1.34800000000175	0.13799921449350783
1.3490000000017428	0.13799437460047548
1.350000000001736	0.13798953148039883
1.3510000000017293	0.13798468512698392
1.352000000001722	0.13797983546149284
1.3530000000017153	0.13797498267237862
1.354000000001708	0.13797012660134933
1.3550000000017013	0.13796526743773874
1.3560000000016943	0.13796040482445537
1.3570000000016873	0.13795553904841862
1.3580000000016805	0.13795066995781202
1.3590000000016735	0.13794579753538327
1.3600000000016665	0.13794092218626786
1.3610000000016598	0.13793604359248346
1.3620000000016528	0.1379311617290917
1.3630000000016458	0.13792627660301826
1.364000000001639	0.13792138825163758
1.3650000000016318	0.1379164967487494
1.366000000001625	0.13791160198569152
1.367000000001618	0.13790670391430826
1.368000000001611	0.13790180271065
1.3690000000016043	0.13789689828130092
1.370000000001597	0.13789199055437895
1.3710000000015903	0.13788707972202907
1.3720000000015833	0.13788216562261568
1.3730000000015763	0.13787724844596616
1.3740000000015695	0.13787232782639147
1.3750000000015625	0.13786740406567422
1.3760000000015555	0.1378624772498349
1.3770000000015488	0.1378575467612415
1.3780000000015418	0.13785261333966115
1.3790000000015348	0.13784767681992305
1.3800000000015278	0.13784273705085082
1.3810000000015208	0.13783779403558727
1.382000000001514	0.137832847890491
1.383000000001507	0.1378278985889112
1.3840000000015	0.13782294587249333
1.3850000000014933	0.1378179900123111
1.386000000001486	0.13781303100626163
1.3870000000014793	0.13780806859874983
1.3880000000014725	0.13780310328185608
1.3890000000014653	0.1377981346557987
1.3900000000014585	0.13779316250559392
1.3910000000014515	0.13778818742868015
1.3920000000014445	0.1377832092340472
1.3930000000014378	0.13777822783864613
1.3940000000014305	0.13777324317869766
1.3950000000014238	0.1377682554460431
1.3960000000014168	0.137763264304414
1.3970000000014098	0.1377582700301363
1.398000000001403	0.1377532726998726
1.399000000001396	0.13774827193013495
1.400000000001389	0.13774326821360316
1.4010000000013823	0.13773826063961137
1.4020000000013753	0.13773325083168075
1.4030000000013683	0.13772823725301409
1.4040000000013615	0.13772322079985633
1.4050000000013543	0.13771820093173792
1.4060000000013475	0.13771317780023706
1.4070000000013405	0.1377081516212657
1.4080000000013335	0.13770312232890225
1.4090000000013267	0.13769808977154907
1.4100000000013195	0.13769305415749755
1.4110000000013128	0.1376880151505233
1.4120000000013058	0.1376829730077106
1.4130000000012988	0.13767792761365616
1.414000000001292	0.13767287899348402
1.415000000001285	0.1376678274086588
1.416000000001278	0.13766277256475623
1.4170000000012712	0.13765771447624764
1.4180000000012642	0.13765265332766385
1.4190000000012573	0.13764758893824136
1.4200000000012505	0.13764252150572742
1.4210000000012433	0.13763745073163092
1.4220000000012365	0.13763237650470006
1.4230000000012293	0.13762729953238495
1.4240000000012225	0.13762221937965124
1.4250000000012157	0.13761713561960165
1.4260000000012085	0.13761204897183998
1.4270000000012018	0.13760695931624256
1.4280000000011948	0.1376018663249412
1.4290000000011878	0.13759677018197392
1.430000000001181	0.13759167084858437
1.431000000001174	0.1375865683539742
1.432000000001167	0.1375814627128057
1.4330000000011602	0.1375763538398732
1.4340000000011532	0.13757124181593539
1.4350000000011462	0.13756612674608082
1.4360000000011393	0.13756100844810804
1.4370000000011323	0.13755588682516107
1.4380000000011255	0.1375507620820393
1.4390000000011185	0.13754563423520327
1.4400000000011115	0.13754050325484335
1.4410000000011047	0.13753536915081532
1.4420000000010975	0.1375302318277194
1.4430000000010907	0.13752509138020386
1.4440000000010837	0.13751994780177346
1.4450000000010768	0.13751480106073866
1.44600000000107	0.13750965100712587
1.447000000001063	0.13750449782794172
1.448000000001056	0.13749934154826027
1.449000000001049	0.1374941821935276
1.450000000001042	0.1374890195994889
1.4510000000010352	0.13748385383727868
1.4520000000010282	0.13747868485077885
1.4530000000010213	0.13747351296532972
1.4540000000010145	0.1374683376316106
1.4550000000010075	0.13746315920220997
1.4560000000010005	0.1374579778367051
1.4570000000009937	0.13745279327442705
1.4580000000009865	0.137447605554623
1.4590000000009797	0.13744241458904827
1.460000000000973	0.1374372202061762
1.4610000000009657	0.1374320230215731
1.462000000000959	0.13742682289015573
1.4630000000009518	0.13742161936810937
1.464000000000945	0.13741641262897364
1.465000000000938	0.1374112025985722
1.466000000000931	0.13740598974393725
1.4670000000009242	0.1374007736892301
1.4680000000009172	0.1373955544744795
1.4690000000009102	0.1373903321836748
1.4700000000009035	0.1373851067072306
1.4710000000008965	0.1373798779262554
1.4720000000008895	0.13737464611722472
1.4730000000008827	0.1373694111753625
1.4740000000008757	0.13736417305778648
1.4750000000008687	0.13735893190941062
1.476000000000862	0.13735368777843793
1.4770000000008547	0.13734844021878112
1.478000000000848	0.13734318966852255
1.4790000000008408	0.13733793582860176
1.480000000000834	0.13733267880717892
1.4810000000008272	0.13732741892493727
1.48200000000082	0.13732215599005604
1.4830000000008132	0.1373168896740754
1.4840000000008062	0.1373116203164093
1.4850000000007992	0.1373063479011859
1.4860000000007925	0.1373010720400366
1.4870000000007855	0.1372957932519161
1.4880000000007785	0.13729051164390282
1.4890000000007717	0.13728522665489362
1.4900000000007645	0.1372799383407447
1.4910000000007577	0.13727464711488535
1.4920000000007507	0.1372693526615576
1.4930000000007437	0.13726405528639796
1.494000000000737	0.1372587548225105
1.49500000000073	0.13725345103015374
1.496000000000723	0.13724814399913376
1.497000000000716	0.1372428341813845
1.498000000000709	0.13723752119585853
1.4990000000007022	0.13723220505024436
1.5000000000006952	0.13722688572882602
1.5010000000006882	0.13722156324814772
1.5020000000006815	0.1372162376562419
1.5030000000006745	0.1372109090401239
1.5040000000006675	0.13720557730807825
1.5050000000006605	0.13720024251177787
1.5060000000006535	0.13719490455281247
1.5070000000006467	0.1371895635432956
1.5080000000006397	0.13718421940148717
1.5090000000006327	0.1371788719756547
1.5100000000006257	0.13717352152604645
1.5110000000006187	0.1371681680183523
1.512000000000612	0.13716281145476183
1.513000000000605	0.1371574518674732
1.514000000000598	0.13715208909298127
1.5150000000005912	0.13714672306630238
1.5160000000005842	0.13714135405411332
1.5170000000005772	0.1371359819480361
1.5180000000005702	0.13713060671552002
1.5190000000005632	0.13712522856355747
1.5200000000005565	0.1371198470008972
1.5210000000005495	0.13711446229526159
1.5220000000005425	0.13710907486822377
1.5230000000005357	0.13710368424784258
1.5240000000005285	0.1370982904733017
1.5250000000005217	0.1370928936793383
1.5260000000005147	0.1370874936531552
1.5270000000005077	0.13708209039994967
1.528000000000501	0.1370766843549175
1.529000000000494	0.1370712751902291
1.530000000000487	0.13706586268740795
1.53100000000048	0.1370604471493002
1.532000000000473	0.1370550286552319
1.5330000000004662	0.13704960714743608
1.5340000000004592	0.13704418266612328
1.5350000000004522	0.13703875493479212
1.5360000000004455	0.13703332376334465
1.5370000000004385	0.13702788978570946
1.5380000000004315	0.13702245290177084
1.5390000000004245	0.13701701286048418
1.5400000000004175	0.13701156978562823
1.5410000000004107	0.13700612354280972
1.5420000000004037	0.13700067416388573
1.5430000000003967	0.13699522173774303
1.5440000000003897	0.1369897661761782
1.5450000000003827	0.13698430761393587
1.546000000000376	0.13697884595539156
1.547000000000369	0.13697338128523218
1.548000000000362	0.1369679133333349
1.549000000000355	0.13696244253383638
1.5500000000003482	0.13695696872539398
1.5510000000003412	0.13695149147309182
1.5520000000003342	0.1369460114320591
1.5530000000003272	0.13694052838872572
1.5540000000003205	0.13693504221198838
1.5550000000003135	0.13692955308688515
1.5560000000003065	0.13692406030913273
1.5570000000002997	0.13691856518030177
1.5580000000002925	0.13691306662882552
1.5590000000002857	0.13690756503864276
1.5600000000002787	0.1369020604630805
1.5610000000002717	0.13689655275188417
1.5620000000002647	0.13689104208101632
1.5630000000002577	0.13688552837358114
1.564000000000251	0.13688001125595917
1.565000000000244	0.13687449128710927
1.566000000000237	0.13686896859262698
1.5670000000002302	0.1368634426008557
1.5680000000002232	0.1368579132436294
1.5690000000002162	0.13685238103472974
1.5700000000002092	0.13684684601743313
1.5710000000002025	0.13684130777141112
1.5720000000001955	0.13683576632854955
1.5730000000001885	0.13683022196551808
1.5740000000001815	0.13682467458119907
1.5750000000001747	0.13681912430049414
1.5760000000001675	0.13681357053665766
1.5770000000001607	0.13680801418155775
1.5780000000001537	0.1368024544110844
1.5790000000001467	0.13679689174444098
1.58000000000014	0.1367913261000293
1.581000000000133	0.13678575736520016
1.582000000000126	0.13678018554777582
1.583000000000119	0.13677461064007101
1.584000000000112	0.13676903275133756
1.5850000000001052	0.13676345174559212
1.5860000000000982	0.13675786792939648
1.5870000000000912	0.13675228100123904
1.5880000000000845	0.13674669072696166
1.5890000000000775	0.13674109762835807
1.5900000000000705	0.13673550173972182
1.5910000000000635	0.13672990242051153
1.5920000000000565	0.13672430013309889
1.5930000000000497	0.13671869506834455
1.5940000000000427	0.13671308681265248
1.5950000000000357	0.136707475422849
1.5960000000000287	0.13670186098678472
1.5970000000000217	0.13669624377494738
1.598000000000015	0.13669062326674852
1.599000000000008	0.13668499972492287
1.600000000000001	0.13667937345671333
1.6009999999999942	0.13667374397752285
1.6019999999999872	0.1366681113938215
1.6029999999999802	0.1366624758748921
1.6039999999999732	0.13665683734259937
1.6049999999999662	0.1366511956971953
1.6059999999999595	0.13664555110881127
1.6069999999999525	0.13663990350934963
1.6079999999999455	0.1366342527811637
1.6089999999999387	0.13662859911868863
1.6099999999999315	0.13662294243057604
1.6109999999999247	0.13661728273559826
1.6119999999999177	0.13661161990832849
1.6129999999999107	0.1366059541042408
1.6139999999999037	0.1366002855560341
1.614999999999897	0.1365946136806565
1.61599999999989	0.1365889387722512
1.616999999999883	0.1365832610844191
1.617999999999876	0.13657758022008304
1.6189999999998692	0.13657189634499634
1.6199999999998622	0.13656620946653708
1.6209999999998552	0.13656051971444239
1.6219999999998485	0.13655482632785754
1.6229999999998415	0.13654913094665067
1.6239999999998345	0.13654343208105635
1.6249999999998275	0.13653772975721967
1.6259999999998205	0.1365320251721256
1.6269999999998137	0.13652631714171526
1.6279999999998067	0.13652060625158802
1.6289999999997997	0.13651489236096825
1.6299999999997927	0.1365091753476182
1.6309999999997857	0.13650345553230414
1.631999999999779	0.13649773262089782
1.632999999999772	0.1364920066134594
1.633999999999765	0.1364862775625395
1.634999999999758	0.1364805455825392
1.6359999999997512	0.13647481078477197
1.6369999999997442	0.13646907282964182
1.6379999999997372	0.13646333190316606
1.6389999999997302	0.13645758805449038
1.6399999999997235	0.13645184108312935
1.6409999999997165	0.1364460911910066
1.6419999999997095	0.13644033835736002
1.6429999999997025	0.13643458247718165
1.6439999999996955	0.1364288235589307
1.6449999999996887	0.13642306171435747
1.6459999999996817	0.13641729675914105
1.6469999999996747	0.13641152897176356
1.6479999999996677	0.1364057582748105
1.6489999999996607	0.1363999843138849
1.649999999999654	0.13639420740037322
1.650999999999647	0.13638842768523685
1.65199999999964	0.13638264500773123
1.6529999999996332	0.13637685932407018
1.6539999999996262	0.13637107046781904
1.6549999999996192	0.13636527877986704
1.6559999999996122	0.13635948423237898
1.6569999999996052	0.13635368654471558
1.6579999999995985	0.13634788583709667
1.6589999999995915	0.1363420820380601
1.6599999999995845	0.1363362754418347
1.6609999999995777	0.1363304659510045
1.6619999999995705	0.1363246534331537
1.6629999999995637	0.13631883787235988
1.6639999999995567	0.1363130193541895
1.6649999999995497	0.13630719788386525
1.665999999999543	0.13630137338486747
1.666999999999536	0.13629554592996906
1.667999999999529	0.13628971554082747
1.668999999999522	0.1362838822273742
1.669999999999515	0.1362780459069135
1.6709999999995082	0.13627220665669193
1.6719999999995012	0.13626636433736672
1.6729999999994942	0.1362605192697115
1.6739999999994875	0.13625467108184064
1.6749999999994805	0.13624881981951398
1.6759999999994735	0.13624296581085726
1.6769999999994665	0.13623710874702377
1.6779999999994595	0.1362312487990558
1.6789999999994527	0.1362253856536334
1.6799999999994457	0.13621951964157275
1.6809999999994387	0.13621365085569148
1.6819999999994317	0.136207779010163
1.6829999999994247	0.13620190420903966
1.683999999999418	0.13619602646296047
1.684999999999411	0.13619014569708854
1.685999999999404	0.13618426195374367
1.6869999999993972	0.13617837537353428
1.6879999999993902	0.13617248587465525
1.6889999999993832	0.13616659294696054
1.6899999999993762	0.13616069781235396
1.6909999999993692	0.13615479942725772
1.6919999999993625	0.13614889800613617
1.6929999999993555	0.1361429936272791
1.6939999999993485	0.13613708655802292
1.6949999999993415	0.13613117621771864
1.6959999999993345	0.1361252629479197
1.6969999999993277	0.13611934707233386
1.6979999999993207	0.13611342770642298
1.6989999999993137	0.13610750612594413
1.6999999999993067	0.1361015810817635
1.7009999999993	0.1360956530770563
1.701999999999293	0.13608972246798312
1.702999999999286	0.13608378878785754
1.703999999999279	0.13607785194684685
1.7049999999992722	0.13607191240714978
1.7059999999992652	0.13606596972568086
1.7069999999992582	0.1360600242718698
1.7079999999992515	0.13605407605454423
1.7089999999992442	0.13604812468180894
1.7099999999992375	0.13604217029075105
1.7109999999992305	0.1360362131108439
1.7119999999992235	0.13603025291265736
1.7129999999992167	0.13602428990644777
1.7139999999992095	0.13601832399482083
1.7149999999992027	0.13601235506273368
1.7159999999991957	0.13600638319302272
1.7169999999991887	0.13600040848233141
1.717999999999182	0.1359944308185166
1.718999999999175	0.13598845014305228
1.719999999999168	0.1359824666219609
1.720999999999161	0.13597648020836428
1.721999999999154	0.13597049082640822
1.7229999999991472	0.1359644985094769
1.7239999999991402	0.1359585031973678
1.7249999999991332	0.13595250520927538
1.7259999999991265	0.1359465042739364
1.7269999999991195	0.13594050012743164
1.7279999999991125	0.13593449319801398
1.7289999999991055	0.13592848354815457
1.7299999999990985	0.13592247089034903
1.7309999999990917	0.13591645523765294
1.7319999999990847	0.13591043661513313
1.7329999999990777	0.13590441528226427
1.7339999999990707	0.13589839092576417
1.7349999999990655	0.13589236366232327
1.7359999999990614	0.13588633360211277
1.7369999999990573	0.13588030049073963
1.7379999999990532	0.13587426464760444
1.7389999999990489	0.1358682257492131
1.7399999999990448	0.13586218397461614
1.7409999999990406	0.13585613928243268
1.7419999999990363	0.13585009158822947
1.7429999999990322	0.1358440409325512
1.743999999999028	0.13583798772391753
1.744999999999024	0.1358319315754084
1.74599999999902	0.1358258722316097
1.7469999999990156	0.13581981003020505
1.7479999999990115	0.13581374521929146
1.7489999999990071	0.13580767749595424
1.749999999999003	0.13580160653806617
1.7509999999990045	0.1357955330040187
1.751999999999006	0.13578945654649777
1.7529999999990071	0.13578337705107124
1.7539999999990086	0.1357772946821192
1.75499999999901	0.13577120944316734
1.7559999999990115	0.1357651214309631
1.756999999999013	0.13575903018199287
1.7579999999990141	0.13575293662361732
1.7589999999990156	0.1357468398628936
1.759999999999017	0.13574074021330906
1.7609999999990182	0.1357346374602284
1.7619999999990197	0.13572853194879297
1.7629999999990211	0.13572242376464894
1.7639999999990226	0.13571631274577944
1.7649999999990238	0.13571019868891043
1.7659999999990263	0.13570408166719816
1.7669999999990305	0.13569796175184767
1.7679999999990346	0.1356918390705163
1.7689999999990387	0.13568571363941795
1.769999999999043	0.13567958522308454
1.7709999999990471	0.1356734538749108
1.7719999999990512	0.1356673196120448
1.7729999999990556	0.1356611825478118
1.7739999999990597	0.13565504245886317
1.7749999999990638	0.13564889977487826
1.7759999999990679	0.13564275427635064
1.776999999999072	0.13563660557923884
1.7779999999990763	0.1356304540315436
1.7789999999990804	0.13562429967836243
1.7799999999990845	0.1356181425591353
1.7809999999990886	0.13561198274904807
1.781999999999093	0.13560581999163623
1.782999999999097	0.1355996542290001
1.7839999999991012	0.13559348547969763
1.7849999999991053	0.13558731387553102
1.7859999999991096	0.13558113952163542
1.7869999999991137	0.135574962340954
1.7879999999991179	0.13556878248726068
1.788999999999122	0.13556259961421446
1.789999999999126	0.13555641384383565
1.7909999999991304	0.13555022517979876
1.7919999999991345	0.13554403381130142
1.7929999999991386	0.13553783934799435
1.7939999999991427	0.13553164217703706
1.794999999999147	0.13552544211501816
1.7959999999991512	0.13551923916309927
1.7969999999991553	0.1355130335566035
1.7979999999991594	0.1355068250996989
1.7989999999991637	0.1355006137069985
1.7999999999991678	0.13549439922424822
1.800999999999172	0.13548818204372248
1.801999999999176	0.1354819621045601
1.8029999999991801	0.13547573937207247
1.8039999999991845	0.13546951377334748
1.8049999999991886	0.13546328537692298
1.8059999999991927	0.1354570534659112
1.8069999999991968	0.13545081983848817
1.8079999999992011	0.13544458270397797
1.8089999999992052	0.13543834283198197
1.8099999999992094	0.1354321001670965
1.8109999999992135	0.13542585465616053
1.8119999999992178	0.13541960646998996
1.812999999999222	0.13541335493971673
1.813999999999226	0.13540710114895194
1.8149999999992301	0.1354008441317518
1.8159999999992344	0.1353945845378226
1.8169999999992386	0.13538832214120777
1.8179999999992427	0.13538205679121929
1.8189999999992468	0.13537578845921416
1.819999999999251	0.13536951732941804
1.8209999999992552	0.13536324356102836
1.8219999999992593	0.1353569667915795
1.8229999999992634	0.1353506874942999
1.8239999999992675	0.13534440536229575
1.8249999999992719	0.13533812003802836
1.825999999999276	0.1353318320422039
1.82699999999928	0.13532554120415052
1.8279999999992842	0.13531924762160474
1.8289999999992885	0.13531295120298692
1.8299999999992926	0.13530665195198321
1.8309999999992967	0.13530034992650064
1.8319999999993009	0.1352940450452239
1.8329999999993052	0.13528773746737277
1.8339999999993093	0.13528142672220245
1.8349999999993134	0.13527511370968737
1.8359999999993175	0.13526879739162556
1.8369999999993218	0.13526247846260397
1.837999999999326	0.13525615671931968
1.83899999999933	0.13524983224710796
1.8399999999993342	0.13524350499659
1.8409999999993385	0.13523717481280262
1.8419999999993426	0.13523084168303512
1.8429999999993467	0.13522450585887302
1.8439999999993508	0.13521816719352586
1.844999999999355	0.13521182578699542
1.8459999999993593	0.1352054815028605
1.8469999999993634	0.13519913454120536
1.8479999999993675	0.13519278498170517
1.8489999999993716	0.13518643227837812
1.849999999999376	0.1351800768731325
1.85099999999938	0.1351737187362292
1.8519999999993841	0.13516735761080512
1.8529999999993882	0.13516099381446467
1.8539999999993926	0.13515462719703786
1.8549999999993967	0.1351482577902221
1.8559999999994008	0.13514188554682738
1.856999999999405	0.13513551048559158
1.857999999999409	0.1351291329897114
1.8589999999994133	0.13512275245431382
1.8599999999994175	0.1351163690364554
1.8609999999994216	0.135109982976512
1.861999999999426	0.13510359409888584
1.86299999999943	0.13509720239002587
1.863999999999434	0.1350908078071742
1.8649999999994382	0.13508441052615017
1.8659999999994423	0.1350780105005429
1.8669999999994467	0.13507160761246562
1.8679999999994508	0.13506520196604743
1.8689999999994549	0.13505879357711237
1.869999999999459	0.13505238230055772
1.870999999999463	0.13504596846010897
1.8719999999994674	0.13503955176630755
1.8729999999994715	0.13503313204988998
1.8739999999994756	0.1350267098704958
1.87499999999948	0.13502028493674678
1.875999999999484	0.1350138567894228
1.8769999999994882	0.135007426148398
1.8779999999994923	0.13500099303019508
1.8789999999994964	0.13499455675517757
1.8799999999995007	0.13498811769793895
1.8809999999995048	0.13498167606381162
1.881999999999509	0.13497523169976855
1.882999999999513	0.13496878439864157
1.8839999999995174	0.13496233436494098
1.8849999999995215	0.13495588169150485
1.8859999999995256	0.13494942608847538
1.8869999999995297	0.13494296766812508
1.887999999999534	0.13493650665432166
1.8889999999995382	0.13493004287034793
1.8899999999995423	0.13492357631788576
1.8909999999995464	0.13491710698065373
1.8919999999995505	0.13491063486795085
1.8929999999995548	0.1349041599431593
1.893999999999559	0.1348976823649225
1.894999999999563	0.13489120207503247
1.8959999999995671	0.13488471898007448
1.8969999999995715	0.13487823315113734
1.8979999999995756	0.1348717444448556
1.8989999999995797	0.13486525292182705
1.8999999999995838	0.134858758549814
1.9009999999995881	0.13485226210666557
1.9019999999995922	0.13484576245452418
1.9029999999995963	0.13483925997397905
1.9039999999996005	0.13483275475361467
1.9049999999996048	0.13482624698115941
1.905999999999609	0.13481973649297185
1.906999999999613	0.13481322309407406
1.9079999999996171	0.13480670682714857
1.9089999999996214	0.1348001878615852
1.9099999999996256	0.13479366629136935
1.9109999999996297	0.13478714200532538
1.9119999999996338	0.134780615036869
1.9129999999996379	0.1347740852441428
1.9139999999996422	0.13476755266120943
1.9149999999996463	0.13476101737368706
1.9159999999996504	0.1347544793742802
1.9169999999996545	0.1347479386481124
1.9179999999996589	0.13474139519040063
1.918999999999663	0.13473484912838063
1.919999999999667	0.13472830018360848
1.9209999999996712	0.1347217483638865
1.9219999999996755	0.13471519387862707
1.9229999999996796	0.13470863671464828
1.9239999999996837	0.1347020768902557
1.9249999999996878	0.13469551447054007
1.9259999999996922	0.13468894916085605
1.9269999999996963	0.13468238104688934
1.9279999999997004	0.13467581025651476
1.9289999999997045	0.1346692368820156
1.9299999999997088	0.13466266060812404
1.930999999999713	0.13465608162228015
1.931999999999717	0.1346495000489557
1.9329999999997212	0.13464291591981947
1.9339999999997253	0.13463632872450548
1.9349999999997296	0.13462973881292528
1.9359999999997337	0.1346231463932238
1.9369999999997378	0.13461655114986582
1.937999999999742	0.13460995317470592
1.9389999999997463	0.13460335263297296
1.9399999999997504	0.13459674924114795
1.9409999999997545	0.13459014316411377
1.9419999999997586	0.13458353436772086
1.942999999999763	0.13457692285561895
1.943999999999767	0.13457030860811592
1.9449999999997711	0.1345636917881856
1.9459999999997752	0.1345570722721009
1.9469999999997794	0.13455045000547783
1.9479999999997837	0.1345438249753388
1.9489999999997878	0.134537197232119
1.949999999999792	0.13453056683206954
1.950999999999796	0.13452393387983164
1.9519999999998003	0.13451729807182145
1.9529999999998044	0.13451065943637275
1.9539999999998086	0.13450401816419966
1.9549999999998127	0.1344973742791874
1.955999999999817	0.13449072767317927
1.956999999999821	0.13448407840988408
1.9579999999998252	0.13447742635744464
1.9589999999998293	0.13447077183659184
1.9599999999998337	0.13446411456232688
1.9609999999998378	0.1344574544644772
1.9619999999998419	0.1344507915627775
1.962999999999846	0.13444412615517531
1.9639999999998503	0.1344374582507749
1.9649999999998544	0.13443078741073633
1.9659999999998585	0.13442411377619123
1.9669999999998626	0.13441743762338088
1.9679999999998667	0.13441075878113862
1.968999999999871	0.13440407726937142
1.9699999999998752	0.13439739301874098
1.9709999999998793	0.13439070600242853
1.9719999999998834	0.1343840162240042
1.9729999999998877	0.1343773242181644
1.9739999999998918	0.13437062949365242
1.974999999999896	0.13436393175089567
1.9759999999999	0.13435723142838052
1.9769999999999044	0.13435052827344784
1.9779999999999085	0.13434382278346202
1.9789999999999126	0.13433711460170206
1.9799999999999167	0.13433040344000058
1.980999999999921	0.13432368971584063
1.9819999999999252	0.13431697352040073
1.9829999999999293	0.1343102543719743
1.9839999999999334	0.13430353261795636
1.9849999999999375	0.13429680848143866
1.9859999999999418	0.1342900816620386
1.986999999999946	0.13428335192576146
1.98799999999995	0.13427661934652813
1.9889999999999541	0.1342698843096618
1.9899999999999585	0.13426314670386852
1.9909999999999626	0.13425640647810144
1.9919999999999667	0.13424966354005863
1.9929999999999708	0.13424291786373643
1.9939999999999751	0.1342361693251558
1.9949999999999792	0.13422941861165083
1.9959999999999833	0.13422266507203706
1.9969999999999875	0.1342159087948287
1.9979999999999918	0.1342091497819966
1.998999999999996	0.13420238822815977
2.0	0.13419562436082666
2.0010279404845495	0.1341886684419017
2.0021217900815715	0.13418126336256042
2.0032857751923165	0.13417337971212262
2.004524391841744	0.13416498698138324
2.005842426366887	0.13415605192476532
2.007244970197923	0.13414653882913352
2.0087374418720856	0.13413641008797694
2.0103256076664273	0.13412562498331726
2.0120156028936726	0.13411414087154083
2.013813957200875	0.13410191246118253
2.0157276178435577	0.13408889137863755
2.0177639781367303	0.13407502455467413
2.019930905358886	0.13406025604387606
2.0222367711443985	0.13404452728809924
2.024690484011897	0.13402777416775913
2.027301523572695	0.13400993066676303
2.0300799770731848	0.13399092312213745
2.033036578410754	0.13397067362649617
2.036182751117039	0.13394910135827054
2.039530649180409	0.13392611854319258
2.043093206833892	0.133901629467849
2.046884188175661	0.13387553289312315
2.050918238233338	0.13384772197146266
2.0552109433735133	0.13381808215252766
2.059778886913171	0.13378648958453276
2.0646397170403086	0.1337528130216118
2.0698122132469665	0.13371690909188305
2.0753163565584574	0.13367862492947258
2.081173414838828	0.13363780703496375
2.0874060143976347	0.1335942731317098
2.094038234979271	0.13354782528667097
2.1010956980169606	0.13349828721276613
2.1086056699538682	0.13344544268213077
2.116597165034399	0.13338904431086995
2.125101056786564	0.13332884811860368
2.1341501990307465	0.13326459911441313
2.143779554474847	0.13319600439482948
2.1540263207146424	0.13312273216992554
2.1649300857539027	0.1330444819950043
2.1765329774064615	0.1329609202105806
2.1888798204423576	0.13287165588597905
2.2020183144046843	0.13277623323451548
2.2159992202680474	0.13267417651555058
2.2308765524295735	0.13256508299077285
2.246707783705272	0.13244847103651436
2.263554079768369	0.13232368991651045
2.2814805235907363	0.13219013824432657
2.3005563724108544	0.13204721999618907
2.320855322320133	0.1318942102809515
2.3424557929209753	0.13173030153167875
2.3654412374910825	0.13155473088689562
2.389900455657507	0.13136663147742622
2.41592795027163	0.13116498787261832
2.44362426638729	0.13094877572432473
2.473096411506492	0.1307168392195307
2.5044582437089975	0.1304679127499918
2.537830924630887	0.1302008636834484
2.5733433911797423	0.12991439982289177
2.611132843166974	0.12960660072968133
2.6513452603475027	0.12927589697542075
2.6941360153529494	0.128919806794073
2.739670418177515	0.1285382696204327
2.788124380079947	0.12812781616740754
2.839685109337027	0.1276863130496546
2.894551789617174	0.12721140463438985
2.9529364084026577	0.12670072361427698
3.0150645170164534	0.12615140547297699
3.0811761422888653	0.12556045177281538
3.1515266965252042	0.12492478971180843
3.226387989377641	0.1242413441067326
3.30604919671757	0.12350592469277899
3.39081811677136	0.12271616809230457
3.4810222154328754	0.1218668818129015
3.577010018652917	0.12095428183333656
3.6791523315125145	0.11997548217775966
3.7878438030764574	0.11892578695302969
3.9035043177534527	0.11780115879236863
4.02658072998157	0.11659806558848773
4.157548527011607	0.115312796049996
4.296913682346355	0.11394252675030792
4.445214635465608	0.11248429978269692
4.603024347307951	0.11093642555369965
4.770952424745148	0.10929826457108782
4.9496476786701376	0.10757017718332451
5.139800459354712	0.1057548566879365
5.342145448462832	0.10385719671968896
5.557464321076707	0.10188360184040257
5.786588991858403	0.09984387208791334
6.03040459644804	0.09775124155610149
6.289853138906711	0.0956244058515241
6.565936951835777	0.0934870322907233
6.859722633511745	0.09136396437589889
7.172345245053396	0.08929269010650964
7.505012494394354	0.08731017985085276
7.859009576011049	0.0854636407563264
8.23570422033976	0.08380679049469875
8.636551628113326	0.08239787710793378
9.063100564489073	0.08131863855832733
9.516998831091398	0.08060775668265296
10.0	0.08036013606957548
