0.0	0.8751641226208783
0.0010000000000041087	0.8748718243696818
0.0020000000000082174	0.8741689112748936
0.003000000000012548	0.872990790944905
0.004000000000016657	0.8713868535116567
0.005000000000020766	0.869294795166601
0.006000000000024874	0.8667721079808863
0.007000000000029205	0.8637823170618317
0.008000000000033314	0.8603480383679754
0.009000000000037423	0.8564653322842448
0.010000000000041753	0.8521411712109498
0.011000000000045862	0.8473696301381212
0.01200000000004997	0.8421733749395817
0.01300000000005408	0.8365398895834185
0.01400000000005841	0.8304845839443368
0.015000000000062519	0.8240144822797103
0.016000000000066406	0.8171268653962895
0.017000000000070736	0.8098411908584413
0.018000000000074845	0.8021576364109839
0.019000000000078954	0.794084473247159
0.020000000000083062	0.785633387603433
0.021000000000087393	0.776817580123091
0.022000000000091502	0.7676325728441996
0.02300000000009561	0.758115640087197
0.02400000000009972	0.7482439146740416
0.02500000000010405	0.7380621500190044
0.02600000000010816	0.7275578180227387
0.027000000000112268	0.7167603305308432
0.0280000000001166	0.7056690413852963
0.029000000000120707	0.6943155048755042
0.030000000000124816	0.6826948200810861
0.031000000000128924	0.670834705662473
0.032000000000133255	0.6587480704163047
0.033000000000137364	0.6464462644968005
0.03400000000014147	0.6339490133695524
0.0350000000001458	0.6212748422429648
0.03600000000014991	0.6084323333890753
0.03700000000015402	0.5954474336594623
0.03800000000015813	0.5823312507338836
0.03900000000016246	0.5691034767294476
0.04000000000016657	0.5557798732016033
0.04100000000017068	0.5423799761582435
0.04200000000017501	0.5289185609658426
0.04300000000017912	0.5154151878534228
0.044000000000183226	0.5018860984085891
0.045000000000187335	0.48834830946356256
0.046000000000191665	0.4748195199371019
0.04700000000019555	0.4613161169155304
0.04800000000019966	0.44785398813620536
0.04900000000020399	0.43445095799992806
0.0500000000002081	0.4211210352591668
0.05100000000021221	0.4078806477117346
0.05200000000021632	0.39474555285477564
0.05300000000022065	0.38172804542107186
0.05400000000022476	0.3688455085333918
0.055000000000228866	0.35610869034918025
0.0560000000002332	0.3435307398024807
0.057000000000237305	0.33112792829883364
0.058000000000241414	0.3189039453627278
0.05900000000024552	0.30687774560497216
0.060000000000249853	0.29506200968990715
0.06100000000025396	0.2834513415030233
0.06200000000025807	0.27207237329695944
0.0630000000002624	0.26092526969502106
0.06400000000026651	0.2500158457359575
0.06500000000027062	0.23935639268514197
0.06600000000027473	0.22894977280228068
0.06700000000027906	0.21879893247349258
0.06800000000028317	0.20891800566359275
0.06900000000028728	0.19929707278960973
0.0700000000002916	0.18995559749186075
0.07100000000029572	0.18088117229500356
0.07200000000029982	0.17208464886076058
0.07300000000030393	0.1635650632746104
0.07400000000030826	0.15532327972739046
0.07500000000031237	0.14735632997189185
0.07600000000031648	0.13967008852513063
0.07700000000032081	0.13225948745343863
0.0780000000003247	0.12511790934288303
0.07900000000032881	0.11825195288571833
0.08000000000033292	0.1116555818786501
0.08100000000033725	0.10532077279740748
0.08200000000034136	0.09925246757701334
0.08300000000034546	0.0934370952292084
0.0840000000003498	0.08787999869761642
0.0850000000003539	0.08256732354181917
0.08600000000035801	0.07749972231007396
0.08700000000036212	0.07266903925735835
0.08800000000036645	0.06806888721406701
0.08900000000037056	0.06369640060647042
0.09000000000037467	0.05954183837149818
0.091000000000379	0.055602265762317304
0.09200000000038311	0.05186546002314241
0.09300000000038722	0.04833527806136595
0.09400000000039133	0.04498716097516664
0.09500000000039566	0.041837599147529714
0.09600000000039977	0.038858403798186725
0.09700000000040387	0.036054501381436066
0.0980000000004082	0.0334192813259514
0.09900000000041231	0.030937744010364643
0.10000000000041642	0.028614187905818156
0.10100000000042053	0.026430445293885385
0.10200000000042486	0.024389752311461455
0.10300000000042897	0.022480685594321037
0.10400000000043308	0.020692854618096224
0.10500000000043741	0.019033896679398477
0.10600000000044152	0.01747943511946115
0.10700000000044563	0.01603805107637013
0.10800000000044951	0.014698410456285504
0.10900000000045384	0.013450535666838848
0.11000000000045795	0.012299912685850845
0.11100000000046206	0.011231038627428025
0.1120000000004664	0.010242213344781925
0.1130000000004705	0.009330437358459065
0.11400000000047461	0.008489553379089854
0.11500000000047872	0.007713513039670494
0.11600000000048305	0.0070015603378248414
0.11700000000048716	0.006345795812463084
0.11800000000049127	0.005745186275765812
0.1190000000004956	0.0051942010850702935
0.12000000000049971	0.004690577751226055
0.12100000000050382	0.004229637415075205
0.12200000000050792	0.003809675006911095
0.12300000000051226	0.003426602682230273
0.12400000000051636	0.003078069436935782
0.12500000000052047	0.002761105706255651
0.1260000000005248	0.0024735377381044366
0.1270000000005289	0.002212844046392326
0.12800000000053302	0.0019769390281803023
0.12900000000053713	0.0017634738268417216
0.13000000000054146	0.0015711299788456756
0.13100000000054557	0.0013973580848376521
0.13200000000054968	0.001241332162189801
0.133000000000554	0.0011009064231206622
0.13400000000055812	0.0009748675804965856
0.13500000000056223	0.0008621938727373379
0.13600000000056633	0.0007611004900552887
0.13700000000057067	0.0006711578932430129
0.13800000000057477	0.0005905824056322562
0.13900000000057866	0.0005191574632043006
0.140000000000583	0.0004554055005950852
0.1410000000005871	0.0003990402975165841
0.1420000000005912	0.00034897216535068054
0.14300000000059532	0.0003047605192785241
0.14400000000059965	0.00026570744066978236
0.14500000000060376	0.00023117985809917307
0.14600000000060787	0.00020094097881317996
0.1470000000006122	0.0001742848217042292
0.1480000000006163	0.0001508951199234998
0.14900000000062041	0.00013044121202154813
0.15000000000062452	0.0001125018483671969
0.15100000000062885	9.686534159392135e-05
0.15200000000063296	8.319931043665463e-05
0.15300000000063707	7.131685168704216e-05
0.1540000000006414	6.097880610889117e-05
0.1550000000006455	5.2013123149619034e-05
0.15600000000064962	4.4237408379221854e-05
0.15700000000065373	3.7517181793012e-05
0.15800000000065806	3.171252254685619e-05
0.15900000000066217	2.6720314041939197e-05
0.16000000000066628	2.2408997851108836e-05
0.16100000000067038	1.872952578896303e-05
0.16200000000067472	1.5564527416578322e-05
0.16300000000067882	1.2872604113312036e-05
0.16400000000068293	1.0570519552999258e-05
0.16500000000068726	8.621625697258217e-06
0.16600000000069137	6.958324103800706e-06
0.16700000000069548	5.564053319306872e-06
0.1680000000006996	4.375238958465033e-06
0.16900000000070392	3.386501753022131e-06
0.1700000000007078	2.5445536834256544e-06
0.17100000000071192	1.8461756905452376e-06
0.17200000000071625	1.256917631087262e-06
0.17300000000072036	7.672771964450931e-07
0.17400000000072446	3.5531369557695314e-07
0.17500000000072857	1.0706659669956764e-08
0.1760000000007329	-2.7901398813590106e-07
0.177000000000737	-5.241366176633733e-07
0.17800000000074112	-7.321256036973978e-07
0.17900000000074545	-9.11163655192837e-07
0.18000000000074956	-1.0657692706139699e-06
0.18100000000075367	-1.2022097424235767e-06
0.18200000000075778	-1.3234512252768837e-06
0.1830000000007621	-1.4338799241286893e-06
0.18400000000076622	-1.534732392283189e-06
0.18500000000077033	-1.6284925004050876e-06
0.18600000000077466	-1.715871138063818e-06
0.18700000000077877	-1.7978893804837526e-06
0.18800000000078287	-1.8747826449061478e-06
0.18900000000078698	-1.946257941254359e-06
0.1900000000007913	-2.0123840644981073e-06
0.19100000000079542	-2.072446798173644e-06
0.19200000000079953	-2.1261666982574923e-06
0.19300000000080386	-2.1730026329436214e-06
0.19400000000080797	-2.212723972050412e-06
0.19500000000081208	-2.245077120432981e-06
0.1960000000008162	-2.2698888131333916e-06
0.19700000000082052	-2.2871342217900548e-06
0.19800000000082463	-2.2966409101154994e-06
0.19900000000082874	-2.2986601637686732e-06
0.20000000000083307	-2.292771177359043e-06
0.20100000000083695	-2.27946250763722e-06
0.20200000000084106	-2.2583217094140906e-06
0.20300000000084517	-2.2297076402999494e-06
0.2040000000008495	-2.1935444214360444e-06
0.2050000000008536	-2.1499423505932924e-06
0.20600000000085772	-2.099045077530448e-06
0.20700000000086205	-2.0408602847687973e-06
0.20800000000086616	-1.975623658667658e-06
0.20900000000087027	-1.9034751987945242e-06
0.21000000000087438	-1.824762077884401e-06
0.2110000000008787	-1.7397336951052722e-06
0.21200000000088282	-1.6488062628550182e-06
0.21300000000088692	-1.55223685371908e-06
0.21400000000089126	-1.4503919782971053e-06
0.21500000000089536	-1.3436944654721117e-06
0.21600000000089947	-1.2325506566490674e-06
0.21700000000090358	-1.1174527037027815e-06
0.2180000000009079	-9.991186200597468e-07
0.21900000000091202	-8.784160254737827e-07
0.22000000000091613	-7.563176473990296e-07
0.22100000000092046	-6.339897662410721e-07
0.22200000000092457	-5.127846172126027e-07
0.22300000000092868	-3.9401263629557093e-07
0.2240000000009328	-2.792397937323443e-07
0.22500000000093712	-1.6984687034593549e-07
0.22600000000094123	-6.736049895650353e-08
0.22700000000094533	2.6851761925072992e-08
0.22800000000094967	1.1171587099845226e-07
0.22900000000095377	1.8603135709671648e-07
0.23000000000095788	2.490229251694842e-07
0.23100000000096177	3.00145907017324e-07
0.2320000000009661	3.3887847306068863e-07
0.2330000000009702	3.653410013404468e-07
0.23400000000097432	3.7957229181984076e-07
0.23500000000097865	3.8217149600505707e-07
0.23600000000098276	3.741299771098383e-07
0.23700000000098687	3.5589303348793067e-07
0.23800000000099097	3.296384047946077e-07
0.2390000000009953	2.955838449558712e-07
0.24000000000099941	2.563640028041547e-07
0.24100000000100352	2.1275488715222224e-07
0.24200000000100785	1.669154053862698e-07
0.24300000000101196	1.2014427974715858e-07
0.24400000000101607	7.411625357889307e-08
0.24500000000102018	3.004874782330802e-08
0.2460000000010245	-1.0826895602278341e-08
0.24700000000102862	-4.7733581753917065e-08
0.24800000000103273	-7.982957872521013e-08
0.24900000000103706	-1.0694057106519494e-07
0.25000000000104117	-1.2866873677630508e-07
0.2510000000010453	-1.452162985415839e-07
0.2520000000010494	-1.5634620820215162e-07
0.2530000000010537	-1.627073420440439e-07
0.2540000000010578	-1.6424855653340842e-07
0.25500000000106193	-1.6125079893569705e-07
0.25600000000106626	-1.538952567603502e-07
0.25700000000107037	-1.4218754573747105e-07
0.2580000000010745	-1.2583130604149062e-07
0.2590000000010786	-1.0495073032856794e-07
0.2600000000010829	-7.900104947999864e-08
0.26100000000108703	-4.786482943330839e-08
0.2620000000010909	-1.1158289847656988e-08
0.26300000000109525	3.13164806309274e-08
0.26400000000109936	7.964397918946986e-08
0.26500000000110346	1.3391340614177238e-07
0.2660000000011076	1.9376955295857812e-07
0.2670000000011119	2.588143257487019e-07
0.268000000001116	3.2858525944590156e-07
0.2690000000011201	4.0209236817911886e-07
0.27000000000112445	4.784848046668344e-07
0.27100000000112856	5.566651222199681e-07
0.27200000000113267	6.353717754148391e-07
0.2730000000011368	7.135101126598542e-07
0.2740000000011411	7.896496028170219e-07
0.2750000000011452	8.626374468079234e-07
0.2760000000011493	9.316273488213511e-07
0.27700000000115366	9.949335125769565e-07
0.27800000000115777	1.052453812988574e-06
0.2790000000011619	1.1025647335127786e-06
0.280000000001166	1.14524462047072e-06
0.2810000000011703	1.1795508446654779e-06
0.2820000000011744	1.2052746433122152e-06
0.28300000000117853	1.2221185269334356e-06
0.28400000000118286	1.2299807505833371e-06
0.28500000000118697	1.2290257891400813e-06
0.2860000000011911	1.2191043389231382e-06
0.2870000000011952	1.200720039395975e-06
0.2880000000011995	1.1739909036023732e-06
0.2890000000012036	1.13945075508326e-06
0.29000000000120774	1.0976224019687564e-06
0.29100000000121207	1.0487751700427594e-06
0.2920000000012162	9.93709889818284e-07
0.29300000000122006	9.327988914620278e-07
0.29400000000122417	8.665451388667478e-07
0.2950000000012285	7.95545795018171e-07
0.2960000000012326	7.202130389849515e-07
0.2970000000012367	6.409930497497385e-07
0.29800000000124083	5.583316534663041e-07
0.29900000000124516	4.726233105989408e-07
0.30000000000124927	3.8428499127274307e-07
0.3010000000012534	2.9374465293496854e-07
0.3020000000012577	2.0150018698039673e-07
0.3030000000012618	1.080819524990062e-07
0.3040000000012659	1.4131894099378428e-08
0.30500000000127003	-7.965640347329384e-08
0.30600000000127436	-1.7253778006320886e-07
0.3070000000012785	-2.636509535136611e-07
0.3080000000012826	-3.5213462745709023e-07
0.3090000000012869	-4.369368800105633e-07
0.310000000001291	-5.17156028889687e-07
0.31100000000129513	-5.917147731793193e-07
0.31200000000129924	-6.596706803030372e-07
0.31300000000130357	-7.200896243730881e-07
0.3140000000013077	-7.720450894144193e-07
0.3150000000013118	-8.150152959185419e-07
0.3160000000013161	-8.479375734893324e-07
0.3170000000013202	-8.705684879650732e-07
0.31800000000132433	-8.830007827143049e-07
0.31900000000132844	-8.841338097198559e-07
0.3200000000013328	-8.7476007348819e-07
0.3210000000013369	-8.549904588761592e-07
0.322000000001341	-8.246129974409655e-07
0.3230000000013453	-7.848991359082902e-07
0.3240000000013492	-7.362892726625603e-07
0.3250000000013533	-6.793116091863283e-07
0.3260000000013574	-6.156492429187921e-07
0.32700000000136176	-5.457206928571878e-07
0.32800000000136587	-4.7090544308403537e-07
0.32900000000137	-3.9243961591495236e-07
0.3300000000013743	-3.114074367260855e-07
0.3310000000013784	-2.2875807936806325e-07
0.3320000000013825	-1.4600155617827681e-07
0.33300000000138663	-6.375361349952868e-08
0.33400000000139096	1.6650153589203853e-08
0.33500000000139507	9.448412430224096e-08
0.3360000000013992	1.6919512479951493e-07
0.3370000000014035	2.3963334516707846e-07
0.3380000000014076	3.057973303466355e-07
0.3390000000014117	3.670720153392537e-07
0.34000000000141584	4.230446627451201e-07
0.34100000000142017	4.736707180930111e-07
0.3420000000014243	5.186167069126668e-07
0.3430000000014284	5.580184512243846e-07
0.3440000000014327	5.917801139121437e-07
0.3450000000014368	6.198091764275659e-07
0.34600000000144093	6.424667728932576e-07
0.34700000000144504	6.595626627081685e-07
0.34800000000144937	6.716412329632604e-07
0.3490000000014535	6.785821244914558e-07
0.3500000000014576	6.807514273399207e-07
0.3510000000014619	6.783191424108992e-07
0.35200000000146603	6.714482975178626e-07
0.35300000000147014	6.603812351402283e-07
0.35400000000147425	6.453354786106758e-07
0.35500000000147836	6.265478316169748e-07
0.35600000000148246	6.042982992893187e-07
0.3570000000014866	5.788686237018226e-07
0.3580000000014909	5.506204638905388e-07
0.359000000001495	5.197808320422936e-07
0.3600000000014991	4.867798029106751e-07
0.36100000000150323	4.5195542031084557e-07
0.36200000000150756	4.155808328576427e-07
0.36300000000151167	3.7803607189079713e-07
0.3640000000015158	3.395951195805935e-07
0.3650000000015201	3.004625376279435e-07
0.3660000000015242	2.608403621984223e-07
0.3670000000015283	2.2083913187032067e-07
0.36800000000153243	1.804837322927355e-07
0.36900000000153677	1.3977006518839374e-07
0.3700000000015409	9.858469185441976e-08
0.371000000001545	5.6792895386514886e-08
0.3720000000015493	1.4058639141723006e-08
0.3730000000015534	-2.97061781839858e-08
0.37400000000155753	-7.508017341173456e-08
0.37500000000156164	-1.2217307188144844e-07
0.37600000000156597	-1.7147586262034054e-07
0.3770000000015701	-2.2320118220342522e-07
0.3780000000015742	-2.77760102473934e-07
0.3790000000015785	-3.3530439846884974e-07
0.3800000000015826	-3.960676062675361e-07
0.38100000000158674	-4.6008422005527905e-07
0.38200000000159084	-5.274259253784663e-07
0.3830000000015952	-5.979941635203545e-07
0.3840000000015993	-6.7153165250744e-07
0.3850000000016034	-7.478256480730749e-07
0.3860000000016075	-8.264716866435151e-07
0.3870000000016116	-9.069679769435623e-07
0.3880000000016157	-9.887998118074393e-07
0.38900000000161983	-1.0713868532352677e-06
0.39000000000162416	-1.1539757962530928e-06
0.39100000000162827	-1.2360082364271108e-06
0.3920000000016324	-1.31658322688466e-06
0.3930000000016367	-1.3951181152549452e-06
0.3940000000016408	-1.4707322208984408e-06
0.3950000000016449	-1.5428213298029902e-06
0.39600000000164903	-1.6105089746254464e-06
0.39700000000165336	-1.6734416024011267e-06
0.3980000000016575	-1.7307277988543035e-06
0.3990000000016616	-1.7821288602615226e-06
0.4000000000016659	-1.8270276553877807e-06
0.40100000000167	-1.865224758423878e-06
0.40200000000167413	-1.896539152168586e-06
0.40300000000167824	-1.920583681647159e-06
0.40400000000168257	-1.93748595989085e-06
0.4050000000016867	-1.946995495272219e-06
0.4060000000016908	-1.9494116518803395e-06
0.4070000000016951	-1.9446375512099934e-06
0.4080000000016992	-1.9330404084083597e-06
0.40900000000170333	-1.9149909995519465e-06
0.41000000000170744	-1.8907667711509646e-06
0.4110000000017118	-1.8607157652450468e-06
0.4120000000017159	-1.8254300429010328e-06
0.41300000000172	-1.7856240508429266e-06
0.4140000000017243	-1.7417704354372177e-06
0.41500000000172843	-1.6945613348084976e-06
0.41600000000173254	-1.644704266556829e-06
0.4170000000017364	-1.5929394581171152e-06
0.41800000000174076	-1.5399593495946107e-06
0.41900000000174487	-1.486555285534763e-06
0.420000000001749	-1.4334034763585635e-06
0.4210000000017533	-1.381262144217743e-06
0.4220000000017574	-1.33076079644745e-06
0.4230000000017615	-1.2825188195897397e-06
0.42400000000176563	-1.237063995684906e-06
0.42500000000176996	-1.1948668112715666e-06
0.42600000000177407	-1.1562395365594114e-06
0.4270000000017782	-1.1213464481407698e-06
0.4280000000017825	-1.0902663769574161e-06
0.4290000000017866	-1.0630269138278692e-06
0.4300000000017907	-1.0394312444095277e-06
0.43100000000179484	-1.0192372355000145e-06
0.43200000000179917	-1.002114147663491e-06
0.4330000000018033	-9.87676984198771e-07
0.4340000000018074	-9.75391398316816e-07
0.4350000000018115	-9.64736547759415e-07
0.4360000000018158	-9.551113258066124e-07
0.43700000000181993	-9.458228535930147e-07
0.43800000000182404	-9.363381683336058e-07
0.43900000000182837	-9.258955093738308e-07
0.4400000000018325	-9.141074945873129e-07
0.4410000000018366	-9.002394096846444e-07
0.4420000000018407	-8.841399450343346e-07
0.44300000000184503	-8.652482201831901e-07
0.44400000000184914	-8.434301899118424e-07
0.44500000000185325	-8.185269186888888e-07
0.4460000000018576	-7.903672514242288e-07
0.4470000000018617	-7.591054680400333e-07
0.4480000000018656	-7.247728210924009e-07
0.4490000000018697	-6.875503444359055e-07
0.450000000001874	-6.477546687921887e-07
0.4510000000018781	-6.056785797348141e-07
0.45200000000188223	-5.617139657854153e-07
0.45300000000188656	-5.162785403634018e-07
0.45400000000189067	-4.6978309020673237e-07
0.4550000000018948	-4.2271541111915667e-07
0.4560000000018989	-3.754681243695046e-07
0.4570000000019032	-3.2850126641115196e-07
0.4580000000019073	-2.821745050951563e-07
0.45900000000191143	-2.3686709993420152e-07
0.46000000000191577	-1.928236126325089e-07
0.4610000000019199	-1.5030693578665932e-07
0.462000000001924	-1.0951816054038943e-07
0.4630000000019281	-7.059193052327828e-08
0.4640000000019324	-3.3640065622009274e-08
0.46500000000193653	1.3390060171758478e-09
0.46600000000194064	3.431062201020296e-08
0.46700000000194497	6.534529617407969e-08
0.4680000000019491	9.449820048690327e-08
0.4690000000019532	1.218491302301672e-07
0.4700000000019573	1.475021975672064e-07
0.4710000000019616	1.7155351872411018e-07
0.47200000000196574	1.9414601037937018e-07
0.47300000000196984	2.153615008548826e-07
0.4740000000019742	2.3530143855587937e-07
0.4750000000019783	2.5408012382932554e-07
0.4760000000019824	2.71793266781728e-07
0.4770000000019865	2.8852226596765007e-07
0.47800000000199083	3.0431842301670287e-07
0.4790000000019947	3.192379692817937e-07
0.48000000000199883	3.3330393089947563e-07
0.48100000000200316	3.4654658276345174e-07
0.48200000000200727	3.589684068883159e-07
0.4830000000020114	3.7055245505346335e-07
0.4840000000020155	3.812837396921509e-07
0.4850000000020198	3.9109440808093865e-07
0.4860000000020239	3.9994236356033497e-07
0.48700000000202803	4.078017825648317e-07
0.48800000000203236	4.1453630450494217e-07
0.4890000000020365	4.201160814787386e-07
0.4900000000020406	4.2445519177203295e-07
0.4910000000020447	4.27466411601074e-07
0.492000000002049	4.290375805737767e-07
0.49300000000205313	4.29085427855469e-07
0.49400000000205724	4.27556333559842e-07
0.49500000000206157	4.242748820049158e-07
0.4960000000020657	4.1917677751079907e-07
0.4970000000020698	4.121859629169222e-07
0.4980000000020739	4.0315709259886034e-07
0.4990000000020782	3.919992745959888e-07
0.5000000000020823	3.7867746804920444e-07
0.5010000000020864	3.630671316923184e-07
0.5020000000020908	3.451559821288086e-07
0.5030000000020949	3.24941184182137e-07
0.504000000002099	3.024054446854052e-07
0.5050000000021031	2.7759824583473147e-07
0.5060000000021074	2.5051880836457485e-07
0.5070000000021115	2.2126819909651374e-07
0.5080000000021156	1.8990256345219336e-07
0.50900000000212	1.5650030882330412e-07
0.5100000000021239	1.2121885117899467e-07
0.511000000002128	8.419969999007293e-08
0.5120000000021321	4.5616611599186285e-08
0.5130000000021364	5.631548560813826e-09
0.5140000000021405	-3.555726113546598e-08
0.5150000000021446	-7.773572230362902e-08
0.516000000002149	-1.2067362398227033e-07
0.5170000000021531	-1.641786151473923e-07
0.5180000000021572	-2.079529002330105e-07
0.5190000000021613	-2.5181688334541263e-07
0.5200000000021656	-2.9538888224323046e-07
0.5210000000021697	-3.3848080649434564e-07
0.5220000000021738	-3.807093300611797e-07
0.5230000000021782	-4.2180236858868625e-07
0.5240000000021823	-4.6144416554483314e-07
0.5250000000021864	-4.992981645912664e-07
0.5260000000021905	-5.350477083609917e-07
0.5270000000021948	-5.683714938697904e-07
0.5280000000021989	-5.989025424479877e-07
0.529000000002203	-6.263818992380266e-07
0.5300000000022074	-6.506056284827366e-07
0.5310000000022115	-6.712331028779772e-07
0.5320000000022156	-6.882267034047373e-07
0.5330000000022197	-7.009281737246909e-07
0.534000000002224	-7.099528525067456e-07
0.5350000000022281	-7.140917861470086e-07
0.5360000000022322	-7.143295794875826e-07
0.5370000000022366	-7.096478484847069e-07
0.5380000000022407	-7.006014914878733e-07
0.5390000000022448	-6.868508275470475e-07
0.5400000000022487	-6.685275499851429e-07
0.541000000002253	-6.456222489958918e-07
0.5420000000022571	-6.1835631970375e-07
0.5430000000022612	-5.866542363008875e-07
0.5440000000022656	-5.508617222371726e-07
0.5450000000022697	-5.109319878293661e-07
0.5460000000022738	-4.673116045239567e-07
0.5470000000022779	-4.201043148910344e-07
0.5480000000022822	-3.696508084072292e-07
0.5490000000022863	-3.1629060393001396e-07
0.5500000000022904	-2.603306303861075e-07
0.5510000000022948	-2.0211949647297445e-07
0.5520000000022989	-1.4209355736483076e-07
0.553000000002303	-8.060614842264613e-08
0.5540000000023071	-1.8192486850310274e-08
0.5550000000023114	4.4719014269389845e-08
0.5560000000023155	1.0767444402759452e-07
0.5570000000023196	1.7023147436123764e-07
0.558000000002324	2.3199663157225103e-07
0.5590000000023281	2.925626858552022e-07
0.5600000000023322	3.51581650903654e-07
0.5610000000023363	4.087073280922837e-07
0.5620000000023406	4.6347338789054504e-07
0.5630000000023447	5.155012320345875e-07
0.5640000000023488	5.6440313245254e-07
0.5650000000023532	6.096875605487995e-07
0.5660000000023573	6.510021794969845e-07
0.5670000000023614	6.879988520003266e-07
0.5680000000023655	7.203447152104303e-07
0.5690000000023698	7.47938561307393e-07
0.5700000000023739	7.706630043013973e-07
0.5710000000023778	7.883272017394916e-07
0.5720000000023819	8.009819285614839e-07
0.5730000000023863	8.085504994426174e-07
0.5740000000023904	8.109757281271612e-07
0.5750000000023945	8.08425750564723e-07
0.5760000000023988	8.010041818717895e-07
0.5770000000024029	7.888483110063405e-07
0.578000000002407	7.72206729560132e-07
0.5790000000024111	7.513989735974391e-07
0.5800000000024155	7.267271019406607e-07
0.5810000000024196	6.986890380700217e-07
0.5820000000024237	6.676164792107642e-07
0.583000000002428	6.340416129901882e-07
0.5840000000024321	5.982896317258124e-07
0.5850000000024362	5.608757779329565e-07
0.5860000000024403	5.220776589931475e-07
0.5870000000024447	4.822872583520876e-07
0.5880000000024488	4.4188585679449943e-07
0.5890000000024529	4.0111763999206573e-07
0.5900000000024572	3.604469541729216e-07
0.5910000000024613	3.2011406136955856e-07
0.5920000000024654	2.804931030775393e-07
0.5930000000024696	2.418855546970633e-07
0.5940000000024739	2.045925097116097e-07
0.595000000002478	1.6882945041984954e-07
0.5960000000024821	1.348944550505493e-07
0.5970000000024864	1.0300899411230802e-07
0.5980000000024905	7.332486406941285e-08
0.5990000000024946	4.616550575153866e-08
0.6000000000024988	2.156433720479356e-08
0.6010000000025031	-1.4720580310267906e-10
0.602000000002507	-1.890555045847009e-08
0.6030000000025111	-3.458242980869386e-08
0.6040000000025154	-4.700539490976041e-08
0.6050000000025195	-5.629114019356507e-08
0.6060000000025236	-6.228751869841176e-08
0.6070000000025277	-6.514200578955354e-08
0.6080000000025321	-6.48833837768592e-08
0.6090000000025362	-6.166080979141952e-08
0.6100000000025403	-5.549218506928355e-08
0.6110000000025446	-4.6592493418984304e-08
0.6120000000025487	-3.506803891717425e-08
0.6130000000025528	-2.1062583233089072e-08
0.614000000002557	-4.778289319773421e-09
0.6150000000025613	1.3522262642950977e-08
0.6160000000025654	3.361867773055138e-08
0.6170000000025695	5.523134460894141e-08
0.6180000000025738	7.814026159458365e-08
0.6190000000025779	1.0208098211172967e-07
0.620000000002582	1.2681874517195268e-07
0.6210000000025861	1.521502497325855e-07
0.6220000000025905	1.779023725001494e-07
0.6230000000025946	2.0392993138607096e-07
0.6240000000025987	2.301092445478048e-07
0.625000000002603	2.5632645195283743e-07
0.6260000000026071	2.824731490935761e-07
0.6270000000026112	3.0842817344556295e-07
0.6280000000026154	3.3409500077574705e-07
0.6290000000026197	3.593742256002841e-07
0.6300000000026238	3.8420191694754635e-07
0.6310000000026279	4.084654685598821e-07
0.6320000000026322	4.320816938685468e-07
0.6330000000026361	4.549025243161253e-07
0.6340000000026402	4.7672794267761276e-07
0.6350000000026443	4.973757783410804e-07
0.6360000000026487	5.166083762997431e-07
0.6370000000026528	5.342245834594195e-07
0.6380000000026569	5.500123128054923e-07
0.6390000000026612	5.637627602528283e-07
0.6400000000026653	5.752982501494586e-07
0.6410000000026694	5.844096719886949e-07
0.6420000000026735	5.909925858693654e-07
0.6430000000026779	5.949309798136682e-07
0.644000000002682	5.961210498561798e-07
0.6450000000026861	5.945438796839397e-07
0.6460000000026904	5.901185011758514e-07
0.6470000000026945	5.828824533038457e-07
0.6480000000026986	5.72853143365748e-07
0.6490000000027027	5.600345671652462e-07
0.6500000000027071	5.446427664423936e-07
0.6510000000027112	5.266192559805205e-07
0.6520000000027153	5.063255693604773e-07
0.6530000000027196	4.838276022045562e-07
0.6540000000027237	4.5927283243152317e-07
0.6550000000027278	4.3292091256308396e-07
0.656000000002732	4.048328912098498e-07
0.6570000000027363	3.7522647078347404e-07
0.6580000000027404	3.4420590044881294e-07
0.6590000000027445	3.120170160020308e-07
0.6600000000027488	2.787268528203768e-07
0.6610000000027529	2.445667510730942e-07
0.662000000002757	2.0967831637630496e-07
0.6630000000027612	1.7425193554743146e-07
0.6640000000027653	1.384597060338777e-07
0.6650000000027694	1.0248975446103259e-07
0.6660000000027735	6.649820671889017e-08
0.6670000000027778	3.063758025056984e-08
0.6680000000027819	-4.96542140737688e-09
0.669000000002786	-4.017997112804039e-08
0.6700000000027901	-7.491334863551913e-08
0.6710000000027945	-1.0905279634876308e-07
0.6720000000027986	-1.424995077492497e-07
0.6730000000028027	-1.7515728023553834e-07
0.674000000002807	-2.0698784952699611e-07
0.6750000000028111	-2.3795946413329716e-07
0.6760000000028152	-2.6806679298552183e-07
0.6770000000028193	-2.973723316479493e-07
0.6780000000028237	-3.2598936017258495e-07
0.6790000000028278	-3.5405486631390204e-07
0.6800000000028319	-3.817279607964963e-07
0.6810000000028362	-4.091777840997679e-07
0.6820000000028403	-4.365437704656472e-07
0.6830000000028444	-4.6395023400869206e-07
0.6840000000028486	-4.914589946114489e-07
0.6850000000028529	-5.191224725642485e-07
0.686000000002857	-5.469485993003786e-07
0.6870000000028611	-5.749705980218067e-07
0.6880000000028654	-6.032015631429744e-07
0.6890000000028695	-6.317160092805807e-07
0.6900000000028736	-6.605619176092148e-07
0.6910000000028778	-6.898263937848981e-07
0.6920000000028821	-7.195311284569073e-07
0.6930000000028862	-7.497096741193587e-07
0.6940000000028901	-7.802927162181561e-07
0.6950000000028944	-8.1118675199221e-07
0.6960000000028985	-8.422296540189222e-07
0.6970000000029026	-8.732239558106869e-07
0.6980000000029067	-9.03945523100802e-07
0.6990000000029111	-9.34138005170837e-07
0.7000000000029152	-9.635796140994302e-07
0.7010000000029193	-9.919826526871844e-07
0.7020000000029236	-1.019189344031446e-06
0.7030000000029277	-1.0448825176201382e-06
0.7040000000029318	-1.068968902728784e-06
0.705000000002936	-1.091179604673087e-06
0.7060000000029403	-1.1113594262646131e-06
0.7070000000029444	-1.129423272239194e-06
0.7080000000029485	-1.1451954642360818e-06
0.7090000000029526	-1.1585801185098887e-06
0.7100000000029569	-1.1694913299997722e-06
0.711000000002961	-1.1778054571642826e-06
0.7120000000029651	-1.1834034288060735e-06
0.7130000000029695	-1.1861956381586936e-06
0.7140000000029736	-1.1860073287905948e-06
0.7150000000029777	-1.182781145470102e-06
0.7160000000029818	-1.1764025262817057e-06
0.7170000000029861	-1.1668969490674641e-06
0.7180000000029902	-1.1541382827218172e-06
0.7190000000029944	-1.1382157802941606e-06
0.7200000000029987	-1.1190725039966765e-06
0.7210000000030028	-1.096907261688429e-06
0.7220000000030069	-1.0717156444517428e-06
0.723000000003011	-1.0436981576766868e-06
0.7240000000030153	-1.0130499086269396e-06
0.7250000000030195	-9.799668416743401e-07
0.7260000000030233	-9.447166382514638e-07
0.7270000000030277	-9.075669522573548e-07
0.7280000000030318	-8.686981061156729e-07
0.7290000000030359	-8.28474895353537e-07
0.73000000000304	-7.87096825050071e-07
0.7310000000030443	-7.448684917754633e-07
0.7320000000030484	-7.020963603832087e-07
0.7330000000030525	-6.589946117685486e-07
0.7340000000030569	-6.158678829137898e-07
0.735000000003061	-5.729162222412043e-07
0.7360000000030651	-5.303921510879661e-07
0.7370000000030692	-4.884998547893815e-07
0.7380000000030735	-4.4741068050413446e-07
0.7390000000030776	-4.0723605110315475e-07
0.7400000000030817	-3.6808865422344184e-07
0.7410000000030861	-3.2999630827923454e-07
0.7420000000030902	-2.930062468209371e-07
0.7430000000030943	-2.5713259432791347e-07
0.7440000000030984	-2.2237082886178428e-07
0.7450000000031027	-1.8873502449778812e-07
0.7460000000031068	-1.5618323701005465e-07
0.747000000003111	-1.2467407306537837e-07
0.7480000000031153	-9.417364199570954e-08
0.7490000000031194	-6.456709122915072e-08
0.7500000000031235	-3.578522456137989e-08
0.7510000000031276	-7.697565473918644e-09
0.7520000000031319	1.982215924734021e-08
0.753000000003136	4.691197719175477e-08
0.7540000000031402	7.372335308897249e-08
0.7550000000031445	1.0040515729947685e-07
0.7560000000031484	1.2708833641017492e-07
0.7570000000031525	1.5389089524919797e-07
0.7580000000031566	1.809085670156918e-07
0.7590000000031609	2.0819701584962047e-07
0.760000000003165	2.358421166137603e-07
0.7610000000031691	2.638900439277947e-07
0.7620000000031735	2.923653189546016e-07
0.7630000000031776	3.2134437977227037e-07
0.7640000000031817	3.507723932427709e-07
0.7650000000031858	3.807659713084277e-07
0.7660000000031901	4.1116288473919127e-07
0.7670000000031942	4.4199969750913226e-07
0.7680000000031983	4.731492631027123e-07
0.7690000000032027	5.045338578035796e-07
0.7700000000032068	5.360530904718885e-07
0.7710000000032109	5.675912815306106e-07
0.772000000003215	5.990819125223368e-07
0.7730000000032193	6.304335190554511e-07
0.7740000000032234	6.615981739122034e-07
0.7750000000032276	6.924935589402992e-07
0.7760000000032319	7.230866375662615e-07
0.777000000003236	7.533055624842078e-07
0.7780000000032401	7.830609582981651e-07
0.7790000000032442	8.12273770800509e-07
0.7800000000032485	8.40813327851464e-07
0.7810000000032526	8.685497407956433e-07
0.7820000000032568	8.953529225808055e-07
0.7830000000032611	9.210694389416574e-07
0.7840000000032652	9.455405560743202e-07
0.7850000000032693	9.686424971011576e-07
0.7860000000032734	9.902038849984862e-07
0.7870000000032777	1.0100904693777224e-06
0.7880000000032816	1.0282464166788685e-06
0.7890000000032857	1.044547628059611e-06
0.7900000000032901	1.0588543946088436e-06
0.7910000000032942	1.0712404443502521e-06
0.7920000000032983	1.0815360766969206e-06
0.7930000000033024	1.0897462610071074e-06
0.7940000000033067	1.0958583073206185e-06
0.7950000000033108	1.0999582364945582e-06
0.796000000003315	1.1018930031747587e-06
0.7970000000033193	1.101853153606669e-06
0.7980000000033234	1.0998402764084148e-06
0.7990000000033275	1.095936877693049e-06
0.8000000000033316	1.0900643240274732e-06
0.8010000000033359	1.082397352525355e-06
0.80200000000334	1.0728445738461545e-06
0.8030000000033441	1.0615239801614607e-06
0.8040000000033485	1.0485010151217722e-06
0.8050000000033526	1.0338429601297605e-06
0.8060000000033567	1.017714749917964e-06
0.8070000000033608	1.0002384543961185e-06
0.8080000000033651	9.814981531963696e-07
0.8090000000033692	9.616269994738857e-07
0.8100000000033734	9.407544765416276e-07
0.8110000000033777	9.189856078339886e-07
0.8120000000033818	8.963959351460105e-07
0.8130000000033859	8.731201708300773e-07
0.81400000000339	8.492304777174553e-07
0.8150000000033943	8.248122287390913e-07
0.8160000000033985	8.000076829883795e-07
0.8170000000034026	7.749359767217356e-07
0.8180000000034067	7.49746184691702e-07
0.8190000000034108	7.245836577407516e-07
0.8200000000034149	6.995392900499553e-07
0.821000000003419	6.747298972875626e-07
0.8220000000034233	6.502309886080582e-07
0.8230000000034274	6.26107673373788e-07
0.8240000000034315	6.024037049190412e-07
0.8250000000034359	5.79103586084706e-07
0.82600000000344	5.561978957402403e-07
0.8270000000034441	5.336171351455476e-07
0.8280000000034482	5.113015820734645e-07
0.8290000000034525	4.891914955340582e-07
0.8300000000034566	4.672405148342662e-07
0.8310000000034607	4.45433137263862e-07
0.8320000000034651	4.237809040352758e-07
0.8330000000034692	4.023282507148451e-07
0.8340000000034733	3.811843911627477e-07
0.8350000000034774	3.604304988913398e-07
0.8360000000034817	3.4019898431658646e-07
0.8370000000034858	3.205879375300924e-07
0.83800000000349	3.0169969722493306e-07
0.8390000000034943	2.8366397730739124e-07
0.8400000000034984	2.665437611737431e-07
0.8410000000035025	2.504498746169759e-07
0.8420000000035066	2.3546185823342114e-07
0.8430000000035109	2.2164505586452776e-07
0.844000000003515	2.0904983510927622e-07
0.8450000000035192	1.9776020498962765e-07
0.8460000000035233	1.8776542565213106e-07
0.8470000000035276	1.7905896931846854e-07
0.8480000000035317	1.71614862320979e-07
0.8490000000035356	1.6531467339486738e-07
0.8500000000035399	1.6013100567757732e-07
0.851000000003544	1.5583775558880575e-07
0.8520000000035481	1.5242608164545146e-07
0.8530000000035523	1.4965402028721542e-07
0.8540000000035566	1.4750257038009806e-07
0.8550000000035607	1.4585095176045115e-07
0.8560000000035648	1.4464237474420827e-07
0.8570000000035691	1.4384993318738992e-07
0.8580000000035732	1.4343645104997194e-07
0.8590000000035773	1.433837357733836e-07
0.8600000000035815	1.436880499028348e-07
0.8610000000035858	1.4434979578314966e-07
0.8620000000035899	1.4537901082967153e-07
0.863000000003594	1.468379485780602e-07
0.8640000000035983	1.4875592646568236e-07
0.8650000000036024	1.5117827600885647e-07
0.8660000000036066	1.541543960259517e-07
0.8670000000036107	1.577159955967744e-07
0.868000000003615	1.618487528443069e-07
0.8690000000036191	1.666215825313344e-07
0.8700000000036232	1.7197875867847046e-07
0.8710000000036275	1.7793166340318578e-07
0.8720000000036316	1.844258658012521e-07
0.8730000000036358	1.91399420090832e-07
0.8740000000036399	1.9878284351904085e-07
0.8750000000036442	2.0649841470099517e-07
0.8760000000036483	2.144603570286563e-07
0.8770000000036524	2.2260895704562245e-07
0.8780000000036567	2.3086813782935423e-07
0.8790000000036609	2.391772410126336e-07
0.8800000000036647	2.474639867466877e-07
0.8810000000036688	2.5563776673287464e-07
0.8820000000036732	2.6362033911375704e-07
0.8830000000036773	2.7131910662614445e-07
0.8840000000036814	2.7866724838787604e-07
0.8850000000036857	2.8561038278862583e-07
0.8860000000036898	2.921227387764347e-07
0.887000000003694	2.9818896096767133e-07
0.888000000003698	3.0380940829743963e-07
0.8890000000037024	3.0899853276089573e-07
0.8900000000037065	3.137798592067753e-07
0.8910000000037106	3.181935992468965e-07
0.8920000000037149	3.222900719634936e-07
0.893000000003719	3.261072315519087e-07
0.8940000000037231	3.296805359820354e-07
0.8950000000037273	3.3302861113249094e-07
0.8960000000037316	3.361582290306586e-07
0.8970000000037357	3.390645424428129e-07
0.8980000000037398	3.417538756433913e-07
0.8990000000037441	3.4421733485778816e-07
0.9000000000037482	3.4644093116487085e-07
0.9010000000037524	3.484258819241859e-07
0.9020000000037565	3.5017778488022344e-07
0.9030000000037608	3.517132538544132e-07
0.9040000000037649	3.530360891401685e-07
0.905000000003769	3.54177463690597e-07
0.9060000000037733	3.551475025176387e-07
0.9070000000037775	3.5596934400139446e-07
0.9080000000037816	3.566540869304191e-07
0.9090000000037857	3.572139062324453e-07
0.91000000000379	3.5765308425972364e-07
0.9110000000037939	3.579652504415165e-07
0.912000000003798	3.5814239141007675e-07
0.9130000000038023	3.5816520316256373e-07
0.9140000000038064	3.580323640894889e-07
0.9150000000038105	3.5773499496016825e-07
0.9160000000038147	3.572826412501229e-07
0.917000000003819	3.566632380547219e-07
0.9180000000038231	3.558884456023037e-07
0.9190000000038272	3.5493266081765285e-07
0.9200000000038315	3.537950666876455e-07
0.9210000000038356	3.524398921594951e-07
0.9220000000038397	3.5086756655644535e-07
0.9230000000038439	3.4902569889805335e-07
0.9240000000038482	3.4693256423246055e-07
0.9250000000038523	3.445392935397251e-07
0.9260000000038564	3.418663985232939e-07
0.9270000000038607	3.388687429550785e-07
0.9280000000038648	3.3556514744681465e-07
0.929000000003869	3.3188396897365635e-07
0.9300000000038731	3.278373875703622e-07
0.9310000000038774	3.233273243585799e-07
0.9320000000038815	3.1832445246404717e-07
0.9330000000038856	3.127035780314813e-07
0.9340000000038899	3.064830947918651e-07
0.935000000003894	2.994767689390443e-07
0.9360000000038982	2.917247917677557e-07
0.9370000000039023	2.8311733601960043e-07
0.9380000000039066	2.7368245802961155e-07
0.9390000000039107	2.6332464908573883e-07
0.9400000000039148	2.5211318621654044e-07
0.9410000000039191	2.39981131966438e-07
0.942000000003923	2.269891616890618e-07
0.9430000000039271	2.1316891918310432e-07
0.9440000000039312	1.9859552591316998e-07
0.9450000000039356	1.8322864425712737e-07
0.9460000000039397	1.6715778017317717e-07
0.9470000000039438	1.5036724132500012e-07
0.9480000000039481	1.3289849498665518e-07
0.9490000000039522	1.1478950312504566e-07
0.9500000000039563	9.607256035160106e-08
0.9510000000039605	7.68312368171209e-08
0.9520000000039648	5.7136278708291854e-08
0.9530000000039689	3.708245688294198e-08
0.954000000003973	1.6751600551145884e-08
0.9550000000039773	-3.758604094628026e-09
0.9560000000039814	-2.4354819716521092e-08
0.9570000000039856	-4.494455096981653e-08
0.9580000000039897	-6.547079989260851e-08
0.959000000003994	-8.583077826251895e-08
0.9600000000039981	-1.0601105104868225e-07
0.9610000000040022	-1.2589692244269202e-07
0.9620000000040065	-1.4548803206615446e-07
0.9630000000040106	-1.646941212296582e-07
0.9640000000040148	-1.8353228181666736e-07
0.9650000000040189	-2.0193864402884287e-07
0.9660000000040232	-2.199337154618064e-07
0.9670000000040273	-2.3745865496138663e-07
0.9680000000040314	-2.545058903624664e-07
0.9690000000040357	-2.7103199351508067e-07
0.9700000000040399	-2.8700006660109523e-07
0.9710000000040437	-3.0238198434062724e-07
0.9720000000040478	-3.171567677373588e-07
0.9730000000040522	-3.3131066534686227e-07
0.9740000000040563	-3.4484245570176597e-07
0.9750000000040604	-3.577346554539673e-07
0.9760000000040647	-3.700073980539287e-07
0.9770000000040688	-3.8168034555141617e-07
0.978000000004073	-3.927819620663797e-07
0.979000000004077	-4.033480389686872e-07
0.9800000000040812	-4.134250943810258e-07
0.9810000000040855	-4.2303827707534936e-07
0.9820000000040896	-4.322113857924137e-07
0.9830000000040937	-4.4095554940781767e-07
0.984000000004098	-4.4925294018227646e-07
0.9850000000041004	-4.5708599616389733e-07
0.9860000000041018	-4.6441100565175475e-07
0.987000000004103	-4.711989243233461e-07
0.9880000000041045	-4.773560042803382e-07
0.9890000000041059	-4.82897478892852e-07
0.9900000000041072	-4.876722663471611e-07
0.9910000000041086	-4.917314566643682e-07
0.99200000000411	-4.95022840718562e-07
0.9930000000041115	-4.974917038325088e-07
0.9940000000041127	-4.992086284349995e-07
0.9950000000041141	-5.001257572523343e-07
0.9960000000041156	-5.002290046629554e-07
0.997000000004117	-4.995562774556817e-07
0.9980000000041185	-4.980636432172503e-07
0.9990000000041197	-4.95784821197276e-07
1.0000000000041211	-4.926935097682161e-07
1.001000000004117	-4.887981925882912e-07
1.002000000004113	-4.840337632927572e-07
1.0030000000041086	-4.784240466015888e-07
1.0040000000041045	-4.7193190910732596e-07
1.0050000000041002	-4.645468303365874e-07
1.006000000004096	-4.5625671929450107e-07
1.007000000004092	-4.4700874446412797e-07
1.0080000000040878	-4.368317791936249e-07
1.0090000000040837	-4.2570052261048374e-07
1.0100000000040794	-4.1366435610257213e-07
1.0110000000040753	-4.007053959753648e-07
1.012000000004071	-3.8688046166690526e-07
1.0130000000040669	-3.7224355953213717e-07
1.0140000000040628	-3.5682544208270883e-07
1.0150000000040587	-3.4062497333842146e-07
1.0160000000040534	-3.2367647673225974e-07
1.0170000000040464	-3.059705286911907e-07
1.0180000000040397	-2.875458056106339e-07
1.0190000000040325	-2.684287374599137e-07
1.0200000000040257	-2.486458212658249e-07
1.021000000004019	-2.2822799206068112e-07
1.0220000000040117	-2.0725585692105142e-07
1.023000000004005	-1.857251683556882e-07
1.0240000000039977	-1.637522739628139e-07
1.025000000003991	-1.4125280478616276e-07
1.026000000003984	-1.1835282798244862e-07
1.027000000003977	-9.501601017092298e-08
1.0280000000039702	-7.128542556245065e-08
1.0290000000039632	-4.720399471302983e-08
1.0300000000039562	-2.2789867992756285e-08
1.0310000000039494	1.884894018644445e-09
1.0320000000039424	2.677809041173873e-08
1.0330000000039354	5.183727203039723e-08
1.0340000000039287	7.700883497552269e-08
1.0350000000039217	1.0224501778566264e-07
1.0360000000039147	1.2749201350192862e-07
1.0370000000039077	1.527165025549948e-07
1.0380000000039007	1.7788507467031422e-07
1.039000000003894	2.029713469520189e-07
1.0400000000038867	2.2795232257344367e-07
1.04100000000388	2.5281403503996103e-07
1.0420000000038732	2.775389549292129e-07
1.043000000003866	3.021224882493456e-07
1.0440000000038592	3.2656948545373155e-07
1.0450000000038522	3.509004344870448e-07
1.0460000000038452	3.751314656685878e-07
1.0470000000038384	3.9929179251885216e-07
1.0480000000038314	4.234027179972344e-07
1.0490000000038244	4.474862570491567e-07
1.0500000000038174	4.715530403931467e-07
1.0510000000038104	4.955961917518792e-07
1.0520000000038037	5.195856589423897e-07
1.0530000000037967	5.434890011368765e-07
1.0540000000037897	5.672164653525158e-07
1.055000000003783	5.90746600637182e-07
1.056000000003776	6.139438029073574e-07
1.057000000003769	6.36792332198155e-07
1.0580000000037622	6.591831200886134e-07
1.059000000003755	6.810480692731602e-07
1.0600000000037482	7.022968576686495e-07
1.0610000000037412	7.228332097319878e-07
1.0620000000037342	7.425891876966517e-07
1.0630000000037274	7.614800110467002e-07
1.0640000000037202	7.794566985186435e-07
1.0650000000037134	7.964863837361946e-07
1.0660000000037064	8.12528153870673e-07
1.0670000000036994	8.275956303593901e-07
1.0680000000036927	8.416178315373557e-07
1.0690000000036857	8.546095091599426e-07
1.0700000000036787	8.665270184726737e-07
1.071000000003672	8.773014479324104e-07
1.072000000003665	8.869423158142098e-07
1.073000000003658	8.953803285471906e-07
1.0740000000036511	9.026460989769447e-07
1.075000000003644	9.087250332218133e-07
1.0760000000036372	9.135949862182358e-07
1.0770000000036304	9.173119794869677e-07
1.0780000000036232	9.197759629486768e-07
1.0790000000036164	9.210866700470888e-07
1.0800000000036092	9.2125820561062e-07
1.0810000000036024	9.202491885185182e-07
1.0820000000035954	9.181454303508474e-07
1.0830000000035884	9.14908085181132e-07
1.0840000000035817	9.105938719722317e-07
1.0850000000035747	9.05237946158266e-07
1.0860000000035677	8.988501568607532e-07
1.087000000003561	8.915223587147025e-07
1.088000000003554	8.832894515808931e-07
1.089000000003547	8.741560827418837e-07
1.0900000000035401	8.642032643946251e-07
1.091000000003533	8.534470268273253e-07
1.0920000000035262	8.41898072367897e-07
1.0930000000035192	8.29651264244724e-07
1.0940000000035122	8.167290050931086e-07
1.0950000000035054	8.032121829870675e-07
1.0960000000034982	7.891342638233212e-07
1.0970000000034914	7.745325729668906e-07
1.0980000000034844	7.594505244679084e-07
1.0990000000034774	7.438711278062726e-07
1.1000000000034706	7.278218753237198e-07
1.1010000000034637	7.112275853815575e-07
1.1020000000034567	6.94098895137607e-07
1.1030000000034499	6.763857264280304e-07
1.104000000003443	6.580773481701385e-07
1.105000000003436	6.391726797838615e-07
1.106000000003429	6.196955288917394e-07
1.107000000003422	5.996689064202698e-07
1.1080000000034151	5.790930597271426e-07
1.1090000000034081	5.579809829736604e-07
1.1100000000034012	5.363574308026031e-07
1.1110000000033944	5.14259666628547e-07
1.1120000000033872	4.917297059536807e-07
1.1130000000033804	4.688306232125683e-07
1.1140000000033736	4.4559236844765593e-07
1.1150000000033664	4.220482275885118e-07
1.1160000000033596	3.9819635910820494e-07
1.1170000000033526	3.740429455056926e-07
1.1180000000033457	3.4960301653619297e-07
1.1190000000033387	3.249184614695366e-07
1.1200000000033317	3.0000352579939715e-07
1.121000000003325	2.7492543930307534e-07
1.122000000003318	2.496952904440519e-07
1.123000000003311	2.2436189439645204e-07
1.1240000000033041	1.989492038889651e-07
1.1250000000032971	1.7349988423731588e-07
1.1260000000032901	1.4803590486778262e-07
1.1270000000032834	1.2258186732339027e-07
1.1280000000032764	9.715037496693668e-08
1.1290000000032694	7.176315497403607e-08
1.1300000000032626	4.644229556483026e-08
1.1310000000032554	2.121376552199905e-08
1.1320000000032486	-3.886493793459067e-09
1.1330000000032414	-2.880889926615282e-08
1.1340000000032346	-5.351711385159774e-08
1.1350000000032279	-7.797801826470163e-08
1.1360000000032207	-1.0216473667057357e-07
1.1370000000032139	-1.260361841559643e-07
1.138000000003207	-1.4956103844276925e-07
1.1390000000032	-1.7269546859211005e-07
1.1400000000031931	-1.9541792539712333e-07
1.1410000000031861	-2.1771503644352208e-07
1.1420000000031791	-2.3955689476551356e-07
1.1430000000031724	-2.61004060808645e-07
1.1440000000031654	-2.820291915561768e-07
1.1450000000031584	-3.026916446380312e-07
1.1460000000031516	-3.229959228967516e-07
1.1470000000031444	-3.4293201811586016e-07
1.1480000000031376	-3.6250895085743196e-07
1.1490000000031304	-3.817281235551917e-07
1.1500000000031236	-4.005777238802466e-07
1.1510000000031169	-4.190386202473917e-07
1.1520000000031096	-4.3711113173472427e-07
1.1530000000031029	-4.5479300037065684e-07
1.1540000000030959	-4.7211968201565924e-07
1.155000000003089	-4.89083455734729e-07
1.1560000000030821	-5.057416143650073e-07
1.1570000000030751	-5.220615388878969e-07
1.1580000000030681	-5.381066654486233e-07
1.1590000000030614	-5.538684624273316e-07
1.1600000000030544	-5.693325093591994e-07
1.1610000000030474	-5.845243413737933e-07
1.1620000000030404	-5.993943643645139e-07
1.1630000000030334	-6.13946129934817e-07
1.1640000000030266	-6.281434967725374e-07
1.1650000000030196	-6.419461391349301e-07
1.1660000000030126	-6.553291351796275e-07
1.1670000000030059	-6.682369106947306e-07
1.1680000000029986	-6.806111014778793e-07
1.1690000000029919	-6.923843052231149e-07
1.1700000000029849	-7.034802413929953e-07
1.1710000000029779	-7.138385320626384e-07
1.172000000002971	-7.2339592294135e-07
1.1730000000029641	-7.320733266258372e-07
1.1740000000029571	-7.398262815705436e-07
1.1750000000029501	-7.465893048230754e-07
1.1760000000029431	-7.523619500737766e-07
1.1770000000029364	-7.5704173774227e-07
1.1780000000029294	-7.606845588981059e-07
1.1790000000029224	-7.632719838390756e-07
1.1800000000029156	-7.649053899161373e-07
1.1810000000029086	-7.656110705411834e-07
1.1820000000029016	-7.654947007385005e-07
1.1830000000028948	-7.646205053557509e-07
1.1840000000028876	-7.630212923714907e-07
1.1850000000028809	-7.607092722405895e-07
1.186000000002874	-7.576351928051395e-07
1.1870000000028669	-7.538300266229925e-07
1.18800000000286	-7.49168249880583e-07
1.1890000000028529	-7.436542290850667e-07
1.1900000000028461	-7.372348305167975e-07
1.1910000000028391	-7.298527699983737e-07
1.1920000000028321	-7.215198420951197e-07
1.1930000000028254	-7.122284904070852e-07
1.1940000000028184	-7.019805388086553e-07
1.1950000000028114	-6.908580794107166e-07
1.1960000000028046	-6.789251252303785e-07
1.1970000000027976	-6.662353897457507e-07
1.1980000000027906	-6.52810361767564e-07
1.1990000000027838	-6.387322648571114e-07
1.2000000000027768	-6.240678231961283e-07
1.2010000000027699	-6.088363875278446e-07
1.2020000000027629	-5.931125279801108e-07
1.2030000000027559	-5.768635946701295e-07
1.204000000002749	-5.600635435420998e-07
1.2050000000027419	-5.427521594381091e-07
1.206000000002735	-5.248431063087367e-07
1.2070000000027283	-5.063870500698897e-07
1.2080000000027211	-4.873040737596313e-07
1.2090000000027143	-4.6762590222293454e-07
1.2100000000027074	-4.4738714599645846e-07
1.2110000000027004	-4.265766113675795e-07
1.2120000000026936	-4.052450095493043e-07
1.2130000000026866	-3.8337833374590957e-07
1.2140000000026796	-3.610022909494859e-07
1.2150000000026726	-3.3816147060328205e-07
1.2160000000026656	-3.1487794371898303e-07
1.2170000000026588	-2.9123374867268126e-07
1.2180000000026519	-2.672869496844754e-07
1.2190000000026449	-2.431256109769464e-07
1.220000000002638	-2.1880932710161005e-07
1.2210000000026309	-1.9440214549248935e-07
1.222000000002624	-1.6994128904102013e-07
1.2230000000026173	-1.4546202331544578e-07
1.2240000000026101	-1.2099958413003264e-07
1.2250000000026033	-9.658541522128417e-08
1.2260000000025963	-7.226269449489564e-08
1.2270000000025894	-4.807298537023996e-08
1.2280000000025826	-2.406213517325284e-08
1.2290000000025754	-2.6855495605104807e-10
1.2300000000025686	2.3269403737202765e-08
1.2310000000025616	4.653627727613241e-08
1.2320000000025546	6.953158560030204e-08
1.2330000000025478	9.227189556870741e-08
1.2340000000025408	1.1476936201404442e-07
1.2350000000025338	1.370506228504098e-07
1.236000000002527	1.591321445726379e-07
1.23700000000252	1.810216714304147e-07
1.238000000002513	2.0271743172983747e-07
1.2390000000025063	2.2421246925752314e-07
1.240000000002499	2.454758326608797e-07
1.2410000000024923	2.664771885374506e-07
1.2420000000024853	2.871745620192101e-07
1.2430000000024783	3.0753588542431487e-07
1.2440000000024716	3.2749494860428996e-07
1.2450000000024644	3.470132378113888e-07
1.2460000000024576	3.6602304520627627e-07
1.2470000000024506	3.8448853567629726e-07
1.2480000000024436	4.023915485262819e-07
1.2490000000024368	4.197126094451775e-07
1.2500000000024298	4.3643519465064173e-07
1.2510000000024228	4.525628186646813e-07
1.252000000002416	4.680724443595352e-07
1.253000000002409	4.829659249194762e-07
1.254000000002402	4.972549655368752e-07
1.2550000000023953	5.10933835573546e-07
1.256000000002388	5.240381018012386e-07
1.2570000000023813	5.366437647591482e-07
1.2580000000023743	5.487944616522356e-07
1.2590000000023673	5.605573529798846e-07
1.2600000000023606	5.719971726270145e-07
1.2610000000023533	5.831421164836925e-07
1.2620000000023466	5.940079031985235e-07
1.2630000000023396	6.046224025890723e-07
1.2640000000023326	6.149852176395854e-07
1.2650000000023258	6.251309259130977e-07
1.2660000000023188	6.350511000396963e-07
1.2670000000023118	6.447109446305888e-07
1.268000000002305	6.541081476463262e-07
1.269000000002298	6.631667286427501e-07
1.270000000002291	6.718688569939957e-07
1.271000000002284	6.801926004662562e-07
1.272000000002277	6.88106092772145e-07
1.2730000000022703	6.9561274096408e-07
1.2740000000022633	7.026790888042811e-07
1.2750000000022563	7.093006375580302e-07
1.2760000000022496	7.154738860259968e-07
1.2770000000022423	7.212045975979464e-07
1.2780000000022356	7.264996663147727e-07
1.2790000000022288	7.313818962684238e-07
1.2800000000022216	7.358403718571438e-07
1.2810000000022148	7.399170690591816e-07
1.2820000000022078	7.436257637438715e-07
1.2830000000022008	7.470188010394452e-07
1.2840000000021938	7.500761107781528e-07
1.2850000000021868	7.528232093267917e-07
1.28600000000218	7.552067603500134e-07
1.287000000002173	7.57266272466417e-07
1.288000000002166	7.589529569251852e-07
1.2890000000021593	7.602529157324511e-07
1.2900000000021523	7.611083171488175e-07
1.2910000000021453	7.615085024781365e-07
1.2920000000021385	7.614185438820087e-07
1.2930000000021313	7.608589770446983e-07
1.2940000000021246	7.597950034687884e-07
1.2950000000021178	7.582608125833445e-07
1.2960000000021106	7.562234989322292e-07
1.2970000000021038	7.536954549358654e-07
1.2980000000020966	7.506902357512502e-07
1.2990000000020898	7.471407830195176e-07
1.3000000000020828	7.431067521324053e-07
1.3010000000020758	7.385472171606011e-07
1.302000000002069	7.335188617618726e-07
1.303000000002062	7.280265714726397e-07
1.304000000002055	7.22091148985804e-07
1.3050000000020483	7.157315867756253e-07
1.3060000000020413	7.089265746662576e-07
1.3070000000020343	7.016612819654711e-07
1.3080000000020275	6.939013004192418e-07
1.3090000000020205	6.856287670942152e-07
1.3100000000020136	6.768197944317933e-07
1.3110000000020068	6.674675762097237e-07
1.3120000000019996	6.575743031200787e-07
1.3130000000019928	6.4713671998895e-07
1.3140000000019856	6.361734873339131e-07
1.3150000000019788	6.247181283391967e-07
1.316000000001972	6.128019265361218e-07
1.3170000000019648	6.005012037624269e-07
1.318000000001958	5.878674982362497e-07
1.319000000001951	5.749606716287659e-07
1.320000000001944	5.618086423853086e-07
1.3210000000019373	5.484502116903656e-07
1.3220000000019303	5.348998974863406e-07
1.3230000000019233	5.211947329275546e-07
1.3240000000019165	5.073567823643543e-07
1.3250000000019095	4.934031261338845e-07
1.3260000000019025	4.793492583976544e-07
1.3270000000018956	4.651994025550721e-07
1.3280000000018886	4.509577156142086e-07
1.3290000000018818	4.3661830795294065e-07
1.3300000000018748	4.221657781133814e-07
1.3310000000018678	4.075834463268535e-07
1.332000000001861	3.928565226463121e-07
1.3330000000018538	3.7796923479938016e-07
1.334000000001847	3.629286041695323e-07
1.33500000000184	3.4772358892265487e-07
1.336000000001833	3.3239914609684007e-07
1.3370000000018263	3.1698350477782355e-07
1.3380000000018193	3.0153227370544045e-07
1.3390000000018123	2.8609730451378823e-07
1.3400000000018053	2.707233435206291e-07
1.3410000000017983	2.5545717408093083e-07
1.3420000000017915	2.40319597777372e-07
1.3430000000017845	2.2533126031731854e-07
1.3440000000017776	2.1048759768493852e-07
1.3450000000017708	1.957876923919244e-07
1.3460000000017638	1.8122159373135105e-07
1.3470000000017568	1.6676907899082494e-07
1.34800000000175	1.5240996942278429e-07
1.3490000000017428	1.3810602339514588e-07
1.350000000001736	1.2381814862294505e-07
1.3510000000017293	1.0951133999625995e-07
1.352000000001722	9.514731535986698e-08
1.3530000000017153	8.071115020769071e-08
1.354000000001708	6.618985481932071e-08
1.3550000000017013	5.160455418540266e-08
1.3560000000016943	3.696411288167667e-08
1.3570000000016873	2.2308718206076605e-08
1.3580000000016805	7.665133971990201e-09
1.3590000000016735	-6.926236473248082e-09
1.3600000000016665	-2.143524646669448e-08
1.3610000000016598	-3.58342682194035e-08
1.3620000000016528	-5.011831860635141e-08
1.3630000000016458	-6.426563703421095e-08
1.364000000001639	-7.824732528582956e-08
1.3650000000016318	-9.200455641789063e-08
1.366000000001625	-1.0545011819296235e-07
1.367000000001618	-1.1847674796783281e-07
1.368000000001611	-1.31006268278e-07
1.3690000000016043	-1.4299704442777283e-07
1.370000000001597	-1.5443015199956278e-07
1.3710000000015903	-1.653617791586015e-07
1.3720000000015833	-1.7579459266059416e-07
1.3730000000015763	-1.857782696568222e-07
1.3740000000015695	-1.9530285788604829e-07
1.3750000000015625	-2.0436482772723252e-07
1.3760000000015555	-2.1294396979065766e-07
1.3770000000015488	-2.2094260443417113e-07
1.3780000000015418	-2.2836653790214712e-07
1.3790000000015348	-2.351386516608045e-07
1.3800000000015278	-2.4125886888271e-07
1.3810000000015208	-2.467347086643201e-07
1.382000000001514	-2.5158466954167125e-07
1.383000000001507	-2.558410203690187e-07
1.3840000000015	-2.5951420923320256e-07
1.3850000000014933	-2.626053328125266e-07
1.386000000001486	-2.6511270956319777e-07
1.3870000000014793	-2.670028722562279e-07
1.3880000000014725	-2.683105970735511e-07
1.3890000000014653	-2.690292835172414e-07
1.3900000000014585	-2.691358498285723e-07
1.3910000000014515	-2.6867402103114557e-07
1.3920000000014445	-2.676314059257834e-07
1.3930000000014378	-2.6608459924304384e-07
1.3940000000014305	-2.6405576147858767e-07
1.3950000000014238	-2.6160385879769876e-07
1.3960000000014168	-2.587294583022981e-07
1.3970000000014098	-2.554789446662653e-07
1.398000000001403	-2.5184725416238507e-07
1.399000000001396	-2.4783549412710215e-07
1.400000000001389	-2.434022554620441e-07
1.4010000000013823	-2.3851495067894746e-07
1.4020000000013753	-2.3311252750346512e-07
1.4030000000013683	-2.2722473191905124e-07
1.4040000000013615	-2.208794982472284e-07
1.4050000000013543	-2.140650934290278e-07
1.4060000000013475	-2.0681702594949058e-07
1.4070000000013405	-1.9912934412502636e-07
1.4080000000013335	-1.9103923598606798e-07
1.4090000000013267	-1.8253746514318436e-07
1.4100000000013195	-1.7367718330163484e-07
1.4110000000013128	-1.6446705175532372e-07
1.4120000000013058	-1.5495140925914086e-07
1.4130000000012988	-1.451494149318222e-07
1.414000000001292	-1.35071565710021e-07
1.415000000001285	-1.247528385039942e-07
1.416000000001278	-1.1420727630273575e-07
1.4170000000012712	-1.0346624557122652e-07
1.4180000000012642	-9.252282362481878e-08
1.4190000000012573	-8.139750540259172e-08
1.4200000000012505	-7.010932145945503e-08
1.4210000000012433	-5.868354624460892e-08
1.4220000000012365	-4.714991952425862e-08
1.4230000000012293	-3.555835959012654e-08
1.4240000000012225	-2.3929681791656776e-08
1.4250000000012157	-1.2294810947111046e-08
1.4260000000012085	-6.535720853406701e-10
1.4270000000012018	1.099450819275205e-08
1.4280000000011948	2.2656824305578027e-08
1.4290000000011878	3.4331619991334605e-08
1.430000000001181	4.601204561804906e-08
1.431000000001174	5.768631439195815e-08
1.432000000001167	6.933714780110733e-08
1.4330000000011602	8.094741565933816e-08
1.4340000000011532	9.250339927380224e-08
1.4350000000011462	1.0400213812378212e-07
1.4360000000011393	1.1545101219478937e-07
1.4370000000011323	1.2686965478181378e-07
1.4380000000011255	1.3827665967802716e-07
1.4390000000011185	1.4968556438788028e-07
1.4400000000011115	1.6110361467092105e-07
1.4410000000011047	1.7253174844356067e-07
1.4420000000010975	1.8397853329688019e-07
1.4430000000010907	1.9545741047899412e-07
1.4440000000010837	2.0698140756891803e-07
1.4450000000010768	2.1855175735829846e-07
1.44600000000107	2.3015352057509375e-07
1.447000000001063	2.417634389351164e-07
1.448000000001056	2.5333562858609326e-07
1.449000000001049	2.6484109849622683e-07
1.450000000001042	2.7622530995863315e-07
1.4510000000010352	2.8746970359705415e-07
1.4520000000010282	2.9851394689472954e-07
1.4530000000010213	3.0935479089500006e-07
1.4540000000010145	3.199763911609921e-07
1.4550000000010075	3.303809804622304e-07
1.4560000000010005	3.405882322837783e-07
1.4570000000009937	3.5061516201473353e-07
1.4580000000009865	3.604777871757392e-07
1.4590000000009797	3.701677255829594e-07
1.460000000000973	3.7966813715151204e-07
1.4610000000009657	3.889384261324125e-07
1.462000000000959	3.979701606038333e-07
1.4630000000009518	4.0674215073810416e-07
1.464000000000945	4.1526823801874e-07
1.465000000000938	4.235292305754257e-07
1.466000000000931	4.3154371731635166e-07
1.4670000000009242	4.392896054694617e-07
1.4680000000009172	4.4676862520631744e-07
1.4690000000009102	4.5395348846621886e-07
1.4700000000009035	4.60848669003866e-07
1.4710000000008965	4.674206464105879e-07
1.4720000000008895	4.7367389099939317e-07
1.4730000000008827	4.796025161457607e-07
1.4740000000008757	4.852300907742801e-07
1.4750000000008687	4.90574150635581e-07
1.476000000000862	4.956763455243873e-07
1.4770000000008547	5.005404305480354e-07
1.478000000000848	5.05194895805694e-07
1.4790000000008408	5.096410501392867e-07
1.480000000000834	5.13894176989993e-07
1.4810000000008272	5.179728502779923e-07
1.48200000000082	5.218835159581658e-07
1.4830000000008132	5.256332215042292e-07
1.4840000000008062	5.292258589140175e-07
1.4850000000007992	5.326764768165404e-07
1.4860000000007925	5.359708816765618e-07
1.4870000000007855	5.39117242515097e-07
1.4880000000007785	5.421036699537751e-07
1.4890000000007717	5.449157816084238e-07
1.4900000000007645	5.475262205845155e-07
1.4910000000007577	5.499439775791259e-07
1.4920000000007507	5.521229016203222e-07
1.4930000000007437	5.540974707951563e-07
1.494000000000737	5.558567187646801e-07
1.49500000000073	5.574180237388759e-07
1.496000000000723	5.588037033099624e-07
1.497000000000716	5.600406023376081e-07
1.498000000000709	5.611478559597316e-07
1.4990000000007022	5.621415521961382e-07
1.5000000000006952	5.630224286790053e-07
1.5010000000006882	5.637993432117128e-07
1.5020000000006815	5.644679281768816e-07
1.5030000000006745	5.650395509260164e-07
1.5040000000006675	5.655140404847714e-07
1.5050000000006605	5.659093652576885e-07
1.5060000000006535	5.662397304373457e-07
1.5070000000006467	5.665180271563486e-07
1.5080000000006397	5.667507295692431e-07
1.5090000000006327	5.669384741668893e-07
1.5100000000006257	5.670701508364573e-07
1.5110000000006187	5.671320770783694e-07
1.512000000000612	5.671135746565525e-07
1.513000000000605	5.670026101967096e-07
1.514000000000598	5.66803570967167e-07
1.5150000000005912	5.665205444760346e-07
1.5160000000005842	5.661613725616021e-07
1.5170000000005772	5.657385903079515e-07
1.5180000000005702	5.652322625504524e-07
1.5190000000005632	5.646359249045219e-07
1.5200000000005565	5.639200599816263e-07
1.5210000000005495	5.630474182449774e-07
1.5220000000005425	5.620131949823914e-07
1.5230000000005357	5.607796347284477e-07
1.5240000000005285	5.593637295575604e-07
1.5250000000005217	5.577512478538438e-07
1.5260000000005147	5.559756834916385e-07
1.5270000000005077	5.540266370118729e-07
1.528000000000501	5.519368073692021e-07
1.529000000000494	5.49702210084213e-07
1.530000000000487	5.473466007099859e-07
1.53100000000048	5.44887176601172e-07
1.532000000000473	5.423534611415093e-07
1.5330000000004662	5.39766416229881e-07
1.5340000000004592	5.37137228029394e-07
1.5350000000004522	5.34466570334402e-07
1.5360000000004455	5.31729690722571e-07
1.5370000000004385	5.288947092507712e-07
1.5380000000004315	5.259164441717701e-07
1.5390000000004245	5.227586183931265e-07
1.5400000000004175	5.194201508906815e-07
1.5410000000004107	5.15899607589354e-07
1.5420000000004037	5.122339894469974e-07
1.5430000000003967	5.084710643643575e-07
1.5440000000003897	5.046597596480851e-07
1.5450000000003827	5.008410887130665e-07
1.546000000000376	4.969914801922215e-07
1.547000000000369	4.930816214221423e-07
1.548000000000362	4.890334714957589e-07
1.549000000000355	4.848122319156545e-07
1.5500000000003482	4.804061590757414e-07
1.5510000000003412	4.758100572432866e-07
1.5520000000003342	4.7109124223787546e-07
1.5530000000003272	4.6629841721212983e-07
1.5540000000003205	4.614831721205803e-07
1.5550000000003135	4.566576974340819e-07
1.5560000000003065	4.518055966018508e-07
1.5570000000002997	4.468746576113958e-07
1.5580000000002925	4.4179298230861974e-07
1.5590000000002857	4.364800163525473e-07
1.5600000000002787	4.3089776724514195e-07
1.5610000000002717	4.2502507391350974e-07
1.5620000000002647	4.1888806090462083e-07
1.5630000000002577	4.125493610063202e-07
1.564000000000251	4.060691305429742e-07
1.565000000000244	3.995360374764445e-07
1.566000000000237	3.9301576482131395e-07
1.5670000000002302	3.8655646372731667e-07
1.5680000000002232	3.801911101497524e-07
1.5690000000002162	3.739380947109794e-07
1.5700000000002092	3.6779350187643445e-07
1.5710000000002025	3.6176078088701047e-07
1.5720000000001955	3.5584646562725197e-07
1.5730000000001885	3.500368483955185e-07
1.5740000000001815	3.443178758777421e-07
1.5750000000001747	3.38668528776509e-07
1.5760000000001675	3.3305160940244605e-07
1.5770000000001607	3.274099980021816e-07
1.5780000000001537	3.21677567471923e-07
1.5790000000001467	3.158001581349268e-07
1.58000000000014	3.097351606307086e-07
1.581000000000133	3.034349731478869e-07
1.582000000000126	2.96849062442206e-07
1.583000000000119	2.899002420342356e-07
1.584000000000112	2.825878789858294e-07
1.5850000000001052	2.748827929721642e-07
1.5860000000000982	2.668389447180175e-07
1.5870000000000912	2.5850833640372883e-07
1.5880000000000845	2.5000127423790985e-07
1.5890000000000775	2.414094666391975e-07
1.5900000000000705	2.3281959982135447e-07
1.5910000000000635	2.2430473167744935e-07
1.5920000000000565	2.1594369381539025e-07
1.5930000000000497	2.07777916760854e-07
1.5940000000000427	1.9987663102405406e-07
1.5950000000000357	1.9223680891578e-07
1.5960000000000287	1.8487986930271205e-07
1.5970000000000217	1.777376775757844e-07
1.598000000000015	1.7078761882505233e-07
1.599000000000008	1.6396540714058716e-07
1.600000000000001	1.5720024837406754e-07
1.6009999999999942	1.504473611246837e-07
1.6019999999999872	1.4365650358172388e-07
1.6029999999999802	1.3681736077408857e-07
1.6039999999999732	1.29915560864724e-07
1.6049999999999662	1.2294150775193913e-07
1.6059999999999595	1.1590128801142185e-07
1.6069999999999525	1.0880200240759308e-07
1.6079999999999455	1.016499855399644e-07
1.6089999999999387	9.44689099169338e-08
1.6099999999999315	8.72813468166811e-08
1.6109999999999247	8.010596230789702e-08
1.6119999999999177	7.296381565602417e-08
1.6129999999999107	6.588486534120364e-08
1.6139999999999037	5.890735943481218e-08
1.614999999999897	5.208437237058661e-08
1.61599999999989	4.547103804597441e-08
1.616999999999883	3.9096577642006025e-08
1.617999999999876	3.3018494827175005e-08
1.6189999999998692	2.723786263203465e-08
1.6199999999998622	2.1766176305781926e-08
1.6209999999998552	1.6552140991166198e-08
1.6219999999998485	1.1566814173136208e-08
1.6229999999998415	6.7652369262205525e-09
1.6239999999998345	2.1216595147421913e-09
1.6249999999998275	-2.388574449341263e-09
1.6259999999998205	-6.808731800589385e-09
1.6269999999998137	-1.1186155335352055e-08
1.6279999999998067	-1.556623008269753e-08
1.6289999999997997	-1.9973568132769515e-08
1.6299999999997927	-2.4432772249838308e-08
1.6309999999997857	-2.895534501057284e-08
1.631999999999779	-3.354256206122841e-08
1.632999999999772	-3.817984461917945e-08
1.633999999999765	-4.284310883839737e-08
1.634999999999758	-4.74886281409681e-08
1.6359999999997512	-5.2069454081760114e-08
1.6369999999997442	-5.654921886311115e-08
1.6379999999997372	-6.089870185910229e-08
1.6389999999997302	-6.510273253823584e-08
1.6399999999997235	-6.912421213201014e-08
1.6409999999997165	-7.293777715133842e-08
1.6419999999997095	-7.650797040348323e-08
1.6429999999997025	-7.980684402220106e-08
1.6439999999996955	-8.285318697787147e-08
1.6449999999996887	-8.566591702674486e-08
1.6459999999996817	-8.824498487491894e-08
1.6469999999996747	-9.060466932275801e-08
1.6479999999996677	-9.273383705377114e-08
1.6489999999996607	-9.461003713795435e-08
1.649999999999654	-9.623407204450984e-08
1.650999999999647	-9.759900976291647e-08
1.65199999999964	-9.869381201177418e-08
1.6529999999996332	-9.952456281325794e-08
1.6539999999996262	-1.0007452355687008e-07
1.6549999999996192	-1.0042735154591753e-07
1.6559999999996122	-1.00641246447708e-07
1.6569999999996052	-1.0083639323532623e-07
1.6579999999995985	-1.0112623094471473e-07
1.6589999999995915	-1.0159131669240651e-07
1.6599999999995845	-1.0226410074309911e-07
1.6609999999995777	-1.0315093645907325e-07
1.6619999999995705	-1.0422510099417082e-07
1.6629999999995637	-1.05452365950498e-07
1.6639999999995567	-1.0678911133155111e-07
1.6649999999995497	-1.0818773987786301e-07
1.665999999999543	-1.0959966001422572e-07
1.666999999999536	-1.1098462815439802e-07
1.667999999999529	-1.1232391639026673e-07
1.668999999999522	-1.1361251184283105e-07
1.669999999999515	-1.1485015272150179e-07
1.6709999999995082	-1.1605660477087554e-07
1.6719999999995012	-1.172513264258157e-07
1.6729999999994942	-1.1844666136795468e-07
1.6739999999994875	-1.196334638020602e-07
1.6749999999994805	-1.2079708078260865e-07
1.6759999999994735	-1.2191676002082374e-07
1.6769999999994665	-1.2296719686943902e-07
1.6779999999994595	-1.2389958858882721e-07
1.6789999999994527	-1.2468881416261013e-07
1.6799999999994457	-1.2528636039732532e-07
1.6809999999994387	-1.256766275492538e-07
1.6819999999994317	-1.2585972530843037e-07
1.6829999999994247	-1.2582483277512324e-07
1.683999999999418	-1.2558538142748432e-07
1.684999999999411	-1.2511856772867702e-07
1.685999999999404	-1.2441460106593638e-07
1.6869999999993972	-1.2346824007636314e-07
1.6879999999993902	-1.222721572879948e-07
1.6889999999993832	-1.2081704503508206e-07
1.6899999999993762	-1.1907302677194309e-07
1.6909999999993692	-1.170189720678394e-07
1.6919999999993625	-1.1463844740156048e-07
1.6929999999993555	-1.1194430848959769e-07
1.6939999999993485	-1.089497780881743e-07
1.6949999999993415	-1.056927947384878e-07
1.6959999999993345	-1.0222887825150906e-07
1.6969999999993277	-9.859698923975202e-08
1.6979999999993207	-9.482915763747712e-08
1.6989999999993137	-9.096657671570085e-08
1.6999999999993067	-8.705047060963977e-08
1.7009999999993	-8.3118354865519e-08
1.701999999999293	-7.922430156348526e-08
1.702999999999286	-7.540169844055811e-08
1.703999999999279	-7.170512517085115e-08
1.7049999999992722	-6.815523101444398e-08
1.7059999999992652	-6.483917891486612e-08
1.7069999999992582	-6.178039591020479e-08
1.7079999999992515	-5.899174793100315e-08
1.7089999999992442	-5.646442780005145e-08
1.7099999999992375	-5.4133435511971584e-08
1.7109999999992305	-5.1922749211286146e-08
1.7119999999992235	-4.979460621612475e-08
1.7129999999992167	-4.768618921957568e-08
1.7139999999992095	-4.555678279061226e-08
1.7149999999992027	-4.335451864179163e-08
1.7159999999991957	-4.10371212566929e-08
1.7169999999991887	-3.856963481929654e-08
1.717999999999182	-3.5925014074678074e-08
1.718999999999175	-3.306565887761792e-08
1.719999999999168	-2.999521120372606e-08
1.720999999999161	-2.674507193489717e-08
1.721999999999154	-2.335444171386314e-08
1.7229999999991472	-1.9886379210021232e-08
1.7239999999991402	-1.6389304136055216e-08
1.7249999999991332	-1.290802864595264e-08
1.7259999999991265	-9.4589318599958e-09
1.7269999999991195	-6.057147228233362e-09
1.7279999999991125	-2.7056199503050493e-09
1.7289999999991055	5.788641788129212e-10
1.7299999999990985	3.761966405058104e-09
1.7309999999990917	6.8382000062428006e-09
1.7319999999990847	9.771203512976001e-09
1.7329999999990777	1.2552873629445571e-08
1.7339999999990707	1.5167749500832883e-08
1.7349999999990655	1.764013113358942e-08
1.7359999999990614	2.0001591494178683e-08
1.7369999999990573	2.2292046764071927e-08
1.7379999999990532	2.4577110679935288e-08
1.7389999999990489	2.6897020610761047e-08
1.7399999999990448	2.9293494074877913e-08
1.7409999999990406	3.181060026502536e-08
1.7419999999990363	3.4452201758128354e-08
1.7429999999990322	3.72228250444806e-08
1.743999999999028	4.0099688791706e-08
1.744999999999024	4.307615630860795e-08
1.74599999999902	4.61111215876997e-08
1.7469999999990156	4.9143960900721595e-08
1.7479999999990115	5.211370845970009e-08
1.7489999999990071	5.4968034346458694e-08
1.749999999999003	5.764785082629231e-08
1.7509999999990045	6.016160281063776e-08
1.751999999999006	6.247444506168875e-08
1.7529999999990071	6.459750578891033e-08
1.7539999999990086	6.654023443353196e-08
1.75499999999901	6.833181709353653e-08
1.7559999999990115	7.001928881145147e-08
1.756999999999013	7.162417103856455e-08
1.7579999999990141	7.314970584815228e-08
1.7589999999990156	7.457687056788842e-08
1.759999999999017	7.590269102131231e-08
1.7609999999990182	7.713140115495065e-08
1.7619999999990197	7.83030340567592e-08
1.7629999999990211	7.94312657870222e-08
1.7639999999990226	8.052451916373826e-08
1.7649999999990238	8.155340081028584e-08
1.7659999999990263	8.247890315171702e-08
1.7669999999990305	8.326410028125508e-08
1.7679999999990346	8.389634631456033e-08
1.7689999999990387	8.439060916742847e-08
1.769999999999043	8.478277691015279e-08
1.7709999999990471	8.512837190721712e-08
1.7719999999990512	8.545629337497473e-08
1.7729999999990556	8.578234433898047e-08
1.7739999999990597	8.609586421570725e-08
1.7749999999990638	8.637331161409634e-08
1.7759999999990679	8.659905115226962e-08
1.776999999999072	8.675099327781766e-08
1.7779999999990763	8.681719743108829e-08
1.7789999999990804	8.676423313147552e-08
1.7799999999990845	8.65606829547616e-08
1.7809999999990886	8.620535185688283e-08
1.781999999999093	8.569555465243184e-08
1.782999999999097	8.508100834969667e-08
1.7839999999991012	8.437438503428041e-08
1.7849999999991053	8.357187741836469e-08
1.7859999999991096	8.264664586032922e-08
1.7869999999991137	8.155885655725115e-08
1.7879999999991179	8.033470944024401e-08
1.788999999999122	7.896065679080522e-08
1.789999999999126	7.742337482241624e-08
1.7909999999991304	7.569971161025535e-08
1.7919999999991345	7.379570932108948e-08
1.7929999999991386	7.163426518630445e-08
1.7939999999991427	6.926136586482556e-08
1.794999999999147	6.667480767497125e-08
1.7959999999991512	6.388112572253135e-08
1.7969999999991553	6.089848914037077e-08
1.7979999999991594	5.770002620142378e-08
1.7989999999991637	5.4291740880785255e-08
1.7999999999991678	5.057357532756157e-08
1.800999999999172	4.6583410240330636e-08
1.801999999999176	4.225824756787233e-08
1.8029999999991801	3.7625976334609845e-08
1.8039999999991845	3.27016740353514e-08
1.8049999999991886	2.7502610855378862e-08
1.8059999999991927	2.2067371929779256e-08
1.8069999999991968	1.643075486779111e-08
1.8079999999992011	1.0631378444259099e-08
1.8089999999992052	4.723637148096316e-09
1.8099999999992094	-1.2331677901045168e-09
1.8109999999992135	-7.215142927563534e-09
1.8119999999992178	-1.3188491854165818e-08
1.812999999999222	-1.9148198138196904e-08
1.813999999999226	-2.5078577436943306e-08
1.8149999999992301	-3.0943363871216434e-08
1.8159999999992344	-3.6680904536012804e-08
1.8169999999992386	-4.226481786773206e-08
1.8179999999992427	-4.7662749746990585e-08
1.8189999999992468	-5.287846738255553e-08
1.819999999999251	-5.7953066789906416e-08
1.8209999999992552	-6.293715881788842e-08
1.8219999999992593	-6.785880901638564e-08
1.8229999999992634	-7.276518476651006e-08
1.8239999999992675	-7.767314302853379e-08
1.8249999999992719	-8.256805150708146e-08
1.825999999999276	-8.740802370788003e-08
1.82699999999928	-9.21485701077529e-08
1.8279999999992842	-9.67407656204955e-08
1.8289999999992885	-1.0116313875485616e-07
1.8299999999992926	-1.053943863293938e-07
1.8309999999992967	-1.0941982231393865e-07
1.8319999999993009	-1.1319082915406398e-07
1.8329999999993052	-1.1670232913374434e-07
1.8339999999993093	-1.1994798931880268e-07
1.8349999999993134	-1.2297187934606768e-07
1.8359999999993175	-1.2578889907466362e-07
1.8369999999993218	-1.2847257013781643e-07
1.837999999999326	-1.310496717810139e-07
1.83899999999933	-1.3354657890651822e-07
1.8399999999993342	-1.3597615700078336e-07
1.8409999999993385	-1.3834604595253097e-07
1.8419999999993426	-1.4063840447775533e-07
1.8429999999993467	-1.4283613203325274e-07
1.8439999999993508	-1.449087783100822e-07
1.844999999999355	-1.46816258483895e-07
1.8459999999993593	-1.4853357543920254e-07
1.8469999999993634	-1.5004234699134145e-07
1.8479999999993675	-1.5135411057798365e-07
1.8489999999993716	-1.524656685347736e-07
1.849999999999376	-1.5342360804027066e-07
1.85099999999938	-1.5422443810919617e-07
1.8519999999993841	-1.549023853630871e-07
1.8529999999993882	-1.555391833107933e-07
1.8539999999993926	-1.562024232182324e-07
1.8549999999993967	-1.5690550503322243e-07
1.8559999999994008	-1.5764203520340914e-07
1.856999999999405	-1.5839571076980974e-07
1.857999999999409	-1.5914485462786843e-07
1.8589999999994133	-1.5984703605198547e-07
1.8599999999994175	-1.604811878941348e-07
1.8609999999994216	-1.6102930566752605e-07
1.861999999999426	-1.614417404205426e-07
1.86299999999943	-1.6169849592628793e-07
1.863999999999434	-1.6179065132071457e-07
1.8649999999994382	-1.617155633848455e-07
1.8659999999994423	-1.6147391135312716e-07
1.8669999999994467	-1.6106588907049968e-07
1.8679999999994508	-1.6051761475566195e-07
1.8689999999994549	-1.5989281343387063e-07
1.869999999999459	-1.592667535632586e-07
1.870999999999463	-1.5869652636446574e-07
1.8719999999994674	-1.5820912691033584e-07
1.8729999999994715	-1.5786040008514135e-07
1.8739999999994756	-1.5767945127365124e-07
1.87499999999948	-1.5767848604575363e-07
1.875999999999484	-1.5788339391420436e-07
1.8769999999994882	-1.5827282262570463e-07
1.8779999999994923	-1.5879445092181754e-07
1.8789999999994964	-1.593881946426734e-07
1.8799999999995007	-1.599699293031165e-07
1.8809999999995048	-1.6048726680928382e-07
1.881999999999509	-1.6089596122093042e-07
1.882999999999513	-1.6115007595018938e-07
1.8839999999995174	-1.611926692124399e-07
1.8849999999995215	-1.609384256973101e-07
1.8859999999995256	-1.6040501571445986e-07
1.8869999999995297	-1.5962309829475885e-07
1.887999999999534	-1.5863948465977273e-07
1.8889999999995382	-1.5747974213553562e-07
1.8899999999995423	-1.5616729531764406e-07
1.8909999999995464	-1.5467663017076916e-07
1.8919999999995505	-1.52998652414027e-07
1.8929999999995548	-1.5116884011234788e-07
1.893999999999559	-1.492238008715674e-07
1.894999999999563	-1.4720410779212045e-07
1.8959999999995671	-1.451134732377568e-07
1.8969999999995715	-1.4294939387760053e-07
1.8979999999995756	-1.4073225917954346e-07
1.8989999999995797	-1.3847403068645292e-07
1.8999999999995838	-1.3619799332786897e-07
1.9009999999995881	-1.3393579245679632e-07
1.9019999999995922	-1.3175897661810154e-07
1.9029999999995963	-1.2972038243574957e-07
1.9039999999996005	-1.2778062274954038e-07
1.9049999999996048	-1.2588103626143266e-07
1.905999999999609	-1.24033824322467e-07
1.906999999999613	-1.222342724815917e-07
1.9079999999996171	-1.205058524078595e-07
1.9089999999996214	-1.1879889383337172e-07
1.9099999999996256	-1.1704680824564662e-07
1.9109999999996297	-1.1525810483803411e-07
1.9119999999996338	-1.1349451911613073e-07
1.9129999999996379	-1.1177944392315453e-07
1.9139999999996422	-1.1015400325220526e-07
1.9149999999996463	-1.0861451560373325e-07
1.9159999999996504	-1.0710071873809568e-07
1.9169999999996545	-1.0559110452668108e-07
1.9179999999996589	-1.0414021778260008e-07
1.918999999999663	-1.0279278117586443e-07
1.919999999999667	-1.0155204011041974e-07
1.9209999999996712	-1.004591982933789e-07
1.9219999999996755	-9.951535129282263e-08
1.9229999999996796	-9.862064964671902e-08
1.9239999999996837	-9.765955333307375e-08
1.9249999999996878	-9.657918775829444e-08
1.9259999999996922	-9.531369160598047e-08
1.9269999999996963	-9.37783897203559e-08
1.9279999999997004	-9.198832517931521e-08
1.9289999999997045	-9.010077395288363e-08
1.9299999999997088	-8.823572894556264e-08
1.930999999999713	-8.645644689053711e-08
1.931999999999717	-8.467929624167425e-08
1.9329999999997212	-8.27610842080162e-08
1.9339999999997253	-8.062639156314333e-08
1.9349999999997296	-7.838221760536612e-08
1.9359999999997337	-7.62146781241313e-08
1.9369999999997378	-7.419663794472342e-08
1.937999999999742	-7.228427834071738e-08
1.9389999999997463	-7.035804827637548e-08
1.9399999999997504	-6.842594535427793e-08
1.9409999999997545	-6.658755236088609e-08
1.9419999999997586	-6.493281667907524e-08
1.942999999999763	-6.349913661551909e-08
1.943999999999767	-6.252565820652478e-08
1.9449999999997711	-6.209098879494945e-08
1.9459999999997752	-6.214855874375758e-08
1.9469999999997794	-6.237673311204617e-08
1.9479999999997837	-6.24867866338974e-08
1.9489999999997878	-6.253103124187476e-08
1.949999999999792	-6.255768814078522e-08
1.950999999999796	-6.257140361398683e-08
1.9519999999998003	-6.240579120131429e-08
1.9529999999998044	-6.210889114122153e-08
1.9539999999998086	-6.203099145452029e-08
1.9549999999998127	-6.243620309653863e-08
1.955999999999817	-6.328015778045426e-08
1.956999999999821	-6.43870166072702e-08
1.9579999999998252	-6.542220121197317e-08
1.9589999999998293	-6.61855983352666e-08
1.9599999999998337	-6.68933815006767e-08
1.9609999999998378	-6.798227181192829e-08
1.9619999999998419	-6.955895415217128e-08
1.962999999999846	-7.094303811072677e-08
1.9639999999998503	-7.161830062329955e-08
1.9649999999998544	-7.163242976560014e-08
1.9659999999998585	-7.124385836831948e-08
1.9669999999998626	-7.085557518493601e-08
1.9679999999998667	-7.078378971847599e-08
1.968999999999871	-7.107217481205907e-08
1.9699999999998752	-7.146433422811072e-08
1.9709999999998793	-7.200381801908406e-08
1.9719999999998834	-7.306870197787418e-08
1.9729999999998877	-7.439916238638489e-08
1.9739999999998918	-7.53566944400319e-08
1.974999999999896	-7.539350033169967e-08
1.9759999999999	-7.493839460082086e-08
1.9769999999999044	-7.420028169669024e-08
1.9779999999999085	-7.370553656294021e-08
1.9789999999999126	-7.432036563947975e-08
1.9799999999999167	-7.589226069804056e-08
1.980999999999921	-7.759122966355392e-08
1.9819999999999252	-7.903145315957261e-08
1.9829999999999293	-8.005362484020395e-08
1.9839999999999334	-8.096356340914213e-08
1.9849999999999375	-8.244479943186889e-08
1.9859999999999418	-8.438362542051436e-08
1.986999999999946	-8.640406723436911e-08
1.98799999999995	-8.846028531905858e-08
1.9889999999999541	-9.023689706566529e-08
1.9899999999999585	-9.175821613638391e-08
1.9909999999999626	-9.301032255493169e-08
1.9919999999999667	-9.351084773179252e-08
1.9929999999999708	-9.374233123082831e-08
1.9939999999999751	-9.37627586683476e-08
1.9949999999999792	-9.357315300384528e-08
1.9959999999999833	-9.299810788121476e-08
1.9969999999999875	-9.219340291188871e-08
1.9979999999999918	-9.077202056673173e-08
1.998999999999996	-8.982953358938062e-08
2.0	-9.037438508663342e-08
2.0010279404845495	-9.103950016076112e-08
2.0021217900815715	-9.160884806291847e-08
2.0032857751923165	-9.203852591177508e-08
2.004524391841744	-9.207289197732393e-08
2.005842426366887	-9.264344824622128e-08
2.007244970197923	-9.300166969872237e-08
2.0087374418720856	-9.20909963841865e-08
2.0103256076664273	-9.119777533150852e-08
2.0120156028936726	-9.101599718341902e-08
2.013813957200875	-9.351663798895515e-08
2.0157276178435577	-9.988675353511667e-08
2.0177639781367303	-1.0874700517859992e-07
2.019930905358886	-1.1594793702940365e-07
2.0222367711443985	-1.1774497976624332e-07
2.024690484011897	-1.2075937183553265e-07
2.027301523572695	-1.2654555292535008e-07
2.0300799770731848	-1.3904154716470885e-07
2.033036578410754	-1.551780255404367e-07
2.036182751117039	-1.6858966223054495e-07
2.039530649180409	-1.7262074991641896e-07
2.043093206833892	-1.7323639589506001e-07
2.046884188175661	-1.7981753308582427e-07
2.050918238233338	-1.924584285273312e-07
2.0552109433735133	-2.0168745273885236e-07
2.059778886913171	-2.0362268604579015e-07
2.0646397170403086	-1.996809189108717e-07
2.0698122132469665	-1.978366579447055e-07
2.0753163565584574	-1.9621679947512405e-07
2.081173414838828	-1.722763576239572e-07
2.0874060143976347	-1.4290029737296095e-07
2.094038234979271	-1.1054151971556792e-07
2.1010956980169606	-6.205722979935047e-08
2.1086056699538682	-3.3498970264389527e-09
2.116597165034399	4.6012010312956875e-08
2.125101056786564	8.273401586045281e-08
2.1341501990307465	1.2992179720949792e-07
2.143779554474847	1.757365389876142e-07
2.1540263207146424	1.8944759294647895e-07
2.1649300857539027	1.9191746591928904e-07
2.1765329774064615	1.884535086871253e-07
2.1888798204423576	1.7534070051450357e-07
2.2020183144046843	1.6177087047708483e-07
2.2159992202680474	1.1148718570552774e-07
2.2308765524295735	6.126726193045329e-08
2.246707783705272	6.702245658463113e-08
2.263554079768369	6.741125557763183e-08
2.2814805235907363	5.880979758732252e-08
2.3005563724108544	3.321680885903788e-08
2.320855322320133	1.0456640886502555e-08
2.3424557929209753	-2.8636526261394124e-08
2.3654412374910825	-1.0832066088539705e-07
2.389900455657507	-1.9323323185993502e-07
2.41592795027163	-2.784786374832038e-07
2.44362426638729	-3.0929923156008954e-07
2.473096411506492	-2.9944669988068995e-07
2.5044582437089975	-2.2387139475554818e-07
2.537830924630887	-1.499281445660472e-07
2.5733433911797423	-1.1311043768280626e-07
2.611132843166974	-1.2775966728995058e-08
2.6513452603475027	1.5508109174611207e-07
2.6941360153529494	1.9503696280231964e-07
2.739670418177515	2.0819040658093257e-07
2.788124380079947	2.746182429236299e-07
2.839685109337027	2.2169455715648212e-07
2.894551789617174	2.0325321425929133e-08
2.9529364084026577	-6.998848700590088e-08
3.0150645170164534	-1.3152259215054585e-07
3.0811761422888653	-3.800167558409839e-08
3.1515266965252042	4.5774968704392904e-08
3.226387989377641	4.085149418742162e-08
3.30604919671757	-1.0452747623013181e-07
3.39081811677136	-2.0732586025751232e-07
3.4810222154328754	-2.399524348106752e-07
3.577010018652917	-1.3908262541661998e-07
3.6791523315125145	-1.40015775418334e-07
3.7878438030764574	-6.139098518431751e-08
3.9035043177534527	-1.2069452104412903e-09
4.02658072998157	1.0906675484978479e-07
4.157548527011607	1.3771639828519255e-07
4.296913682346355	-8.275480101183064e-08
4.445214635465608	2.440096136258063e-08
4.603024347307951	-3.660131198124361e-08
4.770952424745148	3.682569715834916e-08
4.9496476786701376	7.693798764751847e-08
5.139800459354712	-6.290689302801411e-08
5.342145448462832	1.78923487137439e-09
5.557464321076707	-1.7076611436017686e-07
5.786588991858403	-1.446538910876427e-08
6.03040459644804	4.879146886516139e-08
6.289853138906711	-2.1516411319311146e-08
6.565936951835777	-1.3721930702814689e-08
6.859722633511745	-2.4053020464265273e-08
7.172345245053396	-9.108510834465733e-09
7.505012494394354	-2.659930076198691e-08
7.859009576011049	6.203029090379175e-09
8.23570422033976	-4.261434316532586e-09
8.636551628113326	2.1476483702542737e-08
9.063100564489073	2.8884433733722403e-09
9.516998831091398	4.490975480386794e-09
10.0	6.379852202087477e-09
