0.0	0.1330557634683468
0.0010000000000041087	0.13305575341332676
0.0020000000000082174	0.13305572627584172
0.003000000000012548	0.13305568369379484
0.004000000000016657	0.13305562586474828
0.005000000000020766	0.13305554978699274
0.006000000000024874	0.13305545831263077
0.007000000000029205	0.13305534959005838
0.008000000000033314	0.13305522403277503
0.009000000000037423	0.13305508283046064
0.010000000000041753	0.13305492428172894
0.011000000000045862	0.13305474884609703
0.01200000000004997	0.13305455692271873
0.01300000000005408	0.13305434808548966
0.01400000000005841	0.13305412380089676
0.015000000000062519	0.13305388234932136
0.016000000000066406	0.13305362318673508
0.017000000000070736	0.13305334855942208
0.018000000000074845	0.13305305716280502
0.019000000000078954	0.13305274820102653
0.020000000000083062	0.13305242345899615
0.021000000000087393	0.13305208180954264
0.022000000000091502	0.13305172334798732
0.02300000000009561	0.13305134914509997
0.02400000000009972	0.13305095663293842
0.02500000000010405	0.13305054886316847
0.02600000000010816	0.1330501241301082
0.027000000000112268	0.13304968178941357
0.0280000000001166	0.13304922338418979
0.029000000000120707	0.13304874924764465
0.030000000000124816	0.13304825756756766
0.031000000000128924	0.1330477492954738
0.032000000000133255	0.1330472245655434
0.033000000000137364	0.13304668233986472
0.03400000000014147	0.13304612433032914
0.0350000000001458	0.13304555018741926
0.03600000000014991	0.13304495838970265
0.03700000000015402	0.13304435018126703
0.03800000000015813	0.13304372542981968
0.03900000000016246	0.13304308422059363
0.04000000000016657	0.13304242549998857
0.04100000000017068	0.13304175053485856
0.04200000000017501	0.13304105946917877
0.04300000000017912	0.13304035153340543
0.044000000000183226	0.13303962685222548
0.045000000000187335	0.1330388848656473
0.046000000000191665	0.13303812746649912
0.04700000000019555	0.13303735316155874
0.04800000000019966	0.1330365609430324
0.04900000000020399	0.1330357529720364
0.0500000000002081	0.13303492811530204
0.05100000000021221	0.13303408651206583
0.05200000000021632	0.13303322926480754
0.05300000000022065	0.13303235481830056
0.05400000000022476	0.13303146285112555
0.055000000000228866	0.13303055544457298
0.0560000000002332	0.1330296308150971
0.057000000000237305	0.13302868883459373
0.058000000000241414	0.13302773163938164
0.05900000000024552	0.13302675709737732
0.060000000000249853	0.13302576536025412
0.06100000000025396	0.13302475822604554
0.06200000000025807	0.13302373346998098
0.0630000000002624	0.13302269231657227
0.06400000000026651	0.13302163482245588
0.06500000000027062	0.13302056045766253
0.06600000000027473	0.13301946896293515
0.06700000000027906	0.13301836079724494
0.06800000000028317	0.1330172368995569
0.06900000000028728	0.1330160964745245
0.0700000000002916	0.13301493792135277
0.07100000000029572	0.13301376408258392
0.07200000000029982	0.13301257334740446
0.07300000000030393	0.13301136512283818
0.07400000000030826	0.13301014127113875
0.07500000000031237	0.13300890062443316
0.07600000000031648	0.133007642335626
0.07700000000032081	0.13300636855140202
0.0780000000003247	0.13300507774893722
0.07900000000032881	0.133003770232766
0.08000000000033292	0.13300244632804414
0.08100000000033725	0.1330011054725584
0.08200000000034136	0.13299974811106874
0.08300000000034546	0.1329983741378541
0.0840000000003498	0.13299698372311997
0.0850000000003539	0.13299557644231896
0.08600000000035801	0.13299415258139669
0.08700000000036212	0.13299271181632144
0.08800000000036645	0.13299125450515836
0.08900000000037056	0.13298978031893438
0.09000000000037467	0.1329882905546076
0.091000000000379	0.1329867841570681
0.09200000000038311	0.13298525967148556
0.09300000000038722	0.13298371956582677
0.09400000000039133	0.13298216286293763
0.09500000000039566	0.13298058823854175
0.09600000000039977	0.13297899869379426
0.09700000000040387	0.1329773923970582
0.0980000000004082	0.13297576835895664
0.09900000000041231	0.13297412734242153
0.10000000000041642	0.1329724695118688
0.10100000000042053	0.13297079622242025
0.10200000000042486	0.13296910709371412
0.10300000000042897	0.13296740193385603
0.10400000000043308	0.13296567846943286
0.10500000000043741	0.132963937226388
0.10600000000044152	0.13296218122607262
0.10700000000044563	0.13296040807902865
0.10800000000044951	0.13295861842175927
0.10900000000045384	0.13295681234584178
0.11000000000045795	0.1329549881673293
0.11100000000046206	0.13295314882639886
0.1120000000004664	0.13295129316405196
0.1130000000004705	0.13294942015226707
0.11400000000047461	0.1329475304361486
0.11500000000047872	0.13294562430827828
0.11600000000048305	0.13294370155502744
0.11700000000048716	0.13294176221915588
0.11800000000049127	0.1329398062352538
0.1190000000004956	0.13293783358649613
0.12000000000049971	0.13293584431408245
0.12100000000050382	0.1329338385322475
0.12200000000050792	0.13293181607229065
0.12300000000051226	0.1329297770236061
0.12400000000051636	0.1329277213370993
0.12500000000052047	0.13292564902311454
0.1260000000005248	0.13292356017966633
0.1270000000005289	0.13292145464061067
0.12800000000053302	0.13291933253831256
0.12900000000053713	0.13291719379754463
0.13000000000054146	0.13291503845399522
0.13100000000054557	0.1329128663666812
0.13200000000054968	0.13291067709879267
0.133000000000554	0.13290847285382457
0.13400000000055812	0.13290625256857758
0.13500000000056223	0.13290401341879532
0.13600000000056633	0.13290175843105612
0.13700000000057067	0.13289948687941577
0.13800000000057477	0.1328971987655463
0.13900000000057866	0.13289489382106778
0.140000000000583	0.13289257302591417
0.1410000000005871	0.13289023465033778
0.1420000000005912	0.1328878804446023
0.14300000000059532	0.13288550897601903
0.14400000000059965	0.13288312166294602
0.14500000000060376	0.13288071770355647
0.14600000000060787	0.13287829636996917
0.1470000000006122	0.13287585868804674
0.1480000000006163	0.13287340480838572
0.14900000000062041	0.1328709339743479
0.15000000000062452	0.13286844684520815
0.15100000000062885	0.13286594280201236
0.15200000000063296	0.132863422404206
0.15300000000063707	0.1328608853536022
0.1540000000006414	0.13285833196040464
0.1550000000006455	0.13285576170033364
0.15600000000064962	0.1328531750049523
0.15700000000065373	0.13285057171843118
0.15800000000065806	0.13284795201955613
0.15900000000066217	0.13284531563005486
0.16000000000066628	0.1328426626497229
0.16100000000067038	0.13283999307642946
0.16200000000067472	0.13283730657326231
0.16300000000067882	0.13283460329997476
0.16400000000068293	0.132831884239343
0.16500000000068726	0.1328291485309363
0.16600000000069137	0.13282639638616578
0.16700000000069548	0.1328236272698069
0.1680000000006996	0.13282084173817432
0.16900000000070392	0.13281803888698163
0.1700000000007078	0.13281521994792334
0.17100000000071192	0.13281238491544356
0.17200000000071625	0.13280953304241705
0.17300000000072036	0.13280666398186214
0.17400000000072446	0.13280378029067275
0.17500000000072857	0.13280087963416054
0.1760000000007329	0.13279796074851213
0.177000000000737	0.13279502601720983
0.17800000000074112	0.13279207453790098
0.17900000000074545	0.13278910694793167
0.18000000000074956	0.13278612231995912
0.18100000000075367	0.13278312128583225
0.18200000000075778	0.13278010367785475
0.1830000000007621	0.13277706997847527
0.18400000000076622	0.1327740195021847
0.18500000000077033	0.13277095242491577
0.18600000000077466	0.13276786849804934
0.18700000000077877	0.13276476894744016
0.18800000000078287	0.13276165224229763
0.18900000000078698	0.1327585184495994
0.1900000000007913	0.13275536883988104
0.19100000000079542	0.1327522022521882
0.19200000000079953	0.1327490195422949
0.19300000000080386	0.13274581990947376
0.19400000000080797	0.1327426036035665
0.19500000000081208	0.13273937135067682
0.1960000000008162	0.13273612272819713
0.19700000000082052	0.13273285704696913
0.19800000000082463	0.13272957472581082
0.19900000000082874	0.13272627625055466
0.20000000000083307	0.13272296091008673
0.20100000000083695	0.13271962933146664
0.20200000000084106	0.1327162808746969
0.20300000000084517	0.132712916634958
0.2040000000008495	0.1327095352915284
0.2050000000008536	0.13270613732551584
0.20600000000085772	0.1327027231587964
0.20700000000086205	0.13269929219252974
0.20800000000086616	0.1326958449469563
0.20900000000087027	0.1326923809804681
0.21000000000087438	0.13268890084842688
0.2110000000008787	0.13268540393652106
0.21200000000088282	0.13268189044240175
0.21300000000088692	0.1326783605970816
0.21400000000089126	0.1326748140811932
0.21500000000089536	0.132671251174156
0.21600000000089947	0.13266767161217885
0.21700000000090358	0.13266407577536898
0.2180000000009079	0.1326604632451901
0.21900000000091202	0.13265683421604546
0.22000000000091613	0.13265318876537002
0.22100000000092046	0.13264952680168363
0.22200000000092457	0.132645848281301
0.22300000000092868	0.13264215339811547
0.2240000000009328	0.13263844186251383
0.22500000000093712	0.1326347140902967
0.22600000000094123	0.13263096959559906
0.22700000000094533	0.1326272084579403
0.22800000000094967	0.13262343108733465
0.22900000000095377	0.13261963722559234
0.23000000000095788	0.1326158268676405
0.23100000000096177	0.13261199998190543
0.2320000000009661	0.13260815658242164
0.2330000000009702	0.13260429653150507
0.23400000000097432	0.1326004201800166
0.23500000000097865	0.132596528309897
0.23600000000098276	0.1325926190974689
0.23700000000098687	0.13258869199543888
0.23800000000099097	0.1325847500849946
0.2390000000009953	0.13258079130339606
0.24000000000099941	0.13257681684358968
0.24100000000100352	0.13257282636837153
0.24200000000100785	0.13256881696467637
0.24300000000101196	0.1325647929432171
0.24400000000101607	0.13256075235582332
0.24500000000102018	0.13255669405643755
0.2460000000010245	0.1325526198624487
0.24700000000102862	0.1325485299701017
0.24800000000103273	0.13254442309604852
0.24900000000103706	0.13254029976461235
0.25000000000104117	0.1325361599745043
0.2510000000010453	0.13253200379347785
0.2520000000010494	0.13252783076667107
0.2530000000010537	0.13252364152899887
0.2540000000010578	0.13251943602611727
0.25500000000106193	0.13251521418701817
0.25600000000106626	0.13251097580590943
0.25700000000107037	0.132506720990069
0.2580000000010745	0.13250244933721989
0.2590000000010786	0.13249816197828757
0.2600000000010829	0.13249385746491382
0.26100000000108703	0.13248953685317488
0.2620000000010909	0.1324851996190537
0.26300000000109525	0.13248084608986987
0.26400000000109936	0.13247647613166735
0.26500000000110346	0.13247208962324641
0.2660000000011076	0.1324676869986754
0.2670000000011119	0.13246326841261735
0.268000000001116	0.13245883237622047
0.2690000000011201	0.13245437930739268
0.27000000000112445	0.1324499107265068
0.27100000000112856	0.1324454268817572
0.27200000000113267	0.1324409270681266
0.2730000000011368	0.13243640886569918
0.2740000000011411	0.1324318733533023
0.2750000000011452	0.1324273237369612
0.2760000000011493	0.13242275685667138
0.27700000000115366	0.13241817232862263
0.27800000000115777	0.1324135735380917
0.2790000000011619	0.13240895768309247
0.280000000001166	0.1324043241573689
0.2810000000011703	0.1323996751267883
0.2820000000011744	0.1323950105016607
0.28300000000117853	0.13239032773901127
0.28400000000118286	0.13238562951009203
0.28500000000118697	0.13238091558144793
0.2860000000011911	0.13237618469430001
0.2870000000011952	0.1323714374838162
0.2880000000011995	0.1323666734477318
0.2890000000012036	0.13236189336920023
0.29000000000120774	0.13235709713800647
0.29100000000121207	0.13235228411443156
0.2920000000012162	0.1323474548014426
0.29300000000122006	0.13234260934783504
0.29400000000122417	0.13233774733945813
0.2950000000012285	0.1323328688197939
0.2960000000012326	0.13232797421671316
0.2970000000012367	0.13232306306796437
0.29800000000124083	0.13231813549923277
0.29900000000124516	0.13231319173303624
0.30000000000124927	0.13230823156801352
0.3010000000012534	0.13230325502992502
0.3020000000012577	0.13229826211868745
0.3030000000012618	0.13229325274325754
0.3040000000012659	0.13228822722095168
0.30500000000127003	0.1322831852829608
0.30600000000127436	0.1322781268614831
0.3070000000012785	0.13227305226774755
0.3080000000012826	0.13226796126344353
0.3090000000012869	0.13226285378617408
0.310000000001291	0.1322577301993102
0.31100000000129513	0.13225259020825608
0.31200000000129924	0.1322474338204911
0.31300000000130357	0.13224226095471425
0.3140000000013077	0.1322370718657756
0.3150000000013118	0.13223186658501995
0.3160000000013161	0.13222664488386504
0.3170000000013202	0.13222140695672802
0.31800000000132433	0.1322161525748421
0.31900000000132844	0.13221088162612538
0.3200000000013328	0.1322055949452633
0.3210000000013369	0.13220029162353775
0.322000000001341	0.13219497157665827
0.3230000000013453	0.13218963595237965
0.3240000000013492	0.132184283844073
0.3250000000013533	0.13217891469031573
0.3260000000013574	0.13217353024787604
0.32700000000136176	0.13216812940967293
0.32800000000136587	0.13216271127448764
0.32900000000137	0.1321572770010664
0.3300000000013743	0.1321518278840894
0.3310000000013784	0.13214636090486176
0.3320000000013825	0.1321408777360007
0.33300000000138663	0.13213537981553902
0.33400000000139096	0.13212986405309268
0.33500000000139507	0.13212433254297107
0.3360000000013992	0.13211878495622442
0.3370000000014035	0.13211321980278068
0.3380000000014076	0.1321076398625317
0.3390000000014117	0.13210204359909672
0.34000000000141584	0.13209643031689677
0.34100000000142017	0.1320908009012488
0.3420000000014243	0.13208515504008278
0.3430000000014284	0.13207949371234873
0.3440000000014327	0.13207381543357555
0.3450000000014368	0.13206812077193641
0.34600000000144093	0.13206241056036694
0.34700000000144504	0.1320566832026745
0.34800000000144937	0.13205094053175404
0.3490000000014535	0.13204518101309803
0.3500000000014576	0.13203940516974388
0.3510000000014619	0.13203361363688815
0.35200000000146603	0.13202780534127234
0.35300000000147014	0.13202198088826722
0.35400000000147425	0.1320161403297686
0.35500000000147836	0.1320102834557133
0.35600000000148246	0.13200441036127986
0.3570000000014866	0.13199852101719622
0.3580000000014909	0.13199261542673135
0.359000000001495	0.13198669352732528
0.3600000000014991	0.13198075541517806
0.36100000000150323	0.13197480107293402
0.36200000000150756	0.13196883066992426
0.36300000000151167	0.1319628439831848
0.3640000000015158	0.13195684084683568
0.3650000000015201	0.13195082166073036
0.3660000000015242	0.13194478642111052
0.3670000000015283	0.13193873481603324
0.36800000000153243	0.13193266705276152
0.36900000000153677	0.131926583125749
0.3700000000015409	0.1319204828493673
0.371000000001545	0.13191436650645427
0.3720000000015493	0.13190823355378845
0.3730000000015534	0.13190208536157255
0.37400000000155753	0.13189591988443605
0.37500000000156164	0.13188973867576237
0.37600000000156597	0.131883540302694
0.3770000000015701	0.13187732763056914
0.3780000000015742	0.13187109748998527
0.3790000000015785	0.13186485156396288
0.3800000000015826	0.1318585895217086
0.38100000000158674	0.13185231125186825
0.38200000000159084	0.1318460172591207
0.3830000000015952	0.1318397053124042
0.3840000000015993	0.13183337979637166
0.3850000000016034	0.13182703602788715
0.3860000000016075	0.1318206767647947
0.3870000000016116	0.13181430114503745
0.3880000000016157	0.13180790931976216
0.38900000000161983	0.13180150171699756
0.39000000000162416	0.13179507787192057
0.39100000000162827	0.13178863834337617
0.3920000000016324	0.13178218192107916
0.3930000000016367	0.13177570932839888
0.3940000000016408	0.13176922054536588
0.3950000000016449	0.13176271648951587
0.39600000000164903	0.13175619665225013
0.39700000000165336	0.13174965937652217
0.3980000000016575	0.13174310589262428
0.3990000000016616	0.13173653660299967
0.4000000000016659	0.13172995093999906
0.40100000000167	0.13172334961288035
0.40200000000167413	0.1317167321275743
0.40300000000167824	0.13171009842347092
0.40400000000168257	0.13170344854863703
0.4050000000016867	0.13169678268232676
0.4060000000016908	0.1316901010183461
0.4070000000016951	0.13168340314850469
0.4080000000016992	0.13167668922250297
0.40900000000170333	0.13166995844118612
0.41000000000170744	0.13166321188877506
0.4110000000017118	0.13165645014279714
0.4120000000017159	0.13164966880684525
0.41300000000172	0.1316428766020965
0.4140000000017243	0.1316360657183019
0.41500000000172843	0.13162923624132028
0.41600000000173254	0.13162239565455192
0.4170000000017364	0.1316155359959984
0.41800000000174076	0.13160866067535992
0.41900000000174487	0.1316017693755681
0.420000000001749	0.1315948620205134
0.4210000000017533	0.13158793859513052
0.4220000000017574	0.13158099910100673
0.4230000000017615	0.13157404355003355
0.42400000000176563	0.13156707202694762
0.42500000000176996	0.13156008487305837
0.42600000000177407	0.13155307866724542
0.4270000000017782	0.13154606134233926
0.4280000000017825	0.1315390249254046
0.4290000000017866	0.13153197282380358
0.4300000000017907	0.13152490483437362
0.43100000000179484	0.13151782083509178
0.43200000000179917	0.13151072135857167
0.4330000000018033	0.13150360290620966
0.4340000000018074	0.13149647324689762
0.4350000000018115	0.13148932454130824
0.4360000000018158	0.13148216015299086
0.43700000000181993	0.13147497998804325
0.43800000000182404	0.1314677834452832
0.43900000000182837	0.13146057173759362
0.4400000000018325	0.13145334129961705
0.4410000000018366	0.1314460994546297
0.4420000000018407	0.13143883857386507
0.44300000000184503	0.13143156187916205
0.44400000000184914	0.1314242695386808
0.44500000000185325	0.13141696129911673
0.4460000000018576	0.13140963666351646
0.4470000000018617	0.13140229634951495
0.4480000000018656	0.13139494007444674
0.4490000000018697	0.1313875675631504
0.450000000001874	0.1313801793384587
0.4510000000018781	0.13137277506088552
0.45200000000188223	0.13136535453338483
0.45300000000188656	0.13135791845972133
0.45400000000189067	0.13135046621358937
0.4550000000018948	0.13134299830404994
0.4560000000018989	0.13133551460413617
0.4570000000019032	0.13132801285757778
0.4580000000019073	0.1313204978151692
0.45900000000191143	0.1313129650348991
0.46000000000191577	0.13130541709998755
0.4610000000019199	0.13129785296564211
0.462000000001924	0.13129027295517215
0.4630000000019281	0.13128267698302887
0.4640000000019324	0.13127506509605869
0.46500000000193653	0.13126743711752165
0.46600000000194064	0.1312597931714269
0.46700000000194497	0.13125213341824993
0.4680000000019491	0.1312444576977554
0.4690000000019532	0.13123676606192713
0.4700000000019573	0.1312290584946577
0.4710000000019616	0.13122133500061472
0.47200000000196574	0.13121359557819312
0.47300000000196984	0.13120584022774562
0.4740000000019742	0.13119806896107467
0.4750000000019783	0.13119028178613734
0.4760000000019824	0.1311824786962843
0.4770000000019865	0.13117465963691266
0.47800000000199083	0.13116682473628694
0.4790000000019947	0.13115897419072453
0.48000000000199883	0.13115110765769
0.48100000000200316	0.13114322519230426
0.48200000000200727	0.1311353266209232
0.4830000000020114	0.1311274123260524
0.4840000000020155	0.13111948218078184
0.4850000000020198	0.13111153657733954
0.4860000000020239	0.13110357172578557
0.48700000000202803	0.13109559641021995
0.48800000000203236	0.1310876020549776
0.4890000000020365	0.1310795922569331
0.4900000000020406	0.13107156669210296
0.4910000000020447	0.13106352535549937
0.492000000002049	0.13105546858106798
0.49300000000205313	0.13104739282716493
0.49400000000205724	0.13103930640376504
0.49500000000206157	0.13103120100693877
0.4960000000020657	0.1310230802075073
0.4970000000020698	0.13101494367837008
0.4980000000020739	0.13100679135649673
0.4990000000020782	0.13099862311321664
0.5000000000020823	0.13099043928387422
0.5010000000020864	0.13098223935980857
0.5020000000020908	0.13097402350398302
0.5030000000020949	0.1309657920166084
0.504000000002099	0.13095754467613951
0.5050000000021031	0.1309492815102865
0.5060000000021074	0.13094100252705987
0.5070000000021115	0.13093270772966115
0.5080000000021156	0.1309243971224867
0.50900000000212	0.13091607070834899
0.5100000000021239	0.1309077284867255
0.511000000002128	0.1308993704511593
0.5120000000021321	0.13089099658526215
0.5130000000021364	0.13088260681678876
0.5140000000021405	0.13087420146311035
0.5150000000021446	0.13086578060999976
0.516000000002149	0.13085734376900504
0.5170000000021531	0.13084889083352702
0.5180000000021572	0.13084042222014225
0.5190000000021613	0.13083193807067728
0.5200000000021656	0.13082343796349372
0.5210000000021697	0.13081492249199367
0.5220000000021738	0.13080639076006095
0.5230000000021782	0.13079784311684606
0.5240000000021823	0.13078928018781721
0.5250000000021864	0.1307807012080563
0.5260000000021905	0.13077210658848437
0.5270000000021948	0.1307634962209686
0.5280000000021989	0.13075487010193476
0.529000000002203	0.13074622825121662
0.5300000000022074	0.13073757065737213
0.5310000000022115	0.13072889731000814
0.5320000000022156	0.1307202082029938
0.5330000000022197	0.1307115035583346
0.534000000002224	0.13070278333696161
0.5350000000022281	0.13069404601910162
0.5360000000022322	0.13068529491676473
0.5370000000022366	0.13067652698736765
0.5380000000022407	0.13066774403497894
0.5390000000022448	0.13065894528720146
0.5400000000022487	0.13065013015932403
0.541000000002253	0.13064129944002867
0.5420000000022571	0.13063245345331764
0.5430000000022612	0.13062359141585445
0.5440000000022656	0.13061471406169656
0.5450000000022697	0.13060582068128146
0.5460000000022738	0.13059691195510958
0.5470000000022779	0.13058798722456288
0.5480000000022822	0.13057904699118816
0.5490000000022863	0.13057009117503848
0.5500000000022904	0.13056111953745186
0.5510000000022948	0.13055213233978014
0.5520000000022989	0.13054312954452074
0.553000000002303	0.13053411106830837
0.5540000000023071	0.13052507690631987
0.5550000000023114	0.13051602708266852
0.5560000000023155	0.13050696161524922
0.5570000000023196	0.1304978805127649
0.558000000002324	0.1304887837700197
0.5590000000023281	0.1304796713844507
0.5600000000023322	0.13047054335609398
0.5610000000023363	0.130461399685451
0.5620000000023406	0.13045224038087477
0.5630000000023447	0.1304430654598162
0.5640000000023488	0.13043387493994885
0.5650000000023532	0.13042466880592662
0.5660000000023573	0.13041544705545993
0.5670000000023614	0.13040620970886685
0.5680000000023655	0.13039695676473528
0.5690000000023698	0.13038768821665236
0.5700000000023739	0.13037840406884604
0.5710000000023778	0.13036910432477544
0.5720000000023819	0.13035978900077505
0.5730000000023863	0.13035045811350687
0.5740000000023904	0.13034111165509432
0.5750000000023945	0.1303317496221168
0.5760000000023988	0.1303223720007568
0.5770000000024029	0.1303129787537155
0.578000000002407	0.13030356988914682
0.5790000000024111	0.13029414567339082
0.5800000000024155	0.13028470588238195
0.5810000000024196	0.13027525047922417
0.5820000000024237	0.13026577972077302
0.583000000002428	0.1302562937229742
0.5840000000024321	0.1302467913586337
0.5850000000024362	0.130237273562666
0.5860000000024403	0.1302277405312281
0.5870000000024447	0.13021819179253513
0.5880000000024488	0.13020862768490837
0.5890000000024529	0.13019904805283578
0.5900000000024572	0.1301894528522779
0.5910000000024613	0.1301798421617555
0.5920000000024654	0.13017021594507328
0.5930000000024696	0.13016057420757465
0.5940000000024739	0.13015091697596437
0.595000000002478	0.13014124420027207
0.5960000000024821	0.13013155594772885
0.5970000000024864	0.13012185216629768
0.5980000000024905	0.130112132961391
0.5990000000024946	0.13010239829124037
0.6000000000024988	0.13009264847572966
0.6010000000025031	0.13008288235383492
0.602000000002507	0.13007310099522862
0.6030000000025111	0.13006330454676118
0.6040000000025154	0.1300534923186114
0.6050000000025195	0.13004366491459407
0.6060000000025236	0.1300338217967869
0.6070000000025277	0.13002396347701983
0.6080000000025321	0.13001408947296256
0.6090000000025362	0.1300042001828703
0.6100000000025403	0.12999429530040307
0.6110000000025446	0.12998437513969485
0.6120000000025487	0.12997443959164645
0.6130000000025528	0.12996448856373044
0.614000000002557	0.12995452206883795
0.6150000000025613	0.12994454014364498
0.6160000000025654	0.12993454279894256
0.6170000000025695	0.12992453004159188
0.6180000000025738	0.12991450187653653
0.6190000000025779	0.1299044583101311
0.620000000002582	0.12989439934762337
0.6210000000025861	0.12988432499274194
0.6220000000025905	0.1298742352417881
0.6230000000025946	0.12986413009825326
0.6240000000025987	0.12985400956319393
0.625000000002603	0.12984387361027316
0.6260000000026071	0.12983372224439893
0.6270000000026112	0.12982355565385628
0.6280000000026154	0.12981337358599054
0.6290000000026197	0.12980317623820592
0.6300000000026238	0.12979296336991553
0.6310000000026279	0.12978273530880435
0.6320000000026322	0.12977249176407157
0.6330000000026361	0.12976223291605604
0.6340000000026402	0.1297519587094469
0.6350000000026443	0.12974166919524177
0.6360000000026487	0.1297313643182464
0.6370000000026528	0.129721044148967
0.6380000000026569	0.1297107086152972
0.6390000000026612	0.12970035780852407
0.6400000000026653	0.1296899917361941
0.6410000000026694	0.12967961058649236
0.6420000000026735	0.12966921408011145
0.6430000000026779	0.1296588009673587
0.644000000002682	0.12964837403068163
0.6450000000026861	0.12963793178635363
0.6460000000026904	0.12962747342407943
0.6470000000026945	0.12961700005042887
0.6480000000026986	0.12960651152310065
0.6490000000027027	0.12959600773909608
0.6500000000027071	0.12958548907861145
0.6510000000027112	0.1295749542584954
0.6520000000027153	0.12956440433478122
0.6530000000027196	0.1295538395624155
0.6540000000027237	0.12954325920769016
0.6550000000027278	0.12953266389432327
0.656000000002732	0.12952205303942943
0.6570000000027363	0.1295114271912602
0.6580000000027404	0.1295007858398225
0.6590000000027445	0.1294901294700832
0.6600000000027488	0.12947945764211488
0.6610000000027529	0.12946877076859598
0.662000000002757	0.12945806848064756
0.6630000000027612	0.12944735110045513
0.6640000000027653	0.12943661832049935
0.6650000000027694	0.12942587063108668
0.6660000000027735	0.12941510749105412
0.6670000000027778	0.12940432917918698
0.6680000000027819	0.12939353573336954
0.669000000002786	0.12938272702241216
0.6700000000027901	0.12937190316074787
0.6710000000027945	0.12936106409178194
0.6720000000027986	0.1293502098622754
0.6730000000028027	0.12933934039289985
0.674000000002807	0.12932845577703878
0.6750000000028111	0.12931755601720618
0.6760000000028152	0.1293066410602679
0.6770000000028193	0.12929571096393078
0.6780000000028237	0.12928476567127167
0.6790000000028278	0.12927380530545873
0.6800000000028319	0.12926282985892334
0.6810000000028362	0.12925183888563774
0.6820000000028403	0.12924083328909797
0.6830000000028444	0.12922981208274031
0.6840000000028486	0.12921877614049615
0.6850000000028529	0.12920772470157682
0.686000000002857	0.1291966585335741
0.6870000000028611	0.12918557676022413
0.6880000000028654	0.12917448042633373
0.6890000000028695	0.12916336852323917
0.6900000000028736	0.12915224189785057
0.6910000000028778	0.1291410997717929
0.6920000000028821	0.1291299430140358
0.6930000000028862	0.1291187707982021
0.6940000000028901	0.12910758333623173
0.6950000000028944	0.1290963809557375
0.6960000000028985	0.12908516367961165
0.6970000000029026	0.12907393117605936
0.6980000000029067	0.12906268333441584
0.6990000000029111	0.12905142047909623
0.7000000000029152	0.1290401428974568
0.7010000000029193	0.12902884987180896
0.7020000000029236	0.12901754218924344
0.7030000000029277	0.12900621911819687
0.7040000000029318	0.12899488123146086
0.705000000002936	0.12898352822684844
0.7060000000029403	0.12897216017166246
0.7070000000029444	0.12896077707938458
0.7080000000029485	0.12894937897619962
0.7090000000029526	0.12893796585064277
0.7100000000029569	0.1289265377476142
0.711000000002961	0.1289150946100911
0.7120000000029651	0.12890363647346859
0.7130000000029695	0.1288921633594412
0.7140000000029736	0.1288806751747914
0.7150000000029777	0.12886917202521775
0.7160000000029818	0.12885765387243298
0.7170000000029861	0.12884612082921554
0.7180000000029902	0.1288345726591985
0.7190000000029944	0.12882300977631
0.7200000000029987	0.12881143136465378
0.7210000000030028	0.12879983852906074
0.7220000000030069	0.12878823066393463
0.723000000003011	0.12877660732389073
0.7240000000030153	0.12876496956407824
0.7250000000030195	0.1287533166518796
0.7260000000030233	0.12874164889557282
0.7270000000030277	0.12872996653208724
0.7280000000030318	0.12871826838250644
0.7290000000030359	0.12870655569801648
0.73000000000304	0.1286948280581275
0.7310000000030443	0.12868308550250174
0.7320000000030484	0.12867132846382567
0.7330000000030525	0.12865955588121802
0.7340000000030569	0.12864776836457392
0.735000000003061	0.12863596611459926
0.7360000000030651	0.12862414903464825
0.7370000000030692	0.12861231701799103
0.7380000000030735	0.12860047007452702
0.7390000000030776	0.1285886082980392
0.7400000000030817	0.1285767316652876
0.7410000000030861	0.12856484028994686
0.7420000000030902	0.12855293396793566
0.7430000000030943	0.1285410127044624
0.7440000000030984	0.12852907657324764
0.7450000000031027	0.12851712563203777
0.7460000000031068	0.12850515982192257
0.747000000003111	0.12849317915533187
0.7480000000031153	0.12848118363256678
0.7490000000031194	0.12846917323535612
0.7500000000031235	0.12845714795163587
0.7510000000031276	0.12844510809039844
0.7520000000031319	0.1284330531341763
0.753000000003136	0.12842098340863972
0.7540000000031402	0.12840889883098916
0.7550000000031445	0.12839679937658255
0.7560000000031484	0.12838468530692648
0.7570000000031525	0.12837255631492706
0.7580000000031566	0.12836041274429055
0.7590000000031609	0.12834825472267253
0.760000000003165	0.1283360810849341
0.7610000000031691	0.1283238927693222
0.7620000000031735	0.12831168992427877
0.7630000000031776	0.12829947219895554
0.7640000000031817	0.1282872402713079
0.7650000000031858	0.12827499195575187
0.7660000000031901	0.12826273071291805
0.7670000000031942	0.12825045386963796
0.7680000000031983	0.12823816275224664
0.7690000000032027	0.12822585685255528
0.7700000000032068	0.12821353547553793
0.7710000000032109	0.1282011994780401
0.772000000003215	0.12818884902979366
0.7730000000032193	0.12817648392126169
0.7740000000032234	0.12816410451428406
0.7750000000032276	0.12815170923458075
0.7760000000032319	0.12813930044649258
0.777000000003236	0.12812687621208152
0.7780000000032401	0.1281144375386225
0.7790000000032442	0.12810198417358076
0.7800000000032485	0.12808951609715946
0.7810000000032526	0.1280770333283313
0.7820000000032568	0.12806453591900868
0.7830000000032611	0.12805202377039993
0.7840000000032652	0.1280394968364701
0.7850000000032693	0.12802695570874145
0.7860000000032734	0.1280143994588725
0.7870000000032777	0.12800182859255194
0.7880000000032816	0.12798924368901943
0.7890000000032857	0.12797664110053497
0.7900000000032901	0.12796402870680346
0.7910000000032942	0.1279513987630796
0.7920000000032983	0.12793875531183163
0.7930000000033024	0.12792609618333928
0.7940000000033067	0.127913422058491
0.7950000000033108	0.12790073494502086
0.796000000003315	0.1278880329647566
0.7970000000033193	0.12787531534902463
0.7980000000033234	0.12786258355076674
0.7990000000033275	0.1278498371886062
0.8000000000033316	0.1278370763553578
0.8010000000033359	0.1278243013740472
0.80200000000334	0.12781151073500396
0.8030000000033441	0.12779870538484273
0.8040000000033485	0.12778588581073236
0.8050000000033526	0.12777305230425307
0.8060000000033567	0.12776020510717556
0.8070000000033608	0.12774734145038613
0.8080000000033651	0.12773446391035526
0.8090000000033692	0.12772157206618573
0.8100000000033734	0.12770866529383174
0.8110000000033777	0.1276957445604996
0.8120000000033818	0.12768280885250682
0.8130000000033859	0.12766985902786887
0.81400000000339	0.1276568921543173
0.8150000000033943	0.1276439150403259
0.8160000000033985	0.12763092085256
0.8170000000034026	0.12761791261675515
0.8180000000034067	0.12760489033219535
0.8190000000034108	0.12759185121472905
0.8200000000034149	0.12757880155734758
0.821000000003419	0.12756573442941965
0.8220000000034233	0.12755265353540668
0.8230000000034274	0.12753955803041062
0.8240000000034315	0.12752644802912272
0.8250000000034359	0.12751332504264024
0.82600000000344	0.12750018587537626
0.8270000000034441	0.12748703258907157
0.8280000000034482	0.12747386516434633
0.8290000000034525	0.12746068326040616
0.8300000000034566	0.1274474867765475
0.8310000000034607	0.12743427593057588
0.8320000000034651	0.12742105066037512
0.8330000000034692	0.12740781095528209
0.8340000000034733	0.12739455675443245
0.8350000000034774	0.12738128826722028
0.8360000000034817	0.12736800531719705
0.8370000000034858	0.12735470789834014
0.83800000000349	0.12734139615701967
0.8390000000034943	0.12732806999750557
0.8400000000034984	0.12731472941094957
0.8410000000035025	0.12730137438366218
0.8420000000035066	0.12728800505920201
0.8430000000035109	0.12727462136009282
0.844000000003515	0.12726122328185707
0.8450000000035192	0.127247810861576
0.8460000000035233	0.12723438416276311
0.8470000000035276	0.1272209428793336
0.8480000000035317	0.12720748746514676
0.8490000000035356	0.12719401782829443
0.8500000000035399	0.12718053307613564
0.851000000003544	0.12716703500329152
0.8520000000035481	0.12715352223401644
0.8530000000035523	0.12713999535640175
0.8540000000035566	0.1271264538577601
0.8550000000035607	0.1271128978599435
0.8560000000035648	0.12709932741517593
0.8570000000035691	0.12708574281943252
0.8580000000035732	0.12707214434799285
0.8590000000035773	0.12705853125452282
0.8600000000035815	0.12704490393587275
0.8610000000035858	0.12703126237640616
0.8620000000035899	0.12701760647883642
0.863000000003594	0.1270039360807408
0.8640000000035983	0.12699025190135682
0.8650000000036024	0.12697655394064122
0.8660000000036066	0.1269628407628436
0.8670000000036107	0.12694911304772416
0.868000000003615	0.12693537237929287
0.8690000000036191	0.12692161649241518
0.8700000000036232	0.12690784672276045
0.8710000000036275	0.12689406292210437
0.8720000000036316	0.1268802641533251
0.8730000000036358	0.12686645113290218
0.8740000000036399	0.1268526249773958
0.8750000000036442	0.1268387840494758
0.8760000000036483	0.12682492901822473
0.8770000000036524	0.1268110588554212
0.8780000000036567	0.12679717535168722
0.8790000000036609	0.12678327781511745
0.8800000000036647	0.12676936609711087
0.8810000000036688	0.12675543961435154
0.8820000000036732	0.12674149963540593
0.8830000000036773	0.12672754509620499
0.8840000000036814	0.12671357655302917
0.8850000000036857	0.12669959376958928
0.8860000000036898	0.1266855969730586
0.887000000003694	0.1266715861403862
0.888000000003698	0.12665756089873992
0.8890000000037024	0.126643521569477
0.8900000000037065	0.1266294681701473
0.8910000000037106	0.12661540073576227
0.8920000000037149	0.12660131901373517
0.893000000003719	0.12658722326075356
0.8940000000037231	0.12657311358400536
0.8950000000037273	0.1265589895174568
0.8960000000037316	0.12654485195784093
0.8970000000037357	0.1265306999617416
0.8980000000037398	0.12651653280851138
0.8990000000037441	0.12650235292041245
0.9000000000037482	0.12648815891546483
0.9010000000037524	0.12647395015831697
0.9020000000037565	0.12645972758811364
0.9030000000037608	0.12644549127475668
0.9040000000037649	0.1264312400245896
0.905000000003769	0.12641697538986474
0.9060000000037733	0.12640269691689188
0.9070000000037775	0.12638840437698518
0.9080000000037816	0.12637409759658869
0.9090000000037857	0.12635977662524944
0.91000000000379	0.12634544184034568
0.9110000000037939	0.1263310931858076
0.912000000003798	0.12631673057820614
0.9130000000038023	0.12630235352742525
0.9140000000038064	0.12628796298312672
0.9150000000038105	0.12627355813780083
0.9160000000038147	0.12625913943866884
0.917000000003819	0.1262447068705035
0.9180000000038231	0.12623026004867588
0.9190000000038272	0.12621579930305504
0.9200000000038315	0.1262013248633994
0.9210000000038356	0.12618683574973066
0.9220000000038397	0.12617233384542037
0.9230000000038439	0.12615781681814564
0.9240000000038482	0.12614328641526018
0.9250000000038523	0.12612874213918523
0.9260000000038564	0.12611418414212894
0.9270000000038607	0.12609961183381757
0.9280000000038648	0.1260850261891815
0.929000000003869	0.1260704257177081
0.9300000000038731	0.1260558119415074
0.9310000000038774	0.1260411841521485
0.9320000000038815	0.12602654242823375
0.9330000000038856	0.126011886728989
0.9340000000038899	0.1259972171749303
0.935000000003894	0.12598253335378828
0.9360000000038982	0.12596783671637324
0.9370000000039023	0.12595312574400508
0.9380000000039066	0.1259384007253288
0.9390000000039107	0.12592366179578396
0.9400000000039148	0.12590890917273367
0.9410000000039191	0.1258941423163885
0.942000000003923	0.12587936245293063
0.9430000000039271	0.12586456799380863
0.9440000000039312	0.12584976010148385
0.9450000000039356	0.12583493809224477
0.9460000000039397	0.12582010251882036
0.9470000000039438	0.12580525312839597
0.9480000000039481	0.125790390360351
0.9490000000039522	0.12577551087150485
0.9500000000039563	0.1257606225925132
0.9510000000039605	0.1257457174404577
0.9520000000039648	0.12573079878290694
0.9530000000039689	0.12571586651529543
0.954000000003973	0.12570092132934785
0.9550000000039773	0.12568596141580524
0.9560000000039814	0.12567098718778946
0.9570000000039856	0.1256560010373753
0.9580000000039897	0.1256409983881348
0.959000000003994	0.12562598573185402
0.9600000000039981	0.12561095515122078
0.9610000000040022	0.12559591470120157
0.9620000000040065	0.12558085866380064
0.9630000000040106	0.1255657891407711
0.9640000000040148	0.12555070473961727
0.9650000000040189	0.1255356090036096
0.9660000000040232	0.12552049761314732
0.9670000000040273	0.1255053737945514
0.9680000000040314	0.1254902361190844
0.9690000000040357	0.12547508179453803
0.9700000000040399	0.12545991860126327
0.9710000000040437	0.12544473897836816
0.9720000000040478	0.12542954631491798
0.9730000000040522	0.12541434036976384
0.9740000000040563	0.12539911792040037
0.9750000000040604	0.12538388649009846
0.9760000000040647	0.12536863869746495
0.9770000000040688	0.12535337769581023
0.978000000004073	0.12533810354919594
0.979000000004077	0.12532281290188396
0.9800000000040812	0.12530751349088975
0.9810000000040855	0.12529219748913456
0.9820000000040896	0.12527686832210305
0.9830000000040937	0.12526152565615878
0.984000000004098	0.12524616998217897
0.9850000000041004	0.12523079990807917
0.9860000000041018	0.12521541601818365
0.987000000004103	0.12520001981688522
0.9880000000041045	0.12518460876010962
0.9890000000041059	0.12516918245246544
0.9900000000041072	0.12515374765272236
0.9910000000041086	0.12513829427006073
0.99200000000411	0.12512283111723366
0.9930000000041115	0.12510735165763853
0.9940000000041127	0.12509186026722785
0.9950000000041141	0.12507635530293948
0.9960000000041156	0.12506083536381984
0.997000000004117	0.12504530301554184
0.9980000000041185	0.1250297576533892
0.9990000000041197	0.1250141979263829
1.0000000000041211	0.12499862511009552
1.001000000004117	0.12498303869673366
1.002000000004113	0.1249674383075241
1.0030000000041086	0.12495182516816516
1.0040000000041045	0.12493619801541622
1.0050000000041002	0.12492055733862673
1.006000000004096	0.12490490390459486
1.007000000004092	0.12488923650615491
1.0080000000040878	0.12487355570984926
1.0090000000040837	0.12485786140064892
1.0100000000040794	0.12484215387343756
1.0110000000040753	0.12482643286286854
1.012000000004071	0.12481069838232695
1.0130000000040669	0.1247949504388618
1.0140000000040628	0.12477918919396813
1.0150000000040587	0.12476341444339867
1.0160000000040534	0.1247476262697349
1.0170000000040464	0.12473182462568966
1.0180000000040397	0.12471600973054386
1.0190000000040325	0.12470018131202698
1.0200000000040257	0.12468433980580662
1.021000000004019	0.12466848522476814
1.0220000000040117	0.1246526164281222
1.023000000004005	0.12463673392917352
1.0240000000039977	0.12462083976386862
1.025000000003991	0.12460493099529257
1.026000000003984	0.12458900908850601
1.027000000003977	0.12457307385757976
1.0280000000039702	0.1245571253728045
1.0290000000039632	0.12454116403691085
1.0300000000039562	0.12452518830598269
1.0310000000039494	0.12450919937961258
1.0320000000039424	0.1244931980152284
1.0330000000039354	0.1244771828344361
1.0340000000039287	0.12446115455124307
1.0350000000039217	0.12444511293828542
1.0360000000039147	0.1244290581050641
1.0370000000039077	0.12441298965851855
1.0380000000039007	0.12439690832031303
1.039000000003894	0.12438081357021502
1.0400000000038867	0.12436470541105193
1.04100000000388	0.12434858439454999
1.0420000000038732	0.12433244978121061
1.043000000003866	0.12431630192466525
1.0440000000038592	0.12430014093641495
1.0450000000038522	0.1242839668161303
1.0460000000038452	0.12426777939773137
1.0470000000038384	0.12425157868407888
1.0480000000038314	0.12423536514308198
1.0490000000038244	0.12421913801543927
1.0500000000038174	0.12420289828068665
1.0510000000038104	0.12418664446585848
1.0520000000038037	0.12417037784221907
1.0530000000037967	0.12415409805771538
1.0540000000037897	0.12413780516106365
1.055000000003783	0.12412149937291583
1.056000000003776	0.12410517890727824
1.057000000003769	0.12408884731037528
1.0580000000037622	0.12407250193180974
1.059000000003755	0.12405614252339192
1.0600000000037482	0.12403977095998486
1.0610000000037412	0.12402338604462892
1.0620000000037342	0.12400698801828947
1.0630000000037274	0.12399057726928664
1.0640000000037202	0.12397415058210837
1.0650000000037134	0.12395771562721991
1.0660000000037064	0.12394126510757131
1.0670000000036994	0.12392479911486776
1.0680000000036927	0.12390832475658908
1.0690000000036857	0.12389183452258778
1.0700000000036787	0.12387533155482178
1.071000000003672	0.12385881563941137
1.072000000003665	0.12384228618124649
1.073000000003658	0.12382574410508074
1.0740000000036511	0.12380918999487656
1.075000000003644	0.12379262151202308
1.0760000000036372	0.12377603977919183
1.0770000000036304	0.12375944675962125
1.0780000000036232	0.12374283895134308
1.0790000000036164	0.1237262176951387
1.0800000000036092	0.12370958489262607
1.0810000000036024	0.12369293873451381
1.0820000000035954	0.12367627986405028
1.0830000000035884	0.12365960841555867
1.0840000000035817	0.12364292242656605
1.0850000000035747	0.12362622530974088
1.0860000000035677	0.12360951197917214
1.087000000003561	0.12359278914000016
1.088000000003554	0.12357605309687081
1.089000000003547	0.12355930279444327
1.0900000000035401	0.123542537755721
1.091000000003533	0.12352576393820458
1.0920000000035262	0.12350897508602732
1.0930000000035192	0.12349217154837255
1.0940000000035122	0.12347535869433368
1.0950000000035054	0.12345853114160599
1.0960000000034982	0.12344168915450915
1.0970000000034914	0.12342483679126914
1.0980000000034844	0.1234079702816554
1.0990000000034774	0.12339109050744912
1.1000000000034706	0.12337419948512984
1.1010000000034637	0.12335729397919615
1.1020000000034567	0.12334037619452776
1.1030000000034499	0.12332344547433094
1.104000000003443	0.12330650186340442
1.105000000003436	0.12328954544165915
1.106000000003429	0.12327257612385867
1.107000000003422	0.12325559414686715
1.1080000000034151	0.1232385992368975
1.1090000000034081	0.12322159152853307
1.1100000000034012	0.12320457100307247
1.1110000000033944	0.12318753773300006
1.1120000000033872	0.12317049160893245
1.1130000000033804	0.12315343275402346
1.1140000000033736	0.12313636095155422
1.1150000000033664	0.12311927646079424
1.1160000000033596	0.12310217937781864
1.1170000000033526	0.12308506929340246
1.1180000000033457	0.12306794611950944
1.1190000000033387	0.12305081106888793
1.1200000000033317	0.12303366313152986
1.121000000003325	0.12301650199087111
1.122000000003318	0.1229993273848684
1.123000000003311	0.12298214102090932
1.1240000000033041	0.12296494155986382
1.1250000000032971	0.12294772945261245
1.1260000000032901	0.12293050467194244
1.1270000000032834	0.12291326720707785
1.1280000000032764	0.12289601700217823
1.1290000000032694	0.12287875413463323
1.1300000000032626	0.12286147866411634
1.1310000000032554	0.12284419049216522
1.1320000000032486	0.12282688959199539
1.1330000000032414	0.12280957606632592
1.1340000000032346	0.12279224999001981
1.1350000000032279	0.1227749110364289
1.1360000000032207	0.12275755962430734
1.1370000000032139	0.1227401955638765
1.138000000003207	0.12272281846437072
1.1390000000032	0.12270542927718109
1.1400000000031931	0.12268802780429355
1.1410000000031861	0.12267061286915637
1.1420000000031791	0.1226531849269148
1.1430000000031724	0.12263574611931671
1.1440000000031654	0.12261829381179612
1.1450000000031584	0.12260082730554456
1.1460000000031516	0.12258334919658442
1.1470000000031444	0.12256585937583087
1.1480000000031376	0.12254835685550414
1.1490000000031304	0.12253084148813564
1.1500000000031236	0.12251331370833252
1.1510000000031169	0.12249577317883598
1.1520000000031096	0.1224782202383452
1.1530000000031029	0.1224606548237055
1.1540000000030959	0.1224430769296716
1.155000000003089	0.1224254860459516
1.1560000000030821	0.12240788346482834
1.1570000000030751	0.12239026757205707
1.1580000000030681	0.12237263939176912
1.1590000000030614	0.12235499875268108
1.1600000000030544	0.12233734559524567
1.1610000000030474	0.12231968050787312
1.1620000000030404	0.1223020018777955
1.1630000000030334	0.12228431122007555
1.1640000000030266	0.12226660814488255
1.1650000000030196	0.12224889251717619
1.1660000000030126	0.122231164685775
1.1670000000030059	0.12221342434438442
1.1680000000029986	0.12219567136498433
1.1690000000029919	0.12217790622667213
1.1700000000029849	0.12216012859182279
1.1710000000029779	0.12214233851067302
1.172000000002971	0.12212453607499707
1.1730000000029641	0.12210672100005393
1.1740000000029571	0.1220888936673391
1.1750000000029501	0.12207105317417566
1.1760000000029431	0.12205320232716377
1.1770000000029364	0.12203533734035021
1.1780000000029294	0.12201746047612749
1.1790000000029224	0.12199957122983185
1.1800000000029156	0.12198166967268409
1.1810000000029086	0.12196375580218521
1.1820000000029016	0.1219458298054954
1.1830000000028948	0.12192789122048076
1.1840000000028876	0.12190994029736335
1.1850000000028809	0.12189197696942655
1.186000000002874	0.12187400091899836
1.1870000000028669	0.12185601330149365
1.18800000000286	0.12183801295245522
1.1890000000028529	0.12182000045117314
1.1900000000028461	0.12180197561545902
1.1910000000028391	0.12178393857237046
1.1920000000028321	0.12176588932908528
1.1930000000028254	0.12174782770613468
1.1940000000028184	0.12172975372978634
1.1950000000028114	0.12171166764924757
1.1960000000028046	0.12169356937291342
1.1970000000027976	0.12167545860007145
1.1980000000027906	0.12165733576839444
1.1990000000027838	0.12163920083975732
1.2000000000027768	0.12162105334571582
1.2010000000027699	0.121602893805413
1.2020000000027629	0.12158472271140774
1.2030000000027559	0.12156653833220465
1.204000000002749	0.12154834177653573
1.2050000000027419	0.12153013457748507
1.206000000002735	0.12151191307747666
1.2070000000027283	0.12149367985993731
1.2080000000027211	0.12147543516546078
1.2090000000027143	0.12145717814891632
1.2100000000027074	0.12143890922790024
1.2110000000027004	0.12142062774251117
1.2120000000026936	0.12140233438940184
1.2130000000026866	0.12138402886834532
1.2140000000026796	0.12136571136490437
1.2150000000026726	0.12134738174449233
1.2160000000026656	0.12132903876355139
1.2170000000026588	0.12131068512836207
1.2180000000026519	0.12129231926663242
1.2190000000026449	0.12127394101451905
1.220000000002638	0.12125555065942561
1.2210000000026309	0.12123714816296238
1.222000000002624	0.12121873355173296
1.2230000000026173	0.12120030665923298
1.2240000000026101	0.12118186785728624
1.2250000000026033	0.12116341742553627
1.2260000000025963	0.12114495460035857
1.2270000000025894	0.12112647979526348
1.2280000000025826	0.12110799305947839
1.2290000000025754	0.121089494283804
1.2300000000025686	0.12107098340182842
1.2310000000025616	0.12105246042059958
1.2320000000025546	0.12103392555280179
1.2330000000025478	0.12101537877467017
1.2340000000025408	0.12099681970850251
1.2350000000025338	0.1209782489893173
1.236000000002527	0.1209596662544472
1.23700000000252	0.12094107100830431
1.238000000002513	0.12092246427804532
1.2390000000025063	0.12090384642117458
1.240000000002499	0.12088521596948698
1.2410000000024923	0.12086657210854135
1.2420000000024853	0.12084791679402218
1.2430000000024783	0.12082925088881113
1.2440000000024716	0.1208105726349894
1.2450000000024644	0.12079188232183213
1.2460000000024576	0.12077318025364958
1.2470000000024506	0.12075446644015009
1.2480000000024436	0.12073574042770951
1.2490000000024368	0.12071700226729132
1.2500000000024298	0.12069825235643816
1.2510000000024228	0.12067949048094129
1.252000000002416	0.12066071698729341
1.253000000002409	0.12064193167121706
1.254000000002402	0.12062313447720652
1.2550000000023953	0.12060432545548971
1.256000000002388	0.12058550437208782
1.2570000000023813	0.12056667172988744
1.2580000000023743	0.12054782724599722
1.2590000000023673	0.12052897051741396
1.2600000000023606	0.12051010249855287
1.2610000000023533	0.1204912225324416
1.2620000000023466	0.12047233039580352
1.2630000000023396	0.1204534269573283
1.2640000000023326	0.12043451157450591
1.2650000000023258	0.12041558489280735
1.2660000000023188	0.12039664558227037
1.2670000000023118	0.12037769481210592
1.268000000002305	0.12035873255305285
1.269000000002298	0.12033975771113425
1.270000000002291	0.12032077231578842
1.271000000002284	0.12030177487908988
1.272000000002277	0.12028276480018418
1.2730000000022703	0.12026374390975336
1.2740000000022633	0.12024471109908919
1.2750000000022563	0.12022566643916532
1.2760000000022496	0.12020661028992974
1.2770000000022423	0.12018754235741369
1.2780000000022356	0.12016846252960833
1.2790000000022288	0.12014937175951068
1.2800000000022216	0.12013026764093371
1.2810000000022148	0.12011115370409942
1.2820000000022078	0.12009202767907179
1.2830000000022008	0.12007288971436503
1.2840000000021938	0.12005373893426197
1.2850000000021868	0.12003457830500563
1.28600000000218	0.12001540552942236
1.287000000002173	0.11999622104713048
1.288000000002166	0.11997702497565788
1.2890000000021593	0.11995781735923583
1.2900000000021523	0.11993859804782137
1.2910000000021453	0.11991936718250062
1.2920000000021385	0.1199001246183502
1.2930000000021313	0.11988087072627518
1.2940000000021246	0.11986160504291865
1.2950000000021178	0.11984232833849573
1.2960000000021106	0.119823039323814
1.2970000000021038	0.11980373886650864
1.2980000000020966	0.11978442729332428
1.2990000000020898	0.1197651032563678
1.3000000000020828	0.11974576878687904
1.3010000000020758	0.11972642271904121
1.302000000002069	0.11970706431076339
1.303000000002062	0.11968769339606589
1.304000000002055	0.11966831380922249
1.3050000000020483	0.11964892175702824
1.3060000000020413	0.11962951741758876
1.3070000000020343	0.11961010234830494
1.3080000000020275	0.11959067547535085
1.3090000000020205	0.11957123715595264
1.3100000000020136	0.11955178706641745
1.3110000000020068	0.11953232576247719
1.3120000000019996	0.11951285294923508
1.3130000000019928	0.11949336874307603
1.3140000000019856	0.11947387322651348
1.3150000000019788	0.11945436633595219
1.316000000001972	0.1194348478895938
1.3170000000019648	0.11941531799197336
1.318000000001958	0.11939577692464609
1.319000000001951	0.11937622443931983
1.320000000001944	0.11935666054505656
1.3210000000019373	0.11933708504122453
1.3220000000019303	0.11931749762691124
1.3230000000019233	0.11929789906299237
1.3240000000019165	0.11927828993390244
1.3250000000019095	0.11925866932707052
1.3260000000019025	0.11923903727913476
1.3270000000018956	0.11921939380800917
1.3280000000018886	0.11919973894268221
1.3290000000018818	0.11918007300230737
1.3300000000018748	0.11916039563972214
1.3310000000018678	0.11914070732753146
1.332000000001861	0.11912100694481376
1.3330000000018538	0.11910129545669079
1.334000000001847	0.11908157328471747
1.33500000000184	0.11906183881687815
1.336000000001833	0.11904209354054451
1.3370000000018263	0.11902233706197118
1.3380000000018193	0.11900256930115838
1.3390000000018123	0.1189827908923774
1.3400000000018053	0.11896299883286043
1.3410000000017983	0.11894319905726936
1.3420000000017915	0.11892338650586831
1.3430000000017845	0.11890356166155447
1.3440000000017776	0.11888372721197704
1.3450000000017708	0.1188638804347415
1.3460000000017638	0.11884402257934013
1.3470000000017568	0.11882415392403234
1.34800000000175	0.11880427416985462
1.3490000000017428	0.11878438320403373
1.350000000001736	0.11876448109188431
1.3510000000017293	0.11874456781396481
1.352000000001722	0.11872464308326491
1.3530000000017153	0.11870470760845064
1.354000000001708	0.11868476080313406
1.3550000000017013	0.11866480338077223
1.3560000000016943	0.11864483399400116
1.3570000000016873	0.11862485373149279
1.3580000000016805	0.1186048620227873
1.3590000000016735	0.11858485880569669
1.3600000000016665	0.11856484563769454
1.3610000000016598	0.11854482131380695
1.3620000000016528	0.11852478573072378
1.3630000000016458	0.11850473892482793
1.364000000001639	0.11848468104377952
1.3650000000016318	0.11846461236368055
1.366000000001625	0.11844453248807829
1.367000000001618	0.11842444123962292
1.368000000001611	0.11840433927853622
1.3690000000016043	0.11838422625978984
1.370000000001597	0.11836410192349933
1.3710000000015903	0.11834396698796468
1.3720000000015833	0.11832382085749371
1.3730000000015763	0.11830366424432637
1.3740000000015695	0.11828349577854669
1.3750000000015625	0.11826331660086287
1.3760000000015555	0.11824312702847783
1.3770000000015488	0.11822292475731944
1.3780000000015418	0.11820271255832537
1.3790000000015348	0.11818248985008883
1.3800000000015278	0.1181622560497434
1.3810000000015208	0.11814201117010925
1.382000000001514	0.118121755646873
1.383000000001507	0.11810148939608422
1.3840000000015	0.11808121143081107
1.3850000000014933	0.11806092279189484
1.386000000001486	0.11804062346846822
1.3870000000014793	0.11802031250025014
1.3880000000014725	0.1179999917604434
1.3890000000014653	0.11797965974433555
1.3900000000014585	0.11795931562349782
1.3910000000014515	0.11793896166452122
1.3920000000014445	0.11791859717956354
1.3930000000014378	0.11789822183823373
1.3940000000014305	0.11787783541379637
1.3950000000014238	0.11785743862248421
1.3960000000014168	0.11783703019258551
1.3970000000014098	0.11781661118234088
1.398000000001403	0.11779618187687468
1.399000000001396	0.11777574085387699
1.400000000001389	0.11775528994410345
1.4010000000013823	0.1177348257128652
1.4020000000013753	0.11771435437149913
1.4030000000013683	0.11769387005656962
1.4040000000013615	0.1176733761575095
1.4050000000013543	0.11765287064102248
1.4060000000013475	0.11763235408679329
1.4070000000013405	0.11761182733659914
1.4080000000013335	0.11759129011517455
1.4090000000013267	0.11757074187491978
1.4100000000013195	0.1175501833891962
1.4110000000013128	0.1175296134039241
1.4120000000013058	0.11750903288695014
1.4130000000012988	0.11748844141011161
1.414000000001292	0.11746783906805247
1.415000000001285	0.11744722687189713
1.416000000001278	0.11742660370553715
1.4170000000012712	0.11740596963054495
1.4180000000012642	0.11738532532759538
1.4190000000012573	0.11736467014163943
1.4200000000012505	0.11734400480540896
1.4210000000012433	0.11732332821250269
1.4220000000012365	0.11730263995467516
1.4230000000012293	0.11728194266703329
1.4240000000012225	0.1172612347376849
1.4250000000012157	0.1172405145752764
1.4260000000012085	0.11721978486645646
1.4270000000012018	0.11719904519038471
1.4280000000011948	0.11717829431831794
1.4290000000011878	0.11715753293216158
1.430000000001181	0.11713676089413794
1.431000000001174	0.11711597831597698
1.432000000001167	0.11709518525564111
1.4330000000011602	0.11707438141194138
1.4340000000011532	0.11705356708091719
1.4350000000011462	0.11703274264163943
1.4360000000011393	0.11701190743891732
1.4370000000011323	0.11699106112985136
1.4380000000011255	0.11697020445753226
1.4390000000011185	0.11694933750419256
1.4400000000011115	0.11692846016008906
1.4410000000011047	0.11690757245874428
1.4420000000010975	0.1168866740612069
1.4430000000010907	0.11686576531330084
1.4440000000010837	0.11684484619509705
1.4450000000010768	0.11682391658886049
1.44600000000107	0.11680297595719036
1.447000000001063	0.11678202498970458
1.448000000001056	0.11676106378909279
1.449000000001049	0.11674009244603278
1.450000000001042	0.11671911036553717
1.4510000000010352	0.11669811781331851
1.4520000000010282	0.11667711459215369
1.4530000000010213	0.11665610189605702
1.4540000000010145	0.11663507771050718
1.4550000000010075	0.116614043319194
1.4560000000010005	0.1165929993599506
1.4570000000009937	0.11657194484558886
1.4580000000009865	0.11655087992163704
1.4590000000009797	0.11652980427505943
1.460000000000973	0.11650871728935353
1.4610000000009657	0.11648762122046208
1.462000000000959	0.11646651553952947
1.4630000000009518	0.11644539863862524
1.464000000000945	0.1164242711111102
1.465000000000938	0.11640313272326297
1.466000000000931	0.11638198521220267
1.4670000000009242	0.11636082719098084
1.4680000000009172	0.11633965880647701
1.4690000000009102	0.11631848036208559
1.4700000000009035	0.11629729146318779
1.4710000000008965	0.11627609168474407
1.4720000000008895	0.11625488203866108
1.4730000000008827	0.11623366215530007
1.4740000000008757	0.1162124318746448
1.4750000000008687	0.11619119174982417
1.476000000000862	0.11616994195440233
1.4770000000008547	0.11614868084122543
1.478000000000848	0.11612741001423998
1.4790000000008408	0.11610612840426127
1.480000000000834	0.11608483640140965
1.4810000000008272	0.11606353521090262
1.48200000000082	0.11604222411446785
1.4830000000008132	0.11602090189899372
1.4840000000008062	0.11599956982759707
1.4850000000007992	0.11597822784172807
1.4860000000007925	0.11595687451424086
1.4870000000007855	0.11593551177583095
1.4880000000007785	0.11591414002644318
1.4890000000007717	0.1158927571909536
1.4900000000007645	0.11587136347404448
1.4910000000007577	0.11584996040337381
1.4920000000007507	0.11582854686064281
1.4930000000007437	0.11580712392171733
1.494000000000737	0.11578569100542346
1.49500000000073	0.11576424721836531
1.496000000000723	0.11574279290496481
1.497000000000716	0.11572132973981375
1.498000000000709	0.1156998563246947
1.4990000000007022	0.11567837268879466
1.5000000000006952	0.11565687877426079
1.5010000000006882	0.11563537464286744
1.5020000000006815	0.11561386048201272
1.5030000000006745	0.11559233662095258
1.5040000000006675	0.11557080272625142
1.5050000000006605	0.11554925898879276
1.5060000000006535	0.11552770505626653
1.5070000000006467	0.1155061413305325
1.5080000000006397	0.11548456751896863
1.5090000000006327	0.11546298308651282
1.5100000000006257	0.1154413889796625
1.5110000000006187	0.11541978508771966
1.512000000000612	0.11539817141400555
1.513000000000605	0.11537654806971576
1.514000000000598	0.11535491447573154
1.5150000000005912	0.11533327040504782
1.5160000000005842	0.11531161682183866
1.5170000000005772	0.11528995334742187
1.5180000000005702	0.11526827986089272
1.5190000000005632	0.11524659711855711
1.5200000000005565	0.11522490335110547
1.5210000000005495	0.11520319951831004
1.5220000000005425	0.11518148717410182
1.5230000000005357	0.11515976460367927
1.5240000000005285	0.11513803195988093
1.5250000000005217	0.11511628972072407
1.5260000000005147	0.11509453710029627
1.5270000000005077	0.11507277414465167
1.528000000000501	0.11505100245883004
1.529000000000494	0.11502922083707023
1.530000000000487	0.11500742847969969
1.53100000000048	0.11498562651175925
1.532000000000473	0.11496381524139954
1.5330000000004662	0.11494199443693764
1.5340000000004592	0.1149201642437696
1.5350000000004522	0.1148983236548008
1.5360000000004455	0.11487647199464868
1.5370000000004385	0.11485461157379451
1.5380000000004315	0.1148327420579277
1.5390000000004245	0.11481086251915573
1.5400000000004175	0.11478897339709848
1.5410000000004107	0.1147670742332424
1.5420000000004037	0.11474516513925581
1.5430000000003967	0.11472324642314702
1.5440000000003897	0.11470131779260495
1.5450000000003827	0.11467937974195663
1.546000000000376	0.11465743192438516
1.547000000000369	0.1146354746300674
1.548000000000362	0.114613506906179
1.549000000000355	0.11459153034330338
1.5500000000003482	0.11456954433737876
1.5510000000003412	0.11454754731880401
1.5520000000003342	0.11452554166442375
1.5530000000003272	0.11450352663798058
1.5540000000003205	0.11448150174818383
1.5550000000003135	0.11445946764373016
1.5560000000003065	0.11443742177536498
1.5570000000002997	0.11441536895607385
1.5580000000002925	0.11439330520520663
1.5590000000002857	0.11437123196205468
1.5600000000002787	0.11434914941010998
1.5610000000002717	0.11432705701155321
1.5620000000002647	0.11430495542827657
1.5630000000002577	0.11428284435991043
1.564000000000251	0.11426072246815755
1.565000000000244	0.11423859178921747
1.566000000000237	0.11421645277784476
1.5670000000002302	0.11419430336061254
1.5680000000002232	0.11417214329926317
1.5690000000002162	0.11414997445515263
1.5700000000002092	0.11412779700744602
1.5710000000002025	0.11410560943520875
1.5720000000001955	0.11408341185474336
1.5730000000001885	0.11406120525978225
1.5740000000001815	0.11403898930848344
1.5750000000001747	0.11401676441994246
1.5760000000001675	0.11399452847594882
1.5770000000001607	0.11397228481362831
1.5780000000001537	0.11395003034721862
1.5790000000001467	0.1139277669847849
1.58000000000014	0.11390549443954223
1.581000000000133	0.11388321230809151
1.582000000000126	0.11386092061826958
1.583000000000119	0.11383861936446893
1.584000000000112	0.11381630894139438
1.5850000000001052	0.11379398885392078
1.5860000000000982	0.11377166021203156
1.5870000000000912	0.11374932193383858
1.5880000000000845	0.11372697318419356
1.5890000000000775	0.113704615852259
1.5900000000000705	0.11368225006533428
1.5910000000000635	0.11365987351815243
1.5920000000000565	0.11363748785972583
1.5930000000000497	0.11361509381455126
1.5940000000000427	0.11359268988932181
1.5950000000000357	0.11357027628622118
1.5960000000000287	0.11354785332807626
1.5970000000000217	0.1135254219936207
1.598000000000015	0.11350298042444851
1.599000000000008	0.1134805295533805
1.600000000000001	0.11345807049925327
1.6009999999999942	0.11343560153051091
1.6019999999999872	0.11341312302690154
1.6029999999999802	0.11339063559497264
1.6039999999999732	0.1133681389630371
1.6049999999999662	0.11334563278511423
1.6059999999999595	0.11332311766814696
1.6069999999999525	0.113300593375252
1.6079999999999455	0.11327805949282455
1.6089999999999387	0.1132555167159246
1.6099999999999315	0.1132329647301824
1.6109999999999247	0.11321040358534484
1.6119999999999177	0.11318783286284984
1.6129999999999107	0.1131652531463544
1.6139999999999037	0.11314266521547944
1.614999999999897	0.11312006702518485
1.61599999999989	0.11309745961672424
1.616999999999883	0.11307484390985667
1.617999999999876	0.11305221850095304
1.6189999999998692	0.11302958397146379
1.6199999999998622	0.11300694035501713
1.6209999999998552	0.11298428811177275
1.6219999999998485	0.11296162450748581
1.6229999999998415	0.11293895550881383
1.6239999999998345	0.11291627568418228
1.6249999999998275	0.11289358513527803
1.6259999999998205	0.11287088824924218
1.6269999999998137	0.11284818070430791
1.6279999999998067	0.11282546461407161
1.6289999999997997	0.11280273949289632
1.6299999999997927	0.11278000491925644
1.6309999999997857	0.11275726202094738
1.631999999999779	0.11273450976154176
1.632999999999772	0.1127117481340244
1.633999999999765	0.11268897736813077
1.634999999999758	0.11266619784345078
1.6359999999997512	0.11264340997326527
1.6369999999997442	0.11262061255518374
1.6379999999997372	0.11259780625200855
1.6389999999997302	0.11257499122912185
1.6399999999997235	0.11255216680350977
1.6409999999997165	0.11252933368096485
1.6419999999997095	0.11250649179104677
1.6429999999997025	0.11248364076942341
1.6439999999996955	0.11246078065664156
1.6449999999996887	0.11243791183532759
1.6459999999996817	0.11241503368298011
1.6469999999996747	0.11239214718139867
1.6479999999996677	0.11236925205941373
1.6489999999996607	0.11234634707520819
1.649999999999654	0.11232343332727857
1.650999999999647	0.11230051135462138
1.65199999999964	0.11227758059051718
1.6529999999996332	0.11225464088398085
1.6539999999996262	0.11223169166215197
1.6549999999996192	0.11220873412253107
1.6559999999996122	0.11218576817626813
1.6569999999996052	0.11216279284261665
1.6579999999995985	0.11213980854334527
1.6589999999995915	0.11211681502887139
1.6599999999995845	0.11209381334888846
1.6609999999995777	0.11207080318317142
1.6619999999995705	0.1120477840378149
1.6629999999995637	0.11202475587911254
1.6639999999995567	0.11200171900210087
1.6649999999995497	0.11197867342889356
1.665999999999543	0.11195561889922923
1.666999999999536	0.11193255567354798
1.667999999999529	0.11190948383616128
1.668999999999522	0.11188640342072442
1.669999999999515	0.1118633141533153
1.6709999999995082	0.11184021629736152
1.6719999999995012	0.11181710938188638
1.6729999999994942	0.11179399453436378
1.6739999999994875	0.11177087044856915
1.6749999999994805	0.1117477372881972
1.6759999999994735	0.11172459621568798
1.6769999999994665	0.11170144616238109
1.6779999999994595	0.11167828770748411
1.6789999999994527	0.11165511976651676
1.6799999999994457	0.11163194347527661
1.6809999999994387	0.11160875922461022
1.6819999999994317	0.11158556599926017
1.6829999999994247	0.11156236415420828
1.683999999999418	0.11153915372968126
1.684999999999411	0.11151593447271446
1.685999999999404	0.11149270653677423
1.6869999999993972	0.11146947041792843
1.6879999999993902	0.11144622583739994
1.6889999999993832	0.11142297097736753
1.6899999999993762	0.11139971023430972
1.6909999999993692	0.11137643986052226
1.6919999999993625	0.11135316062735179
1.6929999999993555	0.11132987280873963
1.6939999999993485	0.1113065773536912
1.6949999999993415	0.11128327224402346
1.6959999999993345	0.11125995866151528
1.6969999999993277	0.11123663774922454
1.6979999999993207	0.1112133063969537
1.6989999999993137	0.11118996916911095
1.6999999999993067	0.11116662159682822
1.7009999999993	0.11114326548343367
1.701999999999293	0.11111990207311362
1.702999999999286	0.11109652973007211
1.703999999999279	0.11107314815460079
1.7049999999992722	0.11104975896213864
1.7059999999992652	0.1110263606291525
1.7069999999992582	0.11100295444099384
1.7079999999992515	0.11097954041777858
1.7089999999992442	0.11095611721455101
1.7099999999992375	0.11093268530532163
1.7109999999992305	0.11090924548701753
1.7119999999992235	0.11088579699690537
1.7129999999992167	0.11086234053099553
1.7139999999992095	0.11083887577310836
1.7149999999992027	0.1108154023321879
1.7159999999991957	0.1107919204952943
1.7169999999991887	0.11076843060448827
1.717999999999182	0.1107449322815649
1.718999999999175	0.11072142533015183
1.719999999999168	0.11069791031983911
1.720999999999161	0.11067438709831046
1.721999999999154	0.11065085540082231
1.7229999999991472	0.11062731534831882
1.7239999999991402	0.11060376675114036
1.7249999999991332	0.11058021072041613
1.7259999999991265	0.1105566462936497
1.7269999999991195	0.1105330725691509
1.7279999999991125	0.11050949105660424
1.7289999999991055	0.11048590196751873
1.7299999999990985	0.110462304321161
1.7309999999990917	0.11043869817234409
1.7319999999990847	0.11041508359223262
1.7329999999990777	0.11039146145464362
1.7339999999990707	0.11036783071656808
1.7349999999990655	0.1103441917869834
1.7359999999990614	0.11032054503575228
1.7369999999990573	0.11029688963941087
1.7379999999990532	0.11027322663981509
1.7389999999990489	0.11024955496771449
1.7399999999990448	0.1102258752224049
1.7409999999990406	0.11020218727090192
1.7419999999990363	0.1101784908359913
1.7429999999990322	0.11015478606003659
1.743999999999028	0.11013107435926484
1.744999999999024	0.11010735439094865
1.74599999999902	0.11008362528646431
1.7469999999990156	0.11005988822723356
1.7479999999990115	0.11003614404902273
1.7489999999990071	0.11001239171612176
1.749999999999003	0.10998863016221894
1.7509999999990045	0.109964861605644
1.751999999999006	0.10994108489316423
1.7529999999990071	0.10991729963101149
1.7539999999990086	0.10989350636503425
1.75499999999901	0.10986970513162753
1.7559999999990115	0.10984589626374341
1.756999999999013	0.10982207813572131
1.7579999999990141	0.10979825405991028
1.7589999999990156	0.10977442087431832
1.759999999999017	0.1097505796673619
1.7609999999990182	0.10972672969605579
1.7619999999990197	0.1097028721515323
1.7629999999990211	0.10967900736835168
1.7639999999990226	0.10965513479275268
1.7649999999990238	0.10963125372160676
1.7659999999990263	0.10960736441722685
1.7669999999990305	0.10958346712147282
1.7679999999990346	0.10955956226932817
1.7689999999990387	0.10953564991259657
1.769999999999043	0.10951172926782315
1.7709999999990471	0.10948780051779305
1.7719999999990512	0.10946386373041739
1.7729999999990556	0.10943991928242403
1.7739999999990597	0.1094159664495824
1.7749999999990638	0.10939200669711091
1.7759999999990679	0.10936803924358185
1.776999999999072	0.1093440628167952
1.7779999999990763	0.10932007858236548
1.7789999999990804	0.10929608670435376
1.7799999999990845	0.10927208736292005
1.7809999999990886	0.10924808078059578
1.781999999999093	0.10922406610444413
1.782999999999097	0.10920004312344722
1.7839999999991012	0.10917601190089588
1.7849999999991053	0.1091519729099929
1.7859999999991096	0.10912792649309322
1.7869999999991137	0.10910387244556863
1.7879999999991179	0.10907981124455723
1.788999999999122	0.10905574172944354
1.789999999999126	0.10903166433020484
1.7909999999991304	0.10900757906225167
1.7919999999991345	0.10898348655432932
1.7929999999991386	0.10895938551392104
1.7939999999991427	0.10893527722017804
1.794999999999147	0.10891116109204291
1.7959999999991512	0.1088870371230185
1.7969999999991553	0.10886290613046101
1.7979999999991594	0.10883876743710141
1.7989999999991637	0.10881462074603054
1.7999999999991678	0.10879046556514227
1.800999999999172	0.10876630322154546
1.801999999999176	0.10874213353934747
1.8029999999991801	0.10871795637835913
1.8039999999991845	0.1086937715070353
1.8049999999991886	0.10866957912859387
1.8059999999991927	0.10864537681328879
1.8069999999991968	0.10862117076200106
1.8079999999992011	0.10859695482407883
1.8089999999992052	0.10857273161073266
1.8099999999992094	0.10854850095744906
1.8109999999992135	0.10852426271628146
1.8119999999992178	0.10850001741752058
1.812999999999222	0.1084757627753351
1.813999999999226	0.10845150259679492
1.8149999999992301	0.10842723353520367
1.8159999999992344	0.10840295777537634
1.8169999999992386	0.10837867457526196
1.8179999999992427	0.10835438342315684
1.8189999999992468	0.10833008422817214
1.819999999999251	0.10830577763508364
1.8209999999992552	0.10828146414758821
1.8219999999992593	0.10825714261177422
1.8229999999992634	0.10823281460373568
1.8239999999992675	0.10820847906621545
1.8249999999992719	0.10818413482252986
1.825999999999276	0.10815978360476075
1.82699999999928	0.10813542488126693
1.8279999999992842	0.10811105895663886
1.8289999999992885	0.1080866855399748
1.8299999999992926	0.10806230465196953
1.8309999999992967	0.10803791648257333
1.8319999999993009	0.10801352078255322
1.8329999999993052	0.10798911807220712
1.8339999999993093	0.10796470674557312
1.8349999999993134	0.10794028995749261
1.8359999999993175	0.10791586411496923
1.8369999999993218	0.10789143151588787
1.837999999999326	0.10786699155917256
1.83899999999933	0.10784254451783615
1.8399999999993342	0.10781809024888078
1.8409999999993385	0.10779362820815408
1.8419999999993426	0.10776915836203094
1.8429999999993467	0.10774468156518702
1.8439999999993508	0.10772019733949656
1.844999999999355	0.10769570600649814
1.8459999999993593	0.10767120713108291
1.8469999999993634	0.1076467014114042
1.8479999999993675	0.10762218907446508
1.8489999999993716	0.10759766832197681
1.849999999999376	0.10757314061878676
1.85099999999938	0.10754860588148019
1.8519999999993841	0.10752406324968011
1.8529999999993882	0.10749951378481581
1.8539999999993926	0.10747495700866061
1.8549999999993967	0.10745039302549553
1.8559999999994008	0.10742582168782344
1.856999999999405	0.10740124307005161
1.857999999999409	0.10737665844574396
1.8589999999994133	0.10735206578894785
1.8599999999994175	0.10732746561702777
1.8609999999994216	0.10730285877211054
1.861999999999426	0.10727824465855762
1.86299999999943	0.10725362324350862
1.863999999999434	0.107228994389713
1.8649999999994382	0.10720435865859446
1.8659999999994423	0.10717971592484954
1.8669999999994467	0.10715506580580769
1.8679999999994508	0.10713040864066747
1.8689999999994549	0.10710574449260435
1.869999999999459	0.10708107289459334
1.870999999999463	0.10705639491365171
1.8719999999994674	0.107031709604264
1.8729999999994715	0.10700701639344357
1.8739999999994756	0.1069823171431068
1.87499999999948	0.10695761089390421
1.875999999999484	0.10693289616541524
1.8769999999994882	0.106908175293843
1.8779999999994923	0.10688344834811525
1.8789999999994964	0.10685871311726058
1.8799999999995007	0.10683397081505908
1.8809999999995048	0.10680922213553978
1.881999999999509	0.10678446658073071
1.882999999999513	0.10675970350208286
1.8839999999995174	0.10673493352782837
1.8849999999995215	0.1067101569669271
1.8859999999995256	0.10668537288306346
1.8869999999995297	0.10666058166211001
1.887999999999534	0.10663578405195628
1.8889999999995382	0.10661097945433129
1.8899999999995423	0.10658616791324216
1.8909999999995464	0.10656134936427308
1.8919999999995505	0.10653652381176903
1.8929999999995548	0.10651169116971948
1.893999999999559	0.10648685196449226
1.894999999999563	0.10646200600409772
1.8959999999995671	0.10643715298700474
1.8969999999995715	0.10641229315695167
1.8979999999995756	0.10638742603049334
1.8989999999995797	0.10636255179323484
1.8999999999995838	0.10633767035559072
1.9009999999995881	0.10631278442743985
1.9019999999995922	0.10628789009546458
1.9029999999995963	0.10626298863054073
1.9039999999996005	0.10623808036669447
1.9049999999996048	0.10621316593379004
1.905999999999609	0.10618824478139466
1.906999999999613	0.1061633162832738
1.9079999999996171	0.10613838057178138
1.9089999999996214	0.10611343821979524
1.9099999999996256	0.10608848952688654
1.9109999999996297	0.10606353416370662
1.9119999999996338	0.10603857222868762
1.9129999999996379	0.10601360325801146
1.9139999999996422	0.10598862736170522
1.9149999999996463	0.10596364483066567
1.9159999999996504	0.10593865567268979
1.9169999999996545	0.10591365983259837
1.9179999999996589	0.10588865726715768
1.918999999999663	0.10586364839184481
1.919999999999667	0.10583863233080326
1.9209999999996712	0.10581360910277637
1.9219999999996755	0.10578857940698994
1.9229999999996796	0.10576354320898507
1.9239999999996837	0.10573850057940704
1.9249999999996878	0.10571345170499669
1.9259999999996922	0.10568839566356858
1.9269999999996963	0.10566333273365236
1.9279999999997004	0.10563826332209336
1.9289999999997045	0.10561318773323802
1.9299999999997088	0.10558810494882231
1.930999999999713	0.10556301555832881
1.931999999999717	0.10553792005633855
1.9329999999997212	0.10551281845190386
1.9339999999997253	0.10548770914772176
1.9349999999997296	0.10546259325041418
1.9359999999997337	0.10543747147263849
1.9369999999997378	0.10541234279790701
1.937999999999742	0.10538720752957154
1.9389999999997463	0.10536206618944421
1.9399999999997504	0.10533691785061783
1.9409999999997545	0.10531176304480372
1.9419999999997586	0.1052866017150964
1.942999999999763	0.10526143383989672
1.943999999999767	0.10523625940037018
1.9449999999997711	0.1052110789009989
1.9459999999997752	0.10518589195494354
1.9469999999997794	0.10516069837932818
1.9479999999997837	0.10513549814331369
1.9489999999997878	0.10511029142191441
1.949999999999792	0.10508507839089365
1.950999999999796	0.10505985937951201
1.9519999999998003	0.10503463344631758
1.9529999999998044	0.10500940065557796
1.9539999999998086	0.10498416164779001
1.9549999999998127	0.10495891649810707
1.955999999999817	0.10493366487680433
1.956999999999821	0.10490840698016435
1.9579999999998252	0.10488314242160923
1.9589999999998293	0.10485787217186171
1.9599999999998337	0.10483259535989631
1.9609999999998378	0.10480731176129543
1.9619999999998419	0.10478202144967974
1.962999999999846	0.10475672540124714
1.9639999999998503	0.10473142361534282
1.9649999999998544	0.10470611469343027
1.9659999999998585	0.10468079909619477
1.9669999999998626	0.10465547772696449
1.9679999999998667	0.10463015004263454
1.968999999999871	0.1046048161050106
1.9699999999998752	0.10457947569355786
1.9709999999998793	0.10455412872370862
1.9719999999998834	0.10452877523876314
1.9729999999998877	0.10450341698255161
1.9739999999998918	0.10447805228765139
1.974999999999896	0.10445268025513865
1.9759999999999	0.10442730226221641
1.9769999999999044	0.10440191756957706
1.9779999999999085	0.10437652776147721
1.9789999999999126	0.1043511316688499
1.9799999999999167	0.10432572838910803
1.980999999999921	0.10430031925374328
1.9819999999999252	0.1042749045408572
1.9829999999999293	0.10424948272388157
1.9839999999999334	0.10422405493811082
1.9849999999999375	0.10419862192831197
1.9859999999999418	0.10417318270396192
1.986999999999946	0.10414773652945697
1.98799999999995	0.10412228363407205
1.9889999999999541	0.10409682523252439
1.9899999999999585	0.1040713610282914
1.9909999999999626	0.1040458908584232
1.9919999999999667	0.10402041444657772
1.9929999999999708	0.10399493165931295
1.9939999999999751	0.10396944211897863
1.9949999999999792	0.10394394801690088
1.9959999999999833	0.10391844728659727
1.9969999999999875	0.10389294022423157
1.9979999999999918	0.10386742682458228
1.998999999999996	0.10384190779913649
2.0	0.10381638375032676
2.0010279404845495	0.10379013928784109
2.0021217900815715	0.10376220485669818
2.0032857751923165	0.10373247046759337
2.004524391841744	0.10370082168861539
2.005842426366887	0.10366713438756459
2.007244970197923	0.10363127535055405
2.0087374418720856	0.10359310434394264
2.0103256076664273	0.10355246986515199
2.0120156028936726	0.10350921290043513
2.013813957200875	0.10346316481028373
2.0157276178435577	0.10341414565882356
2.0177639781367303	0.10336195881833687
2.019930905358886	0.10330639711226275
2.0222367711443985	0.10324724336771252
2.024690484011897	0.10318426110795342
2.027301523572695	0.10311720555085402
2.0300799770731848	0.10304580607645142
2.033036578410754	0.10296977641931959
2.036182751117039	0.10288881871134181
2.039530649180409	0.10280261103190957
2.043093206833892	0.1027108040426572
2.046884188175661	0.10261302819895746
2.050918238233338	0.10250889384190376
2.0552109433735133	0.10239798454397675
2.059778886913171	0.10227985192642275
2.0646397170403086	0.10215402082527247
2.0698122132469665	0.10201997580503508
2.0753163565584574	0.10187716902120336
2.081173414838828	0.10172504502972834
2.0874060143976347	0.10156295763684164
2.094038234979271	0.10139021060071052
2.1010956980169606	0.10120616612019717
2.1086056699538682	0.10101006472779162
2.116597165034399	0.10080104690498326
2.125101056786564	0.10057825930964137
2.1341501990307465	0.10034080818255586
2.143779554474847	0.10008768556802228
2.1540263207146424	0.09981776677998733
2.1649300857539027	0.09953001291274077
2.1765329774064615	0.09922328596626484
2.1888798204423576	0.09889626773527416
2.2020183144046843	0.09854745892655004
2.2159992202680474	0.09817530233944427
2.2308765524295735	0.0977784423567587
2.246707783705272	0.09735530017346206
2.263554079768369	0.09690382718814317
2.2814805235907363	0.0964221127087237
2.3005563724108544	0.09590825863354224
2.320855322320133	0.09536003272038018
2.3424557929209753	0.09477498861148836
2.3654412374910825	0.09415080782119878
2.389900455657507	0.09348491456435559
2.41592795027163	0.09277438570906216
2.44362426638729	0.09201630796497229
2.473096411506492	0.09120748548382018
2.5044582437089975	0.09034446913036265
2.537830924630887	0.08942421886374363
2.5733433911797423	0.08844338417734388
2.611132843166974	0.0873971994500522
2.6513452603475027	0.08628187632596473
2.6941360153529494	0.08509166719917616
2.739670418177515	0.08382677526768667
2.788124380079947	0.08247941447472096
2.839685109337027	0.08104548431885628
2.894551789617174	0.07952066293480609
2.9529364084026577	0.07790087275899094
3.0150645170164534	0.07618162082554569
3.0811761422888653	0.0743587200345569
3.1515266965252042	0.07242838148146924
3.226387989377641	0.07038722416603627
3.30604919671757	0.06823199200983376
3.39081811677136	0.06596158576954692
3.4810222154328754	0.06357374301214991
3.577010018652917	0.06106862817522707
3.6791523315125145	0.05844921686877891
3.7878438030764574	0.055717377780263866
3.9035043177534527	0.052878745157820095
4.02658072998157	0.04994074708213603
4.157548527011607	0.046913688081372085
4.296913682346355	0.04380946685916909
4.445214635465608	0.04064508937934341
4.603024347307951	0.03743939186576917
4.770952424745148	0.03421371719755428
4.9496476786701376	0.03099602962413095
5.139800459354712	0.027813077199209113
5.342145448462832	0.02469285336600613
5.557464321076707	0.0216692372575229
5.786588991858403	0.018773826214238953
6.03040459644804	0.016036696027598385
6.289853138906711	0.013491230492217232
6.565936951835777	0.011163780837080584
6.859722633511745	0.009070403899301693
7.172345245053396	0.007234175444937652
7.505012494394354	0.0056570636531613205
7.859009576011049	0.004341435566857732
8.23570422033976	0.0032856513487801164
8.636551628113326	0.002475666766468154
9.063100564489073	0.0019074167470991554
9.516998831091398	0.0015709965740323684
10.0	0.0014505078916158265
