0.0	0.36611505142457146
0.0010000000000041087	0.36611443338499516
0.0020000000000082174	0.3661127703525987
0.003000000000012548	0.3661101514904952
0.004000000000016657	0.36610659066642337
0.005000000000020766	0.36610191189720753
0.006000000000024874	0.3660962828202209
0.007000000000029205	0.36608959324525925
0.008000000000033314	0.36608186888832006
0.009000000000037423	0.36607317863568944
0.010000000000041753	0.36606342275500525
0.011000000000045862	0.36605263018552925
0.01200000000004997	0.36604082301691954
0.01300000000005408	0.3660279738618547
0.01400000000005841	0.3660141702594166
0.015000000000062519	0.36599931290268095
0.016000000000066406	0.36598336924604513
0.017000000000070736	0.36596647174868857
0.018000000000074845	0.3659485441278626
0.019000000000078954	0.3659295396726583
0.020000000000083062	0.3659095615181347
0.021000000000087393	0.36588854448918307
0.022000000000091502	0.36586649447123987
0.02300000000009561	0.36584347697893627
0.02400000000009972	0.36581933774607045
0.02500000000010405	0.36579425876326255
0.02600000000010816	0.36576813962353294
0.027000000000112268	0.36574094313344596
0.0280000000001166	0.3657127577864856
0.029000000000120707	0.3656836030897783
0.030000000000124816	0.36565337390189256
0.031000000000128924	0.36562212789714155
0.032000000000133255	0.36558987360958295
0.033000000000137364	0.36555654957877626
0.03400000000014147	0.36552225394052074
0.0350000000001458	0.3654869664080067
0.03600000000014991	0.36545060208417224
0.03700000000015402	0.3654132335521615
0.03800000000015813	0.3653748513338104
0.03900000000016246	0.3653354624191447
0.04000000000016657	0.3652950046627932
0.04100000000017068	0.3652535512195042
0.04200000000017501	0.36521111026862685
0.04300000000017912	0.3651676390498998
0.044000000000183226	0.36512314569467685
0.045000000000187335	0.3650775963185222
0.046000000000191665	0.3650311024995391
0.04700000000019555	0.3649835787538387
0.04800000000019966	0.36493496575165796
0.04900000000020399	0.3648853914691449
0.0500000000002081	0.3648347877976903
0.05100000000021221	0.36478316208325035
0.05200000000021632	0.36473057965497113
0.05300000000022065	0.36467695188122584
0.05400000000022476	0.36462226036585066
0.055000000000228866	0.36456662693824016
0.0560000000002332	0.36450994766331957
0.057000000000237305	0.36445221594390576
0.058000000000241414	0.36439355612689206
0.05900000000024552	0.36433384339443253
0.060000000000249853	0.3642730886019272
0.06100000000025396	0.3642113962404312
0.06200000000025807	0.3641486365564396
0.0630000000002624	0.3640848832979271
0.06400000000026651	0.3640201403454919
0.06500000000027062	0.3639543778263221
0.06600000000027473	0.36388757941339356
0.06700000000027906	0.36381977156898615
0.06800000000028317	0.36375100847079667
0.06900000000028728	0.3636812479681012
0.0700000000002916	0.36361039558953934
0.07100000000029572	0.3635386183818715
0.07200000000029982	0.36346582297254404
0.07300000000030393	0.3633919756332603
0.07400000000030826	0.3633171836592757
0.07500000000031237	0.3632413805498266
0.07600000000031648	0.3631645178776226
0.07700000000032081	0.363086720637243
0.0780000000003247	0.36300790038063835
0.07900000000032881	0.36292807628523815
0.08000000000033292	0.36284726904462705
0.08100000000033725	0.3627654452419018
0.08200000000034136	0.36268263185179217
0.08300000000034546	0.36259882302326885
0.0840000000003498	0.36251402982361214
0.0850000000003539	0.36242822775216677
0.08600000000035801	0.36234143459278034
0.08700000000036212	0.36225363155161494
0.08800000000036645	0.36216484023639794
0.08900000000037056	0.3620750412114998
0.09000000000037467	0.3619843089478012
0.091000000000379	0.36189258532388613
0.09200000000038311	0.36179979082689206
0.09300000000038722	0.36170606541338424
0.09400000000039133	0.3616113538957417
0.09500000000039566	0.36151558062428657
0.09600000000039977	0.3614189187415162
0.09700000000040387	0.3613212636835682
0.0980000000004082	0.3612225615399186
0.09900000000041231	0.3611228578291259
0.10000000000041642	0.36102215687358374
0.10100000000042053	0.36092053649930567
0.10200000000042486	0.36081797474879906
0.10300000000042897	0.36071446440496424
0.10400000000043308	0.360609881204764
0.10500000000043741	0.36050425419516685
0.10600000000044152	0.360397756223232
0.10700000000044563	0.36029024913281493
0.10800000000044951	0.3601817716290795
0.10900000000045384	0.3600723304596791
0.11000000000045795	0.35996182999333226
0.11100000000046206	0.3598504382545109
0.1120000000004664	0.35973808912664207
0.1130000000004705	0.3596247272597808
0.11400000000047461	0.35951038952734726
0.11500000000047872	0.35939509271888304
0.11600000000048305	0.3592788256691931
0.11700000000048716	0.3591615919281771
0.11800000000049127	0.3590433886992326
0.1190000000004956	0.35892421597974566
0.12000000000049971	0.35880407702522144
0.12100000000050382	0.3586829793931261
0.12200000000050792	0.3585609142870425
0.12300000000051226	0.3584378878783121
0.12400000000051636	0.35831389829103555
0.12500000000052047	0.35818894708678384
0.1260000000005248	0.3580630409075055
0.1270000000005289	0.35793617117819876
0.12800000000053302	0.35780834657514293
0.12900000000053713	0.35767956367805587
0.13000000000054146	0.35754982563365756
0.13100000000054557	0.3574191253728276
0.13200000000054968	0.35728743750916214
0.133000000000554	0.35715488659761296
0.13400000000055812	0.3570214148813633
0.13500000000056223	0.356886868890369
0.13600000000056633	0.3567514188119765
0.13700000000057067	0.35661502364143005
0.13800000000057477	0.3564776843823152
0.13900000000057866	0.356339385379128
0.140000000000583	0.35620018413072574
0.1410000000005871	0.35605998422429463
0.1420000000005912	0.35591888606629074
0.14300000000059532	0.35577680887298413
0.14400000000059965	0.3556338344272939
0.14500000000060376	0.35548991822766585
0.14600000000060787	0.35534502224872555
0.1470000000006122	0.3551992037727604
0.1480000000006163	0.3550524719539093
0.14900000000062041	0.3549047855910662
0.15000000000062452	0.35475618309868295
0.15100000000062885	0.35460663078911225
0.15200000000063296	0.35445616132121227
0.15300000000063707	0.35430475890683755
0.1540000000006414	0.354152442317032
0.1550000000006455	0.35399918323975144
0.15600000000064962	0.3538450070998319
0.15700000000065373	0.3536899060862717
0.15800000000065806	0.35353389127421575
0.15900000000066217	0.35337694853549095
0.16000000000066628	0.3532190861804382
0.16100000000067038	0.35306030586315273
0.16200000000067472	0.35290058849330386
0.16300000000067882	0.3527399432840853
0.16400000000068293	0.3525784262492798
0.16500000000068726	0.35241599043180005
0.16600000000069137	0.35225264941396417
0.16700000000069548	0.35208837495536105
0.1680000000006996	0.35192320246250464
0.16900000000070392	0.35175708130491756
0.1700000000007078	0.3515900785202235
0.17100000000071192	0.35142219501855665
0.17200000000071625	0.3512533916305163
0.17300000000072036	0.351083649673156
0.17400000000072446	0.3509131098988989
0.17500000000072857	0.35074164720985224
0.1760000000007329	0.3505691988098931
0.177000000000737	0.3503958939131102
0.17800000000074112	0.35022168281747046
0.17900000000074545	0.350046602144929
0.18000000000074956	0.3498706022320738
0.18100000000075367	0.3496937193000771
0.18200000000075778	0.34951594509199024
0.1830000000007621	0.3493373072374738
0.18400000000076622	0.3491577697211219
0.18500000000077033	0.34897734374135125
0.18600000000077466	0.34879601693776396
0.18700000000077877	0.3486138571260442
0.18800000000078287	0.34843078315336184
0.18900000000078698	0.34824680126497487
0.1900000000007913	0.34806198052055803
0.19100000000079542	0.3478762592597199
0.19200000000079953	0.34768968540224376
0.19300000000080386	0.3475022169644526
0.19400000000080797	0.3473138692426969
0.19500000000081208	0.34712468165272214
0.1960000000008162	0.346934633289141
0.19700000000082052	0.3467436894812751
0.19800000000082463	0.34655187421227684
0.19900000000082874	0.346359214719125
0.20000000000083307	0.34616567413143706
0.20100000000083695	0.3459712877406884
0.20200000000084106	0.34577602257991336
0.20300000000084517	0.34557993855715075
0.2040000000008495	0.3453829671079286
0.2050000000008536	0.34518513552729535
0.20600000000085772	0.34498646752935247
0.20700000000086205	0.34478693263900717
0.20800000000086616	0.3445865601499615
0.20900000000087027	0.3443853280562028
0.21000000000087438	0.344183267471598
0.2110000000008787	0.3439803476990646
0.21200000000088282	0.34377658090069596
0.21300000000088692	0.3435719807489621
0.21400000000089126	0.34336653195972966
0.21500000000089536	0.34316025081467905
0.21600000000089947	0.34295312485985574
0.21700000000090358	0.34274517556088624
0.2180000000009079	0.3425363825161185
0.21900000000091202	0.34232675754539754
0.22000000000091613	0.3421163062108359
0.22100000000092046	0.34190502534136347
0.22200000000092457	0.34169291428502224
0.22300000000092868	0.3414799847575166
0.2240000000009328	0.34126622329485734
0.22500000000093712	0.3410516532337178
0.22600000000094123	0.34083625092705216
0.22700000000094533	0.34062002229432153
0.22800000000094967	0.3404029900466379
0.22900000000095377	0.340185142375404
0.23000000000095788	0.3399664807987831
0.23100000000096177	0.3397470053941001
0.2320000000009661	0.33952671856063354
0.2330000000009702	0.33930561472893206
0.23400000000097432	0.3390837130781288
0.23500000000097865	0.33886105486124185
0.23600000000098276	0.3386375513127622
0.23700000000098687	0.3384131761636755
0.23800000000099097	0.33818808553745616
0.2390000000009953	0.33796217512657656
0.24000000000099941	0.3377355075585454
0.24100000000100352	0.3375080678238235
0.24200000000100785	0.3372797150244997
0.24300000000101196	0.3370506661029178
0.24400000000101607	0.33682082351027265
0.24500000000102018	0.3365901337158208
0.2460000000010245	0.3363586858406762
0.24700000000102862	0.33612649270669737
0.24800000000103273	0.33589349284512693
0.24900000000103706	0.3356597142411454
0.25000000000104117	0.33542515839664877
0.2510000000010453	0.3351898300063906
0.2520000000010494	0.3349537077094755
0.2530000000010537	0.3347168253433517
0.2540000000010578	0.3344791818307786
0.25500000000106193	0.33424077550871245
0.25600000000106626	0.334001598202883
0.25700000000107037	0.33376165712477635
0.2580000000010745	0.3335209339353986
0.2590000000010786	0.33327948677163977
0.2600000000010829	0.3330372449496438
0.26100000000108703	0.33279426362360653
0.2620000000010909	0.33255051829799964
0.26300000000109525	0.3323060267957776
0.26400000000109936	0.33206078417900364
0.26500000000110346	0.33181478610396853
0.2660000000011076	0.33156805573454184
0.2670000000011119	0.3313206026667006
0.268000000001116	0.33107235759526954
0.2690000000011201	0.3308233400335956
0.27000000000112445	0.33057362646488897
0.27100000000112856	0.33032322979353346
0.27200000000113267	0.33007211712057205
0.2730000000011368	0.32982017956513987
0.2740000000011411	0.3295674691215107
0.2750000000011452	0.3293141392304819
0.2760000000011493	0.3290600411339325
0.27700000000115366	0.32880515901308616
0.27800000000115777	0.3285496546560579
0.2790000000011619	0.3282933976326502
0.280000000001166	0.32803636227251187
0.2810000000011703	0.3277786498926152
0.2820000000011744	0.3275202601813203
0.28300000000117853	0.32726107592237796
0.28400000000118286	0.32700122194936454
0.28500000000118697	0.3267406900418067
0.2860000000011911	0.3264794237780634
0.2870000000011952	0.32621745524829404
0.2880000000011995	0.32595476307958426
0.2890000000012036	0.3256913853346044
0.29000000000120774	0.325427318764542
0.29100000000121207	0.32516253613907586
0.2920000000012162	0.3248970624789683
0.29300000000122006	0.32463090618327217
0.29400000000122417	0.3243640503622678
0.2950000000012285	0.32409649907441274
0.2960000000012326	0.3238282737064182
0.2970000000012367	0.32355935531497404
0.29800000000124083	0.32328975162836937
0.29900000000124516	0.32301947457399716
0.30000000000124927	0.32274851692851914
0.3010000000012534	0.32247688193324164
0.3020000000012577	0.322204571556888
0.3030000000012618	0.32193158373223374
0.3040000000012659	0.3216579347288946
0.30500000000127003	0.3213836145468907
0.30600000000127436	0.3211086221978202
0.3070000000012785	0.3208329735701173
0.3080000000012826	0.3205566600646692
0.3090000000012869	0.32027968090902426
0.310000000001291	0.32000205422213546
0.31100000000129513	0.31972376902253585
0.31200000000129924	0.3194448277858941
0.31300000000130357	0.31916522891964805
0.3140000000013077	0.3188849856347531
0.3150000000013118	0.31860410125328886
0.3160000000013161	0.3183225679010394
0.3170000000013202	0.31804039616172297
0.31800000000132433	0.31775757821754036
0.31900000000132844	0.31747411115691704
0.3200000000013328	0.3171900332356594
0.3210000000013369	0.3169053071983152
0.322000000001341	0.31661993159194146
0.3230000000013453	0.3163339577574462
0.3240000000013492	0.31604734902523135
0.3250000000013533	0.3157600831373464
0.3260000000013574	0.3154722377054211
0.32700000000136176	0.31518376791325897
0.32800000000136587	0.3148946359271868
0.32900000000137	0.31460489339064246
0.3300000000013743	0.314314600363814
0.3310000000013784	0.31402362656484073
0.3320000000013825	0.31373204628059936
0.33300000000138663	0.3134399253416229
0.33400000000139096	0.313147131189527
0.33500000000139507	0.3128537568053864
0.3360000000013992	0.3125597906638977
0.3370000000014035	0.31226516934815174
0.3380000000014076	0.31197001620658926
0.3390000000014117	0.31167426572890355
0.34000000000141584	0.3113778901168408
0.34100000000142017	0.3110809310728746
0.3420000000014243	0.3107833766110637
0.3430000000014284	0.31048526970955503
0.3440000000014327	0.31018655042702203
0.3450000000014368	0.30988724486740515
0.34600000000144093	0.3095873896440936
0.34700000000144504	0.3092869204390192
0.34800000000144937	0.3089859153626143
0.3490000000014535	0.3086843133564692
0.3500000000014576	0.3083821382960201
0.3510000000014619	0.3080794178826901
0.35200000000146603	0.30777611076317046
0.35300000000147014	0.30747224384602556
0.35400000000147425	0.30716782119548414
0.35500000000147836	0.306862836508887
0.35600000000148246	0.30655729585126035
0.3570000000014866	0.30625120022023533
0.3580000000014909	0.30594455196463033
0.359000000001495	0.3056373506857821
0.3600000000014991	0.3053296024872807
0.36100000000150323	0.30502130874171507
0.36200000000150756	0.3047124783020101
0.36300000000151167	0.3044031045156239
0.3640000000015158	0.30409318315004774
0.3650000000015201	0.3037827320012936
0.3660000000015242	0.30347175330579823
0.3670000000015283	0.30316023660256886
0.36800000000153243	0.30284819261377505
0.36900000000153677	0.3025356231098931
0.3700000000015409	0.3022225230874177
0.371000000001545	0.3019089057582319
0.3720000000015493	0.3015947521453617
0.3730000000015534	0.30128011897512763
0.37400000000155753	0.3009649281965615
0.37500000000156164	0.30064924159418493
0.37600000000156597	0.3003330005227939
0.3770000000015701	0.30001633496917834
0.3780000000015742	0.2996991066624526
0.3790000000015785	0.2993813895211299
0.3800000000015826	0.2990631735253503
0.38100000000158674	0.29874445603886624
0.38200000000159084	0.298425259034644
0.3830000000015952	0.2981054941998251
0.3840000000015993	0.29778534554247027
0.3850000000016034	0.29746462422504116
0.3860000000016075	0.2971434398772371
0.3870000000016116	0.29682176148473216
0.3880000000016157	0.2964995983598059
0.38900000000161983	0.29617696838132723
0.39000000000162416	0.2958538563964299
0.39100000000162827	0.295530286642805
0.3920000000016324	0.2952062145437232
0.3930000000016367	0.294881669503015
0.3940000000016408	0.29455665276079634
0.3950000000016449	0.29423120193206986
0.39600000000164903	0.29390529992849035
0.39700000000165336	0.2935788885304884
0.3980000000016575	0.29325201420463043
0.3990000000016616	0.2929246941280337
0.4000000000016659	0.29259691032550084
0.40100000000167	0.29226869018664947
0.40200000000167413	0.2919400178610989
0.40300000000167824	0.2916108935063557
0.40400000000168257	0.2912813211729336
0.4050000000016867	0.290951309572547
0.4060000000016908	0.290620868277663
0.4070000000016951	0.29028998385669247
0.4080000000016992	0.2899586646719825
0.40900000000170333	0.2896268852512006
0.41000000000170744	0.2892946859986719
0.4110000000017118	0.28896209173325194
0.4120000000017159	0.2886289392252599
0.41300000000172	0.288295558127196
0.4140000000017243	0.28796165725470013
0.41500000000172843	0.28762724259324923
0.41600000000173254	0.2872925958323702
0.4170000000017364	0.2869574232409353
0.41800000000174076	0.28662185256105166
0.41900000000174487	0.2862858749437649
0.420000000001749	0.28594948988335545
0.4210000000017533	0.2856126990421274
0.4220000000017574	0.28527550475040275
0.4230000000017615	0.28493790979603506
0.42400000000176563	0.28459991942168295
0.42500000000176996	0.2842615473817752
0.42600000000177407	0.28392267306315955
0.4270000000017782	0.28358358658036464
0.4280000000017825	0.2832440011582291
0.4290000000017866	0.28290404153733906
0.4300000000017907	0.28256370305025236
0.43100000000179484	0.2822229839464564
0.43200000000179917	0.2818819034686425
0.4330000000018033	0.28154034111243653
0.4340000000018074	0.2811985765510535
0.4350000000018115	0.280856332396589
0.4360000000018158	0.2805137298732411
0.43700000000181993	0.28017076762563764
0.43800000000182404	0.27982742774265623
0.43900000000182837	0.2794837537699939
0.4400000000018325	0.27913962346833876
0.4410000000018366	0.2787952976270579
0.4420000000018407	0.27845050869434496
0.44300000000184503	0.27810537383142286
0.44400000000184914	0.2777598991537723
0.44500000000185325	0.2774140786650683
0.4460000000018576	0.27706789924901
0.4470000000018617	0.2767213852799866
0.4480000000018656	0.27637453034375326
0.4490000000018697	0.27602732820120424
0.450000000001874	0.27567979718316027
0.4510000000018781	0.2753319291878702
0.45200000000188223	0.27498372071344246
0.45300000000188656	0.2746351956432833
0.45400000000189067	0.27428633750802467
0.4550000000018948	0.27393716312937744
0.4560000000018989	0.2735876703774299
0.4570000000019032	0.2732377847893599
0.4580000000019073	0.2728876779400752
0.45900000000191143	0.27253719466872917
0.46000000000191577	0.27218642315310015
0.4610000000019199	0.27183533229600076
0.462000000001924	0.2714839347968394
0.4630000000019281	0.2711322304294377
0.4640000000019324	0.2707802232718419
0.46500000000193653	0.27042791030632274
0.46600000000194064	0.2700752970395224
0.46700000000194497	0.2697223902004122
0.4680000000019491	0.26936918785003905
0.4690000000019532	0.26901569369752976
0.4700000000019573	0.26866190947701063
0.4710000000019616	0.2683078375972686
0.47200000000196574	0.26795348030397403
0.47300000000196984	0.26759883988274447
0.4740000000019742	0.2672439189044513
0.4750000000019783	0.2668887198429504
0.4760000000019824	0.266533244910773
0.4770000000019865	0.2661774948889263
0.47800000000199083	0.26582147526526423
0.4790000000019947	0.26546519320722606
0.48000000000199883	0.26510864255924016
0.48100000000200316	0.2647518269842033
0.48200000000200727	0.26439474443819766
0.4830000000020114	0.26403740726137626
0.4840000000020155	0.263679814562916
0.4850000000020198	0.26332197989805983
0.4860000000020239	0.26296378820685573
0.48700000000202803	0.26260551611549643
0.48800000000203236	0.26224689868547113
0.4890000000020365	0.2618880476908432
0.4900000000020406	0.2615289570083791
0.4910000000020447	0.26116962884307626
0.492000000002049	0.26081007408108325
0.49300000000205313	0.2604501887843259
0.49400000000205724	0.26009022908317525
0.49500000000206157	0.2597299436303956
0.4960000000020657	0.25936944115814764
0.4970000000020698	0.25900871544176063
0.4980000000020739	0.2586477668324496
0.4990000000020782	0.25828659440110335
0.5000000000020823	0.2579252081197563
0.5010000000020864	0.2575635986769096
0.5020000000020908	0.25720177187398985
0.5030000000020949	0.25683973688910844
0.504000000002099	0.256477490949478
0.5050000000021031	0.2561150369615314
0.5060000000021074	0.2557523772834682
0.5070000000021115	0.25538951423642386
0.5080000000021156	0.2550264501702969
0.50900000000212	0.254663187394805
0.5100000000021239	0.25429972813709634
0.511000000002128	0.25393607449000044
0.5120000000021321	0.25357222845947747
0.5130000000021364	0.2532081905928384
0.5140000000021405	0.2528439700165933
0.5150000000021446	0.2524795704448892
0.516000000002149	0.25211498413326894
0.5170000000021531	0.2517502108416455
0.5180000000021572	0.25138526201520295
0.5190000000021613	0.2510201427101709
0.5200000000021656	0.2506548447973572
0.5210000000021697	0.2502893878798146
0.5220000000021738	0.24992374874521872
0.5230000000021782	0.2495579407710493
0.5240000000021823	0.24919197803960025
0.5250000000021864	0.2488258470239446
0.5260000000021905	0.24845955885480153
0.5270000000021948	0.24809311327179429
0.5280000000021989	0.24772651264862455
0.529000000002203	0.24735975940224364
0.5300000000022074	0.24699285588100128
0.5310000000022115	0.24662580405499512
0.5320000000022156	0.24625860576855763
0.5330000000022197	0.24589126792857818
0.534000000002224	0.24552379229755283
0.5350000000022281	0.24515614469345803
0.5360000000022322	0.2447884048318032
0.5370000000022366	0.2444205075235104
0.5380000000022407	0.24405249090005898
0.5390000000022448	0.24368434407236206
0.5400000000022487	0.24331605116225963
0.541000000002253	0.24294763638866157
0.5420000000022571	0.24257910771743096
0.5430000000022612	0.24221045105482375
0.5440000000022656	0.24184168302331877
0.5450000000022697	0.24147279163518642
0.5460000000022738	0.2411037924480972
0.5470000000022779	0.24073467473466836
0.5480000000022822	0.24036545046934954
0.5490000000022863	0.23999612054082697
0.5500000000022904	0.23962668219650685
0.5510000000022948	0.239257142425628
0.5520000000022989	0.2388875028196118
0.553000000002303	0.2385177640774402
0.5540000000023071	0.23814792840586907
0.5550000000023114	0.2377779983380336
0.5560000000023155	0.2374079763501047
0.5570000000023196	0.23703786473806876
0.558000000002324	0.23666766549510976
0.5590000000023281	0.2362973805960824
0.5600000000023322	0.23592701207424527
0.5610000000023363	0.2355565620873803
0.5620000000023406	0.2351860330345693
0.5630000000023447	0.23481542746412531
0.5640000000023488	0.234444747860448
0.5650000000023532	0.23407399614362556
0.5660000000023573	0.2337031744018193
0.5670000000023614	0.23333228505078896
0.5680000000023655	0.2329613301735145
0.5690000000023698	0.23259031177794165
0.5700000000023739	0.2322192320220532
0.5710000000023778	0.23184809307631804
0.5720000000023819	0.2314768973050605
0.5730000000023863	0.23110564704737668
0.5740000000023904	0.23073434428428852
0.5750000000023945	0.23036299108243585
0.5760000000023988	0.22999158936130115
0.5770000000024029	0.22962014071252035
0.578000000002407	0.22924864729914674
0.5790000000024111	0.22887711483901318
0.5800000000024155	0.22850554268776424
0.5810000000024196	0.2281339316574965
0.5820000000024237	0.22776229019277505
0.583000000002428	0.2273906221221056
0.5840000000024321	0.22701890454264673
0.5850000000024362	0.22664716059331091
0.5860000000024403	0.22627539580496192
0.5870000000024447	0.22590360321698932
0.5880000000024488	0.22553179104120047
0.5890000000024529	0.22515995799982036
0.5900000000024572	0.22478810634577873
0.5910000000024613	0.22441623875996852
0.5920000000024654	0.22404435695976166
0.5930000000024696	0.2236724629213832
0.5940000000024739	0.22330055890445422
0.595000000002478	0.2229286461904394
0.5960000000024821	0.22255672774109136
0.5970000000024864	0.2221848054416533
0.5980000000024905	0.22181288255040266
0.5990000000024946	0.22144096146631198
0.6000000000024988	0.22106904915133851
0.6010000000025031	0.22069712363662874
0.602000000002507	0.22032521027344232
0.6030000000025111	0.21995331324818446
0.6040000000025154	0.21958142179990614
0.6050000000025195	0.21920954831340866
0.6060000000025236	0.21883768540165094
0.6070000000025277	0.2184658438166206
0.6080000000025321	0.21809401744687684
0.6090000000025362	0.2177222150482201
0.6100000000025403	0.2173504334333204
0.6110000000025446	0.21697867933635173
0.6120000000025487	0.21660695290324128
0.6130000000025528	0.21623525523899056
0.614000000002557	0.21586358844580722
0.6150000000025613	0.21549195493929052
0.6160000000025654	0.21512035683162312
0.6170000000025695	0.21474879617982345
0.6180000000025738	0.21437727501129977
0.6190000000025779	0.21400579538797793
0.620000000002582	0.21363435935130837
0.6210000000025861	0.21326296892833752
0.6220000000025905	0.21289162605554357
0.6230000000025946	0.21252033272520165
0.6240000000025987	0.21214909086950917
0.625000000002603	0.21177790202329283
0.6260000000026071	0.21140676811229442
0.6270000000026112	0.2110356931932923
0.6280000000026154	0.21066467606624217
0.6290000000026197	0.2102937214710484
0.6300000000026238	0.209922827997288
0.6310000000026279	0.20955200216284897
0.6320000000026322	0.2091812418044513
0.6330000000026361	0.20881055161943285
0.6340000000026402	0.20843993220940737
0.6350000000026443	0.20806938669956598
0.6360000000026487	0.20769891562030618
0.6370000000026528	0.20732852246249278
0.6380000000026569	0.20695820745059612
0.6390000000026612	0.2065879744815151
0.6400000000026653	0.20621782470998185
0.6410000000026694	0.20584776379548186
0.6420000000026735	0.20547779011974765
0.6430000000026779	0.20510787269707942
0.644000000002682	0.2047380873183362
0.6450000000026861	0.20436839136779938
0.6460000000026904	0.20399877076774253
0.6470000000026945	0.2036292513319231
0.6480000000026986	0.20325983244225965
0.6490000000027027	0.2028905152030105
0.6500000000027071	0.2025213059950136
0.6510000000027112	0.20215218371491828
0.6520000000027153	0.20178317161781678
0.6530000000027196	0.20141427355348562
0.6540000000027237	0.20104548097173602
0.6550000000027278	0.20067680365726415
0.656000000002732	0.20030823581783452
0.6570000000027363	0.19993978608566743
0.6580000000027404	0.19957144987529984
0.6590000000027445	0.19920323483319657
0.6600000000027488	0.1988351375646279
0.6610000000027529	0.1984671647073617
0.662000000002757	0.1980993139775049
0.6630000000027612	0.19773159080633895
0.6640000000027653	0.19736399383320402
0.6650000000027694	0.1969965292856446
0.6660000000027735	0.19662919423802994
0.6670000000027778	0.19626199281380585
0.6680000000027819	0.19589492713821632
0.669000000002786	0.19552799782540198
0.6700000000027901	0.1951612076024355
0.6710000000027945	0.19479455773998589
0.6720000000027986	0.19442805037080646
0.6730000000028027	0.1940616866260274
0.674000000002807	0.1936954689729824
0.6750000000028111	0.1933293991716949
0.6760000000028152	0.19296347855515805
0.6770000000028193	0.19259770931252274
0.6780000000028237	0.19223209277526998
0.6790000000028278	0.19186663152109706
0.6800000000028319	0.19150132730979874
0.6810000000028362	0.1911361785625485
0.6820000000028403	0.1907711934659615
0.6830000000028444	0.19040636676948164
0.6840000000028486	0.1900417063086156
0.6850000000028529	0.18967720861502002
0.686000000002857	0.18931288027676563
0.6870000000028611	0.18894871720950568
0.6880000000028654	0.18858472805333015
0.6890000000028695	0.18822090836241379
0.6900000000028736	0.1878572647031943
0.6910000000028778	0.1874937945434494
0.6920000000028821	0.18713050550067778
0.6930000000028862	0.18676739711736867
0.6940000000028901	0.18640445873378542
0.6950000000028944	0.1860417069351349
0.6960000000028985	0.1856791434548748
0.6970000000029026	0.1853167550622138
0.6980000000029067	0.18495455649803483
0.6990000000029111	0.18459254879216336
0.7000000000029152	0.18423073347304975
0.7010000000029193	0.18386910868974737
0.7020000000029236	0.18350768032436304
0.7030000000029277	0.18314644575596584
0.7040000000029318	0.18278540911764074
0.705000000002936	0.18242457077625662
0.7060000000029403	0.18206393287630362
0.7070000000029444	0.18170349688416454
0.7080000000029485	0.18134326465854644
0.7090000000029526	0.18098323773548353
0.7100000000029569	0.18062341792858838
0.711000000002961	0.1802638065710409
0.7120000000029651	0.17990440526073626
0.7130000000029695	0.17954521573733162
0.7140000000029736	0.17918623923724242
0.7150000000029777	0.17882747775940944
0.7160000000029818	0.17846893268035435
0.7170000000029861	0.17811060604771267
0.7180000000029902	0.17775249836331064
0.7190000000029944	0.1773946129481444
0.7200000000029987	0.17703694790062252
0.7210000000030028	0.17667950873539284
0.7220000000030069	0.17632229486050466
0.723000000003011	0.17596530642559538
0.7240000000030153	0.17560854887790467
0.7250000000030195	0.17525202107634208
0.7260000000030233	0.1748957272890319
0.7270000000030277	0.1745396715871146
0.7280000000030318	0.1741838392076569
0.7290000000030359	0.17382824643459238
0.73000000000304	0.17347289361485907
0.7310000000030443	0.17311778196858496
0.7320000000030484	0.17276291303479574
0.7330000000030525	0.17240827753777832
0.7340000000030569	0.17205388976949576
0.735000000003061	0.17169974856321768
0.7360000000030651	0.17134585548945958
0.7370000000030692	0.17099221019377198
0.7380000000030735	0.1706388154127535
0.7390000000030776	0.1702856717447263
0.7400000000030817	0.16993278115336208
0.7410000000030861	0.16958014478451944
0.7420000000030902	0.16922776420252372
0.7430000000030943	0.16887564090394436
0.7440000000030984	0.16852377623390535
0.7450000000031027	0.1681721716960296
0.7460000000031068	0.167820828603644
0.747000000003111	0.16746974836037531
0.7480000000031153	0.16711893227160357
0.7490000000031194	0.16676838163046082
0.7500000000031235	0.16641809804788243
0.7510000000031276	0.16606808265539608
0.7520000000031319	0.16571833732847097
0.753000000003136	0.16536886337657597
0.7540000000031402	0.1650196624161384
0.7550000000031445	0.16467073608457583
0.7560000000031484	0.1643220844714094
0.7570000000031525	0.16397370978892112
0.7580000000031566	0.16362561496084016
0.7590000000031609	0.1632778022847654
0.760000000003165	0.16293026345974815
0.7610000000031691	0.16258300855176144
0.7620000000031735	0.16223603824080335
0.7630000000031776	0.1618893536438536
0.7640000000031817	0.16154295514518702
0.7650000000031858	0.16119683984452882
0.7660000000031901	0.1608510194166699
0.7670000000031942	0.16050549021031446
0.7680000000031983	0.16016025061182182
0.7690000000032027	0.1598153059105094
0.7700000000032068	0.15947064886833828
0.7710000000032109	0.1591262896919191
0.772000000003215	0.15878222811697396
0.7730000000032193	0.15843846535830863
0.7740000000032234	0.15809500033555668
0.7750000000032276	0.15775184049242585
0.7760000000032319	0.15740897736329096
0.777000000003236	0.15706642004234816
0.7780000000032401	0.15672416635341402
0.7790000000032442	0.15638221853740886
0.7800000000032485	0.1560405780796359
0.7810000000032526	0.15569924596601126
0.7820000000032568	0.15535822310256775
0.7830000000032611	0.15501751098616678
0.7840000000032652	0.15467711131418427
0.7850000000032693	0.1543370222953786
0.7860000000032734	0.15399725025476052
0.7870000000032777	0.15365779397106338
0.7880000000032816	0.1533186520716362
0.7890000000032857	0.15297980964199098
0.7900000000032901	0.15264132587623502
0.7910000000032942	0.15230314495353525
0.7920000000032983	0.15196528249219987
0.7930000000033024	0.15162773965485798
0.7940000000033067	0.15129052183524339
0.7950000000033108	0.15095363148158514
0.796000000003315	0.15061706972019984
0.7970000000033193	0.15028083299493722
0.7980000000033234	0.14994492294894235
0.7990000000033275	0.14960934458138553
0.8000000000033316	0.14927409873502473
0.8010000000033359	0.14893918311964094
0.80200000000334	0.14860459899615475
0.8030000000033441	0.14827035056701077
0.8040000000033485	0.14793642941351193
0.8050000000033526	0.14760286024536518
0.8060000000033567	0.14726962517302344
0.8070000000033608	0.14693672088990062
0.8080000000033651	0.1466041580568116
0.8090000000033692	0.1462719381076063
0.8100000000033734	0.1459400610818199
0.8110000000033777	0.14560852965315108
0.8120000000033818	0.14527734138928805
0.8130000000033859	0.14494649575701368
0.81400000000339	0.14461598115045937
0.8150000000033943	0.1442858452336323
0.8160000000033985	0.14395604435397535
0.8170000000034026	0.14362659117383858
0.8180000000034067	0.1432974869365603
0.8190000000034108	0.14296872094514956
0.8200000000034149	0.14264033554199507
0.821000000003419	0.1423122888159698
0.8220000000034233	0.14198459365940885
0.8230000000034274	0.14165725526321515
0.8240000000034315	0.14133026700662565
0.8250000000034359	0.14100366255058672
0.82600000000344	0.14067739918066802
0.8270000000034441	0.14035149532338187
0.8280000000034482	0.14002595308778543
0.8290000000034525	0.13970077305739137
0.8300000000034566	0.1393759558536477
0.8310000000034607	0.13905150227622687
0.8320000000034651	0.13872741330014193
0.8330000000034692	0.13840368995629415
0.8340000000034733	0.13808033326088576
0.8350000000034774	0.1377573438595998
0.8360000000034817	0.13743472296123793
0.8370000000034858	0.13711247167312135
0.83800000000349	0.13679059038566121
0.8390000000034943	0.13646908038336603
0.8400000000034984	0.13614794252065632
0.8410000000035025	0.13582717805992528
0.8420000000035066	0.1355067875426843
0.8430000000035109	0.13518677205475016
0.844000000003515	0.13486713257835958
0.8450000000035192	0.13454786976628041
0.8460000000035233	0.13422898466741873
0.8470000000035276	0.13391047971625603
0.8480000000035317	0.13359235275102976
0.8490000000035356	0.13327460577752492
0.8500000000035399	0.13295724454750912
0.851000000003544	0.13264025847227712
0.8520000000035481	0.13232365729697337
0.8530000000035523	0.13200743990982355
0.8540000000035566	0.13169160740863173
0.8550000000035607	0.13137616116939943
0.8560000000035648	0.1310611029328701
0.8570000000035691	0.1307464316134045
0.8580000000035732	0.1304321447259097
0.8590000000035773	0.1301182497940334
0.8600000000035815	0.12980474422255583
0.8610000000035858	0.12949162905544453
0.8620000000035899	0.12917890607654603
0.863000000003594	0.12886657795816703
0.8640000000035983	0.12855464012730522
0.8650000000036024	0.12824309496329367
0.8660000000036066	0.12793194303433453
0.8670000000036107	0.12762118868143124
0.868000000003615	0.12731083191507808
0.8690000000036191	0.12700087228908508
0.8700000000036232	0.12669130685709395
0.8710000000036275	0.1263821411649323
0.8720000000036316	0.12607336989080398
0.8730000000036358	0.125764992861237
0.8740000000036399	0.1254570363970997
0.8750000000036442	0.12514947553339884
0.8760000000036483	0.12484231541180835
0.8770000000036524	0.12453555879909661
0.8780000000036567	0.12422920053975695
0.8790000000036609	0.12392324691466128
0.8800000000036647	0.12361769892500729
0.8810000000036688	0.12331256341598162
0.8820000000036732	0.1230078274279578
0.8830000000036773	0.12270350277058018
0.8840000000036814	0.12239958474019885
0.8850000000036857	0.12209607644651643
0.8860000000036898	0.12179297656264798
0.887000000003694	0.1214902855069554
0.888000000003698	0.12118800827672471
0.8890000000037024	0.12088614218018112
0.8900000000037065	0.12058468760751806
0.8910000000037106	0.1202836443566272
0.8920000000037149	0.11998301571184711
0.893000000003719	0.11968280073453763
0.8940000000037231	0.11938299851083978
0.8950000000037273	0.11908361466693484
0.8960000000037316	0.11878464306873948
0.8970000000037357	0.11848609100260543
0.8980000000037398	0.11818794560423074
0.8990000000037441	0.11789023666773113
0.9000000000037482	0.117592941270937
0.9010000000037524	0.11729606117411984
0.9020000000037565	0.11699960143160482
0.9030000000037608	0.11670356095712897
0.9040000000037649	0.11640794467491489
0.905000000003769	0.11611274507869784
0.9060000000037733	0.11581796640662323
0.9070000000037775	0.11552361168783976
0.9080000000037816	0.11522968317544413
0.9090000000037857	0.11493618073120404
0.91000000000379	0.11464309998928279
0.9110000000037939	0.1143504427833727
0.912000000003798	0.1140582106628234
0.9130000000038023	0.11376641048352432
0.9140000000038064	0.11347503058036634
0.9150000000038105	0.11318408178942219
0.9160000000038147	0.11289355896372211
0.917000000003819	0.1126034626290654
0.9180000000038231	0.11231379814148257
0.9190000000038272	0.11202456216889567
0.9200000000038315	0.11173575268898062
0.9210000000038356	0.11144738259204046
0.9220000000038397	0.11115942772725984
0.9230000000038439	0.11087191977060262
0.9240000000038482	0.1105848365445875
0.9250000000038523	0.11029818641211997
0.9260000000038564	0.11001196737029373
0.9270000000038607	0.10972618640412302
0.9280000000038648	0.10944083423822926
0.929000000003869	0.10915592165241739
0.9300000000038731	0.10887143744179695
0.9310000000038774	0.10858738396359924
0.9320000000038815	0.10830378162959331
0.9330000000038856	0.10802061043522038
0.9340000000038899	0.10773787106971244
0.935000000003894	0.10745557039421749
0.9360000000038982	0.10717370473505039
0.9370000000039023	0.10689227925397637
0.9380000000039066	0.10661129386145651
0.9390000000039107	0.1063307481269069
0.9400000000039148	0.10605063872832898
0.9410000000039191	0.1057709748695469
0.942000000003923	0.10549173877446893
0.9430000000039271	0.10521295292753541
0.9440000000039312	0.10493460282569411
0.9450000000039356	0.10465669762625474
0.9460000000039397	0.10437923140148364
0.9470000000039438	0.10410220832193318
0.9480000000039481	0.10382562222129776
0.9490000000039522	0.10354948392104235
0.9500000000039563	0.10327378721349845
0.9510000000039605	0.10299854107636919
0.9520000000039648	0.10272373615994679
0.9530000000039689	0.10244937565404655
0.954000000003973	0.10217545059202737
0.9550000000039773	0.10190197500573017
0.9560000000039814	0.10162895142286288
0.9570000000039856	0.10135635823129463
0.9580000000039897	0.10108422098212722
0.959000000003994	0.10081256290138285
0.9600000000039981	0.10054128356798397
0.9610000000040022	0.10027049392302756
0.9620000000040065	0.10000014597681572
0.9630000000040106	0.09973023867025821
0.9640000000040148	0.09946078071085973
0.9650000000040189	0.09919177834315795
0.9660000000040232	0.09892322369847983
0.9670000000040273	0.09865511094366453
0.9680000000040314	0.0983874460568398
0.9690000000040357	0.09812023879354503
0.9700000000040399	0.09785347632232344
0.9710000000040437	0.0975871709774313
0.9720000000040478	0.09732130789636273
0.9730000000040522	0.09705589099403522
0.9740000000040563	0.09679093350096557
0.9750000000040604	0.09652642265818456
0.9760000000040647	0.09626236991563974
0.9770000000040688	0.09599876376960692
0.978000000004073	0.0957356030523483
0.979000000004077	0.09547290281597376
0.9800000000040812	0.09521064953561975
0.9810000000040855	0.09494885714370715
0.9820000000040896	0.09468751191583824
0.9830000000040937	0.09442662159899406
0.984000000004098	0.09416617756040868
0.9850000000041004	0.09390619089963659
0.9860000000041018	0.09364666023716162
0.987000000004103	0.0933875711416472
0.9880000000041045	0.09312894576580977
0.9890000000041059	0.09287077719857462
0.9900000000041072	0.0926130840399575
0.9910000000041086	0.09235579466552502
0.99200000000411	0.09209898602926092
0.9930000000041115	0.09184264483699656
0.9940000000041127	0.09158674473100914
0.9950000000041141	0.09133129863457434
0.9960000000041156	0.09107631657034021
0.997000000004117	0.09082178040485
0.9980000000041185	0.09056770092095823
0.9990000000041197	0.09031408610436165
1.0000000000041211	0.09006091898163138
1.001000000004117	0.08980820971283743
1.002000000004113	0.08955596193665105
1.0030000000041086	0.08930416144751785
1.0040000000041045	0.08905282485338883
1.0050000000041002	0.0888019466290304
1.006000000004096	0.08855151590310273
1.007000000004092	0.08830154898447018
1.0080000000040878	0.08805203854216215
1.0090000000040837	0.08780298561963595
1.0100000000040794	0.08755438694395656
1.0110000000040753	0.0873062463371932
1.012000000004071	0.08705856386675626
1.0130000000040669	0.08681133966806198
1.0140000000040628	0.08656457163321196
1.0150000000040587	0.08631826258589581
1.0160000000040534	0.08607241160255541
1.0170000000040464	0.08582701957618499
1.0180000000040397	0.08558208327785755
1.0190000000040325	0.08533760716982897
1.0200000000040257	0.08509358651405341
1.021000000004019	0.08485002281833465
1.0220000000040117	0.08460692015155324
1.023000000004005	0.08436428062137424
1.0240000000039977	0.08412208651603115
1.025000000003991	0.0838803598196779
1.026000000003984	0.08363909000398118
1.027000000003977	0.08339827930368426
1.0280000000039702	0.08315792760746388
1.0290000000039632	0.08291802787561009
1.0300000000039562	0.08267859572910186
1.0310000000039494	0.0824396238203815
1.0320000000039424	0.08220109703888934
1.0330000000039354	0.08196303908853009
1.0340000000039287	0.08172543643674912
1.0350000000039217	0.08148829293902038
1.0360000000039147	0.0812516072494387
1.0370000000039077	0.0810153854776754
1.0380000000039007	0.08077961607252893
1.039000000003894	0.0805443075322877
1.0400000000038867	0.08030946004414441
1.04100000000388	0.08007506476158
1.0420000000038732	0.07984113377613777
1.043000000003866	0.07960766134429831
1.0440000000038592	0.07937464583221954
1.0450000000038522	0.07914208677732615
1.0460000000038452	0.07890998736040244
1.0470000000038384	0.07867834796737672
1.0480000000038314	0.07844716249125105
1.0490000000038244	0.07821644120576121
1.0500000000038174	0.07798617137645392
1.0510000000038104	0.07775636766824834
1.0520000000038037	0.07752701769075887
1.0530000000037967	0.07729812650605361
1.0540000000037897	0.07706969361882876
1.055000000003783	0.07684171461215539
1.056000000003776	0.07661420942536346
1.057000000003769	0.07638713968206301
1.0580000000037622	0.076160538540615
1.059000000003755	0.07593440148178898
1.0600000000037482	0.07570870826860254
1.0610000000037412	0.07548347859499105
1.0620000000037342	0.07525870736731599
1.0630000000037274	0.07503438703512288
1.0640000000037202	0.07481053933721515
1.0650000000037134	0.0745871301544545
1.0660000000037064	0.0743641871184113
1.0670000000036994	0.07414170949872034
1.0680000000036927	0.0739196702553162
1.0690000000036857	0.07369810285231104
1.0700000000036787	0.07347698652707124
1.071000000003672	0.07325632497797718
1.072000000003665	0.0730361234402358
1.073000000003658	0.07281637890962855
1.0740000000036511	0.07259708019607891
1.075000000003644	0.07237824728484776
1.0760000000036372	0.0721598727961037
1.0770000000036304	0.07194193552172068
1.0780000000036232	0.0717244706455814
1.0790000000036164	0.0715074599159643
1.0800000000036092	0.07129089719650517
1.0810000000036024	0.07107479488837587
1.0820000000035954	0.07085914609660349
1.0830000000035884	0.07064394698309218
1.0840000000035817	0.07042920520510165
1.0850000000035747	0.07021491711481498
1.0860000000035677	0.07000108346323619
1.087000000003561	0.06978771988184973
1.088000000003554	0.06957478615425661
1.089000000003547	0.0693623171803488
1.0900000000035401	0.06915030562487101
1.091000000003533	0.06893873354963542
1.0920000000035262	0.06872762270187482
1.0930000000035192	0.06851696874911983
1.0940000000035122	0.06830675887597237
1.0950000000035054	0.06809700634997218
1.0960000000034982	0.06788770592110727
1.0970000000034914	0.06767885411396679
1.0980000000034844	0.06747045477092006
1.0990000000034774	0.06726250499725572
1.1000000000034706	0.06705501345244058
1.1010000000034637	0.06684797347776505
1.1020000000034567	0.06664137738562226
1.1030000000034499	0.06643523432417608
1.104000000003443	0.06622954221430721
1.105000000003436	0.06602430006891291
1.106000000003429	0.06581950865106512
1.107000000003422	0.06561516499981868
1.1080000000034151	0.06541127193855367
1.1090000000034081	0.06520782793493696
1.1100000000034012	0.06500483280892666
1.1110000000033944	0.06480228565716817
1.1120000000033872	0.06460018737806117
1.1130000000033804	0.06439853647936944
1.1140000000033736	0.06419733571633612
1.1150000000033664	0.06399658162352528
1.1160000000033596	0.0637962722551555
1.1170000000033526	0.06359641334829302
1.1180000000033457	0.0633970061405913
1.1190000000033387	0.06319803397561463
1.1200000000033317	0.06299951386536495
1.121000000003325	0.06280143948129324
1.122000000003318	0.06260381351976652
1.123000000003311	0.06240662395920005
1.1240000000033041	0.062209886225996436
1.1250000000032971	0.06201359314134813
1.1260000000032901	0.06181774403384921
1.1270000000032834	0.061622338988771785
1.1280000000032764	0.061427378723047044
1.1290000000032694	0.06123286144255191
1.1300000000032626	0.06103878622403225
1.1310000000032554	0.0608451544162667
1.1320000000032486	0.060651966259488765
1.1330000000032414	0.06045921985224145
1.1340000000032346	0.06026691374447024
1.1350000000032279	0.06007505323649376
1.1360000000032207	0.059883630501829765
1.1370000000032139	0.059692648116328795
1.138000000003207	0.05950211588110821
1.1390000000032	0.05931201607744219
1.1400000000031931	0.05912234974026309
1.1410000000031861	0.058933131479388834
1.1420000000031791	0.05874436078229972
1.1430000000031724	0.05855600570256392
1.1440000000031654	0.05836810050769692
1.1450000000031584	0.05818064856857419
1.1460000000031516	0.05799362038458544
1.1470000000031444	0.057807028025666174
1.1480000000031376	0.057620874600933236
1.1490000000031304	0.057435160654032424
1.1500000000031236	0.057249881127174995
1.1510000000031169	0.05706504064561846
1.1520000000031096	0.056880634455672596
1.1530000000031029	0.05669666295388476
1.1540000000030959	0.05651312594004254
1.155000000003089	0.056330031453397766
1.1560000000030821	0.056147361395055495
1.1570000000030751	0.055965129284812676
1.1580000000030681	0.05578332903090888
1.1590000000030614	0.05560196331382927
1.1600000000030544	0.0554210320588312
1.1610000000030474	0.05524052466133955
1.1620000000030404	0.05506045941591797
1.1630000000030334	0.05488082205302258
1.1640000000030266	0.05470161546387531
1.1650000000030196	0.05452284181758604
1.1660000000030126	0.05434449419465437
1.1670000000030059	0.05416657788546797
1.1680000000029986	0.05398909519794559
1.1690000000029919	0.053812036741203384
1.1700000000029849	0.053635408874708745
1.1710000000029779	0.053459210123499745
1.172000000002971	0.05328343867797136
1.1730000000029641	0.05310809650954362
1.1740000000029571	0.05293317679693599
1.1750000000029501	0.052758684797590494
1.1760000000029431	0.05258462120181995
1.1770000000029364	0.052410988258569824
1.1780000000029294	0.052237774852183394
1.1790000000029224	0.05206498781506275
1.1800000000029156	0.05189262498802105
1.1810000000029086	0.051720685652391074
1.1820000000029016	0.05154916651177621
1.1830000000028948	0.051378074086399717
1.1840000000028876	0.05120740480525665
1.1850000000028809	0.051037158929663096
1.186000000002874	0.050867341299626334
1.1870000000028669	0.05069793354629748
1.18800000000286	0.05052895408393154
1.1890000000028529	0.050360392675081855
1.1900000000028461	0.05019225203125932
1.1910000000028391	0.05002452964921056
1.1920000000028321	0.049857225159457785
1.1930000000028254	0.049690341254549186
1.1940000000028184	0.04952387736314079
1.1950000000028114	0.04935782853943371
1.1960000000028046	0.04919219632885685
1.1970000000027976	0.04902698572599684
1.1980000000027906	0.04886218800148556
1.1990000000027838	0.04869780405714941
1.2000000000027768	0.04853384196444088
1.2010000000027699	0.048370294073983744
1.2020000000027629	0.04820715090716865
1.2030000000027559	0.048044433385700414
1.204000000002749	0.04788212888847143
1.2050000000027419	0.04772022109555463
1.206000000002735	0.04755874768551871
1.2070000000027283	0.04739767674695772
1.2080000000027211	0.047237016576390456
1.2090000000027143	0.04707676897908719
1.2100000000027074	0.04691693030755972
1.2110000000027004	0.04675750480853824
1.2120000000026936	0.04659848668930189
1.2130000000026866	0.04643987794694704
1.2140000000026796	0.04628167692760221
1.2150000000026726	0.04612388435472248
1.2160000000026656	0.0459664997126884
1.2170000000026588	0.04580952579844899
1.2180000000026519	0.045652956180549986
1.2190000000026449	0.0454968004838916
1.220000000002638	0.045341042367159856
1.2210000000026309	0.04518568178058424
1.222000000002624	0.04503073232877042
1.2230000000026173	0.04487619190882686
1.2240000000026101	0.044722054037730885
1.2250000000026033	0.044568313119395686
1.2260000000025963	0.04441498019411727
1.2270000000025894	0.044262048491615524
1.2280000000025826	0.04410951646003958
1.2290000000025754	0.043957385395733906
1.2300000000025686	0.043805655916147934
1.2310000000025616	0.04365432763602761
1.2320000000025546	0.043503396549740114
1.2330000000025478	0.043352862979378015
1.2340000000025408	0.04320273324616308
1.2350000000025338	0.043052995219100665
1.236000000002527	0.042903654573451244
1.23700000000252	0.0427547172435383
1.238000000002513	0.04260617442475212
1.2390000000025063	0.04245801807814931
1.240000000002499	0.04231026125296122
1.2410000000024923	0.04216291253932847
1.2420000000024853	0.0420159499405357
1.2430000000024783	0.04186937158332282
1.2440000000024716	0.041723192369123696
1.2450000000024644	0.041577407035054526
1.2460000000024576	0.04143201163648069
1.2470000000024506	0.04128700579348887
1.2480000000024436	0.0411423924629456
1.2490000000024368	0.04099817106547665
1.2500000000024298	0.04085433840506347
1.2510000000024228	0.04071089690939633
1.252000000002416	0.040567841778479385
1.253000000002409	0.04042517415501201
1.254000000002402	0.04028289426211862
1.2550000000023953	0.040141001174847646
1.256000000002388	0.03999949725897367
1.2570000000023813	0.03985837526768521
1.2580000000023743	0.039717638174594505
1.2590000000023673	0.03957729149194811
1.2600000000023606	0.039437321241524215
1.2610000000023533	0.039297736466536226
1.2620000000023466	0.039158540284171095
1.2630000000023396	0.039019720221739496
1.2640000000023326	0.03888128491157772
1.2650000000023258	0.038743226513092144
1.2660000000023188	0.03860555563274537
1.2670000000023118	0.0384682624458651
1.268000000002305	0.03833134481682299
1.269000000002298	0.03819481324742524
1.270000000002291	0.03805865131022301
1.271000000002284	0.0379228713747487
1.272000000002277	0.03778747659762005
1.2730000000022703	0.037652445187499106
1.2740000000022633	0.037517794421505046
1.2750000000022563	0.03738352182388971
1.2760000000022496	0.03724962029022827
1.2770000000022423	0.03711609444597763
1.2780000000022356	0.03698294294906235
1.2790000000022288	0.03685015739364017
1.2800000000022216	0.03671775534323174
1.2810000000022148	0.036585720370481356
1.2820000000022078	0.036454056469893414
1.2830000000022008	0.03632276370487264
1.2840000000021938	0.036191851281632714
1.2850000000021868	0.03606128978712109
1.28600000000218	0.03593110535173094
1.287000000002173	0.03580129037789359
1.288000000002166	0.03567184275112967
1.2890000000021593	0.035542761286864955
1.2900000000021523	0.035414047725877196
1.2910000000021453	0.03528569930092773
1.2920000000021385	0.03515771779051058
1.2930000000021313	0.03503009769199905
1.2940000000021246	0.03490284549442524
1.2950000000021178	0.03477595049408655
1.2960000000021106	0.03464942483258859
1.2970000000021038	0.03452326174489806
1.2980000000020966	0.03439745369421909
1.2990000000020898	0.03427201714258188
1.3000000000020828	0.03414693144152636
1.3010000000020758	0.03402220649707843
1.302000000002069	0.03389784433693832
1.303000000002062	0.033773836556529324
1.304000000002055	0.03365019711628259
1.3050000000020483	0.033526901676637744
1.3060000000020413	0.03340397359138969
1.3070000000020343	0.03328140070861263
1.3080000000020275	0.03315918113523819
1.3090000000020205	0.03303730956173867
1.3100000000020136	0.0329158006553919
1.3110000000020068	0.032794643880332264
1.3120000000019996	0.03267384174932397
1.3130000000019928	0.032553391107914
1.3140000000019856	0.032433290580183294
1.3150000000019788	0.03231354056779412
1.316000000001972	0.03219414364654927
1.3170000000019648	0.03207509778240114
1.318000000001958	0.03195639760703739
1.319000000001951	0.03183804700132831
1.320000000001944	0.031720044418647286
1.3210000000019373	0.0316023899520641
1.3220000000019303	0.03148508571527764
1.3230000000019233	0.031368127058869044
1.3240000000019165	0.03125151019481476
1.3250000000019095	0.0311352395800214
1.3260000000019025	0.03101931336285979
1.3270000000018956	0.030903731608245888
1.3280000000018886	0.030788494570803904
1.3290000000018818	0.03067359742275444
1.3300000000018748	0.030559044726263362
1.3310000000018678	0.030444829951312924
1.332000000001861	0.03033096062248497
1.3330000000018538	0.030217430143140156
1.334000000001847	0.030104231541474125
1.33500000000184	0.029991381722034638
1.336000000001833	0.02987886610127699
1.3370000000018263	0.029766687696115568
1.3380000000018193	0.02965484766929294
1.3390000000018123	0.029543334480299444
1.3400000000018053	0.029432175352657186
1.3410000000017983	0.02932133161511452
1.3420000000017915	0.02921083030558358
1.3430000000017845	0.029100666661821095
1.3440000000017776	0.02899083222645915
1.3450000000017708	0.028881333629348416
1.3460000000017638	0.028772165945786132
1.3470000000017568	0.02866332667254634
1.34800000000175	0.028554817724236625
1.3490000000017428	0.02844663946620274
1.350000000001736	0.02833878995902772
1.3510000000017293	0.028231268796861442
1.352000000001722	0.028124079767068655
1.3530000000017153	0.02801721317607453
1.354000000001708	0.027910676257639544
1.3550000000017013	0.027804459540730964
1.3560000000016943	0.027698575697754135
1.3570000000016873	0.027593013009302614
1.3580000000016805	0.027487776244187634
1.3590000000016735	0.027382865907111698
1.3600000000016665	0.027278270234258217
1.3610000000016598	0.02717399915546581
1.3620000000016528	0.027070050263659717
1.3630000000016458	0.026966423740144352
1.364000000001639	0.02686311791553153
1.3650000000016318	0.026760128096663505
1.366000000001625	0.026657459531554628
1.367000000001618	0.02655511339213934
1.368000000001611	0.026453080803243822
1.3690000000016043	0.02635136523655368
1.370000000001597	0.02624997004187679
1.3710000000015903	0.0261488854682137
1.3720000000015833	0.02604811876419766
1.3730000000015763	0.025947660725297084
1.3740000000015695	0.02584752479067054
1.3750000000015625	0.02574769916137898
1.3760000000015555	0.02564817797572483
1.3770000000015488	0.025548986067307267
1.3780000000015418	0.025450093114889438
1.3790000000015348	0.02535151110396905
1.3800000000015278	0.025253241502249058
1.3810000000015208	0.025155282830725878
1.382000000001514	0.02505762907147413
1.383000000001507	0.024960282619667318
1.3840000000015	0.02486324863322642
1.3850000000014933	0.0247665196283271
1.386000000001486	0.024670093917536162
1.3870000000014793	0.02457397917638182
1.3880000000014725	0.024478160654270442
1.3890000000014653	0.02438265078183255
1.3900000000014585	0.02428745190700221
1.3910000000014515	0.024192546009000004
1.3920000000014445	0.02409794375630203
1.3930000000014378	0.024003643202701874
1.3940000000014305	0.023909647310717097
1.3950000000014238	0.023815947139595006
1.3960000000014168	0.023722551465789388
1.3970000000014098	0.023629452877354518
1.398000000001403	0.023536647078632122
1.399000000001396	0.023444148424090927
1.400000000001389	0.023351935579678296
1.4010000000013823	0.023260035592080897
1.4020000000013753	0.02316841194930308
1.4030000000013683	0.0230770991396112
1.4040000000013615	0.02298607001067543
1.4050000000013543	0.022895340248588192
1.4060000000013475	0.022804905491628058
1.4070000000013405	0.022714762171998304
1.4080000000013335	0.022624906760869812
1.4090000000013267	0.022535346319817795
1.4100000000013195	0.022446071299560666
1.4110000000013128	0.022357092257192623
1.4120000000013058	0.02226840012336051
1.4130000000012988	0.02217999781977431
1.414000000001292	0.022091883871470985
1.415000000001285	0.02200405340031719
1.416000000001278	0.021916512453167725
1.4170000000012712	0.021829260291686747
1.4180000000012642	0.021742288072021165
1.4190000000012573	0.02165560374383424
1.4200000000012505	0.021569198416298008
1.4210000000012433	0.021483081790773517
1.4220000000012365	0.021397257277691706
1.4230000000012293	0.02131169953966594
1.4240000000012225	0.02122642355188198
1.4250000000012157	0.02114144160909981
1.4260000000012085	0.02105672990675289
1.4270000000012018	0.020972295338919866
1.4280000000011948	0.020888146135908947
1.4290000000011878	0.020804274163206515
1.430000000001181	0.02072068038600916
1.431000000001174	0.020637362994297304
1.432000000001167	0.02055432073758745
1.4330000000011602	0.02047155747893692
1.4340000000011532	0.020389068709825375
1.4350000000011462	0.020306848037692893
1.4360000000011393	0.020224903116232595
1.4370000000011323	0.020143238287582466
1.4380000000011255	0.020061843486251063
1.4390000000011185	0.01998071979396221
1.4400000000011115	0.019899867059942955
1.4410000000011047	0.019819283263430076
1.4420000000010975	0.0197389723664827
1.4430000000010907	0.019658929268514536
1.4440000000010837	0.019579153485407397
1.4450000000010768	0.01949964454548636
1.44600000000107	0.019420408677790046
1.447000000001063	0.019341438298443925
1.448000000001056	0.019262732768252744
1.449000000001049	0.019184289519000752
1.450000000001042	0.019106114449657263
1.4510000000010352	0.019028204273876415
1.4520000000010282	0.01895056097558734
1.4530000000010213	0.018873171616172857
1.4540000000010145	0.01879605462721401
1.4550000000010075	0.01871919522062171
1.4560000000010005	0.018642593731062362
1.4570000000009937	0.018566253809462085
1.4580000000009865	0.01849017284891641
1.4590000000009797	0.01841435401798408
1.460000000000973	0.018338803698272343
1.4610000000009657	0.018263499609699085
1.462000000000959	0.018188446268266212
1.4630000000009518	0.01811365947999366
1.464000000000945	0.018039126331619748
1.465000000000938	0.017964853896002664
1.466000000000931	0.017890828047727902
1.4670000000009242	0.017817059316038608
1.4680000000009172	0.017743545010642348
1.4690000000009102	0.017670280494721302
1.4700000000009035	0.017597268944359867
1.4710000000008965	0.017524514548403203
1.4720000000008895	0.017452007004473025
1.4730000000008827	0.017379750412299666
1.4740000000008757	0.017307744542131798
1.4750000000008687	0.0172359864060595
1.476000000000862	0.017164472933485775
1.4770000000008547	0.01709321548231668
1.478000000000848	0.017022198613021566
1.4790000000008408	0.01695143376206021
1.480000000000834	0.016880916213280805
1.4810000000008272	0.016810638455695415
1.48200000000082	0.01674060333455074
1.4830000000008132	0.016670818571722257
1.4840000000008062	0.016601274739259875
1.4850000000007992	0.01653197110184379
1.4860000000007925	0.01646291769074959
1.4870000000007855	0.016394101700380248
1.4880000000007785	0.016325519716662185
1.4890000000007717	0.01625718485569061
1.4900000000007645	0.01618909403981783
1.4910000000007577	0.016121235506795006
1.4920000000007507	0.016053622268249468
1.4930000000007437	0.01598623919870934
1.494000000000737	0.015919093402044338
1.49500000000073	0.015852188504519416
1.496000000000723	0.015785523168509785
1.497000000000716	0.015719085240555097
1.498000000000709	0.01565288434761758
1.4990000000007022	0.015586919047099967
1.5000000000006952	0.015521188465357327
1.5010000000006882	0.015455691278448258
1.5020000000006815	0.015390426621003539
1.5030000000006745	0.015325392083889278
1.5040000000006675	0.015260589510870393
1.5050000000006605	0.015196016282281732
1.5060000000006535	0.015131674942343687
1.5070000000006467	0.015067560321986528
1.5080000000006397	0.015003674148338808
1.5090000000006327	0.01494002172130271
1.5100000000006257	0.014876594495442319
1.5110000000006187	0.014813393988903245
1.512000000000612	0.014750418508729046
1.513000000000605	0.014687665363265934
1.514000000000598	0.014625139649264485
1.5150000000005912	0.014562843175862317
1.5160000000005842	0.014500766863128067
1.5170000000005772	0.01443891433193889
1.5180000000005702	0.014377285074971269
1.5190000000005632	0.014315872568975263
1.5200000000005565	0.014254691007191789
1.5210000000005495	0.014193730967070994
1.5220000000005425	0.014132981888792084
1.5230000000005357	0.014072455804292616
1.5240000000005285	0.014012151442202692
1.5250000000005217	0.01395206284981687
1.5260000000005147	0.013892193200901959
1.5270000000005077	0.013832544591466878
1.528000000000501	0.01377310644506391
1.529000000000494	0.013713885026740424
1.530000000000487	0.013654884177164317
1.53100000000048	0.01359609785473248
1.532000000000473	0.013537525186158694
1.5330000000004662	0.013479164254344145
1.5340000000004592	0.013421012781510755
1.5350000000004522	0.013363076386051609
1.5360000000004455	0.01330536023557971
1.5370000000004385	0.01324784842097615
1.5380000000004315	0.013190545489549121
1.5390000000004245	0.013133455042018127
1.5400000000004175	0.013076571840683116
1.5410000000004107	0.013019900944610807
1.5420000000004037	0.012963440090934641
1.5430000000003967	0.012907184757403711
1.5440000000003897	0.012851138962697739
1.5450000000003827	0.012795298758472073
1.546000000000376	0.012739665546027235
1.547000000000369	0.012684234514873882
1.548000000000362	0.012629013937827782
1.549000000000355	0.01257399381516422
1.5500000000003482	0.012519175294116502
1.5510000000003412	0.012464568216117633
1.5520000000003342	0.012410156417325457
1.5530000000003272	0.012355947616774277
1.5540000000003205	0.012301942244090425
1.5550000000003135	0.012248132832167968
1.5560000000003065	0.012194535166644482
1.5570000000002997	0.012141126654613199
1.5580000000002925	0.012087922823858177
1.5590000000002857	0.012034917789848332
1.5600000000002787	0.011982108502816557
1.5610000000002717	0.011929497951085
1.5620000000002647	0.011877083406637734
1.5630000000002577	0.011824863761920157
1.564000000000251	0.011772847500502781
1.565000000000244	0.01172102255992058
1.566000000000237	0.011669385274393873
1.5670000000002302	0.011617946860283723
1.5680000000002232	0.011566708294621364
1.5690000000002162	0.011515657902133158
1.5700000000002092	0.011464795684792306
1.5710000000002025	0.011414129742762125
1.5720000000001955	0.011363658499484508
1.5730000000001885	0.011313374558791778
1.5740000000001815	0.0112632812520983
1.5750000000001747	0.011213372096832042
1.5760000000001675	0.011163658910194663
1.5770000000001607	0.01111413089438662
1.5780000000001537	0.011064796301788249
1.5790000000001467	0.011015645601518909
1.58000000000014	0.010966680320837474
1.581000000000133	0.010917902081052144
1.582000000000126	0.010869309794977133
1.583000000000119	0.010820904642204865
1.584000000000112	0.010772683331470634
1.5850000000001052	0.010724647408505428
1.5860000000000982	0.010676789985990531
1.5870000000000912	0.010629116994277599
1.5880000000000845	0.010581632707921784
1.5890000000000775	0.01053432642401031
1.5900000000000705	0.010487196908680052
1.5910000000000635	0.010440256255126346
1.5920000000000565	0.01039349314756377
1.5930000000000497	0.010346905687993457
1.5940000000000427	0.010300500898524634
1.5950000000000357	0.010254276462800749
1.5960000000000287	0.010208230416638542
1.5970000000000217	0.01016235683645994
1.598000000000015	0.01011666637336972
1.599000000000008	0.010071152081364443
1.600000000000001	0.01002580801446451
1.6009999999999942	0.00998064358065509
1.6019999999999872	0.009935655527054665
1.6029999999999802	0.00989083965621862
1.6039999999999732	0.009846197226279885
1.6049999999999662	0.009801730255657448
1.6059999999999595	0.009757434332295367
1.6069999999999525	0.009713310388760332
1.6079999999999455	0.009669360520358161
1.6089999999999387	0.00962557999063196
1.6099999999999315	0.009581970580806454
1.6109999999999247	0.009538529822740838
1.6119999999999177	0.009495261593753912
1.6129999999999107	0.009452163863865826
1.6139999999999037	0.00940922762148344
1.614999999999897	0.009366466010479968
1.61599999999989	0.00932387195117823
1.616999999999883	0.009281440484297576
1.617999999999876	0.009239179540805331
1.6189999999998692	0.00919708429814392
1.6199999999998622	0.009155154355108386
1.6209999999998552	0.009113386164501969
1.6219999999998485	0.009071792177685056
1.6229999999998415	0.009030348363816443
1.6239999999998345	0.008989074184624912
1.6249999999998275	0.008947968761198077
1.6259999999998205	0.00890701661142923
1.6269999999998137	0.008866232770779914
1.6279999999998067	0.008825607015673143
1.6289999999997997	0.00878514232439409
1.6299999999997927	0.00874484094509298
1.6309999999997857	0.00870469519628947
1.631999999999779	0.00866471042936201
1.632999999999772	0.008624885452433562
1.633999999999765	0.008585221005887433
1.634999999999758	0.008545712822696228
1.6359999999997512	0.008506359061076774
1.6369999999997442	0.008467165461705006
1.6379999999997372	0.008428127964370535
1.6389999999997302	0.008389244228339865
1.6399999999997235	0.00835051898271344
1.6409999999997165	0.008311947133748276
1.6419999999997095	0.008273528401126606
1.6429999999997025	0.008235264420038968
1.6439999999996955	0.008197154903396897
1.6449999999996887	0.008159196212237041
1.6459999999996817	0.008121392852622367
1.6469999999996747	0.008083738779998906
1.6479999999996677	0.008046234787846052
1.6489999999996607	0.008008887071032977
1.649999999999654	0.007971689236364488
1.650999999999647	0.007934638195991939
1.65199999999964	0.007897736214450335
1.6529999999996332	0.00786098341295105
1.6539999999996262	0.007824382807125607
1.6549999999996192	0.0077879273479599664
1.6559999999996122	0.007751617302040659
1.6569999999996052	0.007715457358799416
1.6579999999995985	0.0076794444508092585
1.6589999999995915	0.007643579259657418
1.6599999999995845	0.0076078568744237796
1.6609999999995777	0.0075722795615585925
1.6619999999995705	0.007536847174500094
1.6629999999995637	0.007501560521444128
1.6639999999995567	0.007466417047323315
1.6649999999995497	0.007431416149048298
1.665999999999543	0.0073965589140279064
1.666999999999536	0.007361843676537472
1.667999999999529	0.007327269841345796
1.668999999999522	0.007292836439134365
1.669999999999515	0.007258545112939552
1.6709999999995082	0.007224393289437803
1.6719999999995012	0.0071903836769153795
1.6729999999994942	0.007156510124278759
1.6739999999994875	0.007122778206215541
1.6749999999994805	0.007089186572104111
1.6759999999994735	0.007055729605677019
1.6769999999994665	0.007022412621605412
1.6779999999994595	0.006989230877364139
1.6789999999994527	0.006956189566807658
1.6799999999994457	0.006923281487275501
1.6809999999994387	0.00689050775881439
1.6819999999994317	0.006857871729299747
1.6829999999994247	0.006825370420535881
1.683999999999418	0.006793003097519623
1.684999999999411	0.006760770721097931
1.685999999999404	0.006728672281162695
1.6869999999993972	0.0066967050369719505
1.6879999999993902	0.006664869974559395
1.6889999999993832	0.0066331729934554495
1.6899999999993762	0.006601600066961644
1.6909999999993692	0.006570162171618654
1.6919999999993625	0.006538856259038384
1.6929999999993555	0.006507680430212659
1.6939999999993485	0.006476630554938634
1.6949999999993415	0.006445715507217287
1.6959999999993345	0.006414928918490492
1.6969999999993277	0.006384265524770005
1.6979999999993207	0.006353737472286847
1.6989999999993137	0.006323329631784058
1.6999999999993067	0.0062930554338783695
1.7009999999993	0.0062629086959955504
1.701999999999293	0.006232883463825556
1.702999999999286	0.0062029858537306914
1.703999999999279	0.006173217103363493
1.7049999999992722	0.006143569715601371
1.7059999999992652	0.006114050754254308
1.7069999999992582	0.006084654034363313
1.7079999999992515	0.006055378341321083
1.7089999999992442	0.0060262296055522135
1.7099999999992375	0.005997205094659175
1.7109999999992305	0.005968300680329275
1.7119999999992235	0.005939520767091588
1.7129999999992167	0.005910860015913344
1.7139999999992095	0.005882320281704212
1.7149999999992027	0.005853902941830524
1.7159999999991957	0.005825606146464768
1.7169999999991887	0.005797428184086462
1.717999999999182	0.005769370512732519
1.718999999999175	0.005741433650875316
1.719999999999168	0.005713614341472439
1.720999999999161	0.005685913113473773
1.721999999999154	0.005658330289741276
1.7229999999991472	0.005630865016660991
1.7239999999991402	0.005603518383647366
1.7249999999991332	0.005576285488339883
1.7259999999991265	0.00554916870895128
1.7269999999991195	0.0055221714497790675
1.7279999999991125	0.005495288382952879
1.7289999999991055	0.005468517792351135
1.7299999999990985	0.005441863688439463
1.7309999999990917	0.0054153256962503615
1.7319999999990847	0.005388902187056344
1.7329999999990777	0.0053625879994179115
1.7339999999990707	0.005336388588478069
1.7349999999990655	0.005310302001427569
1.7359999999990614	0.005284325729521311
1.7369999999990573	0.005258464853574618
1.7379999999990532	0.0052327119572674885
1.7389999999990489	0.005207072733140361
1.7399999999990448	0.005181543375305742
1.7409999999990406	0.005156124259004691
1.7419999999990363	0.0051308165150619756
1.7429999999990322	0.005105619222476543
1.743999999999028	0.005080526720019463
1.744999999999024	0.0050555432372616504
1.74599999999902	0.005030671898221706
1.7469999999990156	0.005005908334644316
1.7479999999990115	0.004981248161780583
1.7489999999990071	0.004956695114602172
1.749999999999003	0.004932254317293716
1.7509999999990045	0.0049079148213859725
1.751999999999006	0.004883682232192377
1.7529999999990071	0.004859557352169364
1.7539999999990086	0.004835536774564053
1.75499999999901	0.004811620902653413
1.7559999999990115	0.0047878079765434345
1.756999999999013	0.004764102242862389
1.7579999999990141	0.004740495870274808
1.7589999999990156	0.004716996137870466
1.759999999999017	0.004693598887058448
1.7609999999990182	0.004670306114820444
1.7619999999990197	0.004647113236414424
1.7629999999990211	0.0046240202833918165
1.7639999999990226	0.00460102874876811
1.7649999999990238	0.004578140202266878
1.7659999999990263	0.00455535364148163
1.7669999999990305	0.004532667634571941
1.7679999999990346	0.004510080075278089
1.7689999999990387	0.004487590112242534
1.769999999999043	0.004465200801560432
1.7709999999990471	0.0044429108974261
1.7719999999990512	0.004420720030770098
1.7729999999990556	0.004398625952379942
1.7739999999990597	0.004376632273732861
1.7749999999990638	0.0043547332093807345
1.7759999999990679	0.0043329298368842695
1.776999999999072	0.004311227296602382
1.7779999999990763	0.004289620273171146
1.7789999999990804	0.004268108136902704
1.7799999999990845	0.004246691561002658
1.7809999999990886	0.00422536798970552
1.781999999999093	0.004204140484123209
1.782999999999097	0.004183008751877826
1.7839999999991012	0.004161972073217224
1.7849999999991053	0.004141029219336345
1.7859999999991096	0.004120178018532705
1.7869999999991137	0.004099420866873205
1.7879999999991179	0.004078753937274859
1.788999999999122	0.004058181174018349
1.789999999999126	0.004037701154387396
1.7909999999991304	0.004017313481834317
1.7919999999991345	0.003997015049687858
1.7929999999991386	0.003976810794548258
1.7939999999991427	0.0039566948255896905
1.794999999999147	0.003936669987091301
1.7959999999991512	0.00391673555318528
1.7969999999991553	0.003896888961585132
1.7979999999991594	0.0038771314714964866
1.7989999999991637	0.00385746328711567
1.7999999999991678	0.0038378865490750202
1.800999999999172	0.003818396442318406
1.801999999999176	0.0037989941274274575
1.8029999999991801	0.0037796788448714036
1.8039999999991845	0.0037604513638707093
1.8049999999991886	0.003741309490894018
1.8059999999991927	0.003722260407016398
1.8069999999991968	0.003703287945400202
1.8079999999992011	0.00368440803128256
1.8089999999992052	0.003665612112054184
1.8099999999992094	0.00364690103711518
1.8109999999992135	0.003628275869062225
1.8119999999992178	0.0036097329417908997
1.812999999999222	0.003591278057396563
1.813999999999226	0.0035729035589502356
1.8149999999992301	0.003554616813689404
1.8159999999992344	0.003536410349794461
1.8169999999992386	0.003518286576645213
1.8179999999992427	0.00350024649136782
1.8189999999992468	0.003482290093542728
1.819999999999251	0.003464415695117018
1.8209999999992552	0.0034466203697764985
1.8219999999992593	0.0034289092818300393
1.8229999999992634	0.0034112766578899834
1.8239999999992675	0.003393724549442645
1.8249999999992719	0.0033762566718528175
1.825999999999276	0.003358866833975682
1.82699999999928	0.0033415575458461966
1.8279999999992842	0.003324326761766083
1.8289999999992885	0.0033071754338440673
1.8299999999992926	0.0032901032941655695
1.8309999999992967	0.0032731092139907103
1.8319999999993009	0.003256194205075724
1.8329999999993052	0.0032393558799841404
1.8339999999993093	0.0032225978212860884
1.8349999999993134	0.0032059141943797664
1.8359999999993175	0.0031893118344320515
1.8369999999993218	0.0031727828375567313
1.837999999999326	0.0031563308350257557
1.83899999999933	0.0031399542496185484
1.8399999999993342	0.0031236536755137045
1.8409999999993385	0.0031074295207460523
1.8419999999993426	0.0030912816936787824
1.8429999999993467	0.003075207701086269
1.8439999999993508	0.003059208900911381
1.844999999999355	0.003043283608670233
1.8459999999993593	0.0030274332550759286
1.8469999999993634	0.003011656351436409
1.8479999999993675	0.0029959508055148465
1.8489999999993716	0.0029803217280131022
1.849999999999376	0.0029647644134097595
1.85099999999938	0.002949279122004489
1.8519999999993841	0.002933867739196905
1.8529999999993882	0.002918526994022619
1.8539999999993926	0.0029032584337702616
1.8549999999993967	0.002888061323538249
1.8559999999994008	0.0028729359439928492
1.856999999999405	0.002857882066343187
1.857999999999409	0.0028428957628008344
1.8589999999994133	0.002827981832765891
1.8599999999994175	0.002813138224860179
1.8609999999994216	0.0027983634380045475
1.861999999999426	0.0027836583762602674
1.86299999999943	0.002769023009297711
1.863999999999434	0.002754457430481305
1.8649999999994382	0.0027399592697319175
1.8659999999994423	0.0027255292187543523
1.8669999999994467	0.0027111680805482763
1.8679999999994508	0.0026968744613456996
1.8689999999994549	0.002682648098842999
1.869999999999459	0.0026684901463007726
1.870999999999463	0.0026543973460972925
1.8719999999994674	0.002640372103474675
1.8729999999994715	0.002626415142817806
1.8739999999994756	0.0026125216314163424
1.87499999999948	0.0025986937664816967
1.875999999999484	0.0025849357629788017
1.8769999999994882	0.0025712403848763277
1.8779999999994923	0.0025576074467859033
1.8789999999994964	0.0025440428954310867
1.8799999999995007	0.0025305428233205474
1.8809999999995048	0.002517105476599779
1.881999999999509	0.002503731917419705
1.882999999999513	0.002490424230327859
1.8839999999995174	0.002477179400592111
1.8849999999995215	0.0024639963884081073
1.8859999999995256	0.0024508775857476905
1.8869999999995297	0.002437822105483489
1.887999999999534	0.0024248279268995754
1.8889999999995382	0.002411895826951227
1.8899999999995423	0.0023990262152022712
1.8909999999995464	0.0023862186555099196
1.8919999999995505	0.0023734721896611077
1.8929999999995548	0.0023607874475021218
1.893999999999559	0.002348162955282951
1.894999999999563	0.002335598838251518
1.8959999999995671	0.0023230955436051026
1.8969999999995715	0.002310652336080965
1.8979999999995756	0.0022982697501430227
1.8989999999995797	0.002285946779121084
1.8999999999995838	0.0022736836589591913
1.9009999999995881	0.0022614770526667716
1.9019999999995922	0.0022493319330241235
1.9029999999995963	0.002237245433526436
1.9039999999996005	0.002225217430910642
1.9049999999996048	0.002213246436555294
1.905999999999609	0.002201333073164946
1.906999999999613	0.002189478683546575
1.9079999999996171	0.002177682492391919
1.9089999999996214	0.002165943266408732
1.9099999999996256	0.0021542598858853568
1.9109999999996297	0.0021426335103622574
1.9119999999996338	0.0021310633453063277
1.9129999999996379	0.0021195500359585395
1.9139999999996422	0.0021080929739966114
1.9149999999996463	0.002096691445588328
1.9159999999996504	0.0020853457758276406
1.9169999999996545	0.0020740556468277216
1.9179999999996589	0.0020628202806451945
1.918999999999663	0.0020516384484450256
1.919999999999667	0.0020405123732695207
1.9209999999996712	0.0020294415738670857
1.9219999999996755	0.002018424536326946
1.9229999999996796	0.002007461233704988
1.9239999999996837	0.0019965514443973653
1.9249999999996878	0.001985693980836034
1.9259999999996922	0.001974891139722157
1.9269999999996963	0.001964141986650181
1.9279999999997004	0.001953445241451135
1.9289999999997045	0.0019428000606570572
1.9299999999997088	0.0019322083934634193
1.930999999999713	0.001921668376045793
1.931999999999717	0.001911180288087344
1.9329999999997212	0.0019007421664650748
1.9339999999997253	0.001890357948003074
1.9349999999997296	0.001880024688674542
1.9359999999997337	0.0018697412142691938
1.9369999999997378	0.0018595094659391576
1.937999999999742	0.0018493286338795434
1.9389999999997463	0.0018391971445597122
1.9399999999997504	0.0018291164440566998
1.9409999999997545	0.0018190851242769757
1.9419999999997586	0.0018091039106316043
1.942999999999763	0.001799172022577955
1.943999999999767	0.0017892899968448006
1.9449999999997711	0.0017794561734505443
1.9459999999997752	0.0017696712676895654
1.9469999999997794	0.001759935186024797
1.9479999999997837	0.0017502478823682166
1.9489999999997878	0.0017406089556091242
1.949999999999792	0.0017310177217100264
1.950999999999796	0.00172147313094273
1.9519999999998003	0.0017119773175501285
1.9529999999998044	0.0017025294557022619
1.9539999999998086	0.001693128442689984
1.9549999999998127	0.0016837738663665336
1.955999999999817	0.0016744664048031765
1.956999999999821	0.0016652052617388557
1.9579999999998252	0.0016559915136533654
1.9589999999998293	0.0016468220869528816
1.9599999999998337	0.0016376990608965025
1.9609999999998378	0.0016286225723596282
1.9619999999998419	0.0016195923797533984
1.962999999999846	0.0016106067440233574
1.9639999999998503	0.0016016649743793021
1.9649999999998544	0.0015927694701511896
1.9659999999998585	0.0015839192762572285
1.9669999999998626	0.001575112711698301
1.9679999999998667	0.0015663506460766863
1.968999999999871	0.0015576326603077284
1.9699999999998752	0.001548958896871122
1.9709999999998793	0.001540329293311049
1.9719999999998834	0.0015317440532796045
1.9729999999998877	0.001523200223155774
1.9739999999998918	0.001514699241218942
1.974999999999896	0.001506243118695516
1.9759999999999	0.0014978288611285917
1.9769999999999044	0.0014894585774327673
1.9779999999999085	0.0014811291226957124
1.9789999999999126	0.0014728419405375393
1.9799999999999167	0.0014645985117791582
1.980999999999921	0.0014563962746910741
1.9819999999999252	0.0014482343433818157
1.9829999999999293	0.001440115244545348
1.9839999999999334	0.0014320372545654214
1.9849999999999375	0.001423999342875848
1.9859999999999418	0.001416002426815055
1.986999999999946	0.0014080475776770962
1.98799999999995	0.0014001341216574037
1.9889999999999541	0.001392259646559424
1.9899999999999585	0.0013844252251572486
1.9909999999999626	0.0013766308536948824
1.9919999999999667	0.0013688769775169751
1.9929999999999708	0.0013611628850518365
1.9939999999999751	0.001353489251343043
1.9949999999999792	0.0013458522447651333
1.9959999999999833	0.0013382551533920317
1.9969999999999875	0.0013306973986556558
1.9979999999999918	0.00132317860087372
1.998999999999996	0.0013156986796323267
2.0	0.0013082549879280814
2.0010279404845495	0.0013006445595495908
2.0021217900815715	0.001292591090606643
2.0032857751923165	0.0012840720860789467
2.004524391841744	0.001275061100853625
2.005842426366887	0.0012655345523642225
2.007244970197923	0.0012554681826689729
2.0087374418720856	0.0012448367155629692
2.0103256076664273	0.0012336158147577825
2.0120156028936726	0.0012217767831761428
2.013813957200875	0.0012092914580729142
2.0157276178435577	0.0011961308429075945
2.0177639781367303	0.0011822695147115647
2.019930905358886	0.001167681468227988
2.0222367711443985	0.0011523360612628597
2.024690484011897	0.0011362121189217866
2.027301523572695	0.0011192749620897446
2.0300799770731848	0.0011015059420478313
2.033036578410754	0.001082884660015826
2.036182751117039	0.0010633818667460382
2.039530649180409	0.0010429765876004415
2.043093206833892	0.0010216572224608367
2.046884188175661	0.0009994093754350786
2.050918238233338	0.0009762202984990864
2.0552109433735133	0.0009520828471910603
2.059778886913171	0.0009269996411562786
2.0646397170403086	0.0009009672880875286
2.0698122132469665	0.0008740030710266966
2.0753163565584574	0.0008461357763006605
2.081173414838828	0.0008173525200804166
2.0874060143976347	0.0007877070763611105
2.094038234979271	0.0007572796867246767
2.1010956980169606	0.0007260540778359914
2.1086056699538682	0.0006941149956862791
2.116597165034399	0.0006615748994116544
2.125101056786564	0.0006285066314899446
2.1341501990307465	0.0005949539743252963
2.143779554474847	0.0005610361560988153
2.1540263207146424	0.0005269347250140832
2.1649300857539027	0.0004927705604931276
2.1765329774064615	0.0004586543658866571
2.1888798204423576	0.00042471291021306534
2.2020183144046843	0.0003911661760920282
2.2159992202680474	0.0003582076970405357
2.2308765524295735	0.000325954320619104
2.246707783705272	0.0002945290649656318
2.263554079768369	0.00026422405886161737
2.2814805235907363	0.00023519439027752664
2.3005563724108544	0.00020754489321783698
2.320855322320133	0.00018143920094271238
2.3424557929209753	0.00015708063939867678
2.3654412374910825	0.00013451208959258665
2.389900455657507	0.00011380566087504373
2.41592795027163	9.509099499649398e-05
2.44362426638729	7.836139848926837e-05
2.473096411506492	6.36321415360408e-05
2.5044582437089975	5.0808834914262135e-05
2.537830924630887	3.984520211097742e-05
2.5733433911797423	3.064811041664228e-05
2.611132843166974	2.3079883467724827e-05
2.6513452603475027	1.6958481532824976e-05
2.6941360153529494	1.2156575809219028e-05
2.739670418177515	8.476109925603659e-06
2.788124380079947	5.7240565458638315e-06
2.839685109337027	3.7354459090366277e-06
2.894551789617174	2.3480154033306277e-06
2.9529364084026577	1.411015907892832e-06
3.0150645170164534	8.118327231576572e-07
3.0811761422888653	4.435659858303964e-07
3.1515266965252042	2.2907139118899522e-07
3.226387989377641	1.1015684286963534e-07
3.30604919671757	4.9511454380812836e-08
3.39081811677136	2.00599276078961e-08
3.4810222154328754	7.490514430941175e-09
3.577010018652917	2.443690805264964e-09
3.6791523315125145	7.415489333695291e-10
3.7878438030764574	1.8294232795312837e-10
3.9035043177534527	3.620725941289038e-11
4.02658072998157	4.974465284135476e-12
4.157548527011607	6.343814362708144e-13
4.296913682346355	-6.439293542825908e-15
4.445214635465608	2.142730437526552e-14
4.603024347307951	-1.0436096431476471e-14
4.770952424745148	3.1086244689504383e-15
4.9496476786701376	3.3306690738754696e-16
5.139800459354712	1.3322676295501878e-15
5.342145448462832	2.220446049250313e-16
5.557464321076707	4.440892098500626e-16
5.786588991858403	1.2212453270876722e-15
6.03040459644804	6.661338147750939e-16
6.289853138906711	2.220446049250313e-16
6.565936951835777	5.551115123125783e-16
6.859722633511745	1.2212453270876722e-15
7.172345245053396	2.3314683517128287e-15
7.505012494394354	1.1102230246251565e-15
7.859009576011049	3.3306690738754696e-16
8.23570422033976	3.3306690738754696e-16
8.636551628113326	6.661338147750939e-16
9.063100564489073	1.1102230246251565e-15
9.516998831091398	5.551115123125783e-16
10.0	1.1102230246251565e-16
