0.0	0.1426903924138594
0.0010000000000041087	0.14269038118479982
0.0020000000000082174	0.14269035087879922
0.003000000000012548	0.14269030332477406
0.004000000000016657	0.14269023874338915
0.005000000000020766	0.1426901537826235
0.006000000000024874	0.1426900516274422
0.007000000000029205	0.14268993021011633
0.008000000000033314	0.14268978999243487
0.009000000000037423	0.14268963230290133
0.010000000000041753	0.14268945524157084
0.011000000000045862	0.1426892593216298
0.01200000000004997	0.14268904498878843
0.01300000000005408	0.1426888117671672
0.01400000000005841	0.14268856129443086
0.015000000000062519	0.14268829165030683
0.016000000000066406	0.14268800222726474
0.017000000000070736	0.1426876955337555
0.018000000000074845	0.14268737011295973
0.019000000000078954	0.1426870250761425
0.020000000000083062	0.14268666241648797
0.021000000000087393	0.14268628087530144
0.022000000000091502	0.14268588055903741
0.02300000000009561	0.14268546266348492
0.02400000000009972	0.14268502432094432
0.02500000000010405	0.1426845689392836
0.02600000000010816	0.1426840946137592
0.027000000000112268	0.14268360062484509
0.0280000000001166	0.14268308869569069
0.029000000000120707	0.14268255919839212
0.030000000000124816	0.1426820101092776
0.031000000000128924	0.1426814424909475
0.032000000000133255	0.1426808564932588
0.033000000000137364	0.14268025095716608
0.03400000000014147	0.14267962779429466
0.0350000000001458	0.1426789866143473
0.03600000000014991	0.14267832571843486
0.03700000000015402	0.14267764649582548
0.03800000000015813	0.14267694879875648
0.03900000000016246	0.14267623272245267
0.04000000000016657	0.14267549709035787
0.04100000000017068	0.14267474331714536
0.04200000000017501	0.14267397156359052
0.04300000000017912	0.14267318097039927
0.044000000000183226	0.1426723716768321
0.045000000000187335	0.14267154305753305
0.046000000000191665	0.14267069722623216
0.04700000000019555	0.14266983251550291
0.04800000000019966	0.14266894779994754
0.04900000000020399	0.14266804549290657
0.0500000000002081	0.14266712432883244
0.05100000000021221	0.1426661844631988
0.05200000000021632	0.1426652271271569
0.05300000000022065	0.14266425058405496
0.05400000000022476	0.14266325447498251
0.055000000000228866	0.14266224112410408
0.0560000000002332	0.14266120853976583
0.057000000000237305	0.14266015657894215
0.058000000000241414	0.1426590876272239
0.05900000000024552	0.14265799930374845
0.060000000000249853	0.14265689177793417
0.06100000000025396	0.14265576705761107
0.06200000000025807	0.14265462265842688
0.0630000000002624	0.1426534599478263
0.06400000000026651	0.14265227898907284
0.06500000000027062	0.14265107919039022
0.06600000000027473	0.14264986026225124
0.06700000000027906	0.14264862271718137
0.06800000000028317	0.14264736760369845
0.06900000000028728	0.14264609403375084
0.0700000000002916	0.14264480021975412
0.07100000000029572	0.14264348933594206
0.07200000000029982	0.14264215958357762
0.07300000000030393	0.14264081030052578
0.07400000000030826	0.14263944356629554
0.07500000000031237	0.14263805807679997
0.07600000000031648	0.14263665288613536
0.07700000000032081	0.14263523039145032
0.0780000000003247	0.14263378889226652
0.07900000000032881	0.14263232872868825
0.08000000000033292	0.14263085026385314
0.08100000000033725	0.1426293528699487
0.08200000000034136	0.14262783704365634
0.08300000000034546	0.142626302666937
0.0840000000003498	0.14262474992988605
0.0850000000003539	0.14262317835843985
0.08600000000035801	0.14262158827193705
0.08700000000036212	0.1426199793085543
0.08800000000036645	0.14261835186815508
0.08900000000037056	0.1426167055833918
0.09000000000037467	0.14261504190251095
0.091000000000379	0.1426133596473994
0.09200000000038311	0.14261165719362712
0.09300000000038722	0.14260993729700122
0.09400000000039133	0.14260819886642206
0.09500000000039566	0.14260644042317083
0.09600000000039977	0.14260466531848037
0.09700000000040387	0.14260287150709727
0.0980000000004082	0.1426010578843212
0.09900000000041231	0.14259922530211755
0.10000000000041642	0.14259737394397853
0.10100000000042053	0.14259550532308718
0.10200000000042486	0.142593619014722
0.10300000000042897	0.14259171480470656
0.10400000000043308	0.1425897901546218
0.10500000000043741	0.14258784565174265
0.10600000000044152	0.14258588466979938
0.10700000000044563	0.14258390454064185
0.10800000000044951	0.14258190597506426
0.10900000000045384	0.14257988907536978
0.11000000000045795	0.1425778519612575
0.11100000000046206	0.14257579791579544
0.1120000000004664	0.14257372564483584
0.1130000000004705	0.14257163400056005
0.11400000000047461	0.14256952370331488
0.11500000000047872	0.14256739507981586
0.11600000000048305	0.14256524789155656
0.11700000000048716	0.14256308218631897
0.11800000000049127	0.14256089789109994
0.1190000000004956	0.14255869498714513
0.12000000000049971	0.1425564735204885
0.12100000000050382	0.14255423361872488
0.12200000000050792	0.14255197509351136
0.12300000000051226	0.1425496980447034
0.12400000000051636	0.1425474024175145
0.12500000000052047	0.14254508822353196
0.1260000000005248	0.14254275557223384
0.1270000000005289	0.14254040427813708
0.12800000000053302	0.1425380344890781
0.12900000000053713	0.1425356461210905
0.13000000000054146	0.14253323921406214
0.13100000000054557	0.14253081361060804
0.13200000000054968	0.14252836882299125
0.133000000000554	0.1425259073116032
0.13400000000055812	0.14252342788937
0.13500000000056223	0.14252092740293232
0.13600000000056633	0.1425184092317039
0.13700000000057067	0.14251587256512677
0.13800000000057477	0.1425133174051032
0.13900000000057866	0.1425107434519639
0.140000000000583	0.14250815179993925
0.1410000000005871	0.14250554051768982
0.1420000000005912	0.1425029115595584
0.14300000000059532	0.14250026332586352
0.14400000000059965	0.14249759740035584
0.14500000000060376	0.14249491288776905
0.14600000000060787	0.14249220897546855
0.1470000000006122	0.14248948680889284
0.1480000000006163	0.14248674655621985
0.14900000000062041	0.14248398737266765
0.15000000000062452	0.14248120999439717
0.15100000000062885	0.14247841373035652
0.15200000000063296	0.14247559920523856
0.15300000000063707	0.14247276608614046
0.1540000000006414	0.14246991471946668
0.1550000000006455	0.14246704451987502
0.15600000000064962	0.14246415596926865
0.15700000000065373	0.14246124889369438
0.15800000000065806	0.14245832349281407
0.15900000000066217	0.14245537945597675
0.16000000000066628	0.14245241689468802
0.16100000000067038	0.1424494358066284
0.16200000000067472	0.14244643581562932
0.16300000000067882	0.142443417100086
0.16400000000068293	0.14244038075733956
0.16500000000068726	0.1424373258267364
0.16600000000069137	0.14243425254437736
0.16700000000069548	0.14243116031272973
0.1680000000006996	0.14242804975305656
0.16900000000070392	0.14242491985571182
0.1700000000007078	0.14242177199588246
0.17100000000071192	0.14241860616740953
0.17200000000071625	0.14241542153619213
0.17300000000072036	0.14241221771485701
0.17400000000072446	0.14240899755815772
0.17500000000072857	0.14240575845956427
0.1760000000007329	0.14240249900820534
0.177000000000737	0.1423992218651875
0.17800000000074112	0.14239592602305895
0.17900000000074545	0.14239261219346588
0.18000000000074956	0.14238927934109047
0.18100000000075367	0.14238592817143902
0.18200000000075778	0.14238255849732018
0.1830000000007621	0.14237917085742802
0.18400000000076622	0.1423757644864574
0.18500000000077033	0.14237233958088946
0.18600000000077466	0.14236889586319756
0.18700000000077877	0.14236543470203644
0.18800000000078287	0.14236195438841626
0.18900000000078698	0.14235845499720567
0.1900000000007913	0.14235493794691623
0.19100000000079542	0.14235140194144524
0.19200000000079953	0.14234784793627875
0.19300000000080386	0.1423442750374948
0.19400000000080797	0.14234068352409512
0.19500000000081208	0.1423370742067548
0.1960000000008162	0.14233344661372127
0.19700000000082052	0.14232979997566986
0.19800000000082463	0.14232613476024625
0.19900000000082874	0.14232245150989187
0.20000000000083307	0.14231874943074962
0.20100000000083695	0.14231502922294548
0.20200000000084106	0.14231129017202504
0.20300000000084517	0.14230753350072
0.2040000000008495	0.14230375773462356
0.2050000000008536	0.14229996341091355
0.20600000000085772	0.1422961510006251
0.20700000000086205	0.14229231983526458
0.20800000000086616	0.1422884704956897
0.20900000000087027	0.14228460248894592
0.21000000000087438	0.14228071643509788
0.2110000000008787	0.14227681164840034
0.21200000000088282	0.14227288834957352
0.21300000000088692	0.1422689467965722
0.21400000000089126	0.14226498663292197
0.21500000000089536	0.14226100817061837
0.21600000000089947	0.14225701111522882
0.21700000000090358	0.14225299589115115
0.2180000000009079	0.14224896203120607
0.21900000000091202	0.14224490975247928
0.22000000000091613	0.14224083914147545
0.22100000000092046	0.14223675009613335
0.22200000000092457	0.14223264256774426
0.22300000000092868	0.1422285167728239
0.2240000000009328	0.1422243723881269
0.22500000000093712	0.14222020987789086
0.22600000000094123	0.14221602869979133
0.22700000000094533	0.14221182894266693
0.22800000000094967	0.14220761106428448
0.22900000000095377	0.14220337477648315
0.23000000000095788	0.14219912007366642
0.23100000000096177	0.14219484692065443
0.2320000000009661	0.14219055533317893
0.2330000000009702	0.14218624515760392
0.23400000000097432	0.14218191678564984
0.23500000000097865	0.14217757109022378
0.23600000000098276	0.1421732060357448
0.23700000000098687	0.14216882101134043
0.23800000000099097	0.14216441945646685
0.2390000000009953	0.14215999906857246
0.24000000000099941	0.14215556117935735
0.24100000000100352	0.1421511054125506
0.24200000000100785	0.14214662851656523
0.24300000000101196	0.14214213530327802
0.24400000000101607	0.14213762359807947
0.24500000000102018	0.14213309212181646
0.2460000000010245	0.14212854290310284
0.24700000000102862	0.14212397616109096
0.24800000000103273	0.14211939046336486
0.24900000000103706	0.14211478639525965
0.25000000000104117	0.14211016395539866
0.2510000000010453	0.1421055232194668
0.2520000000010494	0.14210086367979713
0.2530000000010537	0.14209618604517826
0.2540000000010578	0.14209149025501766
0.25500000000106193	0.142086776230128
0.25600000000106626	0.14208204374087952
0.25700000000107037	0.1420772929070867
0.2580000000010745	0.14207252327979936
0.2590000000010786	0.14206773612143375
0.2600000000010829	0.1420629298153957
0.26100000000108703	0.14205810554056042
0.2620000000010909	0.1420532627120924
0.26300000000109525	0.1420484016954151
0.26400000000109936	0.14204352234107454
0.26500000000110346	0.1420386245138553
0.2660000000011076	0.14203370869832888
0.2670000000011119	0.14202877506720135
0.268000000001116	0.1420238219588128
0.2690000000011201	0.14201884983962143
0.27000000000112445	0.14201386040663788
0.27100000000112856	0.14200885393692142
0.27200000000113267	0.14200382964369507
0.2730000000011368	0.1419987848262163
0.2740000000011411	0.1419937206886347
0.2750000000011452	0.14198864080930595
0.2760000000011493	0.1419835416613321
0.27700000000115366	0.14197842281645934
0.27800000000115777	0.14197328805308806
0.2790000000011619	0.14196813424396748
0.280000000001166	0.1419629607126015
0.2810000000011703	0.14195776987628705
0.2820000000011744	0.1419525616350329
0.28300000000117853	0.14194733315077512
0.28400000000118286	0.1419420874048658
0.28500000000118697	0.14193682413682618
0.2860000000011911	0.14193154194188407
0.2870000000011952	0.14192624152902078
0.2880000000011995	0.14192092233774445
0.2890000000012036	0.14191558524219783
0.29000000000120774	0.14191023011945225
0.29100000000121207	0.14190485625562566
0.2920000000012162	0.14189946421213895
0.29300000000122006	0.14189405415512923
0.29400000000122417	0.14188862562246496
0.2950000000012285	0.14188317866275924
0.2960000000012326	0.14187771375361713
0.2970000000012367	0.14187223037923258
0.29800000000124083	0.1418667286799612
0.29900000000124516	0.14186120890421772
0.30000000000124927	0.14185567082736017
0.3010000000012534	0.14185011447821916
0.3020000000012577	0.14184453985678847
0.3030000000012618	0.14183894686154996
0.3040000000012659	0.1418333358467142
0.30500000000127003	0.14182770651237775
0.30600000000127436	0.14182205878296195
0.3070000000012785	0.14181639300587834
0.3080000000012826	0.14181070891526337
0.3090000000012869	0.14180500644156968
0.310000000001291	0.14179928599039426
0.31100000000129513	0.14179354723306514
0.31200000000129924	0.14178779017802023
0.31300000000130357	0.14178201473461904
0.3140000000013077	0.14177622118734656
0.3150000000013118	0.14177040957126918
0.3160000000013161	0.14176457963139255
0.3170000000013202	0.14175873158476415
0.31800000000132433	0.14175286517618857
0.31900000000132844	0.14174698028067756
0.3200000000013328	0.1417410778297573
0.3210000000013369	0.1417351568094719
0.322000000001341	0.1417292171258533
0.3230000000013453	0.14172326005976743
0.3240000000013492	0.14171728459960542
0.3250000000013533	0.141711290118972
0.3260000000013574	0.1417052785783025
0.32700000000136176	0.14169924874231876
0.32800000000136587	0.14169319960551052
0.32900000000137	0.14168713246094
0.3300000000013743	0.14168104875335497
0.3310000000013784	0.14167494511446022
0.3320000000013825	0.14166882341072418
0.33300000000138663	0.14166268524683256
0.33400000000139096	0.14165652717454658
0.33500000000139507	0.14165035153085903
0.3360000000013992	0.14164415794881635
0.3370000000014035	0.14163794476586755
0.3380000000014076	0.14163171508390882
0.3390000000014117	0.1416254671887328
0.34000000000141584	0.1416192003043476
0.34100000000142017	0.14161291541866416
0.3420000000014243	0.14160661218355997
0.3430000000014284	0.14160029169143673
0.3440000000014327	0.14159395228603255
0.3450000000014368	0.141587594601414
0.34600000000144093	0.14158121956704284
0.34700000000144504	0.14157482540201993
0.34800000000144937	0.14156841415153443
0.3490000000014535	0.14156198410353482
0.3500000000014576	0.14155553584170977
0.3510000000014619	0.14154907007487416
0.35200000000146603	0.1415425856056418
0.35300000000147014	0.14153608310955457
0.35400000000147425	0.14152956264460737
0.35500000000147836	0.14152302397652905
0.35600000000148246	0.14151646721161093
0.3570000000014866	0.1415098923172945
0.3580000000014909	0.1415032992973284
0.359000000001495	0.14149668808201576
0.3600000000014991	0.14149005877878673
0.36100000000150323	0.14148341136837606
0.36200000000150756	0.14147674603980276
0.36300000000151167	0.14147006254441385
0.3640000000015158	0.1414633606972473
0.3650000000015201	0.14145664094450627
0.3660000000015242	0.14144990328209617
0.3670000000015283	0.14144314736209807
0.36800000000153243	0.1414363734158497
0.36900000000153677	0.1414295814372657
0.3700000000015409	0.1414227712193512
0.371000000001545	0.14141594307775573
0.3720000000015493	0.1414090964065735
0.3730000000015534	0.14140223273453267
0.37400000000155753	0.14139534977991042
0.37500000000156164	0.14138844927575245
0.37600000000156597	0.14138152962362904
0.3770000000015701	0.14137459402024066
0.3780000000015742	0.14136763892988768
0.3790000000015785	0.14136066623027688
0.3800000000015826	0.14135367555248357
0.38100000000158674	0.14134666677240548
0.38200000000159084	0.14133964045315683
0.3830000000015952	0.141332594105968
0.3840000000015993	0.14132553262223224
0.3850000000016034	0.14131845077781413
0.3860000000016075	0.1413113516493154
0.3870000000016116	0.14130423427517225
0.3880000000016157	0.14129709882410046
0.38900000000161983	0.14128994577367893
0.39000000000162416	0.14128277460545946
0.39100000000162827	0.14127558594299483
0.3920000000016324	0.14126837843633444
0.3930000000016367	0.1412611528924933
0.3940000000016408	0.14125390928928705
0.3950000000016449	0.14124664865028447
0.39600000000164903	0.14123937040830603
0.39700000000165336	0.14123207271516058
0.3980000000016575	0.14122475694327774
0.3990000000016616	0.14121742354162836
0.4000000000016659	0.1412100718771303
0.40100000000167	0.14120270274103963
0.40200000000167413	0.14119531558235432
0.40300000000167824	0.14118791033359102
0.40400000000168257	0.14118048704847497
0.4050000000016867	0.14117304592705127
0.4060000000016908	0.1411655871855959
0.4070000000016951	0.14115811036893267
0.4080000000016992	0.14115061564420617
0.40900000000170333	0.14114310212018388
0.41000000000170744	0.1411355710062293
0.4110000000017118	0.14112802294666082
0.4120000000017159	0.14112045303797083
0.41300000000172	0.14111287100747594
0.4140000000017243	0.1411052681441478
0.41500000000172843	0.1410976445439054
0.41600000000173254	0.1410900085533049
0.4170000000017364	0.14108235129221414
0.41800000000174076	0.14107467656373007
0.41900000000174487	0.1410669840143105
0.420000000001749	0.1410592735591798
0.4210000000017533	0.14105154518165408
0.4220000000017574	0.1410437988836215
0.4230000000017615	0.14103603467846304
0.42400000000176563	0.14102825266080588
0.42500000000176996	0.14102045321144274
0.42600000000177407	0.14101263251500473
0.4270000000017782	0.14100479941876287
0.4280000000017825	0.1409969450309747
0.4290000000017866	0.14098907315188447
0.4300000000017907	0.14098118355500855
0.43100000000179484	0.14097327610437815
0.43200000000179917	0.1409653513941136
0.4330000000018033	0.14095740552260239
0.4340000000018074	0.14094944715391333
0.4350000000018115	0.14094146754568593
0.4360000000018158	0.14093347044914262
0.43700000000181993	0.14092545575966386
0.43800000000182404	0.14091742280694863
0.43900000000182837	0.14090937294369232
0.4400000000018325	0.14090130219401287
0.4410000000018366	0.14089321872469363
0.4420000000018407	0.1408851140285442
0.44300000000184503	0.1408769916986079
0.44400000000184914	0.1408688519225002
0.44500000000185325	0.1408606944178753
0.4460000000018576	0.1408525186306867
0.4470000000018617	0.1408443253613093
0.4480000000018656	0.14083611429465148
0.4490000000018697	0.14082788512400524
0.450000000001874	0.140819638432515
0.4510000000018781	0.14081137384174747
0.45200000000188223	0.1408030911321021
0.45300000000188656	0.1407947910884576
0.45400000000189067	0.1407864730125511
0.4550000000018948	0.14077813747215973
0.4560000000018989	0.14076978432587406
0.4570000000019032	0.14076141105793416
0.4580000000019073	0.14075302296588044
0.45900000000191143	0.14074461509671876
0.46000000000191577	0.14073619033101126
0.4610000000019199	0.14072774750391193
0.462000000001924	0.14071928697603997
0.4630000000019281	0.1407108086521306
0.4640000000019324	0.14070231258454746
0.46500000000193653	0.140693798576358
0.46600000000194064	0.14068526676596127
0.46700000000194497	0.14067671733240728
0.4680000000019491	0.1406681500971687
0.4690000000019532	0.14065956511833577
0.4700000000019573	0.1406509623780814
0.4710000000019616	0.1406423418817414
0.47200000000196574	0.14063370362765926
0.47300000000196984	0.14062504761635808
0.4740000000019742	0.14061637386112946
0.4750000000019783	0.14060768237097687
0.4760000000019824	0.14059897313861847
0.4770000000019865	0.1405902461033124
0.47800000000199083	0.14058150140818915
0.4790000000019947	0.14057273927224978
0.48000000000199883	0.14056395931375154
0.48100000000200316	0.14055516159428771
0.48200000000200727	0.14054634592040582
0.4830000000020114	0.14053751271867654
0.4840000000020155	0.14052866184775703
0.4850000000020198	0.14051979374507817
0.4860000000020239	0.1405109041855832
0.48700000000202803	0.14050200296214954
0.48800000000203236	0.14049308051457698
0.4890000000020365	0.14048414085290306
0.4900000000020406	0.14047518361606148
0.4910000000020447	0.1404662087986257
0.492000000002049	0.14045721677302325
0.49300000000205313	0.14044820359121968
0.49400000000205724	0.14043917851705934
0.49500000000206157	0.14043013229373358
0.4960000000020657	0.14042106890204697
0.4970000000020698	0.14041198797748022
0.4980000000020739	0.1404028894499032
0.4990000000020782	0.14039377317602542
0.5000000000020823	0.14038463952979474
0.5010000000020864	0.14037548794435595
0.5020000000020908	0.14036631860150206
0.5030000000020949	0.1403571318360073
0.504000000002099	0.1403479274010605
0.5050000000021031	0.14033870532769033
0.5060000000021074	0.1403294656249665
0.5070000000021115	0.14032020829660097
0.5080000000021156	0.1403109333476359
0.50900000000212	0.14030164078134832
0.5100000000021239	0.1402923305972993
0.511000000002128	0.14028300278843464
0.5120000000021321	0.14027365733663144
0.5130000000021364	0.14026429416150665
0.5140000000021405	0.14025491361693487
0.5150000000021446	0.1402455157986533
0.516000000002149	0.14023610016240373
0.5170000000021531	0.14022666658952532
0.5180000000021572	0.14021721554445055
0.5190000000021613	0.1402077471853862
0.5200000000021656	0.14019826104255084
0.5210000000021697	0.14018875777748108
0.5220000000021738	0.1401792363915424
0.5230000000021782	0.1401696972740476
0.5240000000021823	0.14016014112222352
0.5250000000021864	0.14015056708371554
0.5260000000021905	0.14014097561664496
0.5270000000021948	0.14013136660062941
0.5280000000021989	0.14012174003184108
0.529000000002203	0.14011209593251972
0.5300000000022074	0.1401024342900733
0.5310000000022115	0.1400927550930583
0.5320000000022156	0.1400830583347965
0.5330000000022197	0.14007334426284057
0.534000000002224	0.1400636128338102
0.5350000000022281	0.1400538623541896
0.5360000000022322	0.1400440965150619
0.5370000000022366	0.14003431192590932
0.5380000000022407	0.14002451059731236
0.5390000000022448	0.14001469166870184
0.5400000000022487	0.14000485448862576
0.541000000002253	0.13999499993614184
0.5420000000022571	0.1399851283724335
0.5430000000022612	0.13997523892473707
0.5440000000022656	0.13996533241119435
0.5450000000022697	0.13995540804126727
0.5460000000022738	0.13994546657340345
0.5470000000022779	0.13993550727384907
0.5480000000022822	0.13992553070163372
0.5490000000022863	0.13991553676782165
0.5500000000022904	0.1399055252066359
0.5510000000022948	0.13989549630944187
0.5520000000022989	0.13988545003460673
0.553000000002303	0.13987538628939622
0.5540000000023071	0.13986530506859185
0.5550000000023114	0.13985520639921634
0.5560000000023155	0.13984509030136183
0.5570000000023196	0.13983495678488123
0.558000000002324	0.1398248058441427
0.5590000000023281	0.13981463747645018
0.5600000000023322	0.1398044516820015
0.5610000000023363	0.1397942484615109
0.5620000000023406	0.13978402782443888
0.5630000000023447	0.13977378979038302
0.5640000000023488	0.13976353437918887
0.5650000000023532	0.1397532615739161
0.5660000000023573	0.13974297137217173
0.5670000000023614	0.13973266379675053
0.5680000000023655	0.13972233884623741
0.5690000000023698	0.13971199651364652
0.5700000000023739	0.13970163680384762
0.5710000000023778	0.1396912597208524
0.5720000000023819	0.13968086528301726
0.5730000000023863	0.13967045350906193
0.5740000000023904	0.1396600243903734
0.5750000000023945	0.13964957792329913
0.5760000000023988	0.13963911409260654
0.5770000000024029	0.1396286328569052
0.578000000002407	0.13961813422543756
0.5790000000024111	0.13960761849505932
0.5800000000024155	0.1395970854163313
0.5810000000024196	0.13958653494830542
0.5820000000024237	0.13957596737728828
0.583000000002428	0.13956538283260156
0.5840000000024321	0.139554780058734
0.5850000000024362	0.13954416009732917
0.5860000000024403	0.13953352316707046
0.5870000000024447	0.1395228687425496
0.5880000000024488	0.13951219720081698
0.5890000000024529	0.13950150836878683
0.5900000000024572	0.13949080219758836
0.5910000000024613	0.1394800787748346
0.5920000000024654	0.13946933806038675
0.5930000000024696	0.1394585800603525
0.5940000000024739	0.1394478048046568
0.595000000002478	0.13943701223779592
0.5960000000024821	0.13942620243482706
0.5970000000024864	0.1394153753379468
0.5980000000024905	0.13940453106473527
0.5990000000024946	0.13939366956883348
0.6000000000024988	0.1393827912067055
0.6010000000025031	0.1393718946853294
0.602000000002507	0.13936098119632068
0.6030000000025111	0.13935005090339203
0.6040000000025154	0.13933910303838226
0.6050000000025195	0.1393281382739846
0.6060000000025236	0.1393171560112385
0.6070000000025277	0.13930615682037528
0.6080000000025321	0.1392951401643644
0.6090000000025362	0.13928410648693323
0.6100000000025403	0.13927305544706592
0.6110000000025446	0.13926198739478812
0.6120000000025487	0.13925090220876024
0.6130000000025528	0.13923979978611545
0.614000000002557	0.13922868014138123
0.6150000000025613	0.1392175433155728
0.6160000000025654	0.13920638932087748
0.6170000000025695	0.13919521816510638
0.6180000000025738	0.1391840298539373
0.6190000000025779	0.1391728243946173
0.620000000002582	0.1391616017931614
0.6210000000025861	0.13915036205389342
0.6220000000025905	0.13913910517286843
0.6230000000025946	0.13912783115414684
0.6240000000025987	0.13911653999907925
0.625000000002603	0.13910523167851285
0.6260000000026071	0.13909390619808826
0.6270000000026112	0.13908256376763695
0.6280000000026154	0.1390712041059985
0.6290000000026197	0.13905982743316447
0.6300000000026238	0.13904843348140994
0.6310000000026279	0.1390370226157881
0.6320000000026322	0.13902559451266583
0.6330000000026361	0.13901414937302692
0.6340000000026402	0.13900268713545205
0.6350000000026443	0.13899120785690555
0.6360000000026487	0.13897971147610066
0.6370000000026528	0.13896819807172622
0.6380000000026569	0.13895666756366554
0.6390000000026612	0.13894512005374404
0.6400000000026653	0.13893355555053222
0.6410000000026694	0.13892197426374508
0.6420000000026735	0.13891037588258903
0.6430000000026779	0.13889875901569737
0.644000000002682	0.13888712676157677
0.6450000000026861	0.13887547746811713
0.6460000000026904	0.1388638102333688
0.6470000000026945	0.13885212628959154
0.6480000000026986	0.1388404254785317
0.6490000000027027	0.13882870768568556
0.6500000000027071	0.13881697333452458
0.6510000000027112	0.1388052209966314
0.6520000000027153	0.13879345184794611
0.6530000000027196	0.13878166617245347
0.6540000000027237	0.13876986315349615
0.6550000000027278	0.13875804348563192
0.656000000002732	0.13874620652013414
0.6570000000027363	0.13873435286753255
0.6580000000027404	0.13872248196026238
0.6590000000027445	0.13871059433838706
0.6600000000027488	0.1386986895123541
0.6610000000027529	0.13868676794174228
0.662000000002757	0.13867482921610053
0.6630000000027612	0.13866287369426356
0.6640000000027653	0.1386509010340946
0.6650000000027694	0.13863891178155097
0.6660000000027735	0.13862690533444022
0.6670000000027778	0.13861488200326788
0.6680000000027819	0.13860284183038563
0.669000000002786	0.13859078466995278
0.6700000000027901	0.13857871064952743
0.6710000000027945	0.13856661970630124
0.6720000000027986	0.13855451189250778
0.6730000000028027	0.1385423871200383
0.674000000002807	0.13853024549301707
0.6750000000028111	0.13851808701442736
0.6760000000028152	0.13850591162531756
0.6770000000028193	0.13849371939010358
0.6780000000028237	0.13848151024561617
0.6790000000028278	0.13846928432912486
0.6800000000028319	0.13845704163239658
0.6810000000028362	0.13844478165921803
0.6820000000028403	0.13843250541530672
0.6830000000028444	0.13842021180288056
0.6840000000028486	0.13840790179474038
0.6850000000028529	0.13839557454439422
0.686000000002857	0.13838323090627425
0.6870000000028611	0.1383708699054026
0.6880000000028654	0.1383584927046948
0.6890000000028695	0.1383460981818545
0.6900000000028736	0.1383336872795493
0.6910000000028778	0.13832125913177573
0.6920000000028821	0.13830881470573642
0.6930000000028862	0.13829635308206145
0.6940000000028901	0.1382838744966437
0.6950000000028944	0.13827137931436728
0.6960000000028985	0.1382588675609051
0.6970000000029026	0.13824633886709414
0.6980000000029067	0.13823379311014983
0.6990000000029111	0.13822123065122005
0.7000000000029152	0.13820865181021913
0.7010000000029193	0.1381960557887656
0.7020000000029236	0.13818344346285438
0.7030000000029277	0.1381708140186686
0.7040000000029318	0.13815816809373027
0.705000000002936	0.13814550535200276
0.7060000000029403	0.13813282586857123
0.7070000000029444	0.13812012965862774
0.7080000000029485	0.1381074167515035
0.7090000000029526	0.13809468713463668
0.7100000000029569	0.13808194085817882
0.711000000002961	0.13806917785888284
0.7120000000029651	0.1380563981763231
0.7130000000029695	0.13804360183483488
0.7140000000029736	0.1380307887309069
0.7150000000029777	0.13801795898233205
0.7160000000029818	0.138005112546711
0.7170000000029861	0.13799224954970846
0.7180000000029902	0.13797936972856695
0.7190000000029944	0.1379664735439825
0.7200000000029987	0.13795356008848525
0.7210000000030028	0.1379406305913634
0.7220000000030069	0.13792768437911274
0.723000000003011	0.13791472095647772
0.7240000000030153	0.1379017414974375
0.7250000000030195	0.1378887451872044
0.7260000000030233	0.13787573236893347
0.7270000000030277	0.13786270330640948
0.7280000000030318	0.13784965668827165
0.7290000000030359	0.13783659390664993
0.73000000000304	0.13782351449401653
0.7310000000030443	0.1378104184946678
0.7320000000030484	0.13779730639008458
0.7330000000030525	0.13778417700034062
0.7340000000030569	0.1377710310041812
0.735000000003061	0.1377578686250005
0.7360000000030651	0.13774468975550136
0.7370000000030692	0.13773149427715414
0.7380000000030735	0.13771828220119087
0.7390000000030776	0.1377050536321084
0.7400000000030817	0.137691808544269
0.7410000000030861	0.13767854706429794
0.7420000000030902	0.13766526896542686
0.7430000000030943	0.13765197425366105
0.7440000000030984	0.1376386630111952
0.7450000000031027	0.1376253353024578
0.7460000000031068	0.13761199106213873
0.747000000003111	0.13759863030427133
0.7480000000031153	0.13758525302939884
0.7490000000031194	0.13757185921740667
0.7500000000031235	0.13755844885508717
0.7510000000031276	0.13754502228626087
0.7520000000031319	0.1375315789356868
0.753000000003136	0.1375181191657331
0.7540000000031402	0.137504642884535
0.7550000000031445	0.13749115006490253
0.7560000000031484	0.13747764099782167
0.7570000000031525	0.1374641153420233
0.7580000000031566	0.13745057347993006
0.7590000000031609	0.13743701555371546
0.760000000003165	0.13742344026787534
0.7610000000031691	0.13740984866603156
0.7620000000031735	0.13739624091344815
0.7630000000031776	0.13738261662019002
0.7640000000031817	0.1373689765402919
0.7650000000031858	0.13735531824375213
0.7660000000031901	0.13734164557878703
0.7670000000031942	0.13732795557325328
0.7680000000031983	0.13731424970205397
0.7690000000032027	0.13730052740043752
0.7700000000032068	0.13728678789573678
0.7710000000032109	0.13727303214097164
0.772000000003215	0.137259260325023
0.7730000000032193	0.13724547221512695
0.7740000000032234	0.13723166821375565
0.7750000000032276	0.13721784657096492
0.7760000000032319	0.1372040099154319
0.777000000003236	0.1371901560929517
0.7780000000032401	0.1371762862235374
0.7790000000032442	0.13716240002665436
0.7800000000032485	0.13714849748051627
0.7810000000032526	0.13713457860642897
0.7820000000032568	0.13712064346231412
0.7830000000032611	0.13710669193856717
0.7840000000032652	0.13709272398423888
0.7850000000032693	0.1370787402570679
0.7860000000032734	0.13706473972536348
0.7870000000032777	0.13705072295145782
0.7880000000032816	0.1370366905794328
0.7890000000032857	0.13702263855437335
0.7900000000032901	0.13700857563645807
0.7910000000032942	0.13699449321599788
0.7920000000032983	0.13698039578703225
0.7930000000033024	0.13696628093799357
0.7940000000033067	0.13695214942600242
0.7950000000033108	0.1369380034829587
0.796000000003315	0.13692384102140653
0.7970000000033193	0.13690966118714554
0.7980000000033234	0.13689546559535326
0.7990000000033275	0.13688125382240834
0.8000000000033316	0.13686702597167566
0.8010000000033359	0.1368527824023542
0.80200000000334	0.13683852143676134
0.8030000000033441	0.13682424412729965
0.8040000000033485	0.13680995101545979
0.8050000000033526	0.1367956424258392
0.8060000000033567	0.13678131862705134
0.8070000000033608	0.13676697654176384
0.8080000000033651	0.13675261903376779
0.8090000000033692	0.1367382456355375
0.8100000000033734	0.13672385565369027
0.8110000000033777	0.13670945016341662
0.8120000000033818	0.13669502803834332
0.8130000000033859	0.13668059023220824
0.81400000000339	0.13666613348635082
0.8150000000033943	0.1366516653680031
0.8160000000033985	0.1366371782828224
0.8170000000034026	0.13662267559371244
0.8180000000034067	0.1366081573000909
0.8190000000034108	0.13659362030810918
0.8200000000034149	0.13657907161168537
0.821000000003419	0.13656450350879212
0.8220000000034233	0.13654992011633216
0.8230000000034274	0.13653532049574169
0.8240000000034315	0.13652070477451816
0.8250000000034359	0.13650607463265985
0.82600000000344	0.13649142651866897
0.8270000000034441	0.13647676272408393
0.8280000000034482	0.13646208322759168
0.8290000000034525	0.1364473876507395
0.8300000000034566	0.13643267588186125
0.8310000000034607	0.13641794816319008
0.8320000000034651	0.13640320442593223
0.8330000000034692	0.13638844465847078
0.8340000000034733	0.13637366879341162
0.8350000000034774	0.13635887706362682
0.8360000000034817	0.1363440692733069
0.8370000000034858	0.13632924541599867
0.83800000000349	0.13631440565453812
0.8390000000034943	0.1362995498828078
0.8400000000034984	0.1362846780912047
0.8410000000035025	0.13626979026475639
0.8420000000035066	0.1362548865631703
0.8430000000035109	0.13623996690061013
0.844000000003515	0.13622503127233165
0.8450000000035192	0.13621007971975718
0.8460000000035233	0.13619511231367665
0.8470000000035276	0.13618012871432905
0.8480000000035317	0.13616512942606962
0.8490000000035356	0.13615011434705138
0.8500000000035399	0.1361350824860228
0.851000000003544	0.13612003583651133
0.8520000000035481	0.13610497287071033
0.8530000000035523	0.13608989424208429
0.8540000000035566	0.13607479938138878
0.8550000000035607	0.13605968842422844
0.8560000000035648	0.13604456142885457
0.8570000000035691	0.13602941872421415
0.8580000000035732	0.13601426061622623
0.8590000000035773	0.13599908627629065
0.8600000000035815	0.13598389614536732
0.8610000000035858	0.13596869020632518
0.8620000000035899	0.13595346835136812
0.863000000003594	0.13593823040036723
0.8640000000035983	0.1359229771522642
0.8650000000036024	0.13590770860727397
0.8660000000036066	0.13589242317106742
0.8670000000036107	0.13587712159892062
0.868000000003615	0.13586180565024675
0.8690000000036191	0.13584647280962114
0.8700000000036232	0.13583112456057245
0.8710000000036275	0.13581576073883606
0.8720000000036316	0.13580038030378816
0.8730000000036358	0.13578498405130512
0.8740000000036399	0.13576957322223604
0.8750000000036442	0.13575414599785263
0.8760000000036483	0.13573870312157843
0.8770000000036524	0.1357232434518817
0.8780000000036567	0.1357077689773023
0.8790000000036609	0.1356922789298345
0.8800000000036647	0.13567677314471882
0.8810000000036688	0.13566125097460935
0.8820000000036732	0.1356457138280821
0.8830000000036773	0.13563016052407073
0.8840000000036814	0.1356145916803937
0.8850000000036857	0.13559900703496963
0.8860000000036898	0.13558340684024028
0.887000000003694	0.1355677910708467
0.888000000003698	0.13555215931316578
0.8890000000037024	0.13553651192417893
0.8900000000037065	0.1355208489236065
0.8910000000037106	0.135505170350547
0.8920000000037149	0.1354894759248645
0.893000000003719	0.13547376593175964
0.8940000000037231	0.1354580404904432
0.8950000000037273	0.13544229908386018
0.8960000000037316	0.1354265427076734
0.8970000000037357	0.13541077031488513
0.8980000000037398	0.13539498110536585
0.8990000000037441	0.13537917776929675
0.9000000000037482	0.1353633587719809
0.9010000000037524	0.13534752340842315
0.9020000000037565	0.1353316727215641
0.9030000000037608	0.1353158067892023
0.9040000000037649	0.1352999242866031
0.905000000003769	0.13528402693697483
0.9060000000037733	0.13526811423697804
0.9070000000037775	0.13525218593307298
0.9080000000037816	0.13523624183290073
0.9090000000037857	0.13522028199169744
0.91000000000379	0.1352043068284856
0.9110000000037939	0.13518831628129946
0.912000000003798	0.13517231025780418
0.9130000000038023	0.13515628821438896
0.9140000000038064	0.13514025120509965
0.9150000000038105	0.13512419833413636
0.9160000000038147	0.13510813009800682
0.917000000003819	0.13509204648006012
0.9180000000038231	0.13507594705376635
0.9190000000038272	0.13505983218540396
0.9200000000038315	0.1350437021301586
0.9210000000038356	0.1350275558009454
0.9220000000038397	0.1350113952876546
0.9230000000038439	0.13499521800281555
0.9240000000038482	0.13497902588537558
0.9250000000038523	0.1349628183835474
0.9260000000038564	0.1349465956664423
0.9270000000038607	0.1349303570794026
0.9280000000038648	0.13491410370438062
0.929000000003869	0.13489783388780008
0.9300000000038731	0.13488154931875818
0.9310000000038774	0.13486524921136445
0.9320000000038815	0.1348489336537284
0.9330000000038856	0.1348326026002039
0.9340000000038899	0.1348162561848406
0.935000000003894	0.1347998939505053
0.9360000000038982	0.13478351750731488
0.9370000000039023	0.13476712517042377
0.9380000000039066	0.13475071726038623
0.9390000000039107	0.13473429392772485
0.9400000000039148	0.1347178554137788
0.9410000000039191	0.1347014011201043
0.942000000003923	0.13468493240698565
0.9430000000039271	0.13466844751268914
0.9440000000039312	0.1346519477268815
0.9450000000039356	0.13463543229145125
0.9460000000039397	0.13461890181973746
0.9470000000039438	0.13460235603159998
0.9480000000039481	0.13458579541461546
0.9490000000039522	0.1345692162601807
0.9500000000039563	0.13455262736701779
0.9510000000039605	0.1345360197680815
0.9520000000039648	0.13451939719952966
0.9530000000039689	0.13450275954565571
0.954000000003973	0.13448610757382817
0.9550000000039773	0.13446943927756472
0.9560000000039814	0.13445275511549992
0.9570000000039856	0.1344360577409306
0.9580000000039897	0.13441934207801198
0.959000000003994	0.1344026153292447
0.9600000000039981	0.13438586870884517
0.9610000000040022	0.13436911115609462
0.9620000000040065	0.13435233632675125
0.9630000000040106	0.13433554655245983
0.9640000000040148	0.1343187402891608
0.9650000000040189	0.13430192146764242
0.9660000000040232	0.13428508529637206
0.9670000000040273	0.13426823535422405
0.9680000000040314	0.1342513700568666
0.9690000000040357	0.1342344863077961
0.9700000000040399	0.13421759273650435
0.9710000000040437	0.13420068095744142
0.9720000000040478	0.1341837547294249
0.9730000000040522	0.13416681378534767
0.9740000000040563	0.13414985455177897
0.9750000000040604	0.13413288537250834
0.9760000000040647	0.13411589806160962
0.9770000000040688	0.13409889611628367
0.978000000004073	0.13408187960778073
0.979000000004077	0.13406484481523417
0.9800000000040812	0.13404780031885488
0.9810000000040855	0.13403073743910943
0.9820000000040896	0.13401365997471626
0.9830000000040937	0.13399656755615597
0.984000000004098	0.13397946072775557
0.9850000000041004	0.1339623379464172
0.9860000000041018	0.13394519986033493
0.987000000004103	0.1339280481375592
0.9880000000041045	0.13391087995797157
0.9890000000041059	0.13389369488315128
0.9900000000041072	0.13387650040852317
0.9910000000041086	0.13385928534251434
0.99200000000411	0.1338420594602111
0.9930000000041115	0.1338248155133398
0.9940000000041127	0.13380755835343128
0.9950000000041141	0.1337902861593091
0.9960000000041156	0.13377299737830084
0.997000000004117	0.13375569485470062
0.9980000000041185	0.1337383779186696
0.9990000000041197	0.1337210450728996
1.0000000000041211	0.13370369773133672
1.001000000004117	0.13368633533159302
1.002000000004113	0.13366895745410812
1.0030000000041086	0.13365156545755452
1.0040000000041045	0.1336341579422583
1.0050000000041002	0.13361673545083375
1.006000000004096	0.13359929883324684
1.007000000004092	0.13358184675204976
1.0080000000040878	0.13356437983534497
1.0090000000040837	0.13354689795590902
1.0100000000040794	0.13352940144078784
1.0110000000040753	0.13351188999622676
1.012000000004071	0.13349436363734113
1.0130000000040669	0.13347682237221847
1.0140000000040628	0.13345926638007422
1.0150000000040587	0.13344169543487605
1.0160000000040534	0.133424109628405
1.0170000000040464	0.13340650890854922
1.0180000000040397	0.1333888935185198
1.0190000000040325	0.13337126315695402
1.0200000000040257	0.13335361830683845
1.021000000004019	0.1333359589827795
1.0220000000040117	0.13331828392081502
1.023000000004005	0.1333005936902083
1.0240000000039977	0.1332828905470883
1.025000000003991	0.13326517123747716
1.026000000003984	0.1332474373850253
1.027000000003977	0.13322968878403496
1.0280000000039702	0.13321192551265582
1.0290000000039632	0.1331941480172235
1.0300000000039562	0.1331763545875959
1.0310000000039494	0.13315854655321158
1.0320000000039424	0.13314072475310312
1.0330000000039354	0.13312288766092828
1.0340000000039287	0.1331050360677133
1.0350000000039217	0.13308716972192036
1.0360000000039147	0.13306928874512247
1.0370000000039077	0.13305139270227762
1.0380000000039007	0.13303348239290524
1.039000000003894	0.13301555724113834
1.0400000000038867	0.13299761725040304
1.04100000000388	0.13297966303197883
1.0420000000038732	0.13296169376721534
1.043000000003866	0.13294370984801684
1.0440000000038592	0.13292571139813714
1.0450000000038522	0.13290769841746963
1.0460000000038452	0.1328896707224112
1.0470000000038384	0.13287162831642907
1.0480000000038314	0.1328535717179784
1.0490000000038244	0.13283550008649037
1.0500000000038174	0.13281741450698437
1.0510000000038104	0.1327993133484514
1.0520000000038037	0.13278119801909583
1.0530000000037967	0.13276306812938587
1.0540000000037897	0.13274492373353863
1.055000000003783	0.13272676507611836
1.056000000003776	0.13270859017967518
1.057000000003769	0.13269040297142976
1.0580000000037622	0.13267220051690876
1.059000000003755	0.13265398254133187
1.0600000000037482	0.13263575112103143
1.0610000000037412	0.13261750493116953
1.0620000000037342	0.132599244238764
1.0630000000037274	0.13258096947394638
1.0640000000037202	0.13256267707612723
1.0650000000037134	0.13254437554050846
1.0660000000037064	0.1325260567858706
1.0670000000036994	0.13250772091415697
1.0680000000036927	0.13248937579687692
1.0690000000036857	0.1324710131173804
1.0700000000036787	0.13245263635518734
1.071000000003672	0.1324342452738323
1.072000000003665	0.13241583921472766
1.073000000003658	0.13239741920219117
1.0740000000036511	0.13237898588274288
1.075000000003644	0.13236053666758796
1.0760000000036372	0.1323420728000556
1.0770000000036304	0.13232359645374792
1.0780000000036232	0.13230510375225135
1.0790000000036164	0.1322865961797839
1.0800000000036092	0.1322680758423651
1.0810000000036024	0.13224954073711914
1.0820000000035954	0.13223099157638307
1.0830000000035884	0.1322124285090419
1.0840000000035817	0.13219384936261314
1.0850000000035747	0.13217525791635287
1.0860000000035677	0.13215664853856968
1.087000000003561	0.13213802865522273
1.088000000003554	0.13211939417256024
1.089000000003547	0.13210074392420057
1.0900000000035401	0.132082077381926
1.091000000003533	0.1320634011415993
1.0920000000035262	0.13204470827777892
1.0930000000035192	0.1320259991772612
1.0940000000035122	0.1320072797844022
1.0950000000035054	0.1319885441408648
1.0960000000034982	0.13196979253942265
1.0970000000034914	0.13195102947330584
1.0980000000034844	0.13193225076868642
1.0990000000034774	0.13191345740204352
1.1000000000034706	0.13189465160670033
1.1010000000034637	0.13187582980044232
1.1020000000034567	0.13185699442428633
1.1030000000034499	0.1318381447518444
1.104000000003443	0.13181928083290906
1.105000000003436	0.13180040275620097
1.106000000003429	0.13178151042769992
1.107000000003422	0.13176260410977436
1.1080000000034151	0.1317436834997866
1.1090000000034081	0.13172474874695728
1.1100000000034012	0.1317057998308797
1.1110000000033944	0.13168683683205207
1.1120000000033872	0.13166785962974958
1.1130000000033804	0.13164886836052725
1.1140000000033736	0.13162986278495314
1.1150000000033664	0.13161084319013816
1.1160000000033596	0.1315918096826284
1.1170000000033526	0.13157276181010014
1.1180000000033457	0.13155369947550288
1.1190000000033387	0.13153462402050142
1.1200000000033317	0.13151553432846064
1.121000000003325	0.13149643004903566
1.122000000003318	0.13147731089266856
1.123000000003311	0.13145817874865673
1.1240000000033041	0.13143903213605923
1.1250000000032971	0.13141987155381174
1.1260000000032901	0.1314006969720699
1.1270000000032834	0.1313815083792269
1.1280000000032764	0.13136230571384122
1.1290000000032694	0.13134308906176695
1.1300000000032626	0.13132385848930594
1.1310000000032554	0.1313046138878915
1.1320000000032486	0.13128535522821827
1.1330000000032414	0.13126608262416206
1.1340000000032346	0.1312467961587953
1.1350000000032279	0.13122749547130197
1.1360000000032207	0.13120818102490717
1.1370000000032139	0.13118885261010027
1.138000000003207	0.1311695097954041
1.1390000000032	0.1311501536327624
1.1400000000031931	0.13113078390345445
1.1410000000031861	0.13111139930694704
1.1420000000031791	0.13109200034711588
1.1430000000031724	0.13107258939193156
1.1440000000031654	0.1310531635290031
1.1450000000031584	0.13103372198583574
1.1460000000031516	0.13101426763290724
1.1470000000031444	0.13099480035054245
1.1480000000031376	0.13097531904647952
1.1490000000031304	0.1309558235579763
1.1500000000031236	0.13093631436584752
1.1510000000031169	0.1309167910976059
1.1520000000031096	0.13089725412797937
1.1530000000031029	0.13087770338745397
1.1540000000030959	0.13085813887054953
1.155000000003089	0.13083856001361693
1.1560000000030821	0.13081896824532402
1.1570000000030751	0.13079936178126328
1.1580000000030681	0.1307797417542098
1.1590000000030614	0.1307601079752233
1.1600000000030544	0.1307404603787371
1.1610000000030474	0.13072079961522876
1.1620000000030404	0.13070112390242772
1.1630000000030334	0.1306814349154748
1.1640000000030266	0.1306617322236916
1.1650000000030196	0.130642015678196
1.1660000000030126	0.1306222856646575
1.1670000000030059	0.13060254184499875
1.1680000000029986	0.1305827840781283
1.1690000000029919	0.13056301289360372
1.1700000000029849	0.13054322791879902
1.1710000000029779	0.1305234292095182
1.172000000002971	0.13050361686747491
1.1730000000029641	0.1304837905782783
1.1740000000029571	0.1304639507636559
1.1750000000029501	0.13044409642600063
1.1760000000029431	0.13042423066943998
1.1770000000029364	0.13040434930780587
1.1780000000029294	0.13038445484251415
1.1790000000029224	0.13036454671630093
1.1800000000029156	0.13034462500810995
1.1810000000029086	0.13032468971546485
1.1820000000029016	0.130304741045424
1.1830000000028948	0.13028477848780673
1.1840000000028876	0.13026480231937732
1.1850000000028809	0.13024481246672948
1.186000000002874	0.1302248085793224
1.1870000000028669	0.13020479193364076
1.18800000000286	0.13018476124389777
1.1890000000028529	0.1301647171501843
1.1900000000028461	0.13014465945160703
1.1910000000028391	0.13012458828879847
1.1920000000028321	0.1301045036700107
1.1930000000028254	0.13008440539738553
1.1940000000028184	0.13006429350027093
1.1950000000028114	0.13004416825413756
1.1960000000028046	0.1300240295581826
1.1970000000027976	0.13000387708071492
1.1980000000027906	0.12998371130523945
1.1990000000027838	0.12996353219002965
1.2000000000027768	0.12994333921824097
1.2010000000027699	0.1299231329634769
1.2020000000027629	0.12990291396980314
1.2030000000027559	0.12988268032535077
1.204000000002749	0.12986243325497815
1.2050000000027419	0.12984217445228508
1.206000000002735	0.1298218998779993
1.2070000000027283	0.1298016123852297
1.2080000000027211	0.1297813122408874
1.2090000000027143	0.12976099851141043
1.2100000000027074	0.1297406716584124
1.2110000000027004	0.1297203309532844
1.2120000000026936	0.1296999771658417
1.2130000000026866	0.12967960996479355
1.2140000000026796	0.12965922955544074
1.2150000000026726	0.12963883578946556
1.2160000000026656	0.12961842729296957
1.2170000000026588	0.12959800705723412
1.2180000000026519	0.12957757334446762
1.2190000000026449	0.12955712597482405
1.220000000002638	0.1295366652649661
1.2210000000026309	0.1295161911728192
1.222000000002624	0.12949570372925545
1.2230000000026173	0.12947520275047908
1.2240000000026101	0.1294546886471708
1.2250000000026033	0.12943416172818056
1.2260000000025963	0.12941362115105493
1.2270000000025894	0.12939306737249945
1.2280000000025826	0.12937250044713233
1.2290000000025754	0.12935192025478548
1.2300000000025686	0.12933132672251157
1.2310000000025616	0.1293107198584329
1.2320000000025546	0.1292900998975378
1.2330000000025478	0.12926946681396068
1.2340000000025408	0.1292488201913501
1.2350000000025338	0.12922816073054277
1.236000000002527	0.12920748803176918
1.23700000000252	0.12918680154847462
1.238000000002513	0.12916610241486426
1.2390000000025063	0.1291453910254623
1.240000000002499	0.12912466576010628
1.2410000000024923	0.12910392572037188
1.2420000000024853	0.12908317306474126
1.2430000000024783	0.1290624087465556
1.2440000000024716	0.12904163082573816
1.2450000000024644	0.12902083962176802
1.2460000000024576	0.12900003547078953
1.2470000000024506	0.1289792183838736
1.2480000000024436	0.12895838786067393
1.2490000000024368	0.128937543957792
1.2500000000024298	0.1289166871143439
1.2510000000024228	0.12889581709436448
1.252000000002416	0.12887493428046082
1.253000000002409	0.1288540384474952
1.254000000002402	0.12883312953457282
1.2550000000023953	0.1288122075974637
1.256000000002388	0.12879127237838206
1.2570000000023813	0.12877032443237735
1.2580000000023743	0.1287493634477156
1.2590000000023673	0.12872838898028527
1.2600000000023606	0.1287074020830461
1.2610000000023533	0.12868640203177917
1.2620000000023466	0.12866538858063048
1.2630000000023396	0.12864436268797608
1.2640000000023326	0.1286233236455686
1.2650000000023258	0.12860227216574038
1.2660000000023188	0.12858120678148022
1.2670000000023118	0.12856012878315837
1.268000000002305	0.12853903813862744
1.269000000002298	0.12851793364151298
1.270000000002291	0.1284968175311546
1.271000000002284	0.1284756881664164
1.272000000002277	0.1284545448847244
1.2730000000022703	0.12843338970533758
1.2740000000022633	0.12841222140635444
1.2750000000022563	0.12839104006629265
1.2760000000022496	0.12836984608217106
1.2770000000022423	0.128348639130341
1.2780000000022356	0.12832741908743328
1.2790000000022288	0.12830618700491103
1.2800000000022216	0.12828494022893322
1.2810000000022148	0.1282636826550193
1.2820000000022078	0.12824241177821816
1.2830000000022008	0.1282211277630796
1.2840000000021938	0.12819982964422383
1.2850000000021868	0.1281785206930539
1.28600000000218	0.12815719837713113
1.287000000002173	0.1281358631813202
1.288000000002166	0.12811451523551431
1.2890000000021593	0.12809315458879833
1.2900000000021523	0.12807178107616402
1.2910000000021453	0.12805039485342873
1.2920000000021385	0.1280289957612435
1.2930000000021313	0.12800758420873948
1.2940000000021246	0.12798615968566052
1.2950000000021178	0.12796472304121143
1.2960000000021106	0.12794327285447604
1.2970000000021038	0.12792181008257564
1.2980000000020966	0.12790033508561394
1.2990000000020898	0.1278788463785001
1.3000000000020828	0.12785734620069422
1.3010000000020758	0.127835833267266
1.302000000002069	0.12781430676011052
1.303000000002062	0.12779276649537163
1.304000000002055	0.12777121670597869
1.3050000000020483	0.12774965320389908
1.3060000000020413	0.1277280761889702
1.3070000000020343	0.12770648737847745
1.3080000000020275	0.12768488558785074
1.3090000000020205	0.1276632712110255
1.3100000000020136	0.1276416438930229
1.3110000000020068	0.1276200042461445
1.3120000000019996	0.12759835194572888
1.3130000000019928	0.1275766871202073
1.3140000000019856	0.1275550098608409
1.3150000000019788	0.12753332009793228
1.316000000001972	0.1275116176316623
1.3170000000019648	0.1274899025775188
1.318000000001958	0.12746817524583665
1.319000000001951	0.12744643536362432
1.320000000001944	0.12742468294113796
1.3210000000019373	0.12740291775755508
1.3220000000019303	0.1273811394816282
1.3230000000019233	0.12735934895226486
1.3240000000019165	0.12733754681413134
1.3250000000019095	0.12731573206163194
1.3260000000019025	0.12729390473541213
1.3270000000018956	0.127272064855651
1.3280000000018886	0.12725021245477353
1.3290000000018818	0.12722834788458315
1.3300000000018748	0.12720647076320168
1.3310000000018678	0.12718458161144186
1.332000000001861	0.1271626791945356
1.3330000000018538	0.12714076457639134
1.334000000001847	0.12711883822139425
1.33500000000184	0.1270968983545384
1.336000000001833	0.12707494661455243
1.3370000000018263	0.12705298256800535
1.3380000000018193	0.12703100612726137
1.3390000000018123	0.12700901799063202
1.3400000000018053	0.12698701485116004
1.3410000000017983	0.12696500324783766
1.3420000000017915	0.12694297760570472
1.3430000000017845	0.12692093845713714
1.3440000000017776	0.12689888876479904
1.3450000000017708	0.1268768255282794
1.3460000000017638	0.12685475012502745
1.3470000000017568	0.12683266286188877
1.34800000000175	0.12681056340992658
1.3490000000017428	0.12678845164530184
1.350000000001736	0.12676632764020024
1.3510000000017293	0.12674419137357407
1.352000000001722	0.1267220425299942
1.3530000000017153	0.12669988188975734
1.354000000001708	0.12667770880788642
1.3550000000017013	0.12665552406996472
1.3560000000016943	0.1266333261930488
1.3570000000016873	0.12661111637597078
1.3580000000016805	0.12658889399108997
1.3590000000016735	0.12656665897023667
1.3600000000016665	0.12654441302887742
1.3610000000016598	0.12652215484071072
1.3620000000016528	0.12649988429199222
1.3630000000016458	0.12647760142330422
1.364000000001639	0.1264553063976046
1.3650000000016318	0.12643299951893827
1.366000000001625	0.12641068035158975
1.367000000001618	0.12638834870073756
1.368000000001611	0.12636600529311848
1.3690000000016043	0.1263436497494499
1.370000000001597	0.1263212817842938
1.3710000000015903	0.1262989021881833
1.3720000000015833	0.12627651030619969
1.3730000000015763	0.1262541069222548
1.3740000000015695	0.12623169052933392
1.3750000000015625	0.12620926238303898
1.3760000000015555	0.12618682283243732
1.3770000000015488	0.1261643693431289
1.3780000000015418	0.1261419049638579
1.3790000000015348	0.1261194290563179
1.3800000000015278	0.12609694097898894
1.3810000000015208	0.12607444074624718
1.382000000001514	0.12605192883761684
1.383000000001507	0.12602940516144057
1.3840000000015	0.12600686863168864
1.3850000000014933	0.12598432039435692
1.386000000001486	0.12596176043763085
1.3870000000014793	0.12593918770533374
1.3880000000014725	0.12591660425912365
1.3890000000014653	0.12589400844384246
1.3900000000014585	0.1258713993478323
1.3910000000014515	0.12584877946526873
1.3920000000014445	0.12582614804063463
1.3930000000014378	0.12580350471016843
1.3940000000014305	0.12578084922509913
1.3950000000014238	0.12575818237333958
1.3960000000014168	0.1257355027560807
1.3970000000014098	0.1257128115381433
1.398000000001403	0.12569010903327182
1.399000000001396	0.12566739367789925
1.400000000001389	0.12564466748523107
1.4010000000013823	0.12562192667747718
1.4020000000013753	0.12559917808968746
1.4030000000013683	0.1255764152706058
1.4040000000013615	0.12555364194884544
1.4050000000013543	0.12553085588840673
1.4060000000013475	0.12550805772734808
1.4070000000013405	0.1254852483925959
1.4080000000013335	0.12546242758076975
1.4090000000013267	0.12543959469059462
1.4100000000013195	0.12541675057244805
1.4110000000013128	0.12539389384781208
1.4120000000013058	0.12537102558127733
1.4130000000012988	0.1253481453024341
1.414000000001292	0.12532525311555665
1.415000000001285	0.1253023501335978
1.416000000001278	0.12527943512923778
1.4170000000012712	0.12525650817063982
1.4180000000012642	0.12523357000604785
1.4190000000012573	0.12521061991621663
1.4200000000012505	0.12518765870667004
1.4210000000012433	0.12516468516167312
1.4220000000012365	0.12514169883295811
1.4230000000012293	0.12511870261713964
1.4240000000012225	0.12509569474298454
1.4250000000012157	0.12507267346165618
1.4260000000012085	0.12504964172644217
1.4270000000012018	0.1250265990758599
1.4280000000011948	0.1250035441594427
1.4290000000011878	0.12498047772675858
1.430000000001181	0.12495739962683128
1.431000000001174	0.12493430998277699
1.432000000001167	0.1249112088586305
1.4330000000011602	0.12488809592414651
1.4340000000011532	0.1248649715047373
1.4350000000011462	0.12484183601679832
1.4360000000011393	0.12481868874132585
1.4370000000011323	0.12479552930231752
1.4380000000011255	0.12477235851592627
1.4390000000011185	0.12474917647342998
1.4400000000011115	0.12472598305449534
1.4410000000011047	0.12470277829607879
1.4420000000010975	0.12467956182650086
1.4430000000010907	0.12465633402576093
1.4440000000010837	0.12463309487232554
1.4450000000010768	0.12460984423708821
1.44600000000107	0.12458658153050861
1.447000000001063	0.12456330751028455
1.448000000001056	0.12454002228977479
1.449000000001049	0.12451672596868935
1.450000000001042	0.12449341789411794
1.4510000000010352	0.12447009835824518
1.4520000000010282	0.12444676714502556
1.4530000000010213	0.1244234255658152
1.4540000000010145	0.12440007140881071
1.4550000000010075	0.12437670608344764
1.4560000000010005	0.124353330292031
1.4570000000009937	0.12432994294984001
1.4580000000009865	0.12430654421695364
1.4590000000009797	0.12428313375026478
1.460000000000973	0.12425971087357846
1.4610000000009657	0.12423627806385928
1.462000000000959	0.12421283474079192
1.4630000000009518	0.12418937913997352
1.464000000000945	0.12416591191166049
1.465000000000938	0.12414243280075654
1.466000000000931	0.12411894371534926
1.4670000000009242	0.12409544313276166
1.4680000000009172	0.12407193121447857
1.4690000000009102	0.12404840829362673
1.4700000000009035	0.1240248739375065
1.4710000000008965	0.12400132768013783
1.4720000000008895	0.12397777063245341
1.4730000000008827	0.12395420238944621
1.4740000000008757	0.12393062277561906
1.4750000000008687	0.12390703239902734
1.476000000000862	0.12388343145027636
1.4770000000008547	0.12385981812134517
1.478000000000848	0.12383619417284741
1.4790000000008408	0.1238125584324763
1.480000000000834	0.12378891132837844
1.4810000000008272	0.12376525418450701
1.48200000000082	0.12374158621226206
1.4830000000008132	0.12371790608025934
1.4840000000008062	0.12369421517555734
1.4850000000007992	0.12367051343414537
1.4860000000007925	0.12364679929002309
1.4870000000007855	0.12362307486303792
1.4880000000007785	0.1235993405925021
1.4890000000007717	0.1235755942009471
1.4900000000007645	0.12355183591324959
1.4910000000007577	0.12352806740636235
1.4920000000007507	0.12350428745472464
1.4930000000007437	0.12348049723753851
1.494000000000737	0.12345669611838772
1.49500000000073	0.12343288311679124
1.496000000000723	0.1234090586113884
1.497000000000716	0.12338522444035915
1.498000000000709	0.1233613790697865
1.4990000000007022	0.12333752253197083
1.5000000000006952	0.12331365476368639
1.5010000000006882	0.12328977583296485
1.5020000000006815	0.1232658859460054
1.5030000000006745	0.12324198546462528
1.5040000000006675	0.12321807402333662
1.5050000000006605	0.12319415183183724
1.5060000000006535	0.12317021850415799
1.5070000000006467	0.12314627448104898
1.5080000000006397	0.12312231944199548
1.5090000000006327	0.1230983528010201
1.5100000000006257	0.12307437559633438
1.5110000000006187	0.12305038770727128
1.512000000000612	0.1230263891375345
1.513000000000605	0.12300238000907393
1.514000000000598	0.1229783596876286
1.5150000000005912	0.12295432792483196
1.5160000000005842	0.12293028577796206
1.5170000000005772	0.12290623283257951
1.5180000000005702	0.1228821689562577
1.5190000000005632	0.12285809497857669
1.5200000000005565	0.12283400896046226
1.5210000000005495	0.1228099119539674
1.5220000000005425	0.12278580566377761
1.5230000000005357	0.1227616882100836
1.5240000000005285	0.1227375597610526
1.5250000000005217	0.12271342084056946
1.5260000000005147	0.12268927058685075
1.5270000000005077	0.1226651090515698
1.528000000000501	0.1226409379953175
1.529000000000494	0.12261675609600775
1.530000000000487	0.1225925624771107
1.53100000000048	0.12256835837291868
1.532000000000473	0.12254414412218284
1.5330000000004662	0.12251991947037066
1.5340000000004592	0.1224956845770453
1.5350000000004522	0.12247143833851326
1.5360000000004455	0.12244718001532617
1.5370000000004385	0.12242291214036549
1.5380000000004315	0.12239863434844589
1.5390000000004245	0.12237434562225191
1.5400000000004175	0.12235004644348413
1.5410000000004107	0.12232573631092403
1.5420000000004037	0.12230141534706185
1.5430000000003967	0.12227708388914738
1.5440000000003897	0.12225274161806199
1.5450000000003827	0.12222838907595734
1.546000000000376	0.1222040258830015
1.547000000000369	0.12217965235680872
1.548000000000362	0.12215526745446981
1.549000000000355	0.12213087291966218
1.5500000000003482	0.12210646809007664
1.5510000000003412	0.12208205124642735
1.5520000000003342	0.12205762499322204
1.5530000000003272	0.12203318852534784
1.5540000000003205	0.12200874130419903
1.5550000000003135	0.12198428403993933
1.5560000000003065	0.12195981394007371
1.5570000000002997	0.12193533628108932
1.5580000000002925	0.1219108466988007
1.5590000000002857	0.1218863467719633
1.5600000000002787	0.12186183670146289
1.5610000000002717	0.12183731589861024
1.5620000000002647	0.12181278508953142
1.5630000000002577	0.12178824394466825
1.564000000000251	0.1217636909988884
1.565000000000244	0.12173912848320922
1.566000000000237	0.1217145568959177
1.5670000000002302	0.12168997396608083
1.5680000000002232	0.12166537943332845
1.5690000000002162	0.12164077533661732
1.5700000000002092	0.12161616187319824
1.5710000000002025	0.12159153737755746
1.5720000000001955	0.12156690197734221
1.5730000000001885	0.12154225676082886
1.5740000000001815	0.12151760135475631
1.5750000000001747	0.12149293621711066
1.5760000000001675	0.12146825902868819
1.5770000000001607	0.12144357344809076
1.5780000000001537	0.12141887609269564
1.5790000000001467	0.12139416905323519
1.58000000000014	0.12136945201620364
1.581000000000133	0.12134472454026424
1.582000000000126	0.12131998665610144
1.583000000000119	0.12129523835862654
1.584000000000112	0.12127048008025121
1.5850000000001052	0.12124571127898154
1.5860000000000982	0.12122093317033278
1.5870000000000912	0.12119614457035222
1.5880000000000845	0.12117134456541134
1.5890000000000775	0.1211465352240737
1.5900000000000705	0.12112171668601535
1.5910000000000635	0.12109688642819194
1.5920000000000565	0.12107204625523305
1.5930000000000497	0.12104719696175181
1.5940000000000427	0.12102233691333575
1.5950000000000357	0.12099746633143216
1.5960000000000287	0.12097258556985724
1.5970000000000217	0.12094769570021091
1.598000000000015	0.12092279468938638
1.599000000000008	0.12089788355802533
1.600000000000001	0.12087296353130772
1.6009999999999942	0.12084803271495126
1.6019999999999872	0.12082309152463933
1.6029999999999802	0.12079814062427019
1.6039999999999732	0.12077317971714063
1.6049999999999662	0.12074820842534262
1.6059999999999595	0.12072322741307284
1.6069999999999525	0.12069823642168287
1.6079999999999455	0.12067323499916893
1.6089999999999387	0.1206482239061315
1.6099999999999315	0.12062320279938588
1.6109999999999247	0.12059817173290688
1.6119999999999177	0.12057313025019123
1.6129999999999107	0.12054807899098785
1.6139999999999037	0.12052301880630778
1.614999999999897	0.12049794746095777
1.61599999999989	0.12047286609373631
1.616999999999883	0.12044777571140708
1.617999999999876	0.12042267477952162
1.6189999999998692	0.12039756393387202
1.6199999999998622	0.12037244321174323
1.6209999999998552	0.12034731311649793
1.6219999999998485	0.1203221706575196
1.6229999999998415	0.120297022364388
1.6239999999998345	0.12027186229312259
1.6249999999998275	0.12024669055558312
1.6259999999998205	0.12022151195379915
1.6269999999998137	0.12019632175843187
1.6279999999998067	0.12017112228185278
1.6289999999997997	0.12014591299389044
1.6299999999997927	0.12012069343445109
1.6309999999997857	0.12009546483624356
1.631999999999779	0.1200702260667812
1.632999999999772	0.12004497711836137
1.633999999999765	0.12001971824405389
1.634999999999758	0.1199944498579627
1.6359999999997512	0.11996917241280669
1.6369999999997442	0.11994388459458138
1.6379999999997372	0.11991858712811432
1.6389999999997302	0.11989328019408518
1.6399999999997235	0.11986796304725877
1.6409999999997165	0.11984263645888604
1.6419999999997095	0.11981730035235427
1.6429999999997025	0.11979195432999523
1.6439999999996955	0.11976659843677484
1.6449999999996887	0.11974123309057161
1.6459999999996817	0.11971585761252401
1.6469999999996747	0.11969047307557823
1.6479999999996677	0.11966507918374569
1.6489999999996607	0.11963967458081437
1.649999999999654	0.11961426046720824
1.650999999999647	0.11958883743226723
1.65199999999964	0.11956340485705386
1.6529999999996332	0.11953796257702887
1.6539999999996262	0.1195125099671478
1.6549999999996192	0.11948704833565271
1.6559999999996122	0.11946157758608578
1.6569999999996052	0.11943609664764632
1.6579999999995985	0.11941060598124376
1.6589999999995915	0.11938510531459134
1.6599999999995845	0.11935959579497157
1.6609999999995777	0.11933407707377008
1.6619999999995705	0.11930854861064466
1.6629999999995637	0.1192830103699083
1.6639999999995567	0.11925746267379522
1.6649999999995497	0.11923190554683993
1.665999999999543	0.11920633870539732
1.666999999999536	0.11918076243428222
1.667999999999529	0.11915517682614885
1.668999999999522	0.11912958191791345
1.669999999999515	0.11910397741134593
1.6709999999995082	0.11907836359402668
1.6719999999995012	0.11905273995265886
1.6729999999994942	0.1190271077185624
1.6739999999994875	0.11900146546575885
1.6749999999994805	0.11897581337334306
1.6759999999994735	0.11895015271111908
1.6769999999994665	0.11892448231317698
1.6779999999994595	0.11889880281126852
1.6789999999994527	0.11887311302227654
1.6799999999994457	0.11884741418542077
1.6809999999994387	0.11882170673019243
1.6819999999994317	0.11879598954799442
1.6829999999994247	0.11877026302618265
1.683999999999418	0.11874452720901951
1.684999999999411	0.11871878182100593
1.685999999999404	0.11869302703007611
1.6869999999993972	0.1186672633780701
1.6879999999993902	0.11864149056124451
1.6889999999993832	0.11861570659462517
1.6899999999993762	0.1185899162814098
1.6909999999993692	0.11856411552787693
1.6919999999993625	0.11853830517698527
1.6929999999993555	0.11851248552790405
1.6939999999993485	0.1184866576170105
1.6949999999993415	0.1184608192427512
1.6959999999993345	0.11843497169444017
1.6969999999993277	0.1184091162200227
1.6979999999993207	0.11838324942535405
1.6989999999993137	0.11835737629517695
1.6999999999993067	0.11833149194961623
1.7009999999993	0.11830559835831111
1.701999999999293	0.11827969687888173
1.702999999999286	0.11825378572672063
1.703999999999279	0.11822786457563683
1.7049999999992722	0.11820193518831457
1.7059999999992652	0.11817599590389416
1.7069999999992582	0.11815004812456875
1.7079999999992515	0.11812409187209694
1.7089999999992442	0.1180981256805157
1.7099999999992375	0.11807215006692573
1.7109999999992305	0.11804616590070482
1.7119999999992235	0.1180201723516836
1.7129999999992167	0.1179941701776861
1.7139999999992095	0.11796815903505808
1.7149999999992027	0.11794213849795021
1.7159999999991957	0.11791610887958592
1.7169999999991887	0.11789007055348155
1.717999999999182	0.1178640231079322
1.718999999999175	0.1178379663293142
1.719999999999168	0.11781190083863202
1.720999999999161	0.11778582647049696
1.721999999999154	0.11775974293643765
1.7229999999991472	0.11773365036873817
1.7239999999991402	0.11770754856169252
1.7249999999991332	0.11768143872701464
1.7259999999991265	0.11765531981475319
1.7269999999991195	0.11762919084272849
1.7279999999991125	0.11760305345797883
1.7289999999991055	0.117576907891078
1.7299999999990985	0.11755075307379137
1.7309999999990917	0.1175245890665535
1.7319999999990847	0.11749841594653676
1.7329999999990777	0.11747223466532175
1.7339999999990707	0.11744604408810055
1.7349999999990655	0.1174198446610688
1.7359999999990614	0.11739363678706793
1.7369999999990573	0.11736741957123353
1.7379999999990532	0.11734119414661959
1.7389999999990489	0.11731495935029101
1.7399999999990448	0.11728871583472433
1.7409999999990406	0.11726246345566316
1.7419999999990363	0.11723620191189488
1.7429999999990322	0.11720993135888702
1.743999999999028	0.11718365334017766
1.744999999999024	0.11715736639275076
1.74599999999902	0.11713106957097086
1.7469999999990156	0.11710476416294924
1.7479999999990115	0.11707845107855264
1.7489999999990071	0.11705212919008978
1.749999999999003	0.1170257973380272
1.7509999999990045	0.11699945793699484
1.751999999999006	0.11697310973282848
1.7529999999990071	0.11694675229686835
1.7539999999990086	0.11692038622305012
1.75499999999901	0.11689401155227552
1.7559999999990115	0.11686762864739964
1.756999999999013	0.11684123573681693
1.7579999999990141	0.11681483643346358
1.7589999999990156	0.11678842728997818
1.759999999999017	0.11676200949242754
1.7609999999990182	0.11673558223171632
1.7619999999990197	0.11670914680543754
1.7629999999990211	0.1166827035798309
1.7639999999990226	0.11665625195223472
1.7649999999990238	0.11662979115702732
1.7659999999990263	0.1166033214805714
1.7669999999990305	0.11657684318633499
1.7679999999990346	0.11655035674800474
1.7689999999990387	0.11652386222205058
1.769999999999043	0.11649735875679723
1.7709999999990471	0.11647084655145157
1.7719999999990512	0.11644432568058294
1.7729999999990556	0.1164177965540324
1.7739999999990597	0.11639125838542741
1.7749999999990638	0.11636471276963278
1.7759999999990679	0.11633815885501853
1.776999999999072	0.11631159525891355
1.7779999999990763	0.11628502324917955
1.7789999999990804	0.11625844300503074
1.7799999999990845	0.11623185472471587
1.7809999999990886	0.11620525864914266
1.781999999999093	0.116178653851295
1.782999999999097	0.1161520401012297
1.7839999999991012	0.11612541746807903
1.7849999999991053	0.11609878646803573
1.7859999999991096	0.11607214747312478
1.7869999999991137	0.11604550026344518
1.7879999999991179	0.11601884535630536
1.788999999999122	0.11599218149003776
1.789999999999126	0.11596550913331882
1.7909999999991304	0.11593882830329105
1.7919999999991345	0.1159121396834829
1.7929999999991386	0.11588544186968375
1.7939999999991427	0.11585873625190346
1.794999999999147	0.11583202220021516
1.7959999999991512	0.11580529970732989
1.7969999999991553	0.11577856966328004
1.7979999999991594	0.11575183133107847
1.7989999999991637	0.11572508438776063
1.7999999999991678	0.11569832829980686
1.800999999999172	0.11567156451054372
1.801999999999176	0.11564479283024065
1.8029999999991801	0.11561801310564435
1.8039999999991845	0.11559122508592568
1.8049999999991886	0.1155644289910045
1.8059999999991927	0.11553762217918606
1.8069999999991968	0.11551081139773789
1.8079999999992011	0.11548398995563369
1.8089999999992052	0.11545716069237821
1.8099999999992094	0.11543032343035875
1.8109999999992135	0.11540347801037543
1.8119999999992178	0.11537662500703949
1.812999999999222	0.11534976193468305
1.813999999999226	0.11532289293838582
1.8149999999992301	0.11529601437679138
1.8159999999992344	0.11526912862453642
1.8169999999992386	0.11524223487619123
1.8179999999992427	0.11521533257570948
1.8189999999992468	0.11518842162482756
1.819999999999251	0.11516150272559766
1.8209999999992552	0.11513457642412983
1.8219999999992593	0.11510764146973251
1.8229999999992634	0.11508069957448575
1.8239999999992675	0.1150537495887124
1.8249999999992719	0.11502679023528062
1.825999999999276	0.11499982339554826
1.82699999999928	0.11497284849402845
1.8279999999992842	0.11494586586078381
1.8289999999992885	0.11491887518076016
1.8299999999992926	0.11489187647705157
1.8309999999992967	0.11486486995602863
1.8319999999993009	0.11483785534826096
1.8329999999993052	0.11481083321849839
1.8339999999993093	0.11478380182138936
1.8349999999993134	0.11475676459010364
1.8359999999993175	0.11472971761721185
1.8369999999993218	0.11470266339734592
1.837999999999326	0.11467560128157883
1.83899999999933	0.11464853156603638
1.8399999999993342	0.11462145409666591
1.8409999999993385	0.11459436828162972
1.8419999999993426	0.1145672740850805
1.8429999999993467	0.11454017243593684
1.8439999999993508	0.11451306281583595
1.844999999999355	0.11448594557354519
1.8459999999993593	0.11445882023783327
1.8469999999993634	0.11443168756827649
1.8479999999993675	0.11440454780973752
1.8489999999993716	0.11437739901129351
1.849999999999376	0.11435024276295869
1.85099999999938	0.11432307897515992
1.8519999999993841	0.11429590671400891
1.8529999999993882	0.1142687271320233
1.8539999999993926	0.11424153971136575
1.8549999999993967	0.11421434456539326
1.8559999999994008	0.114187141534706
1.856999999999405	0.11415993070085184
1.857999999999409	0.11413271344607057
1.8589999999994133	0.11410548757141581
1.8599999999994175	0.11407825363828072
1.8609999999994216	0.11405101256275274
1.861999999999426	0.11402376369815848
1.86299999999943	0.11399650700965203
1.863999999999434	0.11396924234878436
1.8649999999994382	0.113941970323852
1.8659999999994423	0.11391469080049821
1.8669999999994467	0.11388740336419256
1.8679999999994508	0.11386010838283844
1.8689999999994549	0.11383280592573086
1.869999999999459	0.11380549548714614
1.870999999999463	0.11377817822443781
1.8719999999994674	0.11375085311289301
1.8729999999994715	0.11372351953066162
1.8739999999994756	0.11369617949788635
1.87499999999948	0.11366883197452626
1.875999999999484	0.1136414753570657
1.8769999999994882	0.11361411217730233
1.8779999999994923	0.11358674251082723
1.8789999999994964	0.11355936396189148
1.8799999999995007	0.11353197784585811
1.8809999999995048	0.11350458491628312
1.881999999999509	0.11347718463371592
1.882999999999513	0.11344977629692177
1.8839999999995174	0.11342236058506472
1.8849999999995215	0.11339493783342047
1.8859999999995256	0.11336750702807208
1.8869999999995297	0.11334006858836865
1.887999999999534	0.11331262332579362
1.8889999999995382	0.11328517059119825
1.8899999999995423	0.11325771043436583
1.8909999999995464	0.11323024278522287
1.8919999999995505	0.1132027676474554
1.8929999999995548	0.11317528492969975
1.893999999999559	0.1131477952028852
1.894999999999563	0.11312029825914693
1.8959999999995671	0.11309279377221193
1.8969999999995715	0.11306528200690114
1.8979999999995756	0.11303776243896746
1.8989999999995797	0.11301023526916376
1.8999999999995838	0.11298270040145986
1.9009999999995881	0.11295516077988754
1.9019999999995922	0.11292761215580005
1.9029999999995963	0.1129000559075295
1.9039999999996005	0.11287249239934982
1.9049999999996048	0.11284492231457866
1.905999999999609	0.11281734505636565
1.906999999999613	0.11278975994717133
1.9079999999996171	0.11276216713027587
1.9089999999996214	0.11273456722738417
1.9099999999996256	0.11270696056280294
1.9109999999996297	0.1126793467816738
1.9119999999996338	0.11265172599033635
1.9129999999996379	0.11262409768666282
1.9139999999996422	0.11259646198996742
1.9149999999996463	0.11256881921606476
1.9159999999996504	0.11254116937517089
1.9169999999996545	0.11251351240746477
1.9179999999996589	0.11248584826500152
1.918999999999663	0.11245817739785058
1.919999999999667	0.11243049885950362
1.9209999999996712	0.11240281267018493
1.9219999999996755	0.11237511958801827
1.9229999999996796	0.11234741957632388
1.9239999999996837	0.11231971271232832
1.9249999999996878	0.11229199919716737
1.9259999999996922	0.11226427803462335
1.9269999999996963	0.11223654952640572
1.9279999999997004	0.11220881411268346
1.9289999999997045	0.11218107212328854
1.9299999999997088	0.11215332245667464
1.930999999999713	0.11212556575013632
1.931999999999717	0.11209780254365798
1.9329999999997212	0.11207003284252182
1.9339999999997253	0.112042254921351
1.9349999999997296	0.11201446997650677
1.9359999999997337	0.11198667878126911
1.9369999999997378	0.11195888023625578
1.937999999999742	0.11193107467022301
1.9389999999997463	0.1119032626472779
1.9399999999997504	0.11187544316438047
1.9409999999997545	0.11184761679693167
1.9419999999997586	0.11181978348628652
1.942999999999763	0.11179194320759489
1.943999999999767	0.11176409594300563
1.9449999999997711	0.11173624223728695
1.9459999999997752	0.11170838167290653
1.9469999999997794	0.11168051405192747
1.9479999999997837	0.11165263934176783
1.9489999999997878	0.1116247577325673
1.949999999999792	0.11159686941434543
1.950999999999796	0.11156897474294314
1.9519999999998003	0.11154107270242397
1.9529999999998044	0.11151316336117723
1.9539999999998086	0.11148524741333654
1.9549999999998127	0.11145732494027716
1.955999999999817	0.11142939558664666
1.956999999999821	0.11140145956443503
1.9579999999998252	0.11137351645786098
1.9589999999998293	0.11134556731345457
1.9599999999998337	0.11131761119214123
1.9609999999998378	0.1112896478516322
1.9619999999998419	0.11126167737227954
1.962999999999846	0.11123370081046569
1.9639999999998503	0.11120571816414682
1.9649999999998544	0.1111777279224736
1.9659999999998585	0.11114973058402478
1.9669999999998626	0.11112172712618895
1.9679999999998667	0.11109371696253123
1.968999999999871	0.11106570015996342
1.9699999999998752	0.11103767648048823
1.9709999999998793	0.11100964583301143
1.9719999999998834	0.11098160826621817
1.9729999999998877	0.11095356566613934
1.9739999999998918	0.11092551622654567
1.974999999999896	0.11089745897949899
1.9759999999999	0.11086939541180396
1.9769999999999044	0.11084132472859054
1.9779999999999085	0.1108132486412231
1.9789999999999126	0.11078516588553022
1.9799999999999167	0.11075707548769154
1.980999999999921	0.11072897888610078
1.9819999999999252	0.11070087638064419
1.9829999999999293	0.11067276632332268
1.9839999999999334	0.11064464994191348
1.9849999999999375	0.11061652804276212
1.9859999999999418	0.11058839955460154
1.986999999999946	0.11056026368379501
1.98799999999995	0.11053212067787266
1.9889999999999541	0.11050397184809946
1.9899999999999585	0.11047581687752162
1.9909999999999626	0.11044765559039427
1.9919999999999667	0.11041948768946197
1.9929999999999708	0.11039131302823002
1.9939999999999751	0.1103631312001403
1.9949999999999792	0.11033494457135284
1.9959999999999833	0.1103067509114386
1.9969999999999875	0.11027855054111124
1.9979999999999918	0.11025034345438134
1.998999999999996	0.11022213042432216
2.0	0.1101939120951646
2.0010279404845495	0.11016489762793047
2.0021217900815715	0.11013401516078081
2.0032857751923165	0.11010114317650166
2.004524391841744	0.11006615518955187
2.005842426366887	0.11002891405924242
2.007244970197923	0.10998927263807645
2.0087374418720856	0.1099470759999217
2.0103256076664273	0.10990215682457649
2.0120156028936726	0.10985433944268097
2.013813957200875	0.10980343755208621
2.0157276178435577	0.109749252388323
2.0177639781367303	0.10969156687607062
2.019930905358886	0.10963015226427009
2.0222367711443985	0.10956476869240617
2.024690484011897	0.10949515513674002
2.027301523572695	0.10942104122637053
2.0300799770731848	0.10934212835289303
2.033036578410754	0.10925810061245733
2.036182751117039	0.10916862913799463
2.039530649180409	0.10907335867257051
2.043093206833892	0.10897190390432987
2.046884188175661	0.10886385719676372
2.050918238233338	0.10874878868406901
2.0552109433735133	0.10862623906862778
2.059778886913171	0.1084957140001066
2.0646397170403086	0.10835668956422584
2.0698122132469665	0.10820859780380387
2.0753163565584574	0.10805083513364067
2.081173414838828	0.10788278884287539
2.0874060143976347	0.10770374782685299
2.094038234979271	0.10751294635357556
2.1010956980169606	0.10730968030707966
2.1086056699538682	0.1070931140067517
2.116597165034399	0.10686230311747313
2.125101056786564	0.10661630879979045
2.1341501990307465	0.10635414741354099
2.143779554474847	0.10607471171042648
2.1540263207146424	0.10577676814032155
2.1649300857539027	0.10545917346998035
2.1765329774064615	0.10512067698695837
2.1888798204423576	0.1047598327663063
2.2020183144046843	0.10437500036092429
2.2159992202680474	0.10396447599539294
2.2308765524295735	0.1035267690382431
2.246707783705272	0.10306014880889325
2.263554079768369	0.10256238237038495
2.2814805235907363	0.10203138187382876
2.3005563724108544	0.1014650705976553
2.320855322320133	0.10086101579434648
2.3424557929209753	0.10021655567747345
2.3654412374910825	0.09952916247225807
2.389900455657507	0.0987960344226455
2.41592795027163	0.09801400289365014
2.44362426638729	0.097179909821145
2.473096411506492	0.09629030046906573
2.5044582437089975	0.09534145244031023
2.537830924630887	0.0943300762919449
2.5733433911797423	0.09325255896611662
2.611132843166974	0.09210381302344306
2.6513452603475027	0.09087978114992767
2.6941360153529494	0.08957438287018915
2.739670418177515	0.08818775153885938
2.788124380079947	0.08671170322209198
2.839685109337027	0.08514193492175004
2.894551789617174	0.0834739419545113
2.9529364084026577	0.08170349547485745
3.0150645170164534	0.07982600671739715
3.0811761422888653	0.07783726230260235
3.1515266965252042	0.07573351387692362
3.226387989377641	0.0735114645630166
3.30604919671757	0.07116824436901004
3.39081811677136	0.06870294604767757
3.4810222154328754	0.06611406395154784
3.577010018652917	0.0634024893117694
3.6791523315125145	0.06057204903247371
3.7878438030764574	0.05762575824899718
3.9035043177534527	0.0545707326165199
4.02658072998157	0.05141595602192839
4.157548527011607	0.04817370120155828
4.296913682346355	0.04485775672619452
4.445214635465608	0.04148773543974715
4.603024347307951	0.03808491759042543
4.770952424745148	0.034673097221870175
4.9496476786701376	0.0312833336836803
5.139800459354712	0.027944670667726768
5.342145448462832	0.024686976454571075
5.557464321076707	0.021546468886118664
5.786588991858403	0.018556078346205207
6.03040459644804	0.01574644936927405
6.289853138906711	0.013151193775723602
6.565936951835777	0.01079535737077475
6.859722633511745	0.00869283627603512
7.172345245053396	0.006864305645330027
7.505012494394354	0.005307421265473344
7.859009576011049	0.00402034871006407
8.23570422033976	0.0029971029752517975
8.636551628113326	0.002218754342254492
9.063100564489073	0.0016768909225493012
9.516998831091398	0.0013577258573903572
10.0	0.0012437150630728588
