0.0	0.9999998239559184
0.0010000000000041087	0.9999998235132428
0.0020000000000082174	0.9999998224495958
0.003000000000012548	0.9999998207184128
0.004000000000016657	0.9999998184206704
0.005000000000020766	0.999999815561982
0.006000000000024874	0.9999998122915174
0.007000000000029205	0.9999998086720585
0.008000000000033314	0.999999804837507
0.009000000000037423	0.9999998009063351
0.010000000000041753	0.9999997969908728
0.011000000000045862	0.9999997932286719
0.01200000000004997	0.9999997897071777
0.01300000000005408	0.9999997865373129
0.01400000000005841	0.9999997837760684
0.015000000000062519	0.999999781461647
0.016000000000066406	0.9999997796060164
0.017000000000070736	0.9999997781489591
0.018000000000074845	0.9999997770141974
0.019000000000078954	0.9999997760579701
0.020000000000083062	0.9999997750703742
0.021000000000087393	0.9999997738548629
0.022000000000091502	0.9999997720496469
0.02300000000009561	0.9999997694579104
0.02400000000009972	0.9999997656233363
0.02500000000010405	0.9999997603246923
0.02600000000010816	0.999999753184094
0.027000000000112268	0.9999997439709557
0.0280000000001166	0.9999997324139394
0.029000000000120707	0.9999997184957383
0.030000000000124816	0.9999997020143621
0.031000000000128924	0.9999996831068947
0.032000000000133255	0.9999996618982538
0.033000000000137364	0.9999996385291037
0.03400000000014147	0.9999996133041362
0.0350000000001458	0.9999995864981838
0.03600000000014991	0.9999995583154123
0.03700000000015402	0.9999995290284798
0.03800000000015813	0.9999994987115728
0.03900000000016246	0.999999467372994
0.04000000000016657	0.999999434864077
0.04100000000017068	0.9999994008981606
0.04200000000017501	0.9999993650660427
0.04300000000017912	0.9999993268093629
0.044000000000183226	0.9999992857093091
0.045000000000187335	0.999999241063445
0.046000000000191665	0.9999991927411598
0.04700000000019555	0.9999991404767863
0.04800000000019966	0.9999990845636896
0.04900000000020399	0.9999990257870083
0.0500000000002081	0.9999989651890238
0.05100000000021221	0.9999989048030903
0.05200000000021632	0.999998846866787
0.05300000000022065	0.9999987944455635
0.05400000000022476	0.9999987510331025
0.055000000000228866	0.9999987205861928
0.0560000000002332	0.9999987066748677
0.057000000000237305	0.9999987142552369
0.058000000000241414	0.999998745772144
0.05900000000024552	0.999998805683776
0.060000000000249853	0.999998896992142
0.06100000000025396	0.99999901890347
0.06200000000025807	0.9999991747852274
0.0630000000002624	0.9999993623691255
0.06400000000026651	0.9999995797891627
0.06500000000027062	0.9999998243478178
0.06600000000027473	1.000000091263364
0.06700000000027906	1.000000375242745
0.06800000000028317	1.0000006707223204
0.06900000000028728	1.000000970955556
0.0700000000002916	1.0000012700317567
0.07100000000029572	1.0000015612880466
0.07200000000029982	1.0000018401842716
0.07300000000030393	1.0000021013677185
0.07400000000030826	1.0000023421901372
0.07500000000031237	1.0000025606159801
0.07600000000031648	1.0000027556327544
0.07700000000032081	1.0000029286306855
0.0780000000003247	1.0000030815432965
0.07900000000032881	1.0000032175012175
0.08000000000033292	1.0000033399715065
0.08100000000033725	1.0000034542397847
0.08200000000034136	1.0000035634579405
0.08300000000034546	1.000003672670589
0.0840000000003498	1.000003783952531
0.0850000000003539	1.0000038998789234
0.08600000000035801	1.0000040198443805
0.08700000000036212	1.0000041426071586
0.08800000000036645	1.000004263226381
0.08900000000037056	1.0000043762198436
0.09000000000037467	1.0000044712589204
0.091000000000379	1.0000045385982934
0.09200000000038311	1.000004565084377
0.09300000000038722	1.0000045344641804
0.09400000000039133	1.000004439111795
0.09500000000039566	1.0000042549109969
0.09600000000039977	1.0000039796638602
0.09700000000040387	1.0000036000486334
0.0980000000004082	1.0000031077227958
0.09900000000041231	1.0000025112232227
0.10000000000041642	1.0000018059557172
0.10100000000042053	1.000001013864391
0.10200000000042486	1.000000144604238
0.10300000000042897	0.999999230914704
0.10400000000043308	0.9999982944531167
0.10500000000043741	0.9999973776303859
0.10600000000044152	0.9999965100941728
0.10700000000044563	0.999995732134802
0.10800000000044951	0.9999950867506694
0.10900000000045384	0.9999945901430699
0.11000000000045795	0.99999429555262
0.11100000000046206	0.9999942053477638
0.1120000000004664	0.9999943327823799
0.1130000000004705	0.9999946935273021
0.11400000000047461	0.9999952722248646
0.11500000000047872	0.9999960518480902
0.11600000000048305	0.9999970122906273
0.11700000000048716	0.9999981120476885
0.11800000000049127	0.9999993135055186
0.1190000000004956	1.000000566610642
0.12000000000049971	1.0000018203462033
0.12100000000050382	1.000003021891339
0.12200000000050792	1.000004116137471
0.12300000000051226	1.0000050512036447
0.12400000000051636	1.000005780532417
0.12500000000052047	1.0000062601719921
0.1260000000005248	1.0000064528356354
0.1270000000005289	1.0000063270995172
0.12800000000053302	1.0000058613797778
0.12900000000053713	1.0000050433629204
0.13000000000054146	1.0000038593141645
0.13100000000054557	1.0000023244170095
0.13200000000054968	1.0000004370339715
0.133000000000554	0.9999982286073358
0.13400000000055812	0.9999957243482431
0.13500000000056223	0.9999929592876575
0.13600000000056633	0.9999899819790916
0.13700000000057067	0.9999868468904156
0.13800000000057477	0.999983598430987
0.13900000000057866	0.9999803224535425
0.140000000000583	0.999977053526671
0.1410000000005871	0.9999738943750572
0.1420000000005912	0.9999708877272326
0.14300000000059532	0.9999681277408219
0.14400000000059965	0.9999656704129197
0.14500000000060376	0.999963596748197
0.14600000000060787	0.9999619721651544
0.1470000000006122	0.9999608779511735
0.1480000000006163	0.9999603437987789
0.14900000000062041	0.9999604664890898
0.15000000000062452	0.9999612538078174
0.15100000000062885	0.9999627747491563
0.15200000000063296	0.9999650402856166
0.15300000000063707	0.9999680870683398
0.1540000000006414	0.9999719107111661
0.1550000000006455	0.999976511683826
0.15600000000064962	0.9999818465524374
0.15700000000065373	0.9999878595106836
0.15800000000065806	0.9999944589060148
0.15900000000066217	1.0000015154755921
0.16000000000066628	1.0000088912377068
0.16100000000067038	1.0000163847020338
0.16200000000067472	1.000023846040294
0.16300000000067882	1.0000309963064868
0.16400000000068293	1.0000376871962793
0.16500000000068726	1.000043637459845
0.16600000000069137	1.0000487013409616
0.16700000000069548	1.0000526240646352
0.1680000000006996	1.0000553335864808
0.16900000000070392	1.000056613522617
0.1700000000007078	1.0000565328316366
0.17100000000071192	1.0000549628507482
0.17200000000071625	1.0000520170513545
0.17300000000072036	1.000047738697804
0.17400000000072446	1.0000422922026917
0.17500000000072857	1.000035839146549
0.1760000000007329	1.000028504424861
0.177000000000737	1.0000205398882496
0.17800000000074112	1.0000119205344395
0.17900000000074545	1.0000029285832612
0.18000000000074956	0.9999933906965591
0.18100000000075367	0.999983476952832
0.18200000000075778	0.9999728222819926
0.1830000000007621	0.9999613705327398
0.18400000000076622	0.9999485906828024
0.18500000000077033	0.9999341330627552
0.18600000000077466	0.9999171964463848
0.18700000000077877	0.9998970081793104
0.18800000000078287	0.999872615247516
0.18900000000078698	0.999842543897225
0.1900000000007913	0.999805541028184
0.19100000000079542	0.9997598729676038
0.19200000000079953	0.9997031623577151
0.19300000000080386	0.9996337361197735
0.19400000000080797	0.9995483352847688
0.19500000000081208	0.9994447156699231
0.1960000000008162	0.9993183710225777
0.19700000000082052	0.9991666699752381
0.19800000000082463	0.9989833962415172
0.19900000000082874	0.9987665171137724
0.20000000000083307	0.998506878700247
0.20100000000083695	0.9982024312609049
0.20200000000084106	0.9978425806541421
0.20300000000084517	0.9974221871548508
0.2040000000008495	0.9969315471345761
0.2050000000008536	0.996360972268947
0.20600000000085772	0.9957007672497544
0.20700000000086205	0.9949385751136137
0.20800000000086616	0.9940608759960298
0.20900000000087027	0.9930549125044477
0.21000000000087438	0.9919028615082163
0.2110000000008787	0.9905912908282302
0.21200000000088282	0.9890976942865369
0.21300000000088692	0.9874058808670638
0.21400000000089126	0.9854921923914918
0.21500000000089536	0.9833353538015872
0.21600000000089947	0.9809136797823826
0.21700000000090358	0.9782051812244827
0.2180000000009079	0.9751788169851953
0.21900000000091202	0.9718229171841928
0.22000000000091613	0.9681024286136457
0.22100000000092046	0.9639967527593609
0.22200000000092457	0.9594778891864791
0.22300000000092868	0.954537101964076
0.2240000000009328	0.9491333637095737
0.22500000000093712	0.9432583637949147
0.22600000000094123	0.9368813124526789
0.22700000000094533	0.9299844452865947
0.22800000000094967	0.9225580309987718
0.22900000000095377	0.9145771298378316
0.23000000000095788	0.9060295469493173
0.23100000000096177	0.8969068547905741
0.2320000000009661	0.8871858547278344
0.2330000000009702	0.8768701129709404
0.23400000000097432	0.8659416901671024
0.23500000000097865	0.85440410215963
0.23600000000098276	0.8422673623591826
0.23700000000098687	0.8295001792392716
0.23800000000099097	0.8161594737050349
0.2390000000009953	0.8021876803136043
0.24000000000099941	0.7876435327802447
0.24100000000100352	0.7725264750011607
0.24200000000100785	0.7568222659636528
0.24300000000101196	0.7406152705550191
0.24400000000101607	0.7238664867082267
0.24500000000102018	0.7066375473160877
0.2460000000010245	0.688948378225189
0.24700000000102862	0.6708261202107981
0.24800000000103273	0.652308923715561
0.24900000000103706	0.6334367699801341
0.25000000000104117	0.6142458711545982
0.2510000000010453	0.5947796776336374
0.2520000000010494	0.5750719595460608
0.2530000000010537	0.5551812550687386
0.2540000000010578	0.5351453849789467
0.25500000000106193	0.515013084552028
0.25600000000106626	0.49483602924109593
0.25700000000107037	0.4746566902958327
0.2580000000010745	0.4545310755035381
0.2590000000010786	0.434502688619124
0.2600000000010829	0.41462262546248263
0.26100000000108703	0.39494115494005944
0.2620000000010909	0.375498273824066
0.26300000000109525	0.3563504236687647
0.26400000000109936	0.337527140687654
0.26500000000110346	0.3190879207677164
0.2660000000011076	0.301055071084104
0.2670000000011119	0.2834672368858391
0.268000000001116	0.2663709008863041
0.2690000000011201	0.24977795277148973
0.27000000000112445	0.23373043442765185
0.27100000000112856	0.21823418508749381
0.27200000000113267	0.20332990302148168
0.2730000000011368	0.18899506770351493
0.2740000000011411	0.17530028707235723
0.2750000000011452	0.1622096931431486
0.2760000000011493	0.14973352293034048
0.27700000000115366	0.13791844864944713
0.27800000000115777	0.1266941444419869
0.2790000000011619	0.11612919417726131
0.280000000001166	0.10616442720670738
0.2810000000011703	0.09682240895087246
0.2820000000011744	0.08807834271923831
0.28300000000117853	0.0799207392557445
0.28400000000118286	0.07233216174971013
0.28500000000118697	0.06528439787067053
0.2860000000011911	0.05877404316148216
0.2870000000011952	0.052764605602961256
0.2880000000011995	0.04724573864498005
0.2890000000012036	0.042188521589011097
0.29000000000120774	0.037565088987820294
0.29100000000121207	0.03336682067629493
0.2920000000012162	0.029551827412627518
0.29300000000122006	0.026104957986767596
0.29400000000122417	0.023002358027283454
0.2950000000012285	0.02021389511342908
0.2960000000012326	0.01771868166303059
0.2970000000012367	0.015493816869829202
0.29800000000124083	0.01351392659363726
0.29900000000124516	0.011758496459760792
0.30000000000124927	0.010205562168092541
0.3010000000012534	0.00883636964314194
0.3020000000012577	0.007631054218764977
0.3030000000012618	0.006575789444285496
0.3040000000012659	0.005651477156821461
0.30500000000127003	0.004846207507495426
0.30600000000127436	0.004145044539884402
0.3070000000012785	0.0035360996934663547
0.3080000000012826	0.003008474092696556
0.3090000000012869	0.0025519831334827048
0.310000000001291	0.002157869396770984
0.31100000000129513	0.001817438627995216
0.31200000000129924	0.001522797535002729
0.31300000000130357	0.001268144908878055
0.3140000000013077	0.001047753495273973
0.3150000000013118	0.0008563017407594575
0.3160000000013161	0.0006908076161843413
0.3170000000013202	0.000546870901699692
0.31800000000132433	0.0004215822410289505
0.31900000000132844	0.0003139474618525373
0.3200000000013328	0.0002207407141886497
0.3210000000013369	0.00014055640001564562
0.322000000001341	7.251902007865407e-05
0.3230000000013453	1.4421450354684673e-05
0.3240000000013492	-3.464700227784334e-05
0.3250000000013533	-7.537981586747122e-05
0.3260000000013574	-0.00010941608969927685
0.32700000000136176	-0.00013685660083440077
0.32800000000136587	-0.00015859471625545574
0.32900000000137	-0.00017532702517919496
0.3300000000013743	-0.00018761906398312433
0.3310000000013784	-0.00019567459449154612
0.3320000000013825	-0.00020035852044042457
0.33300000000138663	-0.00020186481966577574
0.33400000000139096	-0.00020032985869300468
0.33500000000139507	-0.00019604594599531566
0.3360000000013992	-0.0001890973488640757
0.3370000000014035	-0.0001791448108285909
0.3380000000014076	-0.0001664522035724758
0.3390000000014117	-0.00015089655211952824
0.34000000000141584	-0.00013253442319061115
0.34100000000142017	-0.0001116666128124777
0.3420000000014243	-8.854051760653903e-05
0.3430000000014284	-6.37373381005002e-05
0.3440000000014327	-3.769820347176989e-05
0.3450000000014368	-1.1086837996554522e-05
0.34600000000144093	1.557271068852728e-05
0.34700000000144504	4.1678451291216057e-05
0.34800000000144937	6.685103012482596e-05
0.3490000000014535	9.06439891340538e-05
0.3500000000014576	0.00011276847086394426
0.3510000000014619	0.000132989651794313
0.35200000000146603	0.00015102327520133407
0.35300000000147014	0.00016667619605714723
0.35400000000147425	0.00017972244158370732
0.35500000000147836	0.0001899532757884126
0.35600000000148246	0.00019722881850392504
0.3570000000014866	0.00020145489444711728
0.3580000000014909	0.00020270706182168308
0.359000000001495	0.00020095963445587728
0.3600000000014991	0.00019650772983836884
0.36100000000150323	0.00018962076407347261
0.36200000000150756	0.00018048557480621064
0.36300000000151167	0.0001695110208311812
0.3640000000015158	0.00015698008466324964
0.3650000000015201	0.0001431663705641073
0.3660000000015242	0.000128390694010605
0.3670000000015283	0.00011294804646955203
0.36800000000153243	9.707744972653476e-05
0.36900000000153677	8.106887803671636e-05
0.3700000000015409	6.513209913194817e-05
0.371000000001545	4.9489354764786775e-05
0.3720000000015493	3.4335363719995016e-05
0.3730000000015534	1.9733305293700987e-05
0.37400000000155753	5.880223980181398e-06
0.37500000000156164	-7.254124081867985e-06
0.37600000000156597	-1.9572668856771003e-05
0.3770000000015701	-3.107464752560851e-05
0.3780000000015742	-4.167367105312181e-05
0.3790000000015785	-5.1335524463791415e-05
0.3800000000015826	-5.994735303760379e-05
0.38100000000158674	-6.74364218531398e-05
0.38200000000159084	-7.36542627479686e-05
0.3830000000015952	-7.849459468345366e-05
0.3840000000015993	-8.187304877904644e-05
0.3850000000016034	-8.365961942224942e-05
0.3860000000016075	-8.378761445126948e-05
0.3870000000016116	-8.22143187229063e-05
0.3880000000016157	-7.890081359684942e-05
0.38900000000161983	-7.385727676156861e-05
0.39000000000162416	-6.70609966966218e-05
0.39100000000162827	-5.8656954258218263e-05
0.3920000000016324	-4.8581407459336035e-05
0.3930000000016367	-3.705831978018104e-05
0.3940000000016408	-2.409924866419999e-05
0.3950000000016449	-9.932312237115326e-06
0.39600000000164903	5.319191443753368e-06
0.39700000000165336	2.1358490496892202e-05
0.3980000000016575	3.79662039643458e-05
0.3990000000016616	5.485514865399832e-05
0.4000000000016659	7.178169346477858e-05
0.40100000000167	8.84834886912822e-05
0.40200000000167413	0.00010473082471196271
0.40300000000167824	0.00012028966288979426
0.40400000000168257	0.0001349472501346316
0.4050000000016867	0.0001484678732445177
0.4060000000016908	0.00016063827782730744
0.4070000000016951	0.0001712049942080851
0.4080000000016992	0.00017994080727135042
0.40900000000170333	0.00018667189410404017
0.41000000000170744	0.00019118104160742444
0.4110000000017118	0.00019327574615979337
0.4120000000017159	0.00019288815210416477
0.41300000000172	0.00019007847404517442
0.4140000000017243	0.0001848028799027457
0.41500000000172843	0.0001771734099483835
0.41600000000173254	0.00016737278551104406
0.4170000000017364	0.00015565182353782792
0.41800000000174076	0.00014226847233334006
0.41900000000174487	0.00012756217882292642
0.420000000001749	0.0001118876969459226
0.4210000000017533	9.564113345550407e-05
0.4220000000017574	7.915968659699679e-05
0.4230000000017615	6.283864899703229e-05
0.42400000000176563	4.70003289927412e-05
0.42500000000176996	3.194352155677649e-05
0.42600000000177407	1.79054533737677e-05
0.4270000000017782	5.027432717574776e-06
0.4280000000017825	-6.5833830700245954e-06
0.4290000000017866	-1.6862638044345957e-05
0.4300000000017907	-2.5835947657926184e-05
0.43100000000179484	-3.354943489575213e-05
0.43200000000179917	-4.006760418451272e-05
0.4330000000018033	-4.547223162054692e-05
0.4340000000018074	-4.985278391345105e-05
0.4350000000018115	-5.328650043345817e-05
0.4360000000018158	-5.584104314260152e-05
0.43700000000181993	-5.756440657922468e-05
0.43800000000182404	-5.848254249718465e-05
0.43900000000182837	-5.8599291939964715e-05
0.4400000000018325	-5.7977900329575505e-05
0.4410000000018366	-5.65583451090923e-05
0.4420000000018407	-5.446223565996888e-05
0.44300000000184503	-5.168778659969675e-05
0.44400000000184914	-4.8352127800743716e-05
0.44500000000185325	-4.4553870974128884e-05
0.4460000000018576	-4.0420545450059464e-05
0.4470000000018617	-3.609827527228937e-05
0.4480000000018656	-3.173137087042477e-05
0.4490000000018697	-2.747039124151307e-05
0.450000000001874	-2.3448101828194012e-05
0.4510000000018781	-1.9802487023268256e-05
0.45200000000188223	-1.6626325170632228e-05
0.45300000000188656	-1.4006626680052037e-05
0.45400000000189067	-1.2029111169375994e-05
0.4550000000018948	-1.0711236159810511e-05
0.4560000000018989	-1.0125147065886964e-05
0.4570000000019032	-1.0257979516259397e-05
0.4580000000019073	-1.1152388880608655e-05
0.45900000000191143	-1.279438602574956e-05
0.46000000000191577	-1.5152537341744932e-05
0.4610000000019199	-1.8196450323859636e-05
0.462000000001924	-2.186209441723541e-05
0.4630000000019281	-2.6048804475875542e-05
0.4640000000019324	-3.062270375742138e-05
0.46500000000193653	-3.543424543805962e-05
0.46600000000194064	-4.030192869963756e-05
0.46700000000194497	-4.504110099490255e-05
0.4680000000019491	-4.9471704647974235e-05
0.4690000000019532	-5.3414307521704174e-05
0.4700000000019573	-5.671214692992699e-05
0.4710000000019616	-5.9241446592750435e-05
0.47200000000196574	-6.092627565434938e-05
0.47300000000196984	-6.170152170881238e-05
0.4740000000019742	-6.15529591807551e-05
0.4750000000019783	-6.0525983512471626e-05
0.4760000000019824	-5.8697367902205144e-05
0.4770000000019865	-5.616743369807331e-05
0.47800000000199083	-5.3043511852868264e-05
0.4790000000019947	-4.944309472443287e-05
0.48000000000199883	-4.5469045217183535e-05
0.48100000000200316	-4.121595484929408e-05
0.48200000000200727	-3.675689243931579e-05
0.4830000000020114	-3.214153950747978e-05
0.4840000000020155	-2.7403539806236665e-05
0.4850000000020198	-2.2553426386018316e-05
0.4860000000020239	-1.7597161892313196e-05
0.48700000000202803	-1.2532447094981691e-05
0.48800000000203236	-7.357209028446832e-06
0.4890000000020365	-2.0840252743514753e-06
0.4900000000020406	3.2547477177846673e-06
0.4910000000020447	8.622265182833821e-06
0.492000000002049	1.3946292494737556e-05
0.49300000000205313	1.914838994432344e-05
0.49400000000205724	2.4147490044645892e-05
0.49500000000206157	2.8824410681194124e-05
0.4960000000020657	3.308536056068068e-05
0.4970000000020698	3.6841732783954306e-05
0.4980000000020739	3.99979142019502e-05
0.4990000000020782	4.2480039792014423e-05
0.5000000000020823	4.426043636929222e-05
0.5010000000020864	4.529479725268182e-05
0.5020000000020908	4.559535820669591e-05
0.5030000000020949	4.518663261221523e-05
0.504000000002099	4.40964377714792e-05
0.5050000000021031	4.237414932672934e-05
0.5060000000021074	4.0052458978312444e-05
0.5070000000021115	3.718639783545363e-05
0.5080000000021156	3.380753131232428e-05
0.50900000000212	2.994621686447374e-05
0.5100000000021239	2.5640121026127005e-05
0.511000000002128	2.09194481031183e-05
0.5120000000021321	1.5810357397283425e-05
0.5130000000021364	1.0335063493682739e-05
0.5140000000021405	4.516339500493238e-06
0.5150000000021446	-1.6110593348273028e-06
0.516000000002149	-8.01890955548501e-06
0.5170000000021531	-1.4670477088474243e-05
0.5180000000021572	-2.152577411895784e-05
0.5190000000021613	-2.8545143378799764e-05
0.5200000000021656	-3.5680253650971494e-05
0.5210000000021697	-4.288382643413691e-05
0.5220000000021738	-5.010780495395828e-05
0.5230000000021782	-5.7307117345084535e-05
0.5240000000021823	-6.442974570819437e-05
0.5250000000021864	-7.143184593361163e-05
0.5260000000021905	-7.825204238565142e-05
0.5270000000021948	-8.48429384645577e-05
0.5280000000021989	-9.112863751825628e-05
0.529000000002203	-9.705444066820945e-05
0.5300000000022074	-0.00010255869542108442
0.5310000000022115	-0.00010755995088529424
0.5320000000022156	-0.00011201665026105978
0.5330000000022197	-0.00011577822535002724
0.534000000002224	-0.00011891898682092616
0.5350000000022281	-0.00012118122379467522
0.5360000000022322	-0.0001227144377571321
0.5370000000022366	-0.00012330268674132228
0.5380000000022407	-0.0001230295851457619
0.5390000000022448	-0.0001218227220374235
0.5400000000022487	-0.0001197014481923997
0.541000000002253	-0.00011667106769031044
0.5420000000022571	-0.00011278228135225277
0.5430000000022612	-0.00010803402330905598
0.5440000000022656	-0.00010250543756851194
0.5450000000022697	-9.620159802459227e-05
0.5460000000022738	-8.921797926664254e-05
0.5470000000022779	-8.158278483705317e-05
0.5480000000022822	-7.336225907472738e-05
0.5490000000022863	-6.461834820714607e-05
0.5500000000022904	-5.5399793208898984e-05
0.5510000000022948	-4.575741491130714e-05
0.5520000000022989	-3.575567459290774e-05
0.553000000002303	-2.5440975221169282e-05
0.5540000000023071	-1.489654956787767e-05
0.5550000000023114	-4.186927111460292e-06
0.5560000000023155	6.614668976556715e-06
0.5570000000023196	1.7435429552903337e-05
0.558000000002324	2.8209367157638887e-05
0.5590000000023281	3.8867062492675686e-05
0.5600000000023322	4.9350609911624765e-05
0.5610000000023363	5.96023582610794e-05
0.5620000000023406	6.954702887329578e-05
0.5630000000023447	7.912194262738037e-05
0.5640000000023488	8.825977204796054e-05
0.5650000000023532	9.687671422475841e-05
0.5660000000023573	0.00010490745185376404
0.5670000000023614	0.00011228589832690261
0.5680000000023655	0.00011894903246090216
0.5690000000023698	0.00012487236904634713
0.5700000000023739	0.0001300333165400458
0.5710000000023778	0.0001343970805035566
0.5720000000023819	0.00013796810857424902
0.5730000000023863	0.00014072764429040596
0.5740000000023904	0.000142655367176725
0.5750000000023945	0.00014376473526500622
0.5760000000023988	0.0001440566618259309
0.5770000000024029	0.00014353539886602373
0.578000000002407	0.0001422245699956859
0.5790000000024111	0.00014016154370710687
0.5800000000024155	0.00013738233477711415
0.5810000000024196	0.0001339618798543718
0.5820000000024237	0.00012994760225848445
0.583000000002428	0.00012543138104448293
0.5840000000024321	0.00012046986362990175
0.5850000000024362	0.00011516424304991446
0.5860000000024403	0.00010957029359903725
0.5870000000024447	0.00010377097446057082
0.5880000000024488	9.78432545656327e-05
0.5890000000024529	9.183768086906685e-05
0.5900000000024572	8.584030687297517e-05
0.5910000000024613	7.989276796127598e-05
0.5920000000024654	7.405412491912067e-05
0.5930000000024696	6.836531581444483e-05
0.5940000000024739	6.286751875039798e-05
0.595000000002478	5.758524317911462e-05
0.5960000000024821	5.2559832127485606e-05
0.5970000000024864	4.7825441995330564e-05
0.5980000000024905	4.341464574841858e-05
0.5990000000024946	3.9394364101497104e-05
0.6000000000024988	3.579718120894082e-05
0.6010000000025031	3.2705758133855234e-05
0.602000000002507	3.0177159562438938e-05
0.6030000000025111	2.8269299158667494e-05
0.6040000000025154	2.706673488428457e-05
0.6050000000025195	2.657958951357564e-05
0.6060000000025236	2.6883719246750815e-05
0.6070000000025277	2.797963656420155e-05
0.6080000000025321	2.989002883302394e-05
0.6090000000025362	3.2598397851968386e-05
0.6100000000025403	3.6119441230386684e-05
0.6110000000025446	4.0401606753892594e-05
0.6120000000025487	4.5413373679137337e-05
0.6130000000025528	5.110784461948015e-05
0.614000000002557	5.740661686703952e-05
0.6150000000025613	6.420941126927815e-05
0.6160000000025654	7.14170710914841e-05
0.6170000000025695	7.891124438785813e-05
0.6180000000025738	8.65791822444173e-05
0.6190000000025779	9.430318592174025e-05
0.620000000002582	0.00010197120916566327
0.6210000000025861	0.00010948317018155684
0.6220000000025905	0.0001167505871724206
0.6230000000025946	0.00012369418061342063
0.6240000000025987	0.00013025275707534423
0.625000000002603	0.00013636753658941014
0.6260000000026071	0.00014197758707501507
0.6270000000026112	0.00014703686710726416
0.6280000000026154	0.00015148479851279095
0.6290000000026197	0.00015527554595939908
0.6300000000026238	0.00015837682466057768
0.6310000000026279	0.00016073643089431489
0.6320000000026322	0.00016233279280131185
0.6330000000026361	0.00016314556059904284
0.6340000000026402	0.00016311595987406058
0.6350000000026443	0.00016224823142840794
0.6360000000026487	0.00016050218922292192
0.6370000000026528	0.00015790113439329012
0.6380000000026569	0.00015444631147865095
0.6390000000026612	0.0001501689021319308
0.6400000000026653	0.00014509869343948267
0.6410000000026694	0.0001392777840414361
0.6420000000026735	0.00013276849915866418
0.6430000000026779	0.00012564255706770666
0.644000000002682	0.0001179743793986443
0.6450000000026861	0.0001098446004026421
0.6460000000026904	0.00010133037542126022
0.6470000000026945	9.251277943500558e-05
0.6480000000026986	8.346615094090293e-05
0.6490000000027027	7.426432613499845e-05
0.6500000000027071	6.499792294945017e-05
0.6510000000027112	5.573367338929103e-05
0.6520000000027153	4.658772125887278e-05
0.6530000000027196	3.761859833395498e-05
0.6540000000027237	2.8925420248127054e-05
0.6550000000027278	2.055989182425666e-05
0.656000000002732	1.2597859209262374e-05
0.6570000000027363	5.07739229427262e-06
0.6580000000027404	-1.9520939082973143e-06
0.6590000000027445	-8.48928926577841e-06
0.6600000000027488	-1.4468158388236674e-05
0.6610000000027529	-1.990068001500589e-05
0.662000000002757	-2.4743925435721792e-05
0.6630000000027612	-2.901675042199514e-05
0.6640000000027653	-3.2695785202818684e-05
0.6650000000027694	-3.581434370047987e-05
0.6660000000027735	-3.838012487267228e-05
0.6670000000027778	-4.042245677116085e-05
0.6680000000027819	-4.197326570376525e-05
0.669000000002786	-4.3061178143899426e-05
0.6700000000027901	-4.3723342062262915e-05
0.6710000000027945	-4.39873047783923e-05
0.6720000000027986	-4.3880230739201664e-05
0.6730000000028027	-4.343386886729306e-05
0.674000000002807	-4.269248267485537e-05
0.6750000000028111	-4.168968823359265e-05
0.6760000000028152	-4.044515066037313e-05
0.6770000000028193	-3.898194714535563e-05
0.6780000000028237	-3.731439197829367e-05
0.6790000000028278	-3.544651001852195e-05
0.6800000000028319	-3.338120140883305e-05
0.6810000000028362	-3.1114975405532874e-05
0.6820000000028403	-2.8662093035869418e-05
0.6830000000028444	-2.6027039869314095e-05
0.6840000000028486	-2.3244677032963068e-05
0.6850000000028529	-2.033079526642112e-05
0.686000000002857	-1.732569333534606e-05
0.6870000000028611	-1.4239312377206659e-05
0.6880000000028654	-1.1087092160355638e-05
0.6890000000028695	-7.855178199900337e-06
0.6900000000028736	-4.527959670541648e-06
0.6910000000028778	-1.0717788132552641e-06
0.6920000000028821	2.5378603507597575e-06
0.6930000000028862	6.33789138559937e-06
0.6940000000028901	1.0337656788705907e-05
0.6950000000028944	1.4549818563303063e-05
0.6960000000028985	1.895945244645425e-05
0.6970000000029026	2.3547314888627824e-05
0.6980000000029067	2.828005626875907e-05
0.6990000000029111	3.3114276939749665e-05
0.7000000000029152	3.7998786351134406e-05
0.7010000000029193	4.2880879631890245e-05
0.7020000000029236	4.7702125558379826e-05
0.7030000000029277	5.2397301634310445e-05
0.7040000000029318	5.69169713565687e-05
0.705000000002936	6.11969910270238e-05
0.7060000000029403	6.51797283329758e-05
0.7070000000029444	6.88236212866844e-05
0.7080000000029485	7.207105571316319e-05
0.7090000000029526	7.488314132952922e-05
0.7100000000029569	7.72242466207107e-05
0.711000000002961	7.905599843160971e-05
0.7120000000029651	8.03420356993989e-05
0.7130000000029695	8.105680187031616e-05
0.7140000000029736	8.115803890063056e-05
0.7150000000029777	8.06315146392178e-05
0.7160000000029818	7.945138805542928e-05
0.7170000000029861	7.762112378562058e-05
0.7180000000029902	7.511341525767712e-05
0.7190000000029944	7.194576915614537e-05
0.7200000000029987	6.810945353386e-05
0.7210000000030028	6.365461097157521e-05
0.7220000000030069	5.859480770420422e-05
0.723000000003011	5.299356657761933e-05
0.7240000000030153	4.6919320814464704e-05
0.7250000000030195	4.0445528583843426e-05
0.7260000000030233	3.365964664192589e-05
0.7270000000030277	2.6636390199508142e-05
0.7280000000030318	1.9439001784693488e-05
0.7290000000030359	1.2130127489573539e-05
0.73000000000304	4.745538998429666e-06
0.7310000000030443	-2.6810536111199212e-06
0.7320000000030484	-1.0125495336854584e-05
0.7330000000030525	-1.7570051133120046e-05
0.7340000000030569	-2.4988191124064585e-05
0.735000000003061	-3.23545720770646e-05
0.7360000000030651	-3.962170109406138e-05
0.7370000000030692	-4.673628391449469e-05
0.7380000000030735	-5.363844029226961e-05
0.7390000000030776	-6.027151459142566e-05
0.7400000000030817	-6.656986911335316e-05
0.7410000000030861	-7.249298012501626e-05
0.7420000000030902	-7.799864371160758e-05
0.7430000000030943	-8.30599315846392e-05
0.7440000000030984	-8.766154898398604e-05
0.7450000000031027	-9.178449111812981e-05
0.7460000000031068	-9.542835103082403e-05
0.747000000003111	-9.859620608621e-05
0.7480000000031153	-0.00010127311814356332
0.7490000000031194	-0.00010348219122224833
0.7500000000031235	-0.00010520772760802544
0.7510000000031276	-0.00010645499933836788
0.7520000000031319	-0.0001072371109918091
0.753000000003136	-0.00010753600829560561
0.7540000000031402	-0.00010737012400263701
0.7550000000031445	-0.00010677102080403067
0.7560000000031484	-0.00010575579051086414
0.7570000000031525	-0.00010438641288001982
0.7580000000031566	-0.00010270998173655954
0.7590000000031609	-0.00010078851488271034
0.760000000003165	-9.867948802089188e-05
0.7610000000031691	-9.64424088172322e-05
0.7620000000031735	-9.413474759312201e-05
0.7630000000031776	-9.180327086766304e-05
0.7640000000031817	-8.948381145490458e-05
0.7650000000031858	-8.720431926478867e-05
0.7660000000031901	-8.496797563695146e-05
0.7670000000031942	-8.276719144428846e-05
0.7680000000031983	-8.0575601414834e-05
0.7690000000032027	-7.835650417287177e-05
0.7700000000032068	-7.608049204499423e-05
0.7710000000032109	-7.370080165625126e-05
0.772000000003215	-7.12046969724156e-05
0.7730000000032193	-6.85488488429975e-05
0.7740000000032234	-6.572640679669561e-05
0.7750000000032276	-6.268717247182032e-05
0.7760000000032319	-5.943135140751288e-05
0.777000000003236	-5.592324015446515e-05
0.7780000000032401	-5.216032999522113e-05
0.7790000000032442	-4.812535025333631e-05
0.7800000000032485	-4.3832177130109784e-05
0.7810000000032526	-3.9284595510169495e-05
0.7820000000032568	-3.450971523344393e-05
0.7830000000032611	-2.9528358086672313e-05
0.7840000000032652	-2.436339216971284e-05
0.7850000000032693	-1.9036278530837336e-05
0.7860000000032734	-1.3562112592513387e-05
0.7870000000032777	-7.964447225283777e-06
0.7880000000032816	-2.2599288973523812e-06
0.7890000000032857	3.535065341897514e-06
0.7900000000032901	9.403148127362648e-06
0.7910000000032942	1.5321146309754674e-05
0.7920000000032983	2.12770012593122e-05
0.7930000000033024	2.725174244777584e-05
0.7940000000033067	3.3228473921953494e-05
0.7950000000033108	3.919237945737564e-05
0.796000000003315	4.513056680199856e-05
0.7970000000033193	5.1024322809900546e-05
0.7980000000033234	5.686446177621818e-05
0.7990000000033275	6.26371876770726e-05
0.8000000000033316	6.831380621319383e-05
0.8010000000033359	7.387616878706815e-05
0.80200000000334	7.927700821108719e-05
0.8030000000033441	8.447594638738565e-05
0.8040000000033485	8.942237929576713e-05
0.8050000000033526	9.406224729402446e-05
0.8060000000033567	9.836034096111224e-05
0.8070000000033608	0.0001022763514436642
0.8080000000033651	0.00010578307860653613
0.8090000000033692	0.00010885884722211525
0.8100000000033734	0.00011150478433341604
0.8110000000033777	0.0001137146863925409
0.8120000000033818	0.0001154598932956441
0.8130000000033859	0.00011675110040054726
0.81400000000339	0.00011757049392868701
0.8150000000033943	0.00011788764428644072
0.8160000000033985	0.00011771630789525478
0.8170000000034026	0.00011703471816237876
0.8180000000034067	0.00011586010739561559
0.8190000000034108	0.00011418388582007388
0.8200000000034149	0.00011202090205397752
0.821000000003419	0.00010936585647847163
0.8220000000034233	0.00010622979939844956
0.8230000000034274	0.00010262079797584978
0.8240000000034315	9.853546741189767e-05
0.8250000000034359	9.400254346192405e-05
0.82600000000344	8.901787012405293e-05
0.8270000000034441	8.362395109928755e-05
0.8280000000034482	7.784718893877329e-05
0.8290000000034525	7.172808221067584e-05
0.8300000000034566	6.529502107299745e-05
0.8310000000034607	5.858815771775383e-05
0.8320000000034651	5.1655209060808005e-05
0.8330000000034692	4.4538842761676634e-05
0.8340000000034733	3.727260279839939e-05
0.8350000000034774	2.9915486863041352e-05
0.8360000000034817	2.24901266339117e-05
0.8370000000034858	1.5030724555997743e-05
0.83800000000349	7.565657078600907e-06
0.8390000000034943	1.1864526294758093e-07
0.8400000000034984	-7.280488414362907e-06
0.8410000000035025	-1.4603324509865345e-05
0.8420000000035066	-2.1822198101428825e-05
0.8430000000035109	-2.8904825748909957e-05
0.844000000003515	-3.582751008579521e-05
0.8450000000035192	-4.2548501621553214e-05
0.8460000000035233	-4.904725119114772e-05
0.8470000000035276	-5.5298817903448594e-05
0.8480000000035317	-6.127584092774363e-05
0.8490000000035356	-6.697340912742433e-05
0.8500000000035399	-7.234768836328342e-05
0.851000000003544	-7.742208991867727e-05
0.8520000000035481	-8.214914087201208e-05
0.8530000000035523	-8.656861426414864e-05
0.8540000000035566	-9.064971704564329e-05
0.8550000000035607	-9.440397622606511e-05
0.8560000000035648	-9.783550309627742e-05
0.8570000000035691	-0.00010092446769305319
0.8580000000035732	-0.00010368016886896925
0.8590000000035773	-0.00010610297504132227
0.8600000000035815	-0.00010819056550115391
0.8610000000035858	-0.00010994556851406934
0.8620000000035899	-0.00011137377854542052
0.863000000003594	-0.00011243909494385029
0.8640000000035983	-0.00011313832621473452
0.8650000000036024	-0.00011344588814887757
0.8660000000036066	-0.0001133301296354361
0.8670000000036107	-0.00011276396036818959
0.868000000003615	-0.00011175558883369519
0.8690000000036191	-0.00011024571241335934
0.8700000000036232	-0.00010826771453986694
0.8710000000036275	-0.00010579763681861643
0.8720000000036316	-0.00010285370638341007
0.8730000000036358	-9.944966127450883e-05
0.8740000000036399	-9.561118792267287e-05
0.8750000000036442	-9.135527129155996e-05
0.8760000000036483	-8.673807583425841e-05
0.8770000000036524	-8.176038097196248e-05
0.8780000000036567	-7.648176920471705e-05
0.8790000000036609	-7.090741239390574e-05
0.8800000000036647	-6.50867794329546e-05
0.8810000000036688	-5.903240686633282e-05
0.8820000000036732	-5.2786373346602744e-05
0.8830000000036773	-4.637027306420016e-05
0.8840000000036814	-3.98266964543037e-05
0.8850000000036857	-3.317107315115031e-05
0.8860000000036898	-2.6421668581022573e-05
0.887000000003694	-1.9586639791846494e-05
0.888000000003698	-1.2682757396076383e-05
0.8890000000037024	-5.725247766985575e-06
0.8900000000037065	1.2695853809363555e-06
0.8910000000037106	8.289380882930963e-06
0.8920000000037149	1.532157567230019e-05
0.893000000003719	2.2357499333214292e-05
0.8940000000037231	2.9377494304760887e-05
0.8950000000037273	3.6359300100041736e-05
0.8960000000037316	4.3278767036580845e-05
0.8970000000037357	5.010418315842813e-05
0.8980000000037398	5.6807652641710504e-05
0.8990000000037441	6.335561572301529e-05
0.9000000000037482	6.970954114504657e-05
0.9010000000037524	7.583559598878242e-05
0.9020000000037565	8.170515627192732e-05
0.9030000000037608	8.72925670354352e-05
0.9040000000037649	9.255873946345528e-05
0.905000000003769	9.749305213568871e-05
0.9060000000037733	0.00010206741387785989
0.9070000000037775	0.0001062749600397872
0.9080000000037816	0.00011009978475595705
0.9090000000037857	0.00011354144307940128
0.91000000000379	0.00011659660230223245
0.9110000000037939	0.00011925899797804451
0.912000000003798	0.00012153101585909987
0.9130000000038023	0.0001233961830259256
0.9140000000038064	0.00012487065849653423
0.9150000000038105	0.00012594818690558895
0.9160000000038147	0.00012664908115145312
0.917000000003819	0.00012696343055829118
0.9180000000038231	0.00012693263148744194
0.9190000000038272	0.00012655160289309908
0.9200000000038315	0.00012585411797827462
0.9210000000038356	0.00012484392068612404
0.9220000000038397	0.00012356279068792553
0.9230000000038439	0.00012200136043394316
0.9240000000038482	0.00012022308675774251
0.9250000000038523	0.00011822138373496216
0.9260000000038564	0.00011606029212296587
0.9270000000038607	0.00011374133108044138
0.9280000000038648	0.00011131356580329488
0.929000000003869	0.00010877172170786764
0.9300000000038731	0.00010614646387507864
0.9310000000038774	0.00010342282769171263
0.9320000000038815	0.00010060609484485727
0.9330000000038856	9.768017294164988e-05
0.9340000000038899	9.465273901665405e-05
0.935000000003894	9.149876312430916e-05
0.9360000000038982	8.82286158214729e-05
0.9370000000039023	8.482711949298061e-05
0.9380000000039066	8.129895236996809e-05
0.9390000000039107	7.763012218597876e-05
0.9400000000039148	7.383182912124031e-05
0.9410000000039191	6.98975618096398e-05
0.942000000003923	6.584502645790025e-05
0.9430000000039271	6.168971879472185e-05
0.9440000000039312	5.745934335099623e-05
0.9450000000039356	5.31677553192722e-05
0.9460000000039397	4.88399357378988e-05
0.9470000000039438	4.448812897328569e-05
0.9480000000039481	4.012264749764238e-05
0.9490000000039522	3.574827673213932e-05
0.9500000000039563	3.1365729399657205e-05
0.9510000000039605	2.6979219050482506e-05
0.9520000000039648	2.25910356300707e-05
0.9530000000039689	1.820695788490312e-05
0.954000000003973	1.3830939286862964e-05
0.9550000000039773	9.476135423014398e-06
0.9560000000039814	5.164320598494143e-06
0.9570000000039856	9.204981608057494e-07
0.9580000000039897	-3.2304410169103903e-06
0.959000000003994	-7.242767340098766e-06
0.9600000000039981	-1.1111115495676671e-05
0.9610000000040022	-1.4769894501220904e-05
0.9620000000040065	-1.8227432681872102e-05
0.9630000000040106	-2.1422010504812405e-05
0.9640000000040148	-2.4365848026786097e-05
0.9650000000040189	-2.701615355737985e-05
0.9660000000040232	-2.9393874853456126e-05
0.9670000000040273	-3.147004588699431e-05
0.9680000000040314	-3.325845845547626e-05
0.9690000000040357	-3.4754684512527945e-05
0.9700000000040399	-3.5961272008888656e-05
0.9710000000040437	-3.689005060114603e-05
0.9720000000040478	-3.754858062832156e-05
0.9730000000040522	-3.7947634334178915e-05
0.9740000000040563	-3.809580853442185e-05
0.9750000000040604	-3.798981689540071e-05
0.9760000000040647	-3.763528398725846e-05
0.9770000000040688	-3.703519064934824e-05
0.978000000004073	-3.6193450508648084e-05
0.979000000004077	-3.511978928694148e-05
0.9800000000040812	-3.3829010966046624e-05
0.9810000000040855	-3.2331958058184895e-05
0.9820000000040896	-3.064138395103555e-05
0.9830000000040937	-2.87719326794722e-05
0.984000000004098	-2.67306106596088e-05
0.9850000000041004	-2.453519392831005e-05
0.9860000000041018	-2.219696273519922e-05
0.987000000004103	-1.973854306469569e-05
0.9880000000041045	-1.716669422480166e-05
0.9890000000041059	-1.4515584324970021e-05
0.9900000000041072	-1.1784499128975057e-05
0.9910000000041086	-9.007214827327914e-06
0.99200000000411	-6.191502295305185e-06
0.9930000000041115	-3.356596133929912e-06
0.9940000000041127	-5.126390456577923e-07
0.9950000000041141	2.3306420010582585e-06
0.9960000000041156	5.164591505124605e-06
0.997000000004117	7.976777617213493e-06
0.9980000000041185	1.075257499350002e-05
0.9990000000041197	1.3474692290738055e-05
1.0000000000041211	1.61257301575235e-05
1.001000000004117	1.8689591733123123e-05
1.002000000004113	2.1144757534008463e-05
1.0030000000041086	2.348058293699662e-05
1.0040000000041045	2.5682319225062145e-05
1.0050000000041002	2.7737511171466167e-05
1.006000000004096	2.9637528348169795e-05
1.007000000004092	3.136859345898024e-05
1.0080000000040878	3.2934368649595314e-05
1.0090000000040837	3.43317228149731e-05
1.0100000000040794	3.557223457373304e-05
1.0110000000040753	3.6656676937307786e-05
1.012000000004071	3.75980772990836e-05
1.0130000000040669	3.8408432254888325e-05
1.0140000000040628	3.9096337641875145e-05
1.0150000000040587	3.966506554398119e-05
1.0160000000040534	4.01220391617052e-05
1.0170000000040464	4.046555513892436e-05
1.0180000000040397	4.069766327241542e-05
1.0190000000040325	4.0816819945721505e-05
1.0200000000040257	4.081944824552153e-05
1.021000000004019	4.070633932418133e-05
1.0220000000040117	4.048774977616354e-05
1.023000000004005	4.0164727543423595e-05
1.0240000000039977	3.976182211773427e-05
1.025000000003991	3.9277668120729636e-05
1.026000000003984	3.875059783420287e-05
1.027000000003977	3.8193845682155114e-05
1.0280000000039702	3.763480653096174e-05
1.0290000000039632	3.709209319169293e-05
1.0300000000039562	3.6581622717468676e-05
1.0310000000039494	3.61173321770103e-05
1.0320000000039424	3.5703667051301125e-05
1.0330000000039354	3.534726157672363e-05
1.0340000000039287	3.504697218037478e-05
1.0350000000039217	3.480552413837046e-05
1.0360000000039147	3.4617634883993276e-05
1.0370000000039077	3.4478948279681454e-05
1.0380000000039007	3.4379291672159695e-05
1.039000000003894	3.4310804662651684e-05
1.0400000000038867	3.4260468797731036e-05
1.04100000000388	3.421785022661439e-05
1.0420000000038732	3.4173262581371766e-05
1.043000000003866	3.412205427921755e-05
1.0440000000038592	3.40632171864641e-05
1.0450000000038522	3.400046341894836e-05
1.0460000000038452	3.394085749997e-05
1.0470000000038384	3.389547946874849e-05
1.0480000000038314	3.38729875813959e-05
1.0490000000038244	3.388997022613083e-05
1.0500000000038174	3.395541008732739e-05
1.0510000000038104	3.408747881827878e-05
1.0520000000038037	3.4292120514312074e-05
1.0530000000037967	3.4579832126846455e-05
1.0540000000037897	3.4967895374715674e-05
1.055000000003783	3.544812373634798e-05
1.056000000003776	3.60481489165565e-05
1.057000000003769	3.674962242727897e-05
1.0580000000037622	3.7564649383092785e-05
1.059000000003755	3.848385939575483e-05
1.0600000000037482	3.9496019056284304e-05
1.0610000000037412	4.0588089051829535e-05
1.0620000000037342	4.173691561881743e-05
1.0630000000037274	4.292403367756048e-05
1.0640000000037202	4.412832943800904e-05
1.0650000000037134	4.532742924756583e-05
1.0660000000037064	4.650096486680244e-05
1.0670000000036994	4.762850434181232e-05
1.0680000000036927	4.8689991885675354e-05
1.0690000000036857	4.966918350735039e-05
1.0700000000036787	5.054811845395246e-05
1.071000000003672	5.130748568027421e-05
1.072000000003665	5.193823344051829e-05
1.073000000003658	5.242209694011901e-05
1.0740000000036511	5.275607692911688e-05
1.075000000003644	5.2931587581683814e-05
1.0760000000036372	5.294117289200706e-05
1.0770000000036304	5.27877478533334e-05
1.0780000000036232	5.245226572181405e-05
1.0790000000036164	5.1939583348925566e-05
1.0800000000036092	5.12461316569679e-05
1.0810000000036024	5.035544089648791e-05
1.0820000000035954	4.927759416317734e-05
1.0830000000035884	4.800384433589766e-05
1.0840000000035817	4.654757229927142e-05
1.0850000000035747	4.49216971954991e-05
1.0860000000035677	4.314270091654304e-05
1.087000000003561	4.123626401830727e-05
1.088000000003554	3.922475443707274e-05
1.089000000003547	3.71268568744032e-05
1.0900000000035401	3.496746929942951e-05
1.091000000003533	3.276468038637681e-05
1.0920000000035262	3.053376498540761e-05
1.0930000000035192	2.8291729771368068e-05
1.0940000000035122	2.6050050040749007e-05
1.0950000000035054	2.3818978788892053e-05
1.0960000000034982	2.1603765178124235e-05
1.0970000000034914	1.940929516908163e-05
1.0980000000034844	1.723805220932295e-05
1.0990000000034774	1.5089373411214524e-05
1.1000000000034706	1.2956691028964684e-05
1.1010000000034637	1.0836390543556007e-05
1.1020000000034567	8.720136636997111e-06
1.1030000000034499	6.604428269718632e-06
1.104000000003443	4.4873521382049475e-06
1.105000000003436	2.368994080126363e-06
1.106000000003429	2.4805639609049024e-07
1.107000000003422	-1.8775539305515565e-06
1.1080000000034151	-4.012669011732584e-06
1.1090000000034081	-6.162180825164398e-06
1.1100000000034012	-8.329968414155786e-06
1.1110000000033944	-1.051690641884484e-05
1.1120000000033872	-1.2721767312928733e-05
1.1130000000033804	-1.494056072570693e-05
1.1140000000033736	-1.7168732170169676e-05
1.1150000000033664	-1.9401935440033213e-05
1.1160000000033596	-2.1635317398738252e-05
1.1170000000033526	-2.3862977952315845e-05
1.1180000000033457	-2.6075029672334438e-05
1.1190000000033387	-2.826068315675556e-05
1.1200000000033317	-3.0403798024547513e-05
1.121000000003325	-3.249484243594836e-05
1.122000000003318	-3.451705197732302e-05
1.123000000003311	-3.6465838667565365e-05
1.1240000000033041	-3.8325425097740506e-05
1.1250000000032971	-4.008981056324856e-05
1.1260000000032901	-4.175003055451043e-05
1.1270000000032834	-4.32981050129122e-05
1.1280000000032764	-4.473009796090999e-05
1.1290000000032694	-4.6042476400165455e-05
1.1300000000032626	-4.7230391505781455e-05
1.1310000000032554	-4.8294976233265174e-05
1.1320000000032486	-4.92370193039271e-05
1.1330000000032414	-5.00507596696842e-05
1.1340000000032346	-5.0738538941885736e-05
1.1350000000032279	-5.1302978568257274e-05
1.1360000000032207	-5.1743191056718985e-05
1.1370000000032139	-5.205640181049631e-05
1.138000000003207	-5.224227741584819e-05
1.1390000000032	-5.2298910981241065e-05
1.1400000000031931	-5.222828960649295e-05
1.1410000000031861	-5.203224795780059e-05
1.1420000000031791	-5.1702170811740444e-05
1.1430000000031724	-5.125217620394196e-05
1.1440000000031654	-5.0670328616053695e-05
1.1450000000031584	-4.9971630285750024e-05
1.1460000000031516	-4.915758490975364e-05
1.1470000000031444	-4.8228821543983e-05
1.1480000000031376	-4.719230992189516e-05
1.1490000000031304	-4.605819131819899e-05
1.1500000000031236	-4.483294049961728e-05
1.1510000000031169	-4.35220629235733e-05
1.1520000000031096	-4.21326431347957e-05
1.1530000000031029	-4.0669068137377806e-05
1.1540000000030959	-3.9140138672122404e-05
1.155000000003089	-3.754911559972207e-05
1.1560000000030821	-3.590831585098542e-05
1.1570000000030751	-3.4219466564344714e-05
1.1580000000030681	-3.2499588146439606e-05
1.1590000000030614	-3.075634249727344e-05
1.1600000000030544	-2.9006044121260288e-05
1.1610000000030474	-2.726444505540826e-05
1.1620000000030404	-2.5547297259009838e-05
1.1630000000030334	-2.3867954793921342e-05
1.1640000000030266	-2.223437152326646e-05
1.1650000000030196	-2.0653506244361353e-05
1.1660000000030126	-1.9127598720913852e-05
1.1670000000030059	-1.7660235102967548e-05
1.1680000000029986	-1.625288445539219e-05
1.1690000000029919	-1.4903961850221137e-05
1.1700000000029849	-1.361134509503259e-05
1.1710000000029779	-1.236934080162122e-05
1.172000000002971	-1.1174270373004447e-05
1.1730000000029641	-1.0023145476933948e-05
1.1740000000029571	-8.912152563489428e-06
1.1750000000029501	-7.840966281369433e-06
1.1760000000029431	-6.808010427405975e-06
1.1770000000029364	-5.816560523674852e-06
1.1780000000029294	-4.8635541061159415e-06
1.1790000000029224	-3.949268174929799e-06
1.1800000000029156	-3.0705457532143043e-06
1.1810000000029086	-2.228653814384529e-06
1.1820000000029016	-1.4221056667818033e-06
1.1830000000028948	-6.513620292025735e-07
1.1840000000028876	8.266617279595323e-08
1.1850000000028809	7.791664006218113e-07
1.186000000002874	1.4355114377195832e-06
1.1870000000028669	2.0546439539748107e-06
1.18800000000286	2.63297998437384e-06
1.1890000000028529	3.173319259697216e-06
1.1900000000028461	3.675831777183447e-06
1.1910000000028391	4.139936387148602e-06
1.1920000000028321	4.5667034935803485e-06
1.1930000000028254	4.955330026090721e-06
1.1940000000028184	5.303774657239302e-06
1.1950000000028114	5.612052622394614e-06
1.1960000000028046	5.87912385596745e-06
1.1970000000027976	6.102820171327572e-06
1.1980000000027906	6.278841585438677e-06
1.1990000000027838	6.40824648212579e-06
1.2000000000027768	6.4932031006437185e-06
1.2010000000027699	6.535370626448156e-06
1.2020000000027629	6.543034508754708e-06
1.2030000000027559	6.519576159602636e-06
1.204000000002749	6.469384002283363e-06
1.2050000000027419	6.39986241968149e-06
1.206000000002735	6.314000532858799e-06
1.2070000000027283	6.217575693967525e-06
1.2080000000027211	6.111211807158234e-06
1.2090000000027143	5.998306988996838e-06
1.2100000000027074	5.880432420335424e-06
1.2110000000027004	5.7579838266264005e-06
1.2120000000026936	5.631207785850023e-06
1.2130000000026866	5.500466797925263e-06
1.2140000000026796	5.366258673533686e-06
1.2150000000026726	5.229108097859481e-06
1.2160000000026656	5.090607937408009e-06
1.2170000000026588	4.952478040998187e-06
1.2180000000026519	4.818588355215425e-06
1.2190000000026449	4.692687486596014e-06
1.220000000002638	4.579839943619213e-06
1.2210000000026309	4.483892942275247e-06
1.222000000002624	4.4087274583271e-06
1.2230000000026173	4.355999875915728e-06
1.2240000000026101	4.325784915715225e-06
1.2250000000026033	4.315640283136801e-06
1.2260000000025963	4.322427791469963e-06
1.2270000000025894	4.341136811802926e-06
1.2280000000025826	4.367687240880436e-06
1.2290000000025754	4.399179642122775e-06
1.2300000000025686	4.435465071672695e-06
1.2310000000025616	4.477363557464642e-06
1.2320000000025546	4.526569263418878e-06
1.2330000000025478	4.5843484073326835e-06
1.2340000000025408	4.6520177001685425e-06
1.2350000000025338	4.729868605002352e-06
1.236000000002527	4.8175790705595745e-06
1.23700000000252	4.914719843984727e-06
1.238000000002513	5.02003877245194e-06
1.2390000000025063	5.13159617276937e-06
1.240000000002499	5.246825223848006e-06
1.2410000000024923	5.362297228139745e-06
1.2420000000024853	5.474570529129252e-06
1.2430000000024783	5.581749851879536e-06
1.2440000000024716	5.682389929928533e-06
1.2450000000024644	5.778299575709411e-06
1.2460000000024576	5.872327591749382e-06
1.2470000000024506	5.967982277144124e-06
1.2480000000024436	6.067744371063277e-06
1.2490000000024368	6.173277135923527e-06
1.2500000000024298	6.283773531179371e-06
1.2510000000024228	6.3971762295222945e-06
1.252000000002416	6.510477878807208e-06
1.253000000002409	6.620160900583372e-06
1.254000000002402	6.723600915803374e-06
1.2550000000023953	6.819171404104374e-06
1.256000000002388	6.907405417866386e-06
1.2570000000023813	6.992598940436245e-06
1.2580000000023743	7.08153503992115e-06
1.2590000000023673	7.183203138416694e-06
1.2600000000023606	7.30869197163031e-06
1.2610000000023533	7.469537400495163e-06
1.2620000000023466	7.677192091049001e-06
1.2630000000023396	7.94078218491201e-06
1.2640000000023326	8.275434691285e-06
1.2650000000023258	8.682462465881002e-06
1.2660000000023188	9.172940147461617e-06
1.2670000000023118	9.74716915824736e-06
1.268000000002305	1.039979123351742e-05
1.269000000002298	1.1134349946706479e-05
1.270000000002291	1.1940964805057241e-05
1.271000000002284	1.2808436356204211e-05
1.272000000002277	1.3725307311251989e-05
1.2730000000022703	1.4676932619250849e-05
1.2740000000022633	1.5652413563049805e-05
1.2750000000022563	1.664213134033865e-05
1.2760000000022496	1.763824466394226e-05
1.2770000000022423	1.863316724060038e-05
1.2780000000022356	1.962090931362237e-05
1.2790000000022288	2.0598921278702775e-05
1.2800000000022216	2.1567949783585227e-05
1.2810000000022148	2.2531946058834684e-05
1.2820000000022078	2.349591332351242e-05
1.2830000000022008	2.4464965948323147e-05
1.2840000000021938	2.544644624713488e-05
1.2850000000021868	2.6444775448886126e-05
1.28600000000218	2.746624217286886e-05
1.287000000002173	2.8510632128941893e-05
1.288000000002166	2.9579847011351745e-05
1.2890000000021593	3.0671915897784174e-05
1.2900000000021523	3.1785725737698556e-05
1.2910000000021453	3.2917387730257985e-05
1.2920000000021385	3.406342213196911e-05
1.2930000000021313	3.521928772509675e-05
1.2940000000021246	3.6381136001795156e-05
1.2950000000021178	3.754248310372521e-05
1.2960000000021106	3.8698625435928946e-05
1.2970000000021038	3.9842180960314444e-05
1.2980000000020966	4.09715659572818e-05
1.2990000000020898	4.2077519783134676e-05
1.3000000000020828	4.315882339167576e-05
1.3010000000020758	4.420692274420546e-05
1.302000000002069	4.5217297464539286e-05
1.303000000002062	4.6181445276127775e-05
1.304000000002055	4.709080587461667e-05
1.3050000000020483	4.793815765191667e-05
1.3060000000020413	4.871496555680643e-05
1.3070000000020343	4.941777371980649e-05
1.3080000000020275	5.0046995637820224e-05
1.3090000000020205	5.060829592840044e-05
1.3100000000020136	5.110713366185404e-05
1.3110000000020068	5.1548492491559905e-05
1.3120000000019996	5.1935356491839e-05
1.3130000000019928	5.22690228372813e-05
1.3140000000019856	5.2551639644571324e-05
1.3150000000019788	5.278658104745926e-05
1.316000000001972	5.297725612884996e-05
1.3170000000019648	5.313173192111886e-05
1.318000000001958	5.325406091838403e-05
1.319000000001951	5.334836848247537e-05
1.320000000001944	5.341133404135334e-05
1.3210000000019373	5.343926574830071e-05
1.3220000000019303	5.34220972155941e-05
1.3230000000019233	5.335319320587395e-05
1.3240000000019165	5.322592714573915e-05
1.3250000000019095	5.302970921972072e-05
1.3260000000019025	5.275812033600502e-05
1.3270000000018956	5.2403341773588075e-05
1.3280000000018886	5.196054328959754e-05
1.3290000000018818	5.142958618153948e-05
1.3300000000018748	5.0805016388877355e-05
1.3310000000018678	5.0089116618079466e-05
1.332000000001861	4.9278863346602364e-05
1.3330000000018538	4.837532063761696e-05
1.334000000001847	4.738104967760837e-05
1.33500000000184	4.6289874968907796e-05
1.336000000001833	4.511059614376034e-05
1.3370000000018263	4.3836687511511485e-05
1.3380000000018193	4.247070129825836e-05
1.3390000000018123	4.101091841834936e-05
1.3400000000018053	3.9459470134395325e-05
1.3410000000017983	3.781109870515387e-05
1.3420000000017915	3.606776592945948e-05
1.3430000000017845	3.422714982304065e-05
1.3440000000017776	3.229432123652565e-05
1.3450000000017708	3.0275436822213564e-05
1.3460000000017638	2.8178014976787402e-05
1.3470000000017568	2.6014031508814206e-05
1.34800000000175	2.3784748356736607e-05
1.3490000000017428	2.1491377399929235e-05
1.350000000001736	1.912648552293561e-05
1.3510000000017293	1.6679979683686952e-05
1.352000000001722	1.4144711562913415e-05
1.3530000000017153	1.1528205968724947e-05
1.354000000001708	8.849922606080085e-06
1.3550000000017013	6.140848523794595e-06
1.3560000000016943	3.4386950665821203e-06
1.3570000000016873	7.830362869221119e-07
1.3580000000016805	-1.7977459954021668e-06
1.3590000000016735	-4.288470011992729e-06
1.3600000000016665	-6.694164471410247e-06
1.3610000000016598	-9.015053140437601e-06
1.3620000000016528	-1.1278004584669432e-05
1.3630000000016458	-1.3488094833924436e-05
1.364000000001639	-1.566256473228833e-05
1.3650000000016318	-1.7807407970416023e-05
1.366000000001625	-1.9925958654409825e-05
1.367000000001618	-2.2010718059295442e-05
1.368000000001611	-2.404762114349701e-05
1.3690000000016043	-2.602327258793835e-05
1.370000000001597	-2.7923776011462564e-05
1.3710000000015903	-2.9752115770165233e-05
1.3720000000015833	-3.150803267493174e-05
1.3730000000015763	-3.32055760061678e-05
1.3740000000015695	-3.485332716435252e-05
1.3750000000015625	-3.646660825618042e-05
1.3760000000015555	-3.8052898693186066e-05
1.3770000000015488	-3.961754742354273e-05
1.3780000000015418	-4.116493036443458e-05
1.3790000000015348	-4.269336254569822e-05
1.3800000000015278	-4.419878969219582e-05
1.3810000000015208	-4.567539737942994e-05
1.382000000001514	-4.711787335009987e-05
1.383000000001507	-4.852109025188511e-05
1.3840000000015	-4.987724686378314e-05
1.3850000000014933	-5.117739976245872e-05
1.386000000001486	-5.2415394986349284e-05
1.3870000000014793	-5.3579822735461136e-05
1.3880000000014725	-5.4670604322737404e-05
1.3890000000014653	-5.568671787514745e-05
1.3900000000014585	-5.662431220376796e-05
1.3910000000014515	-5.748917460413061e-05
1.3920000000014445	-5.827425899274097e-05
1.3930000000014378	-5.898264009518428e-05
1.3940000000014305	-5.9599461747605886e-05
1.3950000000014238	-6.0117715255048054e-05
1.3960000000014168	-6.051066377565917e-05
1.3970000000014098	-6.076594202619745e-05
1.398000000001403	-6.08683266138943e-05
1.399000000001396	-6.081136290525535e-05
1.400000000001389	-6.0585894945397456e-05
1.4010000000013823	-6.0188779706704665e-05
1.4020000000013753	-5.960596000886831e-05
1.4030000000013683	-5.885560194252015e-05
1.4040000000013615	-5.7951780047194035e-05
1.4050000000013543	-5.690200559094194e-05
1.4060000000013475	-5.5723807501850686e-05
1.4070000000013405	-5.441890711010977e-05
1.4080000000013335	-5.299759826082884e-05
1.4090000000013267	-5.145208894985487e-05
1.4100000000013195	-4.979447296804551e-05
1.4110000000013128	-4.8025022710396215e-05
1.4120000000013058	-4.615890340775586e-05
1.4130000000012988	-4.420446208897033e-05
1.414000000001292	-4.216784046628952e-05
1.415000000001285	-4.00630883650166e-05
1.416000000001278	-3.789776110996179e-05
1.4170000000012712	-3.568628111483285e-05
1.4180000000012642	-3.342915482362763e-05
1.4190000000012573	-3.1132930837562967e-05
1.4200000000012505	-2.8799320381578397e-05
1.4210000000012433	-2.6432085547423156e-05
1.4220000000012365	-2.4034501000747e-05
1.4230000000012293	-2.1620695632940112e-05
1.4240000000012225	-1.919848125342405e-05
1.4250000000012157	-1.678215547085138e-05
1.4260000000012085	-1.437275289872808e-05
1.4270000000012018	-1.1968183477151229e-05
1.4280000000011948	-9.559579087214942e-06
1.4290000000011878	-7.139449781812246e-06
1.430000000001181	-4.704119110687799e-06
1.431000000001174	-2.2526406211476058e-06
1.432000000001167	2.1319679255338286e-07
1.4330000000011602	2.690351715406436e-06
1.4340000000011532	5.172312715684413e-06
1.4350000000011462	7.650474530995766e-06
1.4360000000011393	1.0117222529526515e-05
1.4370000000011323	1.2570236109343824e-05
1.4380000000011255	1.5008233947177985e-05
1.4390000000011185	1.7431611268214908e-05
1.4400000000011115	1.9835662745659732e-05
1.4410000000011047	2.2214062351588737e-05
1.4420000000010975	2.4556160614586098e-05
1.4430000000010907	2.6852762372242545e-05
1.4440000000010837	2.908792266942406e-05
1.4450000000010768	3.1252201213138875e-05
1.44600000000107	3.33273896322428e-05
1.447000000001063	3.530263439677217e-05
1.448000000001056	3.715358100930821e-05
1.449000000001049	3.8879241459510716e-05
1.450000000001042	4.045030273402972e-05
1.4510000000010352	4.187439126479564e-05
1.4520000000010282	4.311401470091791e-05
1.4530000000010213	4.4185296667609286e-05
1.4540000000010145	4.508092657740104e-05
1.4550000000010075	4.580231842232774e-05
1.4560000000010005	4.6360678673251776e-05
1.4570000000009937	4.6764266519616626e-05
1.4580000000009865	4.703477266987388e-05
1.4590000000009797	4.7178871886988105e-05
1.460000000000973	4.720759498744176e-05
1.4610000000009657	4.7120370394226896e-05
1.462000000000959	4.692905210279541e-05
1.4630000000009518	4.66399987938404e-05
1.464000000000945	4.6265821493030046e-05
1.465000000000938	4.58072044012825e-05
1.466000000000931	4.5276708521280185e-05
1.4670000000009242	4.467465946511595e-05
1.4680000000009172	4.40048533636439e-05
1.4690000000009102	4.3261408606221075e-05
1.4700000000009035	4.244813924514368e-05
1.4710000000008965	4.155744013567553e-05
1.4720000000008895	4.0590282726293836e-05
1.4730000000008827	3.9545920845318605e-05
1.4740000000008757	3.8430397592215115e-05
1.4750000000008687	3.724995700304934e-05
1.476000000000862	3.601713458734057e-05
1.4770000000008547	3.4736969644844073e-05
1.478000000000848	3.342085428581498e-05
1.4790000000008408	3.2072481005118725e-05
1.480000000000834	3.069736609284668e-05
1.4810000000008272	2.9298101734798188e-05
1.48200000000082	2.7874134286398622e-05
1.4830000000008132	2.642620166803944e-05
1.4840000000008062	2.4958134287267342e-05
1.4850000000007992	2.3475360355518227e-05
1.4860000000007925	2.198152764554262e-05
1.4870000000007855	2.047960211482014e-05
1.4880000000007785	1.89699221753159e-05
1.4890000000007717	1.7449545392067556e-05
1.4900000000007645	1.5919389162677433e-05
1.4910000000007577	1.4379051059387749e-05
1.4920000000007507	1.283122323669783e-05
1.4930000000007437	1.1278450426144282e-05
1.494000000000737	9.723027211361313e-06
1.49500000000073	8.168862707380597e-06
1.496000000000723	6.625505049595581e-06
1.497000000000716	5.1033129526700804e-06
1.498000000000709	3.618243445524527e-06
1.4990000000007022	2.185284705635837e-06
1.5000000000006952	8.203999395384187e-07
1.5010000000006882	-4.65504154112395e-07
1.5020000000006815	-1.6639887627789562e-06
1.5030000000006745	-2.774460259757916e-06
1.5040000000006675	-3.7944925903588e-06
1.5050000000006605	-4.730179919532063e-06
1.5060000000006535	-5.586398482693156e-06
1.5070000000006467	-6.36844643286949e-06
1.5080000000006397	-7.07483841377865e-06
1.5090000000006327	-7.701775310398062e-06
1.5100000000006257	-8.246063663897019e-06
1.5110000000006187	-8.708926456879595e-06
1.512000000000612	-9.095868565900389e-06
1.513000000000605	-9.408682280387382e-06
1.514000000000598	-9.658456893379963e-06
1.5150000000005912	-9.849907855130624e-06
1.5160000000005842	-9.995821677044603e-06
1.5170000000005772	-1.0112536868556177e-05
1.5180000000005702	-1.0208542508882701e-05
1.5190000000005632	-1.0295375315383382e-05
1.5200000000005565	-1.0372171296735289e-05
1.5210000000005495	-1.0431194359838969e-05
1.5220000000005425	-1.0462954641576871e-05
1.5230000000005357	-1.0443538700943833e-05
1.5240000000005285	-1.0354938433376759e-05
1.5250000000005217	-1.0170194861602866e-05
1.5260000000005147	-9.885418367439058e-06
1.5270000000005077	-9.483189171488604e-06
1.528000000000501	-8.972428871878435e-06
1.529000000000494	-8.345821484345706e-06
1.530000000000487	-7.612109042431925e-06
1.53100000000048	-6.778048325495334e-06
1.532000000000473	-5.854385407344509e-06
1.5330000000004662	-4.847664837548393e-06
1.5340000000004592	-3.7589104939783624e-06
1.5350000000004522	-2.590492493181884e-06
1.5360000000004455	-1.339452709636646e-06
1.5370000000004385	-1.4988472685217857e-08
1.5380000000004315	1.384359039069416e-06
1.5390000000004245	2.8517447732134826e-06
1.5400000000004175	4.379395405540443e-06
1.5410000000004107	5.970984687797554e-06
1.5420000000004037	7.622414566865743e-06
1.5430000000003967	9.335909764707218e-06
1.5440000000003897	1.1102089639392076e-05
1.5450000000003827	1.2906624822228707e-05
1.546000000000376	1.4728856550627611e-05
1.547000000000369	1.654684305718579e-05
1.548000000000362	1.834708901249371e-05
1.549000000000355	2.01201906104842e-05
1.5500000000003482	2.1865933252152026e-05
1.5510000000003412	2.357691494170311e-05
1.5520000000003342	2.5258033494512944e-05
1.5530000000003272	2.691149091871292e-05
1.5540000000003205	2.854224064507971e-05
1.5550000000003135	3.015441330544988e-05
1.5560000000003065	3.1751601484830694e-05
1.5570000000002997	3.333806950878149e-05
1.5580000000002925	3.4921350955841035e-05
1.5590000000002857	3.6512805731248044e-05
1.5600000000002787	3.812462604302347e-05
1.5610000000002717	3.976399619209925e-05
1.5620000000002647	4.143373173381981e-05
1.5630000000002577	4.313353029183897e-05
1.564000000000251	4.4870399220631185e-05
1.565000000000244	4.664319170999409e-05
1.566000000000237	4.84396290116873e-05
1.5670000000002302	5.0238740479047195e-05
1.5680000000002232	5.200402615157529e-05
1.5690000000002162	5.370261461234982e-05
1.5700000000002092	5.530842122392077e-05
1.5710000000002025	5.679771269939682e-05
1.5720000000001955	5.815076207849046e-05
1.5730000000001885	5.9363430942926954e-05
1.5740000000001815	6.0433922541847096e-05
1.5750000000001747	6.138322217863479e-05
1.5760000000001675	6.223113559755689e-05
1.5770000000001607	6.300231993394689e-05
1.5780000000001537	6.371286439799118e-05
1.5790000000001467	6.437377563817126e-05
1.58000000000014	6.498789129472105e-05
1.581000000000133	6.555792407647587e-05
1.582000000000126	6.607673547531778e-05
1.583000000000119	6.651907607269081e-05
1.584000000000112	6.687580014497208e-05
1.5850000000001052	6.712160129285216e-05
1.5860000000000982	6.724220556797444e-05
1.5870000000000912	6.721933911524314e-05
1.5880000000000845	6.70450637973996e-05
1.5890000000000775	6.671648348122172e-05
1.5900000000000705	6.623285096596376e-05
1.5910000000000635	6.559321721999467e-05
1.5920000000000565	6.481510155231796e-05
1.5930000000000497	6.391109956827012e-05
1.5940000000000427	6.28938475039087e-05
1.5950000000000357	6.178881695073635e-05
1.5960000000000287	6.060907602645216e-05
1.5970000000000217	5.9380853200785566e-05
1.598000000000015	5.810940323003333e-05
1.599000000000008	5.680786164952156e-05
1.600000000000001	5.5484994971655155e-05
1.6009999999999942	5.413884957738979e-05
1.6019999999999872	5.27761886413014e-05
1.6029999999999802	5.140032151418339e-05
1.6039999999999732	5.00195836532491e-05
1.6049999999999662	4.8642310244262355e-05
1.6059999999999595	4.727771485435461e-05
1.6069999999999525	4.592964897864871e-05
1.6079999999999455	4.4600985629861256e-05
1.6089999999999387	4.329004628012001e-05
1.6099999999999315	4.199537610238835e-05
1.6109999999999247	4.071440469821663e-05
1.6119999999999177	3.94423366041341e-05
1.6129999999999107	3.8174170577720545e-05
1.6139999999999037	3.690801543965172e-05
1.614999999999897	3.564095545072199e-05
1.61599999999989	3.4373555154454394e-05
1.616999999999883	3.310644840792687e-05
1.617999999999876	3.1830599004800675e-05
1.6189999999998692	3.0531689342194746e-05
1.6199999999998622	2.9192764035679275e-05
1.6209999999998552	2.780477148067728e-05
1.6219999999998485	2.6358645550006443e-05
1.6229999999998415	2.4849518986957975e-05
1.6239999999998345	2.327064130314138e-05
1.6249999999998275	2.1618881618112873e-05
1.6259999999998205	1.989999760798611e-05
1.6269999999998137	1.8123546270065738e-05
1.6279999999998067	1.630089222126596e-05
1.6289999999997997	1.4439515179431872e-05
1.6299999999997927	1.2549898951164096e-05
1.6309999999997857	1.0649805640583487e-05
1.631999999999779	8.753840471720231e-06
1.632999999999772	6.879906102263966e-06
1.633999999999765	5.03967888154655e-06
1.634999999999758	3.24154196107429e-06
1.6359999999997512	1.4852684053767717e-06
1.6369999999997442	-2.249419868149971e-07
1.6379999999997372	-1.8797707843631883e-06
1.6389999999997302	-3.474673022862973e-06
1.6399999999997235	-4.998077091533659e-06
1.6409999999997165	-6.44663644178145e-06
1.6419999999997095	-7.814277844575557e-06
1.6429999999997025	-9.09180100272522e-06
1.6439999999996955	-1.0274931964371348e-05
1.6449999999996887	-1.1354573591138006e-05
1.6459999999996817	-1.2320035106316851e-05
1.6469999999996747	-1.3182405822487198e-05
1.6479999999996677	-1.3947551799287083e-05
1.6489999999996607	-1.462518788897249e-05
1.649999999999654	-1.5233472906439616e-05
1.650999999999647	-1.5799006222838585e-05
1.65199999999964	-1.6344086187780604e-05
1.6529999999996332	-1.688424195478433e-05
1.6539999999996262	-1.74301735054172e-05
1.6549999999996192	-1.7985855687685515e-05
1.6559999999996122	-1.8542151046574418e-05
1.6569999999996052	-1.9091242480451243e-05
1.6579999999995985	-1.9629298969370268e-05
1.6589999999995915	-2.0158298960737397e-05
1.6599999999995845	-2.0683790363129617e-05
1.6609999999995777	-2.1211099102469433e-05
1.6619999999995705	-2.174440632041197e-05
1.6629999999995637	-2.229188089586387e-05
1.6639999999995567	-2.2863784108650975e-05
1.6649999999995497	-2.3469257155017687e-05
1.665999999999543	-2.4117447443350315e-05
1.666999999999536	-2.480517160741158e-05
1.667999999999529	-2.5521677603501658e-05
1.668999999999522	-2.6253961816102844e-05
1.669999999999515	-2.6983753309783864e-05
1.6709999999995082	-2.7696273410260375e-05
1.6719999999995012	-2.8380913752457104e-05
1.6729999999994942	-2.9034176006970114e-05
1.6739999999994875	-2.9650075392906317e-05
1.6749999999994805	-3.0226341816819158e-05
1.6759999999994735	-3.076251258771201e-05
1.6769999999994665	-3.125956218963388e-05
1.6779999999994595	-3.1718995056273513e-05
1.6789999999994527	-3.214518709215852e-05
1.6799999999994457	-3.253267409952798e-05
1.6809999999994387	-3.2875884542260536e-05
1.6819999999994317	-3.316565119271253e-05
1.6829999999994247	-3.338150367215853e-05
1.683999999999418	-3.351314816679718e-05
1.684999999999411	-3.3534148510705464e-05
1.685999999999404	-3.342749722490268e-05
1.6869999999993972	-3.3186040161004016e-05
1.6879999999993902	-3.2816149081904555e-05
1.6889999999993832	-3.2327541881205235e-05
1.6899999999993762	-3.1724992874293534e-05
1.6909999999993692	-3.1007797226756395e-05
1.6919999999993625	-3.0169729152262903e-05
1.6929999999993555	-2.9213380064341266e-05
1.6939999999993485	-2.8133157236265305e-05
1.6949999999993415	-2.6931333062973906e-05
1.6959999999993345	-2.5620238992107858e-05
1.6969999999993277	-2.4212854627503333e-05
1.6979999999993207	-2.2719203898624585e-05
1.6989999999993137	-2.1150408151537903e-05
1.6999999999993067	-1.951445041004085e-05
1.7009999999993	-1.781956356450287e-05
1.701999999999293	-1.6078424055043783e-05
1.702999999999286	-1.4296257354606823e-05
1.703999999999279	-1.24700541725975e-05
1.7049999999992722	-1.0602595788444802e-05
1.7059999999992652	-8.682248385349922e-06
1.7069999999992582	-6.715014345237691e-06
1.7079999999992515	-4.7005774999053784e-06
1.7089999999992442	-2.6382782656320103e-06
1.7099999999992375	-5.243093226248163e-07
1.7109999999992305	1.6357275487433043e-06
1.7119999999992235	3.850142703765158e-06
1.7129999999992167	6.093843944787736e-06
1.7139999999992095	8.335768501344099e-06
1.7149999999992027	1.052731868367296e-05
1.7159999999991957	1.2628815944326632e-05
1.7169999999991887	1.4626849990762025e-05
1.717999999999182	1.651862349438815e-05
1.718999999999175	1.8323418552901316e-05
1.719999999999168	2.0065765112597944e-05
1.720999999999161	2.1767634720282203e-05
1.721999999999154	2.3435047228792527e-05
1.7229999999991472	2.5074154400450688e-05
1.7239999999991402	2.6671330786154357e-05
1.7249999999991332	2.821933895524875e-05
1.7259999999991265	2.9710187060105753e-05
1.7269999999991195	3.112957003392758e-05
1.7279999999991125	3.247308131815174e-05
1.7289999999991055	3.372452551919647e-05
1.7299999999990985	3.486404544628119e-05
1.7309999999990917	3.589493595923532e-05
1.7319999999990847	3.6809940822890574e-05
1.7329999999990777	3.763550542501548e-05
1.7339999999990707	3.838445172055227e-05
1.7349999999990655	3.9080482143294404e-05
1.7359999999990614	3.9727602979988674e-05
1.7369999999990573	4.031973636531294e-05
1.7379999999990532	4.084969317175169e-05
1.7389999999990489	4.130582602945854e-05
1.7399999999990448	4.168168666951466e-05
1.7409999999990406	4.1950268097057375e-05
1.7419999999990363	4.212864708175168e-05
1.7429999999990322	4.2208617050620845e-05
1.743999999999028	4.220547001954067e-05
1.744999999999024	4.2111763465024765e-05
1.74599999999902	4.194933115120314e-05
1.7469999999990156	4.1729768069265205e-05
1.7479999999990115	4.1473139062109254e-05
1.7489999999990071	4.1196352930428226e-05
1.749999999999003	4.0919737402500544e-05
1.7509999999990045	4.06584199379445e-05
1.751999999999006	4.042558059325074e-05
1.7529999999990071	4.024247398026759e-05
1.7539999999990086	4.0108014786266466e-05
1.75499999999901	4.001918058194054e-05
1.7559999999990115	3.996231465597244e-05
1.756999999999013	3.9917390604826686e-05
1.7579999999990141	3.986574827563594e-05
1.7589999999990156	3.979461628711434e-05
1.759999999999017	3.969415396753995e-05
1.7609999999990182	3.9542480181342654e-05
1.7619999999990197	3.9319443055685355e-05
1.7629999999990211	3.9012700129958944e-05
1.7639999999990226	3.8614598820818635e-05
1.7649999999990238	3.813348171999298e-05
1.7659999999990263	3.7585607820744826e-05
1.7669999999990305	3.697868686547423e-05
1.7679999999990346	3.632538322073664e-05
1.7689999999990387	3.5638239062496524e-05
1.769999999999043	3.4929775154735054e-05
1.7709999999990471	3.420623246330745e-05
1.7719999999990512	3.3471284707764504e-05
1.7729999999990556	3.273268095826953e-05
1.7739999999990597	3.200436788641792e-05
1.7749999999990638	3.12957680568271e-05
1.7759999999990679	3.061896030664979e-05
1.776999999999072	2.996672466271111e-05
1.7779999999990763	2.9321025649897692e-05
1.7789999999990804	2.8656562414353104e-05
1.7799999999990845	2.7962570788409025e-05
1.7809999999990886	2.724685780508551e-05
1.781999999999093	2.6514118113052376e-05
1.782999999999097	2.576457894409856e-05
1.7839999999991012	2.497084089214674e-05
1.7849999999991053	2.411617638409247e-05
1.7859999999991096	2.318065573347905e-05
1.7869999999991137	2.213702687203778e-05
1.7879999999991179	2.099158908752674e-05
1.788999999999122	1.97103171402091e-05
1.789999999999126	1.8280702782869085e-05
1.7909999999991304	1.6713732946205262e-05
1.7919999999991345	1.5038404326039867e-05
1.7929999999991386	1.3251065768216108e-05
1.7939999999991427	1.1379429503910465e-05
1.794999999999147	9.433640404843402e-06
1.7959999999991512	7.419765244653931e-06
1.7969999999991553	5.343942000024526e-06
1.7979999999991594	3.213640787924632e-06
1.7989999999991637	1.0503812279960556e-06
1.7999999999991678	-1.1127698131829789e-06
1.800999999999172	-3.2592685208499006e-06
1.801999999999176	-5.371899308936889e-06
1.8029999999991801	-7.433093490938347e-06
1.8039999999991845	-9.43482506454707e-06
1.8049999999991886	-1.1363558487520464e-05
1.8059999999991927	-1.32073542675748e-05
1.8069999999991968	-1.4967171374280497e-05
1.8079999999992011	-1.667291496421086e-05
1.8089999999992052	-1.8369059454403924e-05
1.8099999999992094	-2.0079185662602583e-05
1.8109999999992135	-2.180080309566179e-05
1.8119999999992178	-2.3516999392292348e-05
1.812999999999222	-2.5202996552398105e-05
1.813999999999226	-2.685195847651478e-05
1.8149999999992301	-2.8471261519502633e-05
1.8159999999992344	-3.0073455850265773e-05
1.8169999999992386	-3.1666674400909756e-05
1.8179999999992427	-3.325303674017732e-05
1.8189999999992468	-3.4834569345276734e-05
1.819999999999251	-3.639698196700181e-05
1.8209999999992552	-3.793097036886017e-05
1.8219999999992593	-3.94253333455552e-05
1.8229999999992634	-4.0883739032437916e-05
1.8239999999992675	-4.230733738741499e-05
1.8249999999992719	-4.369700684092592e-05
1.825999999999276	-4.505542914357008e-05
1.82699999999928	-4.637410255736718e-05
1.8279999999992842	-4.7641094957917574e-05
1.8289999999992885	-4.885413491528823e-05
1.8299999999992926	-5.002317669822176e-05
1.8309999999992967	-5.115986458914534e-05
1.8319999999993009	-5.225772850625532e-05
1.8329999999993052	-5.331824465137913e-05
1.8339999999993093	-5.433901953977305e-05
1.8349999999993134	-5.531136950742699e-05
1.8359999999993175	-5.618865530987449e-05
1.8369999999993218	-5.6946977314176195e-05
1.837999999999326	-5.755453192168858e-05
1.83899999999933	-5.800925539678481e-05
1.8399999999993342	-5.831397713063069e-05
1.8409999999993385	-5.847678481085694e-05
1.8419999999993426	-5.851704607406916e-05
1.8429999999993467	-5.847211428133825e-05
1.8439999999993508	-5.836743587184223e-05
1.844999999999355	-5.821688515306178e-05
1.8459999999993593	-5.8011657698475716e-05
1.8469999999993634	-5.77304444648874e-05
1.8479999999993675	-5.7372410017464404e-05
1.8489999999993716	-5.693088578762051e-05
1.849999999999376	-5.6410030343290174e-05
1.85099999999938	-5.576977695698204e-05
1.8519999999993841	-5.497532710374564e-05
1.8529999999993882	-5.400039434011461e-05
1.8539999999993926	-5.282412563145655e-05
1.8549999999993967	-5.1434176374209883e-05
1.8559999999994008	-4.986427805175886e-05
1.856999999999405	-4.812723503677674e-05
1.857999999999409	-4.625383613499068e-05
1.8589999999994133	-4.427484259394987e-05
1.8599999999994175	-4.2235214275265776e-05
1.8609999999994216	-4.0156697742155245e-05
1.861999999999426	-3.805197372974689e-05
1.86299999999943	-3.5944089080031105e-05
1.863999999999434	-3.3859765881327775e-05
1.8649999999994382	-3.184044572357436e-05
1.8659999999994423	-2.9895752267528053e-05
1.8669999999994467	-2.8027740936131806e-05
1.8679999999994508	-2.6214456412709808e-05
1.8689999999994549	-2.4445067475786786e-05
1.869999999999459	-2.2714074780161297e-05
1.870999999999463	-2.10051990068294e-05
1.8719999999994674	-1.928866041245314e-05
1.8729999999994715	-1.750321912763475e-05
1.8739999999994756	-1.5624686912518726e-05
1.87499999999948	-1.3653846579808615e-05
1.875999999999484	-1.1613390040743354e-05
1.8769999999994882	-9.518356209659018e-06
1.8779999999994923	-7.369907143672805e-06
1.8789999999994964	-5.159213045446975e-06
1.8799999999995007	-2.911665468730007e-06
1.8809999999995048	-6.692430325472287e-07
1.881999999999509	1.516157826952913e-06
1.882999999999513	3.6046543305801038e-06
1.8839999999995174	5.593341515730543e-06
1.8849999999995215	7.454125235062392e-06
1.8859999999995256	9.191489582116574e-06
1.8869999999995297	1.079352174515602e-05
1.887999999999534	1.2281632499000494e-05
1.8889999999995382	1.3654747680558188e-05
1.8899999999995423	1.491790165375484e-05
1.8909999999995464	1.6067755834070496e-05
1.8919999999995505	1.708421071033861e-05
1.8929999999995548	1.7951418478712178e-05
1.893999999999559	1.866674576200822e-05
1.894999999999563	1.9250357980671318e-05
1.8959999999995671	1.9720540670786768e-05
1.8969999999995715	2.011685325553625e-05
1.8979999999995756	2.047934027982201e-05
1.8989999999995797	2.0840967718593895e-05
1.8999999999995838	2.120059305210642e-05
1.9009999999995881	2.1560288752442425e-05
1.9019999999995922	2.1894883569295587e-05
1.9029999999995963	2.218321787605948e-05
1.9039999999996005	2.2427208435482626e-05
1.9049999999996048	2.2649746513336844e-05
1.905999999999609	2.2866768803253557e-05
1.906999999999613	2.3094261563993967e-05
1.9079999999996171	2.3364682633419953e-05
1.9089999999996214	2.371328303374387e-05
1.9099999999996256	2.4147753764913737e-05
1.9109999999996297	2.4649782299102085e-05
1.9119999999996338	2.5180127048218814e-05
1.9129999999996379	2.5709439652743526e-05
1.9139999999996422	2.621695355886633e-05
1.9149999999996463	2.6706241908258654e-05
1.9159999999996504	2.7188888287899005e-05
1.9169999999996545	2.7672847081938734e-05
1.9179999999996589	2.814468741407783e-05
1.918999999999663	2.8598387946221493e-05
1.919999999999667	2.9027551452620592e-05
1.9209999999996712	2.9451645147560157e-05
1.9219999999996755	2.9879028736190527e-05
1.9229999999996796	3.0317709401206372e-05
1.9239999999996837	3.0767016048427465e-05
1.9249999999996878	3.119372280879773e-05
1.9259999999996922	3.159207505598616e-05
1.9269999999996963	3.195305227066125e-05
1.9279999999997004	3.2237071882046386e-05
1.9289999999997045	3.244063737484204e-05
1.9299999999997088	3.253457823171324e-05
1.930999999999713	3.249715578168555e-05
1.931999999999717	3.231240024315074e-05
1.9329999999997212	3.1992428060401146e-05
1.9339999999997253	3.157760601413262e-05
1.9349999999997296	3.111733343430512e-05
1.9359999999997337	3.064735728142143e-05
1.9369999999997378	3.0198385527202554e-05
1.937999999999742	2.978235837247656e-05
1.9389999999997463	2.93886665219123e-05
1.9399999999997504	2.900392455851275e-05
1.9409999999997545	2.8607789986812016e-05
1.9419999999997586	2.8204121078623245e-05
1.942999999999763	2.7798347605578755e-05
1.943999999999767	2.7374971754534627e-05
1.9449999999997711	2.6927414107147385e-05
1.9459999999997752	2.6468903849719005e-05
1.9469999999997794	2.602535432782993e-05
1.9479999999997837	2.5616937183725597e-05
1.9489999999997878	2.5235480805796406e-05
1.949999999999792	2.4858635029656462e-05
1.950999999999796	2.4490638733665193e-05
1.9519999999998003	2.4151968208263597e-05
1.9529999999998044	2.3837889651767696e-05
1.9539999999998086	2.3522946230536412e-05
1.9549999999998127	2.3207191001239913e-05
1.955999999999817	2.291387444741666e-05
1.956999999999821	2.2662995410427378e-05
1.9579999999998252	2.2433574976443715e-05
1.9589999999998293	2.2187269889450967e-05
1.9599999999998337	2.1886606489496252e-05
1.9609999999998378	2.1525871275573927e-05
1.9619999999998419	2.1121123721545842e-05
1.962999999999846	2.066752512774883e-05
1.9639999999998503	2.015730281257344e-05
1.9649999999998544	1.9576524761255598e-05
1.9659999999998585	1.892277707471468e-05
1.9669999999998626	1.820485090386903e-05
1.9679999999998667	1.742695356943269e-05
1.968999999999871	1.6616848554473762e-05
1.9699999999998752	1.5798954541179633e-05
1.9709999999998793	1.4963659575761845e-05
1.9719999999998834	1.4003183065103286e-05
1.9729999999998877	1.2892938712871782e-05
1.9739999999998918	1.1673143339274716e-05
1.974999999999896	1.0442098492546847e-05
1.9759999999999	9.201678366155264e-06
1.9769999999999044	7.93022535050536e-06
1.9779999999999085	6.601037115361308e-06
1.9789999999999126	5.190209350525166e-06
1.9799999999999167	3.7136439099416663e-06
1.980999999999921	2.2352067852171587e-06
1.9819999999999252	7.933885088906578e-07
1.9829999999999293	-5.97034330196422e-07
1.9839999999999334	-1.956592899254872e-06
1.9849999999999375	-3.3607492069265277e-06
1.9859999999999418	-4.796659427430683e-06
1.986999999999946	-6.223604759325596e-06
1.98799999999995	-7.62217406369281e-06
1.9889999999999541	-8.955866901416698e-06
1.9899999999999585	-1.0237316972139254e-05
1.9909999999999626	-1.1470899868637474e-05
1.9919999999999667	-1.2602181886256503e-05
1.9929999999999708	-1.3717471292196137e-05
1.9939999999999751	-1.4810480805094173e-05
1.9949999999999792	-1.5863817324435203e-05
1.9959999999999833	-1.6860082703740176e-05
1.9969999999999875	-1.780262810191502e-05
1.9979999999999918	-1.870213794541442e-05
1.998999999999996	-1.964103564811026e-05
2.0	-2.0653996477770775e-05
2.0010279404845495	-2.171643502335563e-05
2.0021217900815715	-2.28391157928165e-05
2.0032857751923165	-2.3944904079087337e-05
2.004524391841744	-2.4994806127498492e-05
2.005842426366887	-2.5957112745444988e-05
2.007244970197923	-2.6754529169448205e-05
2.0087374418720856	-2.7556665129102598e-05
2.0103256076664273	-2.8500485568905276e-05
2.0120156028936726	-2.9686197942524473e-05
2.013813957200875	-3.1126858612395836e-05
2.0157276178435577	-3.283856516778094e-05
2.0177639781367303	-3.450029301599322e-05
2.019930905358886	-3.552789306726645e-05
2.0222367711443985	-3.542996770300455e-05
2.024690484011897	-3.482604060978112e-05
2.027301523572695	-3.3841229595932276e-05
2.0300799770731848	-3.2376364773378796e-05
2.033036578410754	-3.0810770792477626e-05
2.036182751117039	-2.8639377767092355e-05
2.039530649180409	-2.4837748217709787e-05
2.043093206833892	-1.9425108904291832e-05
2.046884188175661	-1.3780295059273584e-05
2.050918238233338	-7.582867271871407e-06
2.0552109433735133	-6.732474828741175e-07
2.059778886913171	6.921877069077098e-06
2.0646397170403086	1.4930035261873087e-05
2.0698122132469665	2.264380834249291e-05
2.0753163565584574	2.806661925935927e-05
2.081173414838828	3.366115265723835e-05
2.0874060143976347	3.7003884764130746e-05
2.094038234979271	3.646363419573806e-05
2.1010956980169606	3.419489277800558e-05
2.1086056699538682	3.0264439608629345e-05
2.116597165034399	2.363613763844974e-05
2.125101056786564	1.598370567057472e-05
2.1341501990307465	6.243785178883243e-06
2.143779554474847	-7.596362108230892e-07
2.1540263207146424	-5.98190563771972e-06
2.1649300857539027	-5.286727746023345e-06
2.1765329774064615	1.396907041928408e-06
2.1888798204423576	6.018583857958504e-06
2.2020183144046843	1.0481332753276007e-05
2.2159992202680474	2.0011852442158862e-05
2.2308765524295735	2.3086266336180827e-05
2.246707783705272	1.8094164107917976e-05
2.263554079768369	7.760641510756727e-06
2.2814805235907363	2.2364995961865475e-06
2.3005563724108544	4.239377473291839e-06
2.320855322320133	8.338226492710099e-06
2.3424557929209753	6.925750849928747e-06
2.3654412374910825	9.028447917058813e-07
2.389900455657507	-8.791775325089901e-06
2.41592795027163	-1.7533051313911585e-05
2.44362426638729	-2.3000623547986265e-05
2.473096411506492	-2.484294378546359e-05
2.5044582437089975	-2.0558636075529435e-05
2.537830924630887	-8.172956606378179e-06
2.5733433911797423	7.965091145645253e-06
2.611132843166974	2.480127372272989e-05
2.6513452603475027	2.1781439394574775e-05
2.6941360153529494	1.277161531354487e-05
2.739670418177515	1.2411656653110725e-05
2.788124380079947	7.643657782385738e-06
2.839685109337027	4.461561894708588e-06
2.894551789617174	1.2447248893820984e-06
2.9529364084026577	3.818763883112197e-06
3.0150645170164534	9.569994942726368e-06
3.0811761422888653	1.0844704447343645e-05
3.1515266965252042	8.36240623713902e-06
3.226387989377641	-2.5811241544104746e-06
3.30604919671757	-1.5169589201002864e-05
3.39081811677136	1.7211372105307987e-07
3.4810222154328754	8.159709313226848e-06
3.577010018652917	6.198767579790321e-06
3.6791523315125145	-3.6628673385497024e-06
3.7878438030764574	-3.847161963888013e-06
3.9035043177534527	-2.575175328312085e-06
4.02658072998157	4.287740444475219e-06
4.157548527011607	1.0339381223190003e-05
4.296913682346355	-2.623807147106305e-06
4.445214635465608	-3.516267355729852e-06
4.603024347307951	2.0844248199702875e-06
4.770952424745148	-1.633451571780853e-07
4.9496476786701376	5.958953272044987e-06
5.139800459354712	-5.714092605080268e-06
5.342145448462832	1.5714900681973454e-05
5.557464321076707	-6.695827790004216e-07
5.786588991858403	3.4115007109258855e-06
6.03040459644804	8.179587281942347e-06
6.289853138906711	5.9978445059449825e-06
6.565936951835777	6.341063806813985e-06
6.859722633511745	-2.315042321843208e-06
7.172345245053396	-6.415262772563324e-06
7.505012494394354	8.487446232496865e-07
7.859009576011049	-2.217295985484924e-06
8.23570422033976	-5.117558273148859e-06
8.636551628113326	3.877489249015653e-06
9.063100564489073	-4.694819064177125e-06
9.516998831091398	3.116939374381289e-07
10.0	2.0491863759186657e-06
