0.0	0.9997552354669769
0.0010000000000041087	0.9997549536995175
0.0020000000000082174	0.9997542449230891
0.003000000000012548	0.9997530728518836
0.004000000000016657	0.9997514561837999
0.005000000000020766	0.999749355023255
0.006000000000024874	0.999746795316265
0.007000000000029205	0.9997437517504386
0.008000000000033314	0.9997402249847439
0.009000000000037423	0.999736212781835
0.010000000000041753	0.999731692845828
0.011000000000045862	0.9997266638999556
0.01200000000004997	0.9997211215710176
0.01300000000005408	0.9997150373671929
0.01400000000005841	0.9997084157920372
0.015000000000062519	0.9997012385095466
0.016000000000066406	0.9996934732033597
0.017000000000070736	0.9996851309269159
0.018000000000074845	0.9996761829033206
0.019000000000078954	0.9996666029201644
0.020000000000083062	0.9996563796286867
0.021000000000087393	0.9996454926169044
0.022000000000091502	0.999633904444082
0.02300000000009561	0.9996216383077542
0.02400000000009972	0.999608593353237
0.02500000000010405	0.9995948156808573
0.02600000000010816	0.9995802405975048
0.027000000000112268	0.9995648418397314
0.0280000000001166	0.9995485913006492
0.029000000000120707	0.9995314759837483
0.030000000000124816	0.9995134247707274
0.031000000000128924	0.9994944289472066
0.032000000000133255	0.9994744595199099
0.033000000000137364	0.9994534474673654
0.03400000000014147	0.9994313813856182
0.0350000000001458	0.9994082052260351
0.03600000000014991	0.9993838662942887
0.03700000000015402	0.9993583466590282
0.03800000000015813	0.9993315698190168
0.03900000000016246	0.9993035181010199
0.04000000000016657	0.9992741035553219
0.04100000000017068	0.9992432897122075
0.04200000000017501	0.9992110175008445
0.04300000000017912	0.9991772377560961
0.044000000000183226	0.999141898582592
0.045000000000187335	0.9991048878107155
0.046000000000191665	0.9990661993491425
0.04700000000019555	0.9990257541609041
0.04800000000019966	0.9989834253910554
0.04900000000020399	0.9989392222616247
0.0500000000002081	0.9988930201758458
0.05100000000021221	0.9988447432747848
0.05200000000021632	0.9987943274020822
0.05300000000022065	0.9987416895675543
0.05400000000022476	0.9986866887098401
0.055000000000228866	0.9986293407155997
0.0560000000002332	0.9985694679766203
0.057000000000237305	0.9985069532435172
0.058000000000241414	0.9984418250726381
0.05900000000024552	0.9983738389142651
0.060000000000249853	0.9983029278173046
0.06100000000025396	0.9982290854443443
0.06200000000025807	0.9981520146056578
0.0630000000002624	0.9980717371162218
0.06400000000026651	0.997988119033262
0.06500000000027062	0.9979009968846922
0.06600000000027473	0.9978102207652322
0.06700000000027906	0.9977157161056481
0.06800000000028317	0.9976172680523631
0.06900000000028728	0.997514909464288
0.0700000000002916	0.9974081975597732
0.07100000000029572	0.9972972852748994
0.07200000000029982	0.997181878523779
0.07300000000030393	0.9970617770909458
0.07400000000030826	0.9969369021251504
0.07500000000031237	0.996807090975671
0.07600000000031648	0.9966720117985659
0.07700000000032081	0.9965317373806223
0.0780000000003247	0.9963859096008415
0.07900000000032881	0.9962343313085433
0.08000000000033292	0.9960769491559911
0.08100000000033725	0.9959134005216503
0.08200000000034136	0.9957436164149168
0.08300000000034546	0.9955672922490345
0.0840000000003498	0.9953842843625498
0.0850000000003539	0.9951943051186002
0.08600000000035801	0.994997240845116
0.08700000000036212	0.9947927027307286
0.08800000000036645	0.9945805841172574
0.08900000000037056	0.9943604963925704
0.09000000000037467	0.9941323563274651
0.091000000000379	0.993895793117398
0.09200000000038311	0.9936506326299106
0.09300000000038722	0.9933965084162584
0.09400000000039133	0.9931333051180916
0.09500000000039566	0.9928604601725858
0.09600000000039977	0.992578098779767
0.09700000000040387	0.9922856134420921
0.0980000000004082	0.9919826421378093
0.09900000000041231	0.991669231212815
0.10000000000041642	0.9913446053635229
0.10100000000042053	0.9910089545124795
0.10200000000042486	0.990661594993062
0.10300000000042897	0.9903023537013776
0.10400000000043308	0.9899308459908108
0.10500000000043741	0.9895464749509482
0.10600000000044152	0.9891496208982461
0.10700000000044563	0.9887390487003916
0.10800000000044951	0.9883149568406212
0.10900000000045384	0.9878768920343249
0.11000000000045795	0.9874239401525164
0.11100000000046206	0.9869565885595021
0.1120000000004664	0.9864740477115286
0.1130000000004705	0.985975869362964
0.11400000000047461	0.9854615334623233
0.11500000000047872	0.9849308886432274
0.11600000000048305	0.9843833539661212
0.11700000000048716	0.9838186473550414
0.11800000000049127	0.9832362184317012
0.1190000000004956	0.982635651142691
0.12000000000049971	0.9820165362140567
0.12100000000050382	0.981378468352338
0.12200000000050792	0.9807208607715135
0.12300000000051226	0.9800433976261709
0.12400000000051636	0.9793455560373427
0.12500000000052047	0.9786268500332622
0.1260000000005248	0.9778868984735584
0.1270000000005289	0.9771250548603262
0.12800000000053302	0.9763409972437163
0.12900000000053713	0.9755341135612079
0.13000000000054146	0.9747039973104984
0.13100000000054557	0.9738503185075897
0.13200000000054968	0.9729717450527662
0.133000000000554	0.9720691608853
0.13400000000055812	0.9711411404419532
0.13500000000056223	0.9701868312672448
0.13600000000056633	0.9692066116756624
0.13700000000057067	0.9681994096743451
0.13800000000057477	0.967165369151549
0.13900000000057866	0.9661024888456944
0.140000000000583	0.965012060379497
0.1410000000005871	0.9638918133095133
0.1420000000005912	0.9627431505044892
0.14300000000059532	0.9615633135187917
0.14400000000059965	0.9603539576089305
0.14500000000060376	0.9591128949158618
0.14600000000060787	0.9578404016292164
0.1470000000006122	0.9565356603330535
0.1480000000006163	0.9551984830165536
0.14900000000062041	0.9538275202647047
0.15000000000062452	0.9524233441383738
0.15100000000062885	0.9509843001244178
0.15200000000063296	0.949510735514617
0.15300000000063707	0.9480016475369271
0.1540000000006414	0.9464569972559953
0.1550000000006455	0.9448753383061087
0.15600000000064962	0.9432570957505323
0.15700000000065373	0.9416011301128256
0.15800000000065806	0.9399073118967576
0.15900000000066217	0.9381746006216223
0.16000000000066628	0.9364030752144517
0.16100000000067038	0.9345924119109255
0.16200000000067472	0.9327410907370999
0.16300000000067882	0.9308488033661861
0.16400000000068293	0.9289166740961065
0.16500000000068726	0.9269421141828429
0.16600000000069137	0.9249263591337118
0.16700000000069548	0.9228668691016765
0.1680000000006996	0.9207659798088677
0.16900000000070392	0.9186202983829064
0.1700000000007078	0.9164314452409363
0.17100000000071192	0.9141987732829823
0.17200000000071625	0.9119212855758877
0.17300000000072036	0.9095974116482837
0.17400000000072446	0.9072300767942796
0.17500000000072857	0.9048157328838411
0.1760000000007329	0.9023547884430004
0.177000000000737	0.8998481938049155
0.17800000000074112	0.89729365794113
0.17900000000074545	0.8946929419542312
0.18000000000074956	0.8920434479719176
0.18100000000075367	0.8893467185991665
0.18200000000075778	0.8866013155558519
0.1830000000007621	0.8838083872494049
0.18400000000076622	0.8809657058042523
0.18500000000077033	0.8780744103278638
0.18600000000077466	0.8751332591522663
0.18700000000077877	0.8721435418934972
0.18800000000078287	0.8691031248486976
0.18900000000078698	0.8660133381521951
0.1900000000007913	0.8628743031716806
0.19100000000079542	0.859683789371348
0.19200000000079953	0.8564441882017565
0.19300000000080386	0.8531532662000003
0.19400000000080797	0.8498118900131291
0.19500000000081208	0.8464204930014486
0.1960000000008162	0.8429787071235652
0.19700000000082052	0.8394855825855421
0.19800000000082463	0.8359418907387413
0.19900000000082874	0.8323483569814691
0.20000000000083307	0.8287032557013665
0.20100000000083695	0.8250086822004046
0.20200000000084106	0.8212624168624587
0.20300000000084517	0.8174675542760105
0.2040000000008495	0.8136212311061739
0.2050000000008536	0.8097250602967337
0.20600000000085772	0.805779633669097
0.20700000000086205	0.8017836419195102
0.20800000000086616	0.7977389244364347
0.20900000000087027	0.7936443830674303
0.21000000000087438	0.7895017305723575
0.2110000000008787	0.7853097849132143
0.21200000000088282	0.7810695850385466
0.21300000000088692	0.7767817126032891
0.21400000000089126	0.7724458516822822
0.21500000000089536	0.7680632004250583
0.21600000000089947	0.7636333647366602
0.21700000000090358	0.7591576400539787
0.2180000000009079	0.754635587327539
0.21900000000091202	0.7500682009565667
0.22000000000091613	0.7454559626963615
0.22100000000092046	0.7407993513599818
0.22200000000092457	0.7360987536576123
0.22300000000092868	0.7313552470080773
0.2240000000009328	0.726568662925676
0.22500000000093712	0.721740609779598
0.22600000000094123	0.7168708306591097
0.22700000000094533	0.7119602273415482
0.22800000000094967	0.7070100440544964
0.22900000000095377	0.702020428295585
0.23000000000095788	0.6969923043921971
0.23100000000096177	0.6919263797474388
0.2320000000009661	0.6868235505115388
0.2330000000009702	0.6816843125936245
0.23400000000097432	0.6765099749806951
0.23500000000097865	0.6713012250476947
0.23600000000098276	0.6660589142048201
0.23700000000098687	0.6607829246451556
0.23800000000099097	0.6554766175972077
0.2390000000009953	0.6501383879212091
0.24000000000099941	0.6447703645819729
0.24100000000100352	0.6393738157697911
0.24200000000100785	0.6339481510869295
0.24300000000101196	0.6284967111078595
0.24400000000101607	0.6230185214076993
0.24500000000102018	0.6175159318607617
0.2460000000010245	0.6119887264010091
0.24700000000102862	0.6064390799158814
0.24800000000103273	0.6008675051533292
0.24900000000103706	0.595275263132797
0.25000000000104117	0.5896633698440077
0.2510000000010453	0.5840331240915163
0.2520000000010494	0.5783850370726437
0.2530000000010537	0.5727209687704875
0.2540000000010578	0.5670418164360105
0.25500000000106193	0.5613487179175707
0.25600000000106626	0.5556427768414902
0.25700000000107037	0.5499252949968908
0.2580000000010745	0.5441970160086658
0.2590000000010786	0.5384599780570504
0.2600000000010829	0.5327143401396216
0.26100000000108703	0.526962142891446
0.2620000000010909	0.5212040834570768
0.26300000000109525	0.515441608445454
0.26400000000109936	0.5096758111262726
0.26500000000110346	0.5039078719795946
0.2660000000011076	0.49813914296578576
0.2670000000011119	0.49237064618295967
0.268000000001116	0.48660372926242523
0.2690000000011201	0.48083951019037807
0.27000000000112445	0.4750792317952015
0.27100000000112856	0.46932419245530854
0.27200000000113267	0.46357533347183233
0.2730000000011368	0.4578340347245815
0.2740000000011411	0.45210172458692277
0.2750000000011452	0.4463788449436612
0.2760000000011493	0.4406673821583167
0.27700000000115366	0.43496834694620823
0.27800000000115777	0.42928219868411077
0.2790000000011619	0.42361106877315025
0.280000000001166	0.41795550004302706
0.2810000000011703	0.41231674312235533
0.2820000000011744	0.40669589880563906
0.28300000000117853	0.40109441874009666
0.28400000000118286	0.3955128931700769
0.28500000000118697	0.3899527755213841
0.2860000000011911	0.384415012875321
0.2870000000011952	0.37890051217026
0.2880000000011995	0.37341096915647287
0.2890000000012036	0.36794651156560454
0.29000000000120774	0.36250850294311876
0.29100000000121207	0.3570984016138543
0.2920000000012162	0.35171647179343335
0.29300000000122006	0.34636404805873267
0.29400000000122417	0.34104230245165457
0.2950000000012285	0.33575189204656375
0.2960000000012326	0.3304935084212294
0.2970000000012367	0.3252685531775781
0.29800000000124083	0.32007766314869013
0.29900000000124516	0.31492154280188545
0.30000000000124927	0.3098011515499244
0.3010000000012534	0.304717451684659
0.3020000000012577	0.2996711067213136
0.3030000000012618	0.2946629397036974
0.3040000000012659	0.28969339279802
0.30500000000127003	0.2847635699227531
0.30600000000127436	0.27987420200492175
0.3070000000012785	0.27502562656660345
0.3080000000012826	0.2702188125825328
0.3090000000012869	0.26545448627661994
0.310000000001291	0.2607326895700419
0.31100000000129513	0.25605458393441205
0.31200000000129924	0.2514205515476259
0.31300000000130357	0.2468313151360676
0.3140000000013077	0.24228711321123342
0.3150000000013118	0.23778823739438548
0.3160000000013161	0.2333358259387791
0.3170000000013202	0.22892981640735022
0.31800000000132433	0.22457060404352136
0.31900000000132844	0.22025944499776662
0.3200000000013328	0.2159952529134156
0.3210000000013369	0.2117793273150791
0.322000000001341	0.20761260646726587
0.3230000000013453	0.20349365160860744
0.3240000000013492	0.19942363695658516
0.3250000000013533	0.19540422814937097
0.3260000000013574	0.19143276242403884
0.32700000000136176	0.187512002160381
0.32800000000136587	0.1836408217329517
0.32900000000137	0.17981998149441947
0.3300000000013743	0.17604860890486895
0.3310000000013784	0.17232816242706583
0.3320000000013825	0.16865846004288387
0.33300000000138663	0.16503833811005897
0.33400000000139096	0.16146970003595462
0.33500000000139507	0.15795107924777718
0.3360000000013992	0.15448303965367127
0.3370000000014035	0.15106605753065672
0.3380000000014076	0.14769900966901794
0.3390000000014117	0.14438296758109803
0.34000000000141584	0.14111684101230626
0.34100000000142017	0.13790128331597606
0.3420000000014243	0.13473653617471348
0.3430000000014284	0.1316205630137166
0.3440000000014327	0.12855564964646338
0.3450000000014368	0.1255404722842799
0.34600000000144093	0.12257368941488633
0.34700000000144504	0.11965810329645232
0.34800000000144937	0.11678966182413097
0.3490000000014535	0.11397147000397134
0.3500000000014576	0.11120183066991673
0.3510000000014619	0.10847982460012173
0.35200000000146603	0.10580691714385337
0.35300000000147014	0.10318131137947717
0.35400000000147425	0.10060314050918673
0.35500000000147836	0.09807232479355643
0.35600000000148246	0.09558824174807334
0.3570000000014866	0.09315064711787824
0.3580000000014909	0.09075909661812132
0.359000000001495	0.08841336138508327
0.3600000000014991	0.08611286394113993
0.36100000000150323	0.08385753351963121
0.36200000000150756	0.0816463883185945
0.36300000000151167	0.07947929959853672
0.3640000000015158	0.07735626948963692
0.3650000000015201	0.07527621763266212
0.3660000000015242	0.07323883725701108
0.3670000000015283	0.07124395080294077
0.36800000000153243	0.06929088877753775
0.36900000000153677	0.06737901798956492
0.3700000000015409	0.06550833831143321
0.371000000001545	0.06367792538979444
0.3720000000015493	0.06188777171215554
0.3730000000015534	0.06013593824890584
0.37400000000155753	0.058424262761062384
0.37500000000156164	0.056750009351115516
0.37600000000156597	0.055114159574448096
0.3770000000015701	0.05351547238813403
0.3780000000015742	0.051953790631345975
0.3790000000015785	0.05042820970244355
0.3800000000015826	0.048938704797583665
0.38100000000158674	0.04748411996890556
0.38200000000159084	0.04606442363641916
0.3830000000015952	0.04467846408446585
0.3840000000015993	0.043326540173080796
0.3850000000016034	0.04200805553937581
0.3860000000016075	0.04072170044399981
0.3870000000016116	0.039467349183836764
0.3880000000016157	0.03824478737921866
0.38900000000161983	0.037052470050037645
0.39000000000162416	0.035891387328914615
0.39100000000162827	0.03475977611322145
0.3920000000016324	0.03365764945995087
0.3930000000016367	0.0325842237442604
0.3940000000016408	0.031539073680381335
0.3950000000016449	0.030521622880390842
0.39600000000164903	0.029531603700924558
0.39700000000165336	0.028568323921145833
0.3980000000016575	0.027631040646760252
0.3990000000016616	0.026719245889958554
0.4000000000016659	0.025833083990830397
0.40100000000167	0.024971190791919673
0.40200000000167413	0.024133462430517172
0.40300000000167824	0.023319414133661676
0.40400000000168257	0.022528588878901856
0.4050000000016867	0.02176042294855196
0.4060000000016908	0.021014135672489886
0.4070000000016951	0.020289905373174544
0.4080000000016992	0.019586632599423393
0.40900000000170333	0.01890402036655403
0.41000000000170744	0.018241810623927823
0.4110000000017118	0.0175992879357032
0.4120000000017159	0.016976128292722548
0.41300000000172	0.01637191189863696
0.4140000000017243	0.01578603759713204
0.41500000000172843	0.015218048057716427
0.41600000000173254	0.014667819825494921
0.4170000000017364	0.014134712210139955
0.41800000000174076	0.013618172079905788
0.41900000000174487	0.01311798780016249
0.420000000001749	0.012633682564496818
0.4210000000017533	0.012164861236681812
0.4220000000017574	0.01171112114521844
0.4230000000017615	0.011272080820033503
0.42400000000176563	0.01084740362381098
0.42500000000176996	0.010436521551897893
0.42600000000177407	0.010039261335685556
0.4270000000017782	0.009655228214449751
0.4280000000017825	0.009284065127667662
0.4290000000017866	0.008925299932263542
0.4300000000017907	0.008578658005457429
0.43100000000179484	0.008243959088690134
0.43200000000179917	0.007920544012005704
0.4330000000018033	0.007608323093700631
0.4340000000018074	0.0073069826229905654
0.4350000000018115	0.007016179100288289
0.4360000000018158	0.006735561473728224
0.43700000000181993	0.006464809504914015
0.43800000000182404	0.006203722756348062
0.43900000000182837	0.005951853392596296
0.4400000000018325	0.005709195807444223
0.4410000000018366	0.005475210023111021
0.4420000000018407	0.005249707586833852
0.44300000000184503	0.005032608734968913
0.44400000000184914	0.004823421273245088
0.44500000000185325	0.004621903345895184
0.4460000000018576	0.004428016618807096
0.4470000000018617	0.0042412716398314565
0.4480000000018656	0.004061564838059972
0.4490000000018697	0.0038887353881666975
0.450000000001874	0.0037224284476180536
0.4510000000018781	0.00356250649259382
0.45200000000188223	0.0034088095381509254
0.45300000000188656	0.0032609454626861822
0.45400000000189067	0.003118916756196244
0.4550000000018948	0.0029824089826875344
0.4560000000018989	0.0028512970364812373
0.4570000000019032	0.002725311248192863
0.4580000000019073	0.00260440640263937
0.45900000000191143	0.0024883546054546013
0.46000000000191577	0.0023769311728074616
0.4610000000019199	0.002270005289761512
0.462000000001924	0.0021674284869539484
0.4630000000019281	0.002069041301109298
0.4640000000019324	0.0019746986048559956
0.46500000000193653	0.0018842719310769862
0.46600000000194064	0.0017975930667927242
0.46700000000194497	0.0017145155488447195
0.4680000000019491	0.0016349300039076864
0.4690000000019532	0.0015587002083333745
0.4700000000019573	0.0014857016427822778
0.4710000000019616	0.0014158095480871769
0.47200000000196574	0.00134890793189002
0.47300000000196984	0.00128488745203037
0.4740000000019742	0.001223636428312469
0.4750000000019783	0.0011650428509585309
0.4760000000019824	0.0011090079982135626
0.4770000000019865	0.0010554428277488315
0.47800000000199083	0.0010042418354251348
0.4790000000019947	0.0009552905329833772
0.48000000000199883	0.0009085359207774424
0.48100000000200316	0.0008638689484804507
0.48200000000200727	0.0008212237777640574
0.4830000000020114	0.0007804895574972104
0.4840000000020155	0.0007416214538906729
0.4850000000020198	0.000704512870012719
0.4860000000020239	0.0006691326751275817
0.48700000000202803	0.0006353671324096366
0.48800000000203236	0.0006031739548210124
0.4890000000020365	0.0005724654774931226
0.4900000000020406	0.0005432006360660546
0.4910000000020447	0.000515316439639868
0.492000000002049	0.0004887350984795757
0.49300000000205313	0.0004634280007395075
0.49400000000205724	0.00043932567281013135
0.49500000000206157	0.0004163846081435274
0.4960000000020657	0.0003945346321536647
0.4970000000020698	0.0003737463232462712
0.4980000000020739	0.00035396614015381633
0.4990000000020782	0.00033515792519656085
0.5000000000020823	0.0003172598425444928
0.5010000000020864	0.00030025431853331064
0.5020000000020908	0.00028409245275717865
0.5030000000020949	0.0002687265889347312
0.504000000002099	0.0002541330538406994
0.5050000000021031	0.00024027112820945717
0.5060000000021074	0.0002271082707674399
0.5070000000021115	0.00021461324482352495
0.5080000000021156	0.00020275487809884307
0.50900000000212	0.00019150322246952456
0.5100000000021239	0.00018082975436328752
0.511000000002128	0.00017070676066532897
0.5120000000021321	0.00016110865830731846
0.5130000000021364	0.00015201372605322394
0.5140000000021405	0.00014339308293487285
0.5150000000021446	0.0001352221676877985
0.516000000002149	0.00012748484830782392
0.5170000000021531	0.00012016080535759421
0.5180000000021572	0.0001132271507848781
0.5190000000021613	0.00010666228081590567
0.5200000000021656	0.00010045171992978386
0.5210000000021697	9.457633354903461e-05
0.5220000000021738	8.902256449283552e-05
0.5230000000021782	8.377387987734686e-05
0.5240000000021823	7.880731628251425e-05
0.5250000000021864	7.411806274570942e-05
0.5260000000021905	6.968659738204597e-05
0.5270000000021948	6.5502296834552e-05
0.5280000000021989	6.155244587091602e-05
0.529000000002203	5.7823681845370345e-05
0.5300000000022074	5.430559016961212e-05
0.5310000000022115	5.0986951337428366e-05
0.5320000000022156	4.7858688623447776e-05
0.5330000000022197	4.4907467231514175e-05
0.534000000002224	4.2125550357430264e-05
0.5350000000022281	3.9508203382276896e-05
0.5360000000022322	3.7035685361619386e-05
0.5370000000022366	3.4715343000812915e-05
0.5380000000022407	3.252490550897935e-05
0.5390000000022448	3.0466631726899784e-05
0.5400000000022487	2.8528786260140215e-05
0.541000000002253	2.670726059483819e-05
0.5420000000022571	2.4992975530713224e-05
0.5430000000022612	2.3383534284326934e-05
0.5440000000022656	2.1869238053473516e-05
0.5450000000022697	2.04486558307293e-05
0.5460000000022738	1.911298156864749e-05
0.5470000000022779	1.7860480560294434e-05
0.5480000000022822	1.6684276865519543e-05
0.5490000000022863	1.558089314901423e-05
0.5500000000022904	1.4546442316576425e-05
0.5510000000022948	1.3576518785196612e-05
0.5520000000022989	1.2667399218013742e-05
0.553000000002303	1.1815705219908601e-05
0.5540000000023071	1.101814790427369e-05
0.5550000000023114	1.0271466153066733e-05
0.5560000000023155	9.572770697796606e-06
0.5570000000023196	8.919167349019652e-06
0.558000000002324	8.307959356024242e-06
0.5590000000023281	7.736579120232179e-06
0.5600000000023322	7.2025737646308485e-06
0.5610000000023363	6.703727990720054e-06
0.5620000000023406	6.238014031101358e-06
0.5630000000023447	5.8034051347855e-06
0.5640000000023488	5.397881740476507e-06
0.5650000000023532	5.019668007255618e-06
0.5660000000023573	4.667110863665336e-06
0.5670000000023614	4.3385814978424975e-06
0.5680000000023655	4.03258578840493e-06
0.5690000000023698	3.747715232038651e-06
0.5700000000023739	3.4826107664365225e-06
0.5710000000023778	3.2359855862695852e-06
0.5720000000023819	3.0066399178130254e-06
0.5730000000023863	2.7934650443928177e-06
0.5740000000023904	2.595430981466862e-06
0.5750000000023945	2.4115267901470006e-06
0.5760000000023988	2.2408014433983325e-06
0.5770000000024029	2.0824250160922375e-06
0.578000000002407	1.935582754075682e-06
0.5790000000024111	1.7993428238494147e-06
0.5800000000024155	1.6731353187360298e-06
0.5810000000024196	1.5562314462647109e-06
0.5820000000024237	1.4479819213653045e-06
0.583000000002428	1.3477737017542069e-06
0.5840000000024321	1.2550656462995136e-06
0.5850000000024362	1.1693566263071276e-06
0.5860000000024403	1.0900340238206851e-06
0.5870000000024447	1.0167637896074666e-06
0.5880000000024488	9.4903436642646e-07
0.5890000000024529	8.864475783409986e-07
0.5900000000024572	8.286608679242136e-07
0.5910000000024613	7.752612849465379e-07
0.5920000000024654	7.25959434344503e-07
0.5930000000024696	6.804205481270031e-07
0.5940000000024739	6.38373781947088e-07
0.595000000002478	5.995315277562696e-07
0.5960000000024821	5.636540083564512e-07
0.5970000000024864	5.305001338218318e-07
0.5980000000024905	4.998559164359762e-07
0.5990000000024946	4.715087302820109e-07
0.6000000000024988	4.4527930487259226e-07
0.6010000000025031	4.2099099706316423e-07
0.602000000002507	3.984862618766627e-07
0.6030000000025111	3.775939008132667e-07
0.6040000000025154	3.5820985155865515e-07
0.6050000000025195	3.4016557137750425e-07
0.6060000000025236	3.233779306555107e-07
0.6070000000025277	3.077080935609544e-07
0.6080000000025321	2.9307809079615055e-07
0.6090000000025362	2.7937757085538806e-07
0.6100000000025403	2.6653485729610793e-07
0.6110000000025446	2.544604728038635e-07
0.6120000000025487	2.430869410208203e-07
0.6130000000025528	2.323498654588363e-07
0.614000000002557	2.2218932438367034e-07
0.6150000000025613	2.1254982285334734e-07
0.6160000000025654	2.0338215311888064e-07
0.6170000000025695	1.9464139133784641e-07
0.6180000000025738	1.8628748632565362e-07
0.6190000000025779	1.7828468046321433e-07
0.620000000002582	1.706004567614272e-07
0.6210000000025861	1.6320546603054709e-07
0.6220000000025905	1.5607410464024696e-07
0.6230000000025946	1.4918381030515349e-07
0.6240000000025987	1.4251463553716093e-07
0.625000000002603	1.3604893822627417e-07
0.6260000000026071	1.297717170389845e-07
0.6270000000026112	1.236689016748116e-07
0.6280000000026154	1.1773174291018762e-07
0.6290000000026197	1.1194928706270701e-07
0.6300000000026238	1.0631537117333778e-07
0.6310000000026279	1.0082198154126587e-07
0.6320000000026322	9.546588453090976e-08
0.6330000000026361	9.024276237390438e-08
0.6340000000026402	8.515011640231052e-08
0.6350000000026443	8.018604935600138e-08
0.6360000000026487	7.534973711642579e-08
0.6370000000026528	7.064082918617487e-08
0.6380000000026569	6.60599736024281e-08
0.6390000000026612	6.160790022580187e-08
0.6400000000026653	5.7285812760099475e-08
0.6410000000026694	5.309478390280731e-08
0.6420000000026735	4.9038321514593974e-08
0.6430000000026779	4.511603346468718e-08
0.644000000002682	4.133154207774936e-08
0.6450000000026861	3.7687393206198294e-08
0.6460000000026904	3.418401894883516e-08
0.6470000000026945	3.082459776315716e-08
0.6480000000026986	2.7610155162172134e-08
0.6490000000027027	2.4543953758282555e-08
0.6500000000027071	2.1625549129211663e-08
0.6510000000027112	1.885827316527866e-08
0.6520000000027153	1.624290102419934e-08
0.6530000000027196	1.3777216700816552e-08
0.6540000000027237	1.1465888127837331e-08
0.6550000000027278	9.304307768687181e-09
0.656000000002732	7.296901194386862e-09
0.6570000000027363	5.438791972345314e-09
0.6580000000027404	3.732379627585658e-09
0.6590000000027445	2.172623081442282e-09
0.6600000000027488	7.609821661702654e-10
0.6610000000027529	-5.07838660013249e-10
0.662000000002757	-1.6337615704742348e-09
0.6630000000027612	-2.622337236246608e-09
0.6640000000027653	-3.4743183885410645e-09
0.6650000000027694	-4.1970760200626955e-09
0.6660000000027735	-4.791715468854818e-09
0.6670000000027778	-5.264784608272066e-09
0.6680000000027819	-5.620827803198836e-09
0.669000000002786	-5.864498664465145e-09
0.6700000000027901	-6.0020337588895245e-09
0.6710000000027945	-6.038737287994422e-09
0.6720000000027986	-5.981044992608986e-09
0.6730000000028027	-5.8349389764345005e-09
0.674000000002807	-5.6074140886153145e-09
0.6750000000028111	-5.3049520332137945e-09
0.6760000000028152	-4.93426366432459e-09
0.6770000000028193	-4.502507700010483e-09
0.6780000000028237	-4.016446508714466e-09
0.6790000000028278	-3.4836962203854682e-09
0.6800000000028319	-2.911450414089245e-09
0.6810000000028362	-2.3061565990190047e-09
0.6820000000028403	-1.676239369530208e-09
0.6830000000028444	-1.0275937878390096e-09
0.6840000000028486	-3.681455140736034e-10
0.6850000000028529	2.9551561198104537e-10
0.686000000002857	9.565250813636794e-10
0.6870000000028611	1.607769140044013e-09
0.6880000000028654	2.2434349933320163e-09
0.6890000000028695	2.856290426400676e-09
0.6900000000028736	3.441345430843512e-09
0.6910000000028778	3.991295849381515e-09
0.6920000000028821	4.502573314191238e-09
0.6930000000028862	4.9667566726085965e-09
0.6940000000028901	5.382391310426726e-09
0.6950000000028944	5.742228470495547e-09
0.6960000000028985	6.042234157455084e-09
0.6970000000029026	6.280640563183226e-09
0.6980000000029067	6.450241452071737e-09
0.6990000000029111	6.549586872850455e-09
0.7000000000029152	6.57674492643423e-09
0.7010000000029193	6.526286511210344e-09
0.7020000000029236	6.399497154419009e-09
0.7030000000029277	6.191276713529703e-09
0.7040000000029318	5.902773603239098e-09
0.705000000002936	5.53147150306188e-09
0.7060000000029403	5.077198217406931e-09
0.7070000000029444	4.539778886147872e-09
0.7080000000029485	3.919426783127733e-09
0.7090000000029526	3.216335420219707e-09
0.7100000000029569	2.431615020448419e-09
0.711000000002961	1.566265450669846e-09
0.7120000000029651	6.218119352752183e-10
0.7130000000029695	-3.9967829046361203e-10
0.7140000000029736	-1.4963006389479006e-09
0.7150000000029777	-2.6651276741063157e-09
0.7160000000029818	-3.903557477258346e-09
0.7170000000029861	-5.208017572755352e-09
0.7180000000029902	-6.576392985735424e-09
0.7190000000029944	-8.003275375756402e-09
0.7200000000029987	-9.487402863328498e-09
0.7210000000030028	-1.1021956902723673e-08
0.7220000000030069	-1.260415993797892e-08
0.723000000003011	-1.423041329218222e-08
0.7240000000030153	-1.5894434879371033e-08
0.7250000000030195	-1.759301282433512e-08
0.7260000000030233	-1.9320786970311588e-08
0.7270000000030277	-2.1073061962084694e-08
0.7280000000030318	-2.2845186631315073e-08
0.7290000000030359	-2.4631682693510015e-08
0.73000000000304	-2.6428321309168723e-08
0.7310000000030443	-2.8229561133130687e-08
0.7320000000030484	-3.003091486597498e-08
0.7330000000030525	-3.182723617989325e-08
0.7340000000030569	-3.361384193212302e-08
0.735000000003061	-3.5385883334626556e-08
0.7360000000030651	-3.713883778289073e-08
0.7370000000030692	-3.886811050790584e-08
0.7380000000030735	-4.0569197778950183e-08
0.7390000000030776	-4.2238007313954995e-08
0.7400000000030817	-4.3870182597771645e-08
0.7410000000030861	-4.546216358924937e-08
0.7420000000030902	-4.70098984184375e-08
0.7430000000030943	-4.850986523585732e-08
0.7440000000030984	-4.995880731328839e-08
0.7450000000031027	-5.135358271957102e-08
0.7460000000031068	-5.269106351235564e-08
0.747000000003111	-5.396873525853607e-08
0.7480000000031153	-5.518425960637785e-08
0.7490000000031194	-5.6335474285518217e-08
0.7500000000031235	-5.742000186437224e-08
0.7510000000031276	-5.843721995191231e-08
0.7520000000031319	-5.9384030359765916e-08
0.753000000003136	-6.026070686893092e-08
0.7540000000031402	-6.106582661757898e-08
0.7550000000031445	-6.179826406160771e-08
0.7560000000031484	-6.245880856958763e-08
0.7570000000031525	-6.304605570939259e-08
0.7580000000031566	-6.356074711000304e-08
0.7590000000031609	-6.400326801880851e-08
0.760000000003165	-6.437412314319602e-08
0.7610000000031691	-6.467337154703046e-08
0.7620000000031735	-6.490341086795581e-08
0.7630000000031776	-6.506404504058594e-08
0.7640000000031817	-6.515872463808137e-08
0.7650000000031858	-6.518529271914986e-08
0.7660000000031901	-6.515128125883507e-08
0.7670000000031942	-6.50524336620606e-08
0.7680000000031983	-6.489621862115769e-08
0.7690000000032027	-6.468155122618668e-08
0.7700000000032068	-6.441243627364202e-08
0.7710000000032109	-6.409050712363751e-08
0.772000000003215	-6.371923433334814e-08
0.7730000000032193	-6.330084079131382e-08
0.7740000000032234	-6.283989550937008e-08
0.7750000000032276	-6.233534333155433e-08
0.7760000000032319	-6.179543077244887e-08
0.777000000003236	-6.121883933118966e-08
0.7780000000032401	-6.061134816270908e-08
0.7790000000032442	-5.997490504228153e-08
0.7800000000032485	-5.9312856626192456e-08
0.7810000000032526	-5.8628398580395924e-08
0.7820000000032568	-5.792471124976828e-08
0.7830000000032611	-5.720481288662427e-08
0.7840000000032652	-5.6471690212944736e-08
0.7850000000032693	-5.572869610226405e-08
0.7860000000032734	-5.4978326335941574e-08
0.7870000000032777	-5.422378501762637e-08
0.7880000000032816	-5.3467877680901665e-08
0.7890000000032857	-5.2713081455380006e-08
0.7900000000032901	-5.196242147675889e-08
0.7910000000032942	-5.121830937149241e-08
0.7920000000032983	-5.0482949820462863e-08
0.7930000000033024	-4.9758735132243714e-08
0.7940000000033067	-4.904845285480519e-08
0.7950000000033108	-4.8353087755970137e-08
0.796000000003315	-4.7675548398018464e-08
0.7970000000033193	-4.701736266987666e-08
0.7980000000033234	-4.638003159307402e-08
0.7990000000033275	-4.576518186638623e-08
0.8000000000033316	-4.517438889628522e-08
0.8010000000033359	-4.4608538196655445e-08
0.80200000000334	-4.4069292881587785e-08
0.8030000000033441	-4.355784355425385e-08
0.8040000000033485	-4.3073391964298935e-08
0.8050000000033526	-4.261900832247534e-08
0.8060000000033567	-4.219374849512292e-08
0.8070000000033608	-4.179828305694855e-08
0.8080000000033651	-4.143343401707966e-08
0.8090000000033692	-4.109868600998823e-08
0.8100000000033734	-4.079503956866404e-08
0.8110000000033777	-4.0521657584946524e-08
0.8120000000033818	-4.02788831177503e-08
0.8130000000033859	-4.006600251571513e-08
0.81400000000339	-3.988289076772844e-08
0.8150000000033943	-3.9729289413870106e-08
0.8160000000033985	-3.960456207430241e-08
0.8170000000034026	-3.950781035655382e-08
0.8180000000034067	-3.9438452059670226e-08
0.8190000000034108	-3.939576043165971e-08
0.8200000000034149	-3.937879755611107e-08
0.821000000003419	-3.938725101626517e-08
0.8220000000034233	-3.941908288673801e-08
0.8230000000034274	-3.9474202573330786e-08
0.8240000000034315	-3.955094496355116e-08
0.8250000000034359	-3.9648562211169747e-08
0.82600000000344	-3.9766097525983923e-08
0.8270000000034441	-3.9901978610146216e-08
0.8280000000034482	-4.0055236683045337e-08
0.8290000000034525	-4.022476196574587e-08
0.8300000000034566	-4.0409376289574084e-08
0.8310000000034607	-4.060779801307035e-08
0.8320000000034651	-4.0818968649602994e-08
0.8330000000034692	-4.10416252094592e-08
0.8340000000034733	-4.12746781197626e-08
0.8350000000034774	-4.1516921456263844e-08
0.8360000000034817	-4.176728274352115e-08
0.8370000000034858	-4.202464420899332e-08
0.83800000000349	-4.2287903623261514e-08
0.8390000000034943	-4.255604690861503e-08
0.8400000000034984	-4.282803156563375e-08
0.8410000000035025	-4.310288215236824e-08
0.8420000000035066	-4.3379630332296415e-08
0.8430000000035109	-4.365736860911795e-08
0.844000000003515	-4.393520569578868e-08
0.8450000000035192	-4.4212291383516344e-08
0.8460000000035233	-4.448782986443689e-08
0.8470000000035276	-4.4761010009608526e-08
0.8480000000035317	-4.503111972198326e-08
0.8490000000035356	-4.52975101872255e-08
0.8500000000035399	-4.555925259275284e-08
0.851000000003544	-4.581611334764091e-08
0.8520000000035481	-4.606715831023678e-08
0.8530000000035523	-4.631203709415388e-08
0.8540000000035566	-4.65500278323816e-08
0.8550000000035607	-4.6780624707309926e-08
0.8560000000035648	-4.70034060562341e-08
0.8570000000035691	-4.7217895593476555e-08
0.8580000000035732	-4.7423747817632034e-08
0.8590000000035773	-4.7620266174774883e-08
0.8600000000035815	-4.7807228842344784e-08
0.8610000000035858	-4.7984215489904614e-08
0.8620000000035899	-4.815083864961878e-08
0.863000000003594	-4.830654209975194e-08
0.8640000000035983	-4.845124235153264e-08
0.8650000000036024	-4.858446400746175e-08
0.8660000000036066	-4.870579251026186e-08
0.8670000000036107	-4.881465276440622e-08
0.868000000003615	-4.891105032100995e-08
0.8690000000036191	-4.8994376777855564e-08
0.8700000000036232	-4.9064373008889106e-08
0.8710000000036275	-4.912051432270914e-08
0.8720000000036316	-4.916249363162706e-08
0.8730000000036358	-4.918984775059698e-08
0.8740000000036399	-4.920215523895877e-08
0.8750000000036442	-4.919890894683476e-08
0.8760000000036483	-4.9179803340848594e-08
0.8770000000036524	-4.914395113075898e-08
0.8780000000036567	-4.909148731968571e-08
0.8790000000036609	-4.9021432246831864e-08
0.8800000000036647	-4.8933570750975264e-08
0.8810000000036688	-4.882651971627183e-08
0.8820000000036732	-4.870102654486175e-08
0.8830000000036773	-4.855527291347528e-08
0.8840000000036814	-4.838943756801939e-08
0.8850000000036857	-4.820243204584074e-08
0.8860000000036898	-4.799382802289642e-08
0.887000000003694	-4.776307549470005e-08
0.888000000003698	-4.7509086886776686e-08
0.8890000000037024	-4.7231547339876556e-08
0.8900000000037065	-4.6929691688291086e-08
0.8910000000037106	-4.660283647872632e-08
0.8920000000037149	-4.6250073104658895e-08
0.893000000003719	-4.587092305996521e-08
0.8940000000037231	-4.546496090718222e-08
0.8950000000037273	-4.503051242998879e-08
0.8960000000037316	-4.4568267965061636e-08
0.8970000000037357	-4.4076269301029924e-08
0.8980000000037398	-4.3554485351648964e-08
0.8990000000037441	-4.300235678655895e-08
0.9000000000037482	-4.241887419098589e-08
0.9010000000037524	-4.180387280783293e-08
0.9020000000037565	-4.1156565933064826e-08
0.9030000000037608	-4.0476532126021425e-08
0.9040000000037649	-3.976284257412033e-08
0.905000000003769	-3.901585832188914e-08
0.9060000000037733	-3.8234644339496526e-08
0.9070000000037775	-3.7419097820290403e-08
0.9080000000037816	-3.65685437486718e-08
0.9090000000037857	-3.568292328282041e-08
0.91000000000379	-3.476245824529656e-08
0.9110000000037939	-3.380678803566184e-08
0.912000000003798	-3.281616289818601e-08
0.9130000000038023	-3.178947816095956e-08
0.9140000000038064	-3.072890386590643e-08
0.9150000000038105	-2.9632823972391975e-08
0.9160000000038147	-2.8502495252880067e-08
0.917000000003819	-2.7338263430820575e-08
0.9180000000038231	-2.6140122955098377e-08
0.9190000000038272	-2.4908930029710064e-08
0.9200000000038315	-2.364619167138926e-08
0.9210000000038356	-2.2350343797938876e-08
0.9220000000038397	-2.102601293074713e-08
0.9230000000038439	-1.9669720074944053e-08
0.9240000000038482	-1.8286161695968417e-08
0.9250000000038523	-1.6874696306956594e-08
0.9260000000038564	-1.5437434885967605e-08
0.9270000000038607	-1.3974833734664571e-08
0.9280000000038648	-1.2489430600837181e-08
0.929000000003869	-1.0981808351573363e-08
0.9300000000038731	-9.454730998115224e-09
0.9310000000038774	-7.909009225315344e-09
0.9320000000038815	-6.347020464758657e-09
0.9330000000038856	-4.7703621053329925e-09
0.9340000000038899	-3.181765073634324e-09
0.935000000003894	-1.5825964982951746e-09
0.9360000000038982	2.4327539982493818e-11
0.9370000000039023	1.6369992028586466e-09
0.9380000000039066	3.252943248099882e-09
0.9390000000039107	4.869685987785033e-09
0.9400000000039148	6.484703329867614e-09
0.9410000000039191	8.09534184131877e-09
0.942000000003923	9.699168912469247e-09
0.9430000000039271	1.1293124768663176e-08
0.9440000000039312	1.2874877386437333e-08
0.9450000000039356	1.4441203344262021e-08
0.9460000000039397	1.5989667256910423e-08
0.9470000000039438	1.7517017614210317e-08
0.9480000000039481	1.902083268667809e-08
0.9490000000039522	2.0498205799412972e-08
0.9500000000039563	2.1945868455830464e-08
0.9510000000039605	2.3360966605601163e-08
0.9520000000039648	2.4741032222941328e-08
0.9530000000039689	2.608246585378282e-08
0.954000000003973	2.7383671996616954e-08
0.9550000000039773	2.8641317872946104e-08
0.9560000000039814	2.9850363625349985e-08
0.9570000000039856	3.101307310959811e-08
0.9580000000039897	3.212382637673983e-08
0.959000000003994	3.317467178742817e-08
0.9600000000039981	3.4177571106575044e-08
0.9610000000040022	3.511377766329815e-08
0.9620000000040065	3.599131159770508e-08
0.9630000000040106	3.6805016145891045e-08
0.9640000000040148	3.7551828757642625e-08
0.9650000000040189	3.8231356747076006e-08
0.9660000000040232	3.883981392061031e-08
0.9670000000040273	3.937789605501507e-08
0.9680000000040314	3.984269902890247e-08
0.9690000000040357	4.0232191356182057e-08
0.9700000000040399	4.054580671208896e-08
0.9710000000040437	4.07815214931162e-08
0.9720000000040478	4.094022132417052e-08
0.9730000000040522	4.1020001395608574e-08
0.9740000000040563	4.101911710296946e-08
0.9750000000040604	4.093844119257284e-08
0.9760000000040647	4.077650017642043e-08
0.9770000000040688	4.053407420823163e-08
0.978000000004073	4.021183119817806e-08
0.979000000004077	3.980827567584555e-08
0.9800000000040812	3.932526604355502e-08
0.9810000000040855	3.876149945458707e-08
0.9820000000040896	3.8120425704946115e-08
0.9830000000040937	3.740073939439981e-08
0.984000000004098	3.660528646864947e-08
0.9850000000041004	3.5734473158299807e-08
0.9860000000041018	3.478870547191093e-08
0.987000000004103	3.377388524405944e-08
0.9880000000041045	3.26871204547885e-08
0.9890000000041059	3.1533611499767744e-08
0.9900000000041072	3.031133910535999e-08
0.9910000000041086	2.903113227592513e-08
0.99200000000411	2.7687321768610218e-08
0.9930000000041115	2.628464279563758e-08
0.9940000000041127	2.4829758693556414e-08
0.9950000000041141	2.332187565290411e-08
0.9960000000041156	2.1765348523494765e-08
0.997000000004117	2.0164148906154367e-08
0.9980000000041185	1.852077968766963e-08
0.9990000000041197	1.6838587524325987e-08
1.0000000000041211	1.51229448963619e-08
1.001000000004117	1.3376207141924112e-08
1.002000000004113	1.1601901661606462e-08
1.0030000000041086	9.805651290939466e-09
1.0040000000041045	7.989762185189875e-09
1.0050000000041002	6.15912787438333e-09
1.006000000004096	4.318138624448409e-09
1.007000000004092	2.4701398704252142e-09
1.0080000000040878	6.198970226023448e-10
1.0090000000040837	-1.2285901185293824e-09
1.0100000000040794	-3.071132015364242e-09
1.0110000000040753	-4.903557559998717e-09
1.012000000004071	-6.721638579065825e-09
1.0130000000040669	-8.521168659569867e-09
1.0140000000040628	-1.029825602572032e-08
1.0150000000040587	-1.2048679609577562e-08
1.0160000000040534	-1.3768508777545208e-08
1.0170000000040464	-1.545365391208975e-08
1.0180000000040397	-1.710076813488115e-08
1.0190000000040325	-1.8705556659170952e-08
1.0200000000040257	-2.0264924849300314e-08
1.021000000004019	-2.1774980041300296e-08
1.0220000000040117	-2.323301684370449e-08
1.023000000004005	-2.4632962780657408e-08
1.0240000000039977	-2.5976334638855292e-08
1.025000000003991	-2.7256472634462625e-08
1.026000000003984	-2.8471792701267873e-08
1.027000000003977	-2.961961698133564e-08
1.0280000000039702	-3.069700271751685e-08
1.0290000000039632	-3.1702887870466157e-08
1.0300000000039562	-3.2633407975879436e-08
1.0310000000039494	-3.348647692469342e-08
1.0320000000039424	-3.426362904512814e-08
1.0330000000039354	-3.495822475940713e-08
1.0340000000039287	-3.557312400204182e-08
1.0350000000039217	-3.610474230697491e-08
1.0360000000039147	-3.655357017073868e-08
1.0370000000039077	-3.6916779411200196e-08
1.0380000000039007	-3.719691865633479e-08
1.039000000003894	-3.7391146179288626e-08
1.0400000000038867	-3.749936605679238e-08
1.04100000000388	-3.75244746386727e-08
1.0420000000038732	-3.7463237845258845e-08
1.043000000003866	-3.731782283189489e-08
1.0440000000038592	-3.7089014970348444e-08
1.0450000000038522	-3.677808990687481e-08
1.0460000000038452	-3.6385638058078484e-08
1.0470000000038384	-3.591262909274917e-08
1.0480000000038314	-3.536314352459158e-08
1.0490000000038244	-3.4735085696624424e-08
1.0500000000038174	-3.4033996954008217e-08
1.0510000000038104	-3.32596132857077e-08
1.0520000000038037	-3.241588331093226e-08
1.0530000000037967	-3.150461891365808e-08
1.0540000000037897	-3.052881192289192e-08
1.055000000003783	-2.9492391195873324e-08
1.056000000003776	-2.839470236715158e-08
1.057000000003769	-2.7245640188411357e-08
1.0580000000037622	-2.6042411116478092e-08
1.059000000003755	-2.4791246389099797e-08
1.0600000000037482	-2.3497046974796376e-08
1.0610000000037412	-2.2161183776958637e-08
1.0620000000037342	-2.0788778698488386e-08
1.0630000000037274	-1.9384571947611562e-08
1.0640000000037202	-1.7951382602632293e-08
1.0650000000037134	-1.6494622334661813e-08
1.0660000000037064	-1.50180863300875e-08
1.0670000000036994	-1.3525966791050337e-08
1.0680000000036927	-1.2023442463870992e-08
1.0690000000036857	-1.0514106474346363e-08
1.0700000000036787	-9.003100931437302e-09
1.071000000003672	-7.494699527654802e-09
1.072000000003665	-5.993285201455478e-09
1.073000000003658	-4.503706074743263e-09
1.0740000000036511	-3.0300784104042577e-09
1.075000000003644	-1.5766641325853925e-09
1.0760000000036372	-1.4913226209500863e-10
1.0770000000036304	1.2507334057332287e-09
1.0780000000036232	2.6166121491755234e-09
1.0790000000036164	3.944352844342802e-09
1.0800000000036092	5.2320600074651225e-09
1.0810000000036024	6.4729028803611754e-09
1.0820000000035954	7.665141410484466e-09
1.0830000000035884	8.80478989717659e-09
1.0840000000035817	9.888211804920388e-09
1.0850000000035747	1.0911440861960386e-08
1.0860000000035677	1.1872939187362874e-08
1.087000000003561	1.2766923074281067e-08
1.088000000003554	1.3593532854905277e-08
1.089000000003547	1.434782925802125e-08
1.0900000000035401	1.5030274469474136e-08
1.091000000003533	1.563538809534748e-08
1.0920000000035262	1.6163068550234527e-08
1.0930000000035192	1.6612149433825607e-08
1.0940000000035122	1.6978680239532196e-08
1.0950000000035054	1.726338627605628e-08
1.0960000000034982	1.746573552452446e-08
1.0970000000034914	1.758315137934119e-08
1.0980000000034844	1.7616162084621578e-08
1.0990000000034774	1.7563841492318488e-08
1.1000000000034706	1.7426772025430637e-08
1.1010000000034637	1.72038930879026e-08
1.1020000000034567	1.6898592858360928e-08
1.1030000000034499	1.6508338696041847e-08
1.104000000003443	1.6035456962271155e-08
1.105000000003436	1.5481252391147393e-08
1.106000000003429	1.4846645357557975e-08
1.107000000003422	1.4134343362393054e-08
1.1080000000034151	1.3345138327736095e-08
1.1090000000034081	1.2481842448508473e-08
1.1100000000034012	1.1546572586951243e-08
1.1110000000033944	1.0542335004970482e-08
1.1120000000033872	9.471597395283027e-09
1.1130000000033804	8.337794565882461e-09
1.1140000000033736	7.143571512102653e-09
1.1150000000033664	5.893165622161689e-09
1.1160000000033596	4.590140600946313e-09
1.1170000000033526	3.2378743020089473e-09
1.1180000000033457	1.8397231515976387e-09
1.1190000000033387	4.0234482412415673e-10
1.1200000000033317	-1.0726135535321646e-09
1.121000000003325	-2.5792878943775577e-09
1.122000000003318	-4.113862139831781e-09
1.123000000003311	-5.670464320317592e-09
1.1240000000033041	-7.245871014305294e-09
1.1250000000032971	-8.834071252294962e-09
1.1260000000032901	-1.0430452945797697e-08
1.1270000000032834	-1.2029964580051455e-08
1.1280000000032764	-1.3627527772896997e-08
1.1290000000032694	-1.5217983317938888e-08
1.1300000000032626	-1.679627992245969e-08
1.1310000000032554	-1.8357221742704155e-08
1.1320000000032486	-1.9895598279973115e-08
1.1330000000032414	-2.1406258987610727e-08
1.1340000000032346	-2.2884364625497255e-08
1.1350000000032279	-2.4324143588216884e-08
1.1360000000032207	-2.572122159705259e-08
1.1370000000032139	-2.707086954600868e-08
1.138000000003207	-2.836693324681505e-08
1.1390000000032	-2.960569522869605e-08
1.1400000000031931	-3.078254051658291e-08
1.1410000000031861	-3.189332797859379e-08
1.1420000000031791	-3.2929500459744077e-08
1.1430000000031724	-3.389375913265269e-08
1.1440000000031654	-3.4776476365294684e-08
1.1450000000031584	-3.5574128087745294e-08
1.1460000000031516	-3.628556255463877e-08
1.1470000000031444	-3.6904651112834586e-08
1.1480000000031376	-3.7428943056028174e-08
1.1490000000031304	-3.7853580714397594e-08
1.1500000000031236	-3.817728377875085e-08
1.1510000000031169	-3.839463924570907e-08
1.1520000000031096	-3.8505063582050525e-08
1.1530000000031029	-3.8505344912564965e-08
1.1540000000030959	-3.839426909735266e-08
1.155000000003089	-3.81648292968606e-08
1.1560000000030821	-3.7821527243409037e-08
1.1570000000030751	-3.735822540207323e-08
1.1580000000030681	-3.677522331102523e-08
1.1590000000030614	-3.607105014680201e-08
1.1600000000030544	-3.5243506113502576e-08
1.1610000000030474	-3.429503303564729e-08
1.1620000000030404	-3.322051322918185e-08
1.1630000000030334	-3.2023432128269746e-08
1.1640000000030266	-3.070210263800277e-08
1.1650000000030196	-2.925610509407761e-08
1.1660000000030126	-2.7689057047197707e-08
1.1670000000030059	-2.5999209452010064e-08
1.1680000000029986	-2.4186570080075853e-08
1.1690000000029919	-2.2255660425685164e-08
1.1700000000029849	-2.0205677131457378e-08
1.1710000000029779	-1.80388521897612e-08
1.172000000002971	-1.575767183403798e-08
1.1730000000029641	-1.3363941731014961e-08
1.1740000000029571	-1.0862107657771958e-08
1.1750000000029501	-8.250619965011197e-09
1.1760000000029431	-5.537782232778454e-09
1.1770000000029364	-2.721274761086079e-09
1.1780000000029294	1.8979851024170102e-10
1.1790000000029224	3.195456232951699e-09
1.1800000000029156	6.290158949262548e-09
1.1810000000029086	9.470247919196595e-09
1.1820000000029016	1.2730384857384536e-08
1.1830000000028948	1.6068302577387783e-08
1.1840000000028876	1.9477869872552844e-08
1.1850000000028809	2.295427758980395e-08
1.186000000002874	2.649381869446188e-08
1.1870000000028669	3.008763405087933e-08
1.18800000000286	3.373499479764064e-08
1.1890000000028529	3.742729814959489e-08
1.1900000000028461	4.1160463037925865e-08
1.1910000000028391	4.492825234070352e-08
1.1920000000028321	4.872496484065181e-08
1.1930000000028254	5.254507495777716e-08
1.1940000000028184	5.638261557638913e-08
1.1950000000028114	6.023141352340389e-08
1.1960000000028046	6.408575115024462e-08
1.1970000000027976	6.793973372776207e-08
1.1980000000027906	7.178710215161033e-08
1.1990000000027838	7.562228809820937e-08
1.2000000000027768	7.943912982977253e-08
1.2010000000027699	8.323130840093285e-08
1.2020000000027629	8.699408460266511e-08
1.2030000000027559	9.072115836339378e-08
1.204000000002749	9.440535009286322e-08
1.2050000000027419	9.804431211346554e-08
1.206000000002735	1.0162922270406938e-07
1.2070000000027283	1.051568701004868e-07
1.2080000000027211	1.0862084476315204e-07
1.2090000000027143	1.1201621730183575e-07
1.2100000000027074	1.1533901067561914e-07
1.2110000000027004	1.1858247239704411e-07
1.2120000000026936	1.2174392638453213e-07
1.2130000000026866	1.248178186363802e-07
1.2140000000026796	1.2780024716274596e-07
1.2150000000026726	1.3068651383285612e-07
1.2160000000026656	1.334741577263543e-07
1.2170000000026588	1.3615733418514964e-07
1.2180000000026519	1.3873543069919947e-07
1.2190000000026449	1.4120036995191043e-07
1.220000000002638	1.4355396593668246e-07
1.2210000000026309	1.457936560367301e-07
1.222000000002624	1.4791214264509023e-07
1.2230000000026173	1.4990965169214832e-07
1.2240000000026101	1.5178460321951803e-07
1.2250000000026033	1.5353615334667836e-07
1.2260000000025963	1.5515901152785005e-07
1.2270000000025894	1.5665469821346534e-07
1.2280000000025826	1.580213999652358e-07
1.2290000000025754	1.5925798702021154e-07
1.2300000000025686	1.6036367567195953e-07
1.2310000000025616	1.6133774205506768e-07
1.2320000000025546	1.621805743035054e-07
1.2330000000025478	1.6289320980966693e-07
1.2340000000025408	1.6347171283292994e-07
1.2350000000025338	1.6392136692466863e-07
1.236000000002527	1.642415765612526e-07
1.23700000000252	1.6443150496758818e-07
1.238000000002513	1.6449325934697612e-07
1.2390000000025063	1.6442802386329447e-07
1.240000000002499	1.6423890458749923e-07
1.2410000000024923	1.6392506352325142e-07
1.2420000000024853	1.6348854059433648e-07
1.2430000000024783	1.6293547444590217e-07
1.2440000000024716	1.6226195875823635e-07
1.2450000000024644	1.6147345383021872e-07
1.2460000000024576	1.6057287488546734e-07
1.2470000000024506	1.5956297649832862e-07
1.2480000000024436	1.5844556211508376e-07
1.2490000000024368	1.5722381396798824e-07
1.2500000000024298	1.5590076740679137e-07
1.2510000000024228	1.5447904955223635e-07
1.252000000002416	1.529635365038473e-07
1.253000000002409	1.5135652831066437e-07
1.254000000002402	1.4966137373839672e-07
1.2550000000023953	1.478822908573818e-07
1.256000000002388	1.4602144049469246e-07
1.2570000000023813	1.440844095146332e-07
1.2580000000023743	1.420743621638465e-07
1.2590000000023673	1.3999336578862653e-07
1.2600000000023606	1.3784836550012614e-07
1.2610000000023533	1.3564105438845786e-07
1.2620000000023466	1.3337492843490395e-07
1.2630000000023396	1.310564932133218e-07
1.2640000000023326	1.2868713550329147e-07
1.2650000000023258	1.2627246814833626e-07
1.2660000000023188	1.238150317828257e-07
1.2670000000023118	1.2131995685837893e-07
1.268000000002305	1.187907642252739e-07
1.269000000002298	1.162312166513857e-07
1.270000000002291	1.1364554719506259e-07
1.271000000002284	1.1103709773863102e-07
1.272000000002277	1.08409733079462e-07
1.2730000000022703	1.0576798614714278e-07
1.2740000000022633	1.0311448628286257e-07
1.2750000000022563	1.0045329312813323e-07
1.2760000000022496	9.778807275040435e-08
1.2770000000022423	9.512203624773008e-08
1.2780000000022356	9.245864096563139e-08
1.2790000000022288	8.980140508985102e-08
1.2800000000022216	8.715287869165422e-08
1.2810000000022148	8.451720767688187e-08
1.2820000000022078	8.189652633827649e-08
1.2830000000022008	7.929402900952454e-08
1.2840000000021938	7.671311819112958e-08
1.2850000000021868	7.415507097263685e-08
1.28600000000218	7.16241504994386e-08
1.287000000002173	6.912183792007198e-08
1.288000000002166	6.665081409007456e-08
1.2890000000021593	6.421319675986581e-08
1.2900000000021523	6.181131850802046e-08
1.2910000000021453	5.944698544535498e-08
1.2920000000021385	5.712247663769432e-08
1.2930000000021313	5.483866205580057e-08
1.2940000000021246	5.259871571627883e-08
1.2950000000021178	5.040270179001993e-08
1.2960000000021106	4.825282839959755e-08
1.2970000000021038	4.615064119750656e-08
1.2980000000020966	4.409617182510317e-08
1.2990000000020898	4.2091983121217424e-08
1.3000000000020828	4.0137546397644996e-08
1.3010000000020758	3.8235096422312154e-08
1.302000000002069	3.638429668662013e-08
1.303000000002062	3.458560771107955e-08
1.304000000002055	3.284190330798964e-08
1.3050000000020483	3.1150098500631884e-08
1.3060000000020413	2.9512590038471842e-08
1.3070000000020343	2.7929383028535426e-08
1.3080000000020275	2.6400144736982156e-08
1.3090000000020205	2.492388362362874e-08
1.3100000000020136	2.3502929491492353e-08
1.3110000000020068	2.2134904131831945e-08
1.3120000000019996	2.082080174936607e-08
1.3130000000019928	1.9559675434877022e-08
1.3140000000019856	1.8351223096679803e-08
1.3150000000019788	1.7194540458120855e-08
1.316000000001972	1.608945132680617e-08
1.3170000000019648	1.5035178435596208e-08
1.318000000001958	1.4030467010428538e-08
1.319000000001951	1.307517194515384e-08
1.320000000001944	1.2168215546282113e-08
1.3210000000019373	1.1308461722592256e-08
1.3220000000019303	1.0494477509226385e-08
1.3230000000019233	9.727010863436192e-09
1.3240000000019165	9.003137901864022e-09
1.3250000000019095	8.322328159948711e-09
1.3260000000019025	7.68365837622298e-09
1.3270000000018956	7.085866449152434e-09
1.3280000000018886	6.5278641381283364e-09
1.3290000000018818	6.007894626236521e-09
1.3300000000018748	5.525522595029031e-09
1.3310000000018678	5.078742426611882e-09
1.332000000001861	4.667011666015242e-09
1.3330000000018538	4.288708499444738e-09
1.334000000001847	3.9420267050616076e-09
1.33500000000184	3.6266029068698913e-09
1.336000000001833	3.3402653976111196e-09
1.3370000000018263	3.0823634755705598e-09
1.3380000000018193	2.851763714062372e-09
1.3390000000018123	2.6460180713172576e-09
1.3400000000018053	2.4650679275595166e-09
1.3410000000017983	2.3072441734939275e-09
1.3420000000017915	2.1710132580565755e-09
1.3430000000017845	2.0554742352629773e-09
1.3440000000017776	1.9593651146010416e-09
1.3450000000017708	1.881260036640242e-09
1.3460000000017638	1.8201360418856893e-09
1.3470000000017568	1.7747564529102533e-09
1.34800000000175	1.7441557087494175e-09
1.3490000000017428	1.7271261087969947e-09
1.350000000001736	1.7225155746203313e-09
1.3510000000017293	1.7292528520229666e-09
1.352000000001722	1.7465687784934403e-09
1.3530000000017153	1.7730775736524151e-09
1.354000000001708	1.8082237929206713e-09
1.3550000000017013	1.8507717580718008e-09
1.3560000000016943	1.900075319305472e-09
1.3570000000016873	1.9551509300441694e-09
1.3580000000016805	2.01522931675413e-09
1.3590000000016735	2.079580396774361e-09
1.3600000000016665	2.147376165773096e-09
1.3610000000016598	2.2180066672206067e-09
1.3620000000016528	2.2907682417638853e-09
1.3630000000016458	2.365043050289728e-09
1.364000000001639	2.440237789613775e-09
1.3650000000016318	2.515802677294232e-09
1.366000000001625	2.591243442040536e-09
1.367000000001618	2.6660524898858284e-09
1.368000000001611	2.7398122659505475e-09
1.3690000000016043	2.812134081153772e-09
1.370000000001597	2.8826018239058726e-09
1.3710000000015903	2.950964139714074e-09
1.3720000000015833	3.0168360032334363e-09
1.3730000000015763	3.0800473282965868e-09
1.3740000000015695	3.140291471304124e-09
1.3750000000015625	3.1973956815534166e-09
1.3760000000015555	3.251289792949308e-09
1.3770000000015488	3.3016607225988537e-09
1.3780000000015418	3.348604948882894e-09
1.3790000000015348	3.3919101971591203e-09
1.3800000000015278	3.431603112780124e-09
1.3810000000015208	3.4676426174939934e-09
1.382000000001514	3.500078893381442e-09
1.383000000001507	3.528915160089241e-09
1.3840000000015	3.554211258638418e-09
1.3850000000014933	3.5760927552530575e-09
1.386000000001486	3.5946462473290808e-09
1.3870000000014793	3.6099989664251098e-09
1.3880000000014725	3.62234953144025e-09
1.3890000000014653	3.6317728824286633e-09
1.3900000000014585	3.63852104001694e-09
1.3910000000014515	3.642815604720795e-09
1.3920000000014445	3.6447792561844494e-09
1.3930000000014378	3.6447261875238723e-09
1.3940000000014305	3.642831036820837e-09
1.3950000000014238	3.639404444477634e-09
1.3960000000014168	3.6346483600624424e-09
1.3970000000014098	3.6288646532156577e-09
1.398000000001403	3.6223064547868944e-09
1.399000000001396	3.6152502103092843e-09
1.400000000001389	3.6079926823973096e-09
1.4010000000013823	3.600798326175436e-09
1.4020000000013753	3.5939567988307886e-09
1.4030000000013683	3.5877736337397437e-09
1.4040000000013615	3.582508179000854e-09
1.4050000000013543	3.578452978381108e-09
1.4060000000013475	3.575904461428081e-09
1.4070000000013405	3.5751374083403675e-09
1.4080000000013335	3.576366314206325e-09
1.4090000000013267	3.5799636588507155e-09
1.4100000000013195	3.5860902025675045e-09
1.4110000000013128	3.5950600274503586e-09
1.4120000000013058	3.6071247100366577e-09
1.4130000000012988	3.622458555341268e-09
1.414000000001292	3.641345891480796e-09
1.415000000001285	3.6639671296967435e-09
1.416000000001278	3.690581729109965e-09
1.4170000000012712	3.7214304970945022e-09
1.4180000000012642	3.756525646103626e-09
1.4190000000012573	3.796263858824034e-09
1.4200000000012505	3.840614271055642e-09
1.4210000000012433	3.889854771621515e-09
1.4220000000012365	3.9442554777835426e-09
1.4230000000012293	4.003560705179154e-09
1.4240000000012225	4.0682128776836635e-09
1.4250000000012157	4.1383103610570515e-09
1.4260000000012085	4.213740689706924e-09
1.4270000000012018	4.294706479335275e-09
1.4280000000011948	4.381392582075705e-09
1.4290000000011878	4.4736931936739666e-09
1.430000000001181	4.57173321422033e-09
1.431000000001174	4.675497322637057e-09
1.432000000001167	4.784985518924145e-09
1.4330000000011602	4.900341465940983e-09
1.4340000000011532	5.021515869785276e-09
1.4350000000011462	5.1483777241401185e-09
1.4360000000011393	5.281026838055425e-09
1.4370000000011323	5.419523052552222e-09
1.4380000000011255	5.563686178433613e-09
1.4390000000011185	5.713503670179421e-09
1.4400000000011115	5.868965313737817e-09
1.4410000000011047	6.02993255327533e-09
1.4420000000010975	6.19647533284251e-09
1.4430000000010907	6.36840302714603e-09
1.4440000000010837	6.545700759197359e-09
1.4450000000010768	6.728178125747775e-09
1.44600000000107	6.915918948635635e-09
1.447000000001063	7.1086923014718195e-09
1.448000000001056	7.306436899945368e-09
1.449000000001049	7.50898143664358e-09
1.450000000001042	7.716389749390373e-09
1.4510000000010352	7.92840681995699e-09
1.4520000000010282	8.145049412711103e-09
1.4530000000010213	8.365956261080498e-09
1.4540000000010145	8.591334532681572e-09
1.4550000000010075	8.820787211760717e-09
1.4560000000010005	9.054365035510159e-09
1.4570000000009937	9.291893920959637e-09
1.4580000000009865	9.533212441681371e-09
1.4590000000009797	9.778243548197452e-09
1.460000000000973	1.0026973473742373e-08
1.4610000000009657	1.0279023632264739e-08
1.462000000000959	1.0534414007778992e-08
1.4630000000009518	1.0793139826326126e-08
1.464000000000945	1.1054798632059715e-08
1.465000000000938	1.131962767964012e-08
1.466000000000931	1.1587163117887656e-08
1.4670000000009242	1.1857517412394714e-08
1.4680000000009172	1.2130495274931263e-08
1.4690000000009102	1.2405950045035752e-08
1.4700000000009035	1.2683783356948197e-08
1.4710000000008965	1.2963965567713842e-08
1.4720000000008895	1.3246244323639189e-08
1.4730000000008827	1.3530610187828529e-08
1.4740000000008757	1.3816913058128932e-08
1.4750000000008687	1.4105044465750893e-08
1.476000000000862	1.4394881731050191e-08
1.4770000000008547	1.4686406757391524e-08
1.478000000000848	1.4979356866007265e-08
1.4790000000008408	1.5273753595224093e-08
1.480000000000834	1.556946849223806e-08
1.4810000000008272	1.586636899642002e-08
1.48200000000082	1.6164362071080518e-08
1.4830000000008132	1.6463411189882038e-08
1.4840000000008062	1.6763335830560777e-08
1.4850000000007992	1.7064078705608665e-08
1.4860000000007925	1.7365571092220478e-08
1.4870000000007855	1.766772439459885e-08
1.4880000000007785	1.797041149220746e-08
1.4890000000007717	1.827361251205417e-08
1.4900000000007645	1.8577226756910648e-08
1.4910000000007577	1.888115375159316e-08
1.4920000000007507	1.9185389721343427e-08
1.4930000000007437	1.9489793112725806e-08
1.494000000000737	1.97943864632677e-08
1.49500000000073	2.009901356458954e-08
1.496000000000723	2.040373026090947e-08
1.497000000000716	2.070838567291844e-08
1.498000000000709	2.1012994122493467e-08
1.4990000000007022	2.1317491105676822e-08
1.5000000000006952	2.162183720955113e-08
1.5010000000006882	2.1925990134619155e-08
1.5020000000006815	2.2229921348149162e-08
1.5030000000006745	2.2533580890105043e-08
1.5040000000006675	2.2836968316397588e-08
1.5050000000006605	2.3140013238887036e-08
1.5060000000006535	2.3442720875621603e-08
1.5070000000006467	2.3745042709855113e-08
1.5080000000006397	2.4046956648149376e-08
1.5090000000006327	2.4348453919742497e-08
1.5100000000006257	2.4649478680416337e-08
1.5110000000006187	2.495003292857234e-08
1.512000000000612	2.5250084911832005e-08
1.513000000000605	2.554960132350459e-08
1.514000000000598	2.5848558182772763e-08
1.5150000000005912	2.614692962144005e-08
1.5160000000005842	2.6444681777704204e-08
1.5170000000005772	2.6741803438312672e-08
1.5180000000005702	2.7038241423582576e-08
1.5190000000005632	2.733396842202751e-08
1.5200000000005565	2.7628947019131544e-08
1.5210000000005495	2.7923143575137033e-08
1.5220000000005425	2.821651456930141e-08
1.5230000000005357	2.850902236506414e-08
1.5240000000005285	2.880059868370921e-08
1.5250000000005217	2.909121243899193e-08
1.5260000000005147	2.9380809674073305e-08
1.5270000000005077	2.9669330992021514e-08
1.528000000000501	2.995671555261481e-08
1.529000000000494	3.024290751163505e-08
1.530000000000487	3.0527834704585644e-08
1.53100000000048	3.08114347369326e-08
1.532000000000473	3.109360835473751e-08
1.5330000000004662	3.1374280951013134e-08
1.5340000000004592	3.1653423770983125e-08
1.5350000000004522	3.1930906474464393e-08
1.5360000000004455	3.2206626920938675e-08
1.5370000000004385	3.248053603854828e-08
1.5380000000004315	3.275249216283527e-08
1.5390000000004245	3.302240880742602e-08
1.5400000000004175	3.329022280063043e-08
1.5410000000004107	3.355575972641134e-08
1.5420000000004037	3.381894020382248e-08
1.5430000000003967	3.407966586710387e-08
1.5440000000003897	3.433777151506945e-08
1.5450000000003827	3.459315922604844e-08
1.546000000000376	3.484566346578788e-08
1.547000000000369	3.5095278128061125e-08
1.548000000000362	3.534169523700115e-08
1.549000000000355	3.558487260413301e-08
1.5500000000003482	3.582466800988726e-08
1.5510000000003412	3.606084653107189e-08
1.5520000000003342	3.6293404281906305e-08
1.5530000000003272	3.65220430564861e-08
1.5540000000003205	3.6746638842899415e-08
1.5550000000003135	3.696710704215178e-08
1.5560000000003065	3.71832132861627e-08
1.5570000000002997	3.739475373798484e-08
1.5580000000002925	3.7601598057435126e-08
1.5590000000002857	3.7803512986656074e-08
1.5600000000002787	3.8000390278902785e-08
1.5610000000002717	3.8191999784942254e-08
1.5620000000002647	3.83781260104854e-08
1.5630000000002577	3.8558674919642044e-08
1.564000000000251	3.8733379836841664e-08
1.565000000000244	3.8902006060936856e-08
1.566000000000237	3.9064505630292956e-08
1.5670000000002302	3.922046232229803e-08
1.5680000000002232	3.936977888141513e-08
1.5690000000002162	3.9512307425937365e-08
1.5700000000002092	3.9647881755477954e-08
1.5710000000002025	3.9776159255211496e-08
1.5720000000001955	3.989693930783744e-08
1.5730000000001885	4.001023401478676e-08
1.5740000000001815	4.011554777250126e-08
1.5750000000001747	4.021304045309648e-08
1.5760000000001675	4.030234723728654e-08
1.5770000000001607	4.038322132249306e-08
1.5780000000001537	4.045542756347942e-08
1.5790000000001467	4.051904733959333e-08
1.58000000000014	4.0573741033611554e-08
1.581000000000133	4.061940150901222e-08
1.582000000000126	4.065594449986776e-08
1.583000000000119	4.0682987645368485e-08
1.584000000000112	4.0700641523727654e-08
1.5850000000001052	4.07086055975725e-08
1.5860000000000982	4.070706238756827e-08
1.5870000000000912	4.0695474767815654e-08
1.5880000000000845	4.0673960310932955e-08
1.5890000000000775	4.0642399445900423e-08
1.5900000000000705	4.060078595546912e-08
1.5910000000000635	4.0548838398102305e-08
1.5920000000000565	4.04866389303038e-08
1.5930000000000497	4.0414129265364807e-08
1.5940000000000427	4.0331088246858826e-08
1.5950000000000357	4.0237640219764614e-08
1.5960000000000287	4.013350918263825e-08
1.5970000000000217	4.001904252426414e-08
1.598000000000015	3.98936956802487e-08
1.599000000000008	3.9757742431589804e-08
1.600000000000001	3.9611308899623054e-08
1.6009999999999942	3.9453987410453806e-08
1.6019999999999872	3.928590730506443e-08
1.6029999999999802	3.910715962174294e-08
1.6039999999999732	3.8917731703946856e-08
1.6049999999999662	3.8717339112537275e-08
1.6059999999999595	3.8506303479124426e-08
1.6069999999999525	3.828460259924782e-08
1.6079999999999455	3.8051900297375596e-08
1.6089999999999387	3.7808584707477166e-08
1.6099999999999315	3.755452193665576e-08
1.6109999999999247	3.728985542572616e-08
1.6119999999999177	3.7014396325751875e-08
1.6129999999999107	3.6728136865171734e-08
1.6139999999999037	3.6431578309681356e-08
1.614999999999897	3.612435506283873e-08
1.61599999999989	3.580654461821098e-08
1.616999999999883	3.547855864649563e-08
1.617999999999876	3.5139956833241115e-08
1.6189999999998692	3.4791197478512004e-08
1.6199999999998622	3.4432134587980556e-08
1.6209999999998552	3.406318183074575e-08
1.6219999999998485	3.368399492664764e-08
1.6229999999998415	3.3295119217235936e-08
1.6239999999998345	3.289643257797792e-08
1.6249999999998275	3.2488009948927754e-08
1.6259999999998205	3.207031606944355e-08
1.6269999999998137	3.164303596925322e-08
1.6279999999998067	3.1206763950741845e-08
1.6289999999997997	3.076143073599269e-08
1.6299999999997927	3.0307142351304606e-08
1.6309999999997857	2.984431202168736e-08
1.631999999999779	2.937298315686121e-08
1.632999999999772	2.889332340050288e-08
1.633999999999765	2.84055552413065e-08
1.634999999999758	2.790987996270644e-08
1.6359999999997512	2.7406637403970535e-08
1.6369999999997442	2.6895762172962634e-08
1.6379999999997372	2.637758800272394e-08
1.6389999999997302	2.5852527230085798e-08
1.6399999999997235	2.5320380792059893e-08
1.6409999999997165	2.4781656282613085e-08
1.6419999999997095	2.4236548212819287e-08
1.6429999999997025	2.368516571760182e-08
1.6439999999996955	2.3127726067606602e-08
1.6449999999996887	2.2564658919144165e-08
1.6459999999996817	2.1995856802625724e-08
1.6469999999996747	2.1421823426237552e-08
1.6479999999996677	2.0842692682876418e-08
1.6489999999996607	2.02586258879478e-08
1.649999999999654	1.9669914586017967e-08
1.650999999999647	1.907687185997986e-08
1.65199999999964	1.847966712986704e-08
1.6529999999996332	1.7878570179874487e-08
1.6539999999996262	1.7273741215184657e-08
1.6549999999996192	1.6665581692443254e-08
1.6559999999996122	1.6054314322389018e-08
1.6569999999996052	1.544010863607781e-08
1.6579999999995985	1.482326950075219e-08
1.6589999999995915	1.4204052711797033e-08
1.6599999999995845	1.3582752811380772e-08
1.6609999999995777	1.2959521233923965e-08
1.6619999999995705	1.2334723686890925e-08
1.6629999999995637	1.1708510494479185e-08
1.6639999999995567	1.1081198070250764e-08
1.6649999999995497	1.0452995802268106e-08
1.665999999999543	9.824145830172881e-09
1.666999999999536	9.194905503662198e-09
1.667999999999529	8.565449460817831e-09
1.668999999999522	7.936083790127668e-09
1.669999999999515	7.306952376495701e-09
1.6709999999995082	6.678323560826982e-09
1.6719999999995012	6.05036953871263e-09
1.6729999999994942	5.423350768474222e-09
1.6739999999994875	4.797405139811417e-09
1.6749999999994805	4.172792444911977e-09
1.6759999999994735	3.5496674488655344e-09
1.6769999999994665	2.9282476443626138e-09
1.6779999999994595	2.3087199929605617e-09
1.6789999999994527	1.6912421463288752e-09
1.6799999999994457	1.0760043966939747e-09
1.6809999999994387	4.63209692824762e-10
1.6819999999994317	-1.4696377448331077e-10
1.6829999999994247	-7.543397018139331e-10
1.683999999999418	-1.3587821978688908e-09
1.684999999999411	-1.9600561174115683e-09
1.685999999999404	-2.5580135787350855e-09
1.6869999999993972	-3.1525331234405485e-09
1.6879999999993902	-3.743328091942999e-09
1.6889999999993832	-4.330455105616693e-09
1.6899999999993762	-4.913384366034279e-09
1.6909999999993692	-5.492315935384795e-09
1.6919999999993625	-6.066947610960938e-09
1.6929999999993555	-6.637058014291597e-09
1.6939999999993485	-7.20264026199402e-09
1.6949999999993415	-7.76347630626617e-09
1.6959999999993345	-8.319333000272877e-09
1.6969999999993277	-8.870306711372677e-09
1.6979999999993207	-9.416211366186644e-09
1.6989999999993137	-9.956704127844773e-09
1.6999999999993067	-1.049205211600679e-08
1.7009999999993	-1.102181923506862e-08
1.701999999999293	-1.1546207545620746e-08
1.702999999999286	-1.2065034304953315e-08
1.703999999999279	-1.2578190711209913e-08
1.7049999999992722	-1.3085811323421126e-08
1.7059999999992652	-1.3587650560253905e-08
1.7069999999992582	-1.4083837429623713e-08
1.7079999999992515	-1.4574406570488918e-08
1.7089999999992442	-1.5059229419023268e-08
1.7099999999992375	-1.5538290210059813e-08
1.7109999999992305	-1.601182364474596e-08
1.7119999999992235	-1.6479600573049424e-08
1.7129999999992167	-1.6941873681730613e-08
1.7139999999992095	-1.739858146443396e-08
1.7149999999992027	-1.784965553142115e-08
1.7159999999991957	-1.8295251313915628e-08
1.7169999999991887	-1.8735406115411024e-08
1.717999999999182	-1.9170050435945996e-08
1.718999999999175	-1.9599162293104655e-08
1.719999999999168	-2.002290755420688e-08
1.720999999999161	-2.044122560107553e-08
1.721999999999154	-2.0854022508842718e-08
1.7229999999991472	-2.1261409299810907e-08
1.7239999999991402	-2.1663233429336515e-08
1.7249999999991332	-2.2059562398979438e-08
1.7259999999991265	-2.2450314718369668e-08
1.7269999999991195	-2.2835445978586222e-08
1.7279999999991125	-2.3214824063089168e-08
1.7289999999991055	-2.358851447503696e-08
1.7299999999990985	-2.3956406636216343e-08
1.7309999999990917	-2.43182922687879e-08
1.7319999999990847	-2.4674001730673467e-08
1.7329999999990777	-2.5023874972163185e-08
1.7339999999990707	-2.5367457689995376e-08
1.7349999999990655	-2.570460244655237e-08
1.7359999999990614	-2.603536786160987e-08
1.7369999999990573	-2.635947193851962e-08
1.7379999999990532	-2.6677053455159694e-08
1.7389999999990489	-2.698760126484956e-08
1.7399999999990448	-2.7291296111897623e-08
1.7409999999990406	-2.7587893747238468e-08
1.7419999999990363	-2.7877294250799878e-08
1.7429999999990322	-2.8159219400691882e-08
1.743999999999028	-2.843379087735798e-08
1.744999999999024	-2.870062965065756e-08
1.74599999999902	-2.8959563191932602e-08
1.7469999999990156	-2.9210518448508083e-08
1.7479999999990115	-2.9453558259007195e-08
1.7489999999990071	-2.9688350444700973e-08
1.749999999999003	-2.991433345478356e-08
1.7509999999990045	-3.013218385916616e-08
1.751999999999006	-3.034118178923961e-08
1.7529999999990071	-3.054118735690281e-08
1.7539999999990086	-3.0732384193044027e-08
1.75499999999901	-3.0914285131800057e-08
1.7559999999990115	-3.1086991869599956e-08
1.756999999999013	-3.12501695631795e-08
1.7579999999990141	-3.14037422732838e-08
1.7589999999990156	-3.1547602308279465e-08
1.759999999999017	-3.168159268263082e-08
1.7609999999990182	-3.180544982939182e-08
1.7619999999990197	-3.191934894175574e-08
1.7629999999990211	-3.20229387451576e-08
1.7639999999990226	-3.211602139785441e-08
1.7649999999990238	-3.2198630206536905e-08
1.7659999999990263	-3.2270509597864816e-08
1.7669999999990305	-3.23315763051113e-08
1.7679999999990346	-3.238184076437278e-08
1.7689999999990387	-3.242125434788079e-08
1.769999999999043	-3.244938628910177e-08
1.7709999999990471	-3.246647439780759e-08
1.7719999999990512	-3.247217850166351e-08
1.7729999999990556	-3.246676749668609e-08
1.7739999999990597	-3.244951951586472e-08
1.7749999999990638	-3.242100410361104e-08
1.7759999999990679	-3.238094925528401e-08
1.776999999999072	-3.232916068185432e-08
1.7779999999990763	-3.2265684568599795e-08
1.7789999999990804	-3.2190665022469034e-08
1.7799999999990845	-3.210357379934692e-08
1.7809999999990886	-3.2004864314316706e-08
1.781999999999093	-3.189421482474586e-08
1.782999999999097	-3.177159157985443e-08
1.7839999999991012	-3.1636976816074025e-08
1.7849999999991053	-3.149018601433795e-08
1.7859999999991096	-3.1331696126457587e-08
1.7869999999991137	-3.116050750762156e-08
1.7879999999991179	-3.0977438614243624e-08
1.788999999999122	-3.0781951876335256e-08
1.789999999999126	-3.057405750794828e-08
1.7909999999991304	-3.0353495494850335e-08
1.7919999999991345	-3.0120594018967495e-08
1.7929999999991386	-2.987474356785924e-08
1.7939999999991427	-2.9616303409696343e-08
1.794999999999147	-2.9344932039876426e-08
1.7959999999991512	-2.9060444717288192e-08
1.7969999999991553	-2.8762865644793578e-08
1.7979999999991594	-2.8452148859159365e-08
1.7989999999991637	-2.812830190990212e-08
1.7999999999991678	-2.7791002610300097e-08
1.800999999999172	-2.7440548944213106e-08
1.801999999999176	-2.7076481501353555e-08
1.8029999999991801	-2.669936360888414e-08
1.8039999999991845	-2.6308760725513025e-08
1.8049999999991886	-2.5905173783868918e-08
1.8059999999991927	-2.5488224864034237e-08
1.8069999999991968	-2.5058623842610928e-08
1.8079999999992011	-2.461565573597113e-08
1.8089999999992052	-2.4160254019633953e-08
1.8099999999992094	-2.369236806742947e-08
1.8109999999992135	-2.3211943478429475e-08
1.8119999999992178	-2.2719887970978903e-08
1.812999999999222	-2.2215856931850908e-08
1.813999999999226	-2.1700645724820333e-08
1.8149999999992301	-2.1173920616845976e-08
1.8159999999992344	-2.0636667930062913e-08
1.8169999999992386	-2.0089039320936308e-08
1.8179999999992427	-1.9531313233400738e-08
1.8189999999992468	-1.896387957778245e-08
1.819999999999251	-1.8387001254893676e-08
1.8209999999992552	-1.7801651042148592e-08
1.8219999999992593	-1.7207216984616025e-08
1.8229999999992634	-1.6604938091191457e-08
1.8239999999992675	-1.5994702451394005e-08
1.8249999999992719	-1.537682203789359e-08
1.825999999999276	-1.4752088661751372e-08
1.82699999999928	-1.4120336011558265e-08
1.8279999999992842	-1.3482249983098882e-08
1.8289999999992885	-1.283795447726277e-08
1.8299999999992926	-1.2187819198317129e-08
1.8309999999992967	-1.1532257815360936e-08
1.8319999999993009	-1.0871288536051793e-08
1.8329999999993052	-1.0205558176323848e-08
1.8339999999993093	-9.5349044215709e-09
1.8349999999993134	-8.860072675531683e-09
1.8359999999993175	-8.180853772188357e-09
1.8369999999993218	-7.4980537334568e-09
1.837999999999326	-6.811529340566835e-09
1.83899999999933	-6.121835705030776e-09
1.8399999999993342	-5.42909672773817e-09
1.8409999999993385	-4.73374583975783e-09
1.8419999999993426	-4.036022627218472e-09
1.8429999999993467	-3.3363498630478716e-09
1.8439999999993508	-2.6349642467948797e-09
1.844999999999355	-1.9323616040622937e-09
1.8459999999993593	-1.2287979522795922e-09
1.8469999999993634	-5.247411394293522e-10
1.8479999999993675	1.7942436425499864e-10
1.8489999999993716	8.83329076550865e-10
1.849999999999376	1.5864503044582534e-09
1.85099999999938	2.2883273054219444e-09
1.8519999999993841	2.9885505181681538e-09
1.8529999999993882	3.6865981378753077e-09
1.8539999999993926	4.381944918030456e-09
1.8549999999993967	5.074084707956672e-09
1.8559999999994008	5.762505583817301e-09
1.856999999999405	6.446508216129132e-09
1.857999999999409	7.125724232892594e-09
1.8589999999994133	7.799534129659946e-09
1.8599999999994175	8.467296530589863e-09
1.8609999999994216	9.128476308184474e-09
1.861999999999426	9.782553433979047e-09
1.86299999999943	1.0428961472186415e-08
1.863999999999434	1.1066989102914704e-08
1.8649999999994382	1.1696414059514382e-08
1.8659999999994423	1.2316502706610777e-08
1.8669999999994467	1.2926646753008697e-08
1.8679999999994508	1.3526537334662692e-08
1.8689999999994549	1.4115662971825316e-08
1.869999999999459	1.4693284589029076e-08
1.870999999999463	1.525933623902631e-08
1.8719999999994674	1.5813013787280283e-08
1.8729999999994715	1.6353903564692018e-08
1.8739999999994756	1.688178663528106e-08
1.87499999999948	1.7396073026532122e-08
1.875999999999484	1.7896052639798654e-08
1.8769999999994882	1.8381717259430275e-08
1.8779999999994923	1.885278266833268e-08
1.8789999999994964	1.9308389997974018e-08
1.8799999999995007	1.974823582440166e-08
1.8809999999995048	2.0172091996784047e-08
1.881999999999509	2.0579892900940422e-08
1.882999999999513	2.0970342795578745e-08
1.8839999999995174	2.1343621203762098e-08
1.8849999999995215	2.1699753549597744e-08
1.8859999999995256	2.2038110336630723e-08
1.8869999999995297	2.2357983464615927e-08
1.887999999999534	2.265979515136962e-08
1.8889999999995382	2.2943446476020313e-08
1.8899999999995423	2.320851000270352e-08
1.8909999999995464	2.34546231325794e-08
1.8919999999995505	2.3682167338279214e-08
1.8929999999995548	2.3890867173470554e-08
1.893999999999559	2.4081106664297636e-08
1.894999999999563	2.4252874708530214e-08
1.8959999999995671	2.440602342446141e-08
1.8969999999995715	2.4541038423642192e-08
1.8979999999995756	2.4658192265825107e-08
1.8989999999995797	2.4757619399018438e-08
1.8999999999995838	2.4839971857204546e-08
1.9009999999995881	2.4904795670188662e-08
1.9019999999995922	2.495302431348989e-08
1.9029999999995963	2.4985036040092723e-08
1.9039999999996005	2.500056850429644e-08
1.9049999999996048	2.5000308156997164e-08
1.905999999999609	2.498478568480067e-08
1.906999999999613	2.4953941912819744e-08
1.9079999999996171	2.4908203277718144e-08
1.9089999999996214	2.484773653499417e-08
1.9099999999996256	2.4773036955139105e-08
1.9109999999996297	2.468388715648473e-08
1.9119999999996338	2.4580696589282525e-08
1.9129999999996379	2.4463498893290136e-08
1.9139999999996422	2.433253776246147e-08
1.9149999999996463	2.4188055336438197e-08
1.9159999999996504	2.402995447070566e-08
1.9169999999996545	2.385811548322181e-08
1.9179999999996589	2.367285123483498e-08
1.918999999999663	2.347458138984848e-08
1.919999999999667	2.3262628268128083e-08
1.9209999999996712	2.30373217169344e-08
1.9219999999996755	2.2798893439812673e-08
1.9229999999996796	2.2547194888922206e-08
1.9239999999996837	2.2282291567421453e-08
1.9249999999996878	2.200477167146886e-08
1.9259999999996922	2.1714056441801688e-08
1.9269999999996963	2.141076760331373e-08
1.9279999999997004	2.1095002189497336e-08
1.9289999999997045	2.0767141450939164e-08
1.9299999999997088	2.0427273428325066e-08
1.930999999999713	2.0076115214706647e-08
1.931999999999717	1.9713448873304174e-08
1.9329999999997212	1.9340208989859775e-08
1.9339999999997253	1.895664758500004e-08
1.9349999999997296	1.8563047321507042e-08
1.9359999999997337	1.816024997047805e-08
1.9369999999997378	1.774853142233468e-08
1.937999999999742	1.7328414592121533e-08
1.9389999999997463	1.69005212047324e-08
1.9399999999997504	1.646517366893363e-08
1.9409999999997545	1.6022967064266425e-08
1.9419999999997586	1.5573980549632438e-08
1.942999999999763	1.5118975293937353e-08
1.943999999999767	1.4657888902647187e-08
1.9449999999997711	1.4191386621398294e-08
1.9459999999997752	1.3719500091546877e-08
1.9469999999997794	1.3242598240204018e-08
1.9479999999997837	1.2760830059299622e-08
1.9489999999997878	1.2274296024017417e-08
1.949999999999792	1.1783138686993766e-08
1.950999999999796	1.1287552337257978e-08
1.9519999999998003	1.0787433835091065e-08
1.9529999999998044	1.0282817930473698e-08
1.9539999999998086	9.773688747216625e-09
1.9549999999998127	9.26007803769835e-09
1.955999999999817	8.74172056963829e-09
1.956999999999821	8.218789648850588e-09
1.9579999999998252	7.690818648597997e-09
1.9589999999998293	7.158286297048733e-09
1.9599999999998337	6.620704096071961e-09
1.9609999999998378	6.078109238139007e-09
1.9619999999998419	5.530451652191459e-09
1.962999999999846	4.977833256702979e-09
1.9639999999998503	4.4202677074167696e-09
1.9649999999998544	3.8579908157032605e-09
1.9659999999998585	3.2909208691478398e-09
1.9669999999998626	2.7194564378163477e-09
1.9679999999998667	2.1436972197363957e-09
1.968999999999871	1.5639911588039013e-09
1.9699999999998752	9.806735423723012e-10
1.9709999999998793	3.9417780151040915e-10
1.9719999999998834	-1.952844552732813e-10
1.9729999999998877	-7.867879681100476e-10
1.9739999999998918	-1.3802359255521424e-09
1.974999999999896	-1.974863161890994e-09
1.9759999999999	-2.5700588324184537e-09
1.9769999999999044	-3.16536796773903e-09
1.9779999999999085	-3.760012523557066e-09
1.9789999999999126	-4.35344649218905e-09
1.9799999999999167	-4.9450894490377095e-09
1.980999999999921	-5.534355862479856e-09
1.9819999999999252	-6.120689954869363e-09
1.9829999999999293	-6.703588795176074e-09
1.9839999999999334	-7.282386249585215e-09
1.9849999999999375	-7.856480799262044e-09
1.9859999999999418	-8.425471875739277e-09
1.986999999999946	-8.988950694899245e-09
1.98799999999995	-9.546467616416976e-09
1.9889999999999541	-1.009783057170921e-08
1.9899999999999585	-1.0642660752679944e-08
1.9909999999999626	-1.1180694148293924e-08
1.9919999999999667	-1.171150754153416e-08
1.9929999999999708	-1.223506007619335e-08
1.9939999999999751	-1.2750756894774895e-08
1.9949999999999792	-1.3259370934548542e-08
1.9959999999999833	-1.3759626327214391e-08
1.9969999999999875	-1.4251438917867176e-08
1.9979999999999918	-1.4735227926720995e-08
1.998999999999996	-1.5209426384998892e-08
2.0	-1.567489738008021e-08
2.0010279404845495	-1.614447064923752e-08
2.0021217900815715	-1.6632162092022895e-08
2.0032857751923165	-1.7138424679430386e-08
2.004524391841744	-1.7662416862407326e-08
2.005842426366887	-1.820110595573965e-08
2.007244970197923	-1.8753734565279956e-08
2.0087374418720856	-1.9317469845958612e-08
2.0103256076664273	-1.9887387514572197e-08
2.0120156028936726	-2.0458854388394343e-08
2.013813957200875	-2.102236562606663e-08
2.0157276178435577	-2.157162337645957e-08
2.0177639781367303	-2.2092203177948022e-08
2.019930905358886	-2.256877951190006e-08
2.0222367711443985	-2.299185042353713e-08
2.024690484011897	-2.3336249821426236e-08
2.027301523572695	-2.359467354828837e-08
2.0300799770731848	-2.374607643851334e-08
2.033036578410754	-2.3770206469819755e-08
2.036182751117039	-2.3656408609795676e-08
2.039530649180409	-2.33841643826338e-08
2.043093206833892	-2.2949889322276817e-08
2.046884188175661	-2.234918250465512e-08
2.050918238233338	-2.1593547394616053e-08
2.0552109433735133	-2.0730011485170508e-08
2.059778886913171	-1.9806615902950853e-08
2.0646397170403086	-1.8924386724350484e-08
2.0698122132469665	-1.8158842651772034e-08
2.0753163565584574	-1.767087276505208e-08
2.081173414838828	-1.7529623752565726e-08
2.0874060143976347	-1.7865816825946013e-08
2.094038234979271	-1.8742706275887144e-08
2.1010956980169606	-2.0054921945344972e-08
2.1086056699538682	-2.1694060325927467e-08
2.116597165034399	-2.3459352016530488e-08
2.125101056786564	-2.5009069481995994e-08
2.1341501990307465	-2.60734478452207e-08
2.143779554474847	-2.609223659355564e-08
2.1540263207146424	-2.4407554866101577e-08
2.1649300857539027	-2.058197079435331e-08
2.1765329774064615	-1.5259344232632088e-08
2.1888798204423576	-9.27537402439782e-09
2.2020183144046843	-2.6075199777153557e-09
2.2159992202680474	5.173791395307603e-09
2.2308765524295735	9.335220818584844e-09
2.246707783705272	8.22751000661981e-09
2.263554079768369	3.5255454111648987e-09
2.2814805235907363	-1.1236487296173436e-09
2.3005563724108544	-2.3979376262417418e-09
2.320855322320133	-2.116704589383289e-09
2.3424557929209753	-2.235560847552165e-09
2.3654412374910825	-1.1667429244965888e-09
2.389900455657507	2.493752315757547e-09
2.41592795027163	6.497073656852592e-09
2.44362426638729	6.105104199960465e-09
2.473096411506492	-5.309923389873461e-09
2.5044582437089975	-2.145720556789854e-08
2.537830924630887	-2.9263437006932236e-08
2.5733433911797423	-2.275527588579962e-08
2.611132843166974	-1.4603789733058647e-08
2.6513452603475027	-4.771852468721249e-09
2.6941360153529494	7.122436196382864e-09
2.739670418177515	8.466746193036556e-09
2.788124380079947	-5.736653152510485e-09
2.839685109337027	-1.8886701091958003e-08
2.894551789617174	-9.346393881060067e-09
2.9529364084026577	1.1836999047609709e-08
3.0150645170164534	2.095423912162886e-08
3.0811761422888653	5.671565106446508e-09
3.1515266965252042	-9.252842492202262e-09
3.226387989377641	-4.798652808446491e-09
3.30604919671757	7.116166100828991e-09
3.39081811677136	-2.632591034057441e-09
3.4810222154328754	-7.402122914612619e-09
3.577010018652917	-1.90256210785833e-09
3.6791523315125145	1.2209933064610823e-08
3.7878438030764574	7.454592165778706e-09
3.9035043177534527	-3.99269595163787e-09
4.02658072998157	-1.3711985102915492e-08
4.157548527011607	-9.1629268617055e-09
4.296913682346355	1.082793477102939e-08
4.445214635465608	-1.2396140114390164e-08
4.603024347307951	-2.4849479363098226e-08
4.770952424745148	-1.3236923557258251e-08
4.9496476786701376	-1.3153684808031585e-08
5.139800459354712	-7.981313832061687e-09
5.342145448462832	-1.053249598648165e-08
5.557464321076707	2.741717852750014e-09
5.786588991858403	4.672314646292364e-09
6.03040459644804	-1.6437962102600068e-09
6.289853138906711	-7.702672721876525e-09
6.565936951835777	-4.253290608602356e-09
6.859722633511745	1.0509906056554996e-08
7.172345245053396	2.874889215576104e-10
7.505012494394354	-3.3770539697997037e-09
7.859009576011049	-3.883932064852047e-09
8.23570422033976	-1.2987517727935938e-09
8.636551628113326	-1.4700805017753282e-09
9.063100564489073	-3.5294667188878748e-09
9.516998831091398	-8.924749828054246e-11
10.0	1.1772619878946955e-08
