0.0	0.27220324892761283
0.0010000000000041087	0.2722030321350639
0.0020000000000082174	0.27220244776268065
0.003000000000012548	0.27220152943254106
0.004000000000016657	0.2722002816598712
0.005000000000020766	0.2721986409801703
0.006000000000024874	0.27219666776005425
0.007000000000029205	0.2721943226046133
0.008000000000033314	0.2721916144749672
0.009000000000037423	0.2721885684008626
0.010000000000041753	0.2721851484107449
0.011000000000045862	0.2721813645149179
0.01200000000004997	0.2721772249553073
0.01300000000005408	0.2721727203658286
0.01400000000005841	0.2721678819871214
0.015000000000062519	0.27216267368550306
0.016000000000066406	0.27215708386577375
0.017000000000070736	0.2721511601379025
0.018000000000074845	0.27214487494830897
0.019000000000078954	0.27213821146235995
0.020000000000083062	0.2721312071968238
0.021000000000087393	0.27212383845306043
0.022000000000091502	0.27211610729481206
0.02300000000009561	0.2721080367679293
0.02400000000009972	0.27209957203411506
0.02500000000010405	0.2720907780707351
0.02600000000010816	0.27208161875685866
0.027000000000112268	0.27207208055516663
0.0280000000001166	0.27206219579766544
0.029000000000120707	0.27205197152473937
0.030000000000124816	0.27204136959021874
0.031000000000128924	0.27203041039542875
0.032000000000133255	0.2720190968799654
0.033000000000137364	0.2720074070116991
0.03400000000014147	0.271995376652291
0.0350000000001458	0.2719829984476825
0.03600000000014991	0.27197024087595234
0.03700000000015402	0.27195713018962653
0.03800000000015813	0.27194366333843334
0.03900000000016246	0.27192984242027074
0.04000000000016657	0.2719156451093092
0.04100000000017068	0.27190109802263107
0.04200000000017501	0.2718862041673781
0.04300000000017912	0.2718709476282737
0.044000000000183226	0.2718553311684935
0.045000000000187335	0.2718393428004773
0.046000000000191665	0.27182302263317315
0.04700000000019555	0.2718063394104716
0.04800000000019966	0.27178927179800083
0.04900000000020399	0.27177186567077305
0.0500000000002081	0.2717540968224712
0.05100000000021221	0.27173596807535283
0.05200000000021632	0.2717175028431468
0.05300000000022065	0.27169866863459236
0.05400000000022476	0.2716794587294875
0.055000000000228866	0.2716599170987548
0.0560000000002332	0.27164000614018247
0.057000000000237305	0.27161972328541417
0.058000000000241414	0.27159911355765254
0.05900000000024552	0.2715781319220558
0.060000000000249853	0.2715567818805663
0.06100000000025396	0.2715351013061228
0.06200000000025807	0.27151304328448544
0.0630000000002624	0.2714906339927178
0.06400000000026651	0.2714678747183278
0.06500000000027062	0.27144475444313665
0.06600000000027473	0.2714212675205516
0.06700000000027906	0.2713974235862413
0.06800000000028317	0.2713732423632058
0.06900000000028728	0.2713487077123853
0.0700000000002916	0.27132378572211546
0.07100000000029572	0.27129853652994196
0.07200000000029982	0.27127292625799715
0.07300000000030393	0.2712469425346652
0.07400000000030826	0.27122062443696693
0.07500000000031237	0.27119394758116266
0.07600000000031648	0.2711668942574117
0.07700000000032081	0.2711395097074145
0.0780000000003247	0.27111176188208586
0.07900000000032881	0.27108365742339835
0.08000000000033292	0.2710552034515812
0.08100000000033725	0.27102638802738976
0.08200000000034136	0.27099722068696197
0.08300000000034546	0.27096769925492425
0.0840000000003498	0.2709378274950067
0.0850000000003539	0.27090759650170027
0.08600000000035801	0.2708770124730405
0.08700000000036212	0.27084606859938654
0.08800000000036645	0.2708147725416432
0.08900000000037056	0.2707831173342502
0.09000000000037467	0.2707511301533462
0.091000000000379	0.2707187892778692
0.09200000000038311	0.2706860648514039
0.09300000000038722	0.2706530083201655
0.09400000000039133	0.27061959935677926
0.09500000000039566	0.27058581029076
0.09600000000039977	0.27055170411095375
0.09700000000040387	0.2705172425540876
0.0980000000004082	0.2704824053390745
0.09900000000041231	0.27044720870535965
0.10000000000041642	0.270411655324273
0.10100000000042053	0.2703757735769292
0.10200000000042486	0.2703395554886785
0.10300000000042897	0.27030299762708787
0.10400000000043308	0.27026605334502074
0.10500000000043741	0.2702287334984115
0.10600000000044152	0.27019110126424917
0.10700000000044563	0.2701531064742153
0.10800000000044951	0.270114762784635
0.10900000000045384	0.27007607234713005
0.11000000000045795	0.2700370000702329
0.11100000000046206	0.26999760740128864
0.1120000000004664	0.2699578701493399
0.1130000000004705	0.2699177673509484
0.11400000000047461	0.26987731249745783
0.11500000000047872	0.26983651171958745
0.11600000000048305	0.2697953607184498
0.11700000000048716	0.26975386056215445
0.11800000000049127	0.269712010035291
0.1190000000004956	0.2696698089398153
0.12000000000049971	0.2696272582813197
0.12100000000050382	0.26958436061027546
0.12200000000050792	0.26954111253939805
0.12300000000051226	0.2694975161052522
0.12400000000051636	0.2694535704319301
0.12500000000052047	0.2694092758913823
0.1260000000005248	0.26936463469709215
0.1270000000005289	0.269319643527136
0.12800000000053302	0.26927430532306373
0.12900000000053713	0.2692286186550604
0.13000000000054146	0.26918258444429466
0.13100000000054557	0.2691361999026951
0.13200000000054968	0.26908945585300215
0.133000000000554	0.26904239811737796
0.13400000000055812	0.26899500496171846
0.13500000000056223	0.26894721863022486
0.13600000000056633	0.2688991019174194
0.13700000000057067	0.2688506397488907
0.13800000000057477	0.2688018323000023
0.13900000000057866	0.26875267393671043
0.140000000000583	0.2687031853528722
0.1410000000005871	0.26865333081222786
0.1420000000005912	0.26860314692500475
0.14300000000059532	0.26855260396300473
0.14400000000059965	0.2685017316532238
0.14500000000060376	0.2684505134726187
0.14600000000060787	0.2683989347732658
0.1470000000006122	0.2683470167835018
0.1480000000006163	0.2682947627387162
0.14900000000062041	0.2682421571635636
0.15000000000062452	0.2681892139430422
0.15100000000062885	0.26813592042532686
0.15200000000063296	0.2680822884036288
0.15300000000063707	0.2680283118564122
0.1540000000006414	0.2679739974287907
0.1550000000006455	0.26791933444186333
0.15600000000064962	0.26786433203015125
0.15700000000065373	0.26780898712011214
0.15800000000065806	0.2677533035860723
0.15900000000066217	0.26769727590652037
0.16000000000066628	0.26764090657896433
0.16100000000067038	0.26758419584027815
0.16200000000067472	0.2675271366956512
0.16300000000067882	0.2674697325019735
0.16400000000068293	0.26741200375131013
0.16500000000068726	0.2673539328411628
0.16600000000069137	0.2672955244256605
0.16700000000069548	0.26723676771824567
0.1680000000006996	0.2671776748926866
0.16900000000070392	0.26711822725472256
0.1700000000007078	0.2670584499932762
0.17100000000071192	0.26699834319016547
0.17200000000071625	0.26693789181132654
0.17300000000072036	0.26687708880780014
0.17400000000072446	0.2668159867120651
0.17500000000072857	0.2667545381151848
0.1760000000007329	0.26669271813111683
0.177000000000737	0.26663057542047697
0.17800000000074112	0.2665680914633004
0.17900000000074545	0.2665052795921452
0.18000000000074956	0.2664421209943695
0.18100000000075367	0.2663786288771026
0.18200000000075778	0.2663147999615887
0.1830000000007621	0.26625064432811174
0.18400000000076622	0.266186148182864
0.18500000000077033	0.26612131538363903
0.18600000000077466	0.2660561410461888
0.18700000000077877	0.2659906504034666
0.18800000000078287	0.2659248125247823
0.18900000000078698	0.2658586291938968
0.1900000000007913	0.2657921263725844
0.19100000000079542	0.2657252805924617
0.19200000000079953	0.26565810955545344
0.19300000000080386	0.2655905971675646
0.19400000000080797	0.2655227488089257
0.19500000000081208	0.26545457930714755
0.1960000000008162	0.26538608037125067
0.19700000000082052	0.2653172383828035
0.19800000000082463	0.2652480620953481
0.19900000000082874	0.26517856156985686
0.20000000000083307	0.26510872258431084
0.20100000000083695	0.2650385581400211
0.20200000000084106	0.26496805547425184
0.20300000000084517	0.2648972370108065
0.2040000000008495	0.2648260763151755
0.2050000000008536	0.2647545833993894
0.20600000000085772	0.26468276701038995
0.20700000000086205	0.26461061526765595
0.20800000000086616	0.26453813896166334
0.20900000000087027	0.26446532941051093
0.21000000000087438	0.264392198107512
0.2110000000008787	0.26431873295754815
0.21200000000088282	0.26424493823240036
0.21300000000088692	0.2641708188367703
0.21400000000089126	0.2640963685958234
0.21500000000089536	0.2640215933970109
0.21600000000089947	0.2639464881692075
0.21700000000090358	0.26387106080737843
0.2180000000009079	0.2637953031574486
0.21900000000091202	0.26371921939730436
0.22000000000091613	0.26364281133470036
0.22100000000092046	0.26356607740292604
0.22200000000092457	0.2634890169981856
0.22300000000092868	0.26341163427652026
0.2240000000009328	0.263333923706103
0.22500000000093712	0.2632558938995373
0.22600000000094123	0.2631775353990775
0.22700000000094533	0.26309885009626055
0.22800000000094967	0.263019846436374
0.22900000000095377	0.26294051952140307
0.23000000000095788	0.2628608695481166
0.23100000000096177	0.2627808961731073
0.2320000000009661	0.26270059995787676
0.2330000000009702	0.26261997841491846
0.23400000000097432	0.2625390387316554
0.23500000000097865	0.2624577966726188
0.23600000000098276	0.26237621671788935
0.23700000000098687	0.26229428827748125
0.23800000000099097	0.2622120723836143
0.2390000000009953	0.2621295282320718
0.24000000000099941	0.26204667981251395
0.24100000000100352	0.2619635207949387
0.24200000000100785	0.2618799946119754
0.24300000000101196	0.26179618639026325
0.24400000000101607	0.26171205775814166
0.24500000000102018	0.2616275867737541
0.2460000000010245	0.2615428089478997
0.24700000000102862	0.261457728647139
0.24800000000103273	0.2613723210553731
0.24900000000103706	0.26128659679763144
0.25000000000104117	0.2612005561151236
0.2510000000010453	0.2611142005633049
0.2520000000010494	0.2610275214257055
0.2530000000010537	0.2609405315559107
0.2540000000010578	0.2608532301664468
0.25500000000106193	0.2607656161812546
0.25600000000106626	0.26067768590951035
0.25700000000107037	0.2605894417764061
0.2580000000010745	0.2605008761699761
0.2590000000010786	0.26041201161978245
0.2600000000010829	0.26032281992044803
0.26100000000108703	0.2602333222548253
0.2620000000010909	0.2601435086052136
0.26300000000109525	0.26005338566362
0.26400000000109936	0.25996295109584944
0.26500000000110346	0.25987220281162937
0.2660000000011076	0.259781149606258
0.2670000000011119	0.25968979484185706
0.268000000001116	0.2595981100870375
0.2690000000011201	0.25950610334490765
0.27000000000112445	0.25941380462245944
0.27100000000112856	0.25932121889597226
0.27200000000113267	0.2592283327015782
0.2730000000011368	0.2591351004665582
0.2740000000011411	0.2590415431086024
0.2750000000011452	0.25894772256279397
0.2760000000011493	0.2588535782181215
0.27700000000115366	0.2587591031042884
0.27800000000115777	0.25866436257093817
0.2790000000011619	0.2585693031274956
0.280000000001166	0.25847391363907835
0.2810000000011703	0.2583782355470845
0.2820000000011744	0.2582822677970755
0.28300000000117853	0.25818596204871214
0.28400000000118286	0.2580893693868682
0.28500000000118697	0.2579924858096728
0.2860000000011911	0.2578952876684718
0.2870000000011952	0.25779778752511184
0.2880000000011995	0.25769997614495677
0.2890000000012036	0.2576018687633683
0.29000000000120774	0.2575034636060751
0.29100000000121207	0.2574047489052512
0.2920000000012162	0.25730573454462957
0.29300000000122006	0.2572064236228584
0.29400000000122417	0.25710680865151736
0.2950000000012285	0.25700689081840333
0.2960000000012326	0.2569066785500801
0.2970000000012367	0.2568061634744988
0.29800000000124083	0.25670534832181446
0.29900000000124516	0.2566042376161882
0.30000000000124927	0.2565028278921129
0.3010000000012534	0.25640111999952897
0.3020000000012577	0.2562991142858344
0.3030000000012618	0.2561968093976015
0.3040000000012659	0.25609421165732105
0.30500000000127003	0.2559913163781746
0.30600000000127436	0.2558881226503088
0.3070000000012785	0.25578463666338114
0.3080000000012826	0.2556808543103757
0.3090000000012869	0.2555767747793408
0.310000000001291	0.25547240522155
0.31100000000129513	0.25536774049816313
0.31200000000129924	0.25526278112999423
0.31300000000130357	0.255157525956192
0.3140000000013077	0.25505198008291763
0.3150000000013118	0.25494614444266395
0.3160000000013161	0.2548400151638355
0.3170000000013202	0.2547335962328491
0.31800000000132433	0.25462688378731757
0.31900000000132844	0.25451987609974713
0.3200000000013328	0.2544125890006047
0.3210000000013369	0.25430500604420114
0.322000000001341	0.25419712606188516
0.3230000000013453	0.2540889705975379
0.3240000000013492	0.2539805233316821
0.3250000000013533	0.25387177424119456
0.3260000000013574	0.2537627561184572
0.32700000000136176	0.25365344902661324
0.32800000000136587	0.25354383653098345
0.32900000000137	0.2534339403261847
0.3300000000013743	0.2533237850543546
0.3310000000013784	0.2532133149902597
0.3320000000013825	0.25310256139987186
0.33300000000138663	0.25299155149990615
0.33400000000139096	0.2528802283927114
0.33500000000139507	0.2527686312139651
0.3360000000013992	0.252656754367968
0.3370000000014035	0.2525445705253626
0.3380000000014076	0.2524321315919502
0.3390000000014117	0.25231940936719843
0.34000000000141584	0.25220639142840406
0.34100000000142017	0.2520930947256721
0.3420000000014243	0.2519795137756522
0.3430000000014284	0.2518656668019039
0.3440000000014327	0.2517515271257068
0.3450000000014368	0.2516371055368264
0.34600000000144093	0.25152241754881977
0.34700000000144504	0.25140743450216463
0.34800000000144937	0.2512921900882753
0.3490000000014535	0.25117665689190827
0.3500000000014576	0.2510608448202529
0.3510000000014619	0.2509447656715281
0.35200000000146603	0.2508284005160877
0.35300000000147014	0.2507117606900403
0.35400000000147425	0.2505948474898748
0.35500000000147836	0.25047765754154394
0.35600000000148246	0.250360192966382
0.3570000000014866	0.2502424536414172
0.3580000000014909	0.25012444003552436
0.359000000001495	0.25000615141919813
0.3600000000014991	0.24988758993185645
0.36100000000150323	0.24976875564611034
0.36200000000150756	0.24964965198215572
0.36300000000151167	0.24953027536965666
0.3640000000015158	0.2494106232827924
0.3650000000015201	0.24929070321820324
0.3660000000015242	0.24917051554916936
0.3670000000015283	0.2490500550743746
0.36800000000153243	0.24892932595124662
0.36900000000153677	0.24880832845633805
0.3700000000015409	0.2486870597158487
0.371000000001545	0.2485655251523775
0.3720000000015493	0.24844371557303568
0.3730000000015534	0.24832165583883725
0.37400000000155753	0.24819931006979767
0.37500000000156164	0.24807670599844756
0.37600000000156597	0.24795381781630332
0.3770000000015701	0.24783069939262803
0.3780000000015742	0.24770729216608767
0.3790000000015785	0.2475836273809181
0.3800000000015826	0.24745969971820925
0.38100000000158674	0.24733550755492528
0.38200000000159084	0.2472110602522597
0.3830000000015952	0.24708631818506932
0.3840000000015993	0.24696136111656553
0.3850000000016034	0.24683610524613053
0.3860000000016075	0.24671059972839737
0.3870000000016116	0.24658482980155894
0.3880000000016157	0.24645879876184462
0.38900000000161983	0.2463325144241747
0.39000000000162416	0.24620596909475156
0.39100000000162827	0.2460791731445353
0.3920000000016324	0.245952105692551
0.3930000000016367	0.24582477976127892
0.3940000000016408	0.24569719537914925
0.3950000000016449	0.24556936909403992
0.39600000000164903	0.2454412924610766
0.39700000000165336	0.24531293741354698
0.3980000000016575	0.2451843254508388
0.3990000000016616	0.24505546394766142
0.4000000000016659	0.24492634362837218
0.40100000000167	0.2447969770269257
0.40200000000167413	0.24466735604949974
0.40300000000167824	0.2445374801112319
0.40400000000168257	0.2444073504816413
0.4050000000016867	0.24427697066471743
0.4060000000016908	0.2441463444724039
0.4070000000016951	0.24401546517938155
0.4080000000016992	0.24388433595573944
0.40900000000170333	0.24375294375163514
0.41000000000170744	0.24362130736541954
0.4110000000017118	0.24348943744954277
0.4120000000017159	0.24335725799117158
0.41300000000172	0.24322492086253056
0.4140000000017243	0.2430922908788552
0.41500000000172843	0.2429593700735604
0.41600000000173254	0.24282628848098398
0.4170000000017364	0.2426929088739016
0.41800000000174076	0.24255929047030977
0.41900000000174487	0.24242542832941572
0.420000000001749	0.2422913215894329
0.4210000000017533	0.24215697042987727
0.4220000000017574	0.2420223753271319
0.4230000000017615	0.24188753694857523
0.42400000000176563	0.24175245717998795
0.42500000000176996	0.24161714217916852
0.42600000000177407	0.2414815340256954
0.4270000000017782	0.24134576892401616
0.4280000000017825	0.24120971093483445
0.4290000000017866	0.24107341865232346
0.4300000000017907	0.24093688910858335
0.43100000000179484	0.24080012073397028
0.43200000000179917	0.24066312270677281
0.4330000000018033	0.24052583634628455
0.4340000000018074	0.24038839414352453
0.4350000000018115	0.24025066336792067
0.4360000000018158	0.2401127014776876
0.43700000000181993	0.23997450727481273
0.43800000000182404	0.23983607122613948
0.43900000000182837	0.23969741404203782
0.4400000000018325	0.23955847607928582
0.4410000000018366	0.23941938165009802
0.4420000000018407	0.23928000211953593
0.44300000000184503	0.2391403926548783
0.44400000000184914	0.2390005561873858
0.44500000000185325	0.23886048901770274
0.4460000000018576	0.23872018357232383
0.4470000000018617	0.2385796518852259
0.4480000000018656	0.2384388898552683
0.4490000000018697	0.23829789350165498
0.450000000001874	0.2381566717142195
0.4510000000018781	0.23801521950326054
0.45200000000188223	0.23787353420883506
0.45300000000188656	0.23773162762359235
0.45400000000189067	0.23758949020835585
0.4550000000018948	0.23744713043527088
0.4560000000018989	0.23730454667584355
0.4570000000019032	0.23716170183608098
0.4580000000019073	0.23701867682036304
0.45900000000191143	0.23687539700978322
0.46000000000191577	0.23673190555252943
0.4610000000019199	0.23658818591627373
0.462000000001924	0.23644424384534213
0.4630000000019281	0.2363000784527307
0.4640000000019324	0.2361556910241016
0.46500000000193653	0.236011079219286
0.46600000000194064	0.23586624540252743
0.46700000000194497	0.23572119253589974
0.4680000000019491	0.23557591864406813
0.4690000000019532	0.23543042500733247
0.4700000000019573	0.23528471183598632
0.4710000000019616	0.23513877968062924
0.47200000000196574	0.2349926289963712
0.47300000000196984	0.23484626026661448
0.4740000000019742	0.23469967414756465
0.4750000000019783	0.2345528712380177
0.4760000000019824	0.23440585193506003
0.4770000000019865	0.23425861587618702
0.47800000000199083	0.23411116546802868
0.4790000000019947	0.23396350413420552
0.48000000000199883	0.2338156272490428
0.48100000000200316	0.23366753613145563
0.48200000000200727	0.23351922866506347
0.4830000000020114	0.23337071115556351
0.4840000000020155	0.2332219821911471
0.4850000000020198	0.2330730484196576
0.4860000000020239	0.23292384955463818
0.48700000000202803	0.23277452720355574
0.48800000000203236	0.23262494422606894
0.4890000000020365	0.23247515841697353
0.4900000000020406	0.23232516533673353
0.4910000000020447	0.2321749654050682
0.492000000002049	0.23202456417020878
0.49300000000205313	0.23187390603386948
0.49400000000205724	0.23172312377509996
0.49500000000206157	0.23157208571375265
0.4960000000020657	0.23142084876587576
0.4970000000020698	0.2312694084554372
0.4980000000020739	0.2311177642706732
0.4990000000020782	0.23096591478855888
0.5000000000020823	0.23081386538617654
0.5010000000020864	0.23066160917763734
0.5020000000020908	0.23050914899236008
0.5030000000020949	0.23035648969137845
0.504000000002099	0.23020362855423548
0.5050000000021031	0.2300505664825494
0.5060000000021074	0.2298973040740785
0.5070000000021115	0.22974384187055485
0.5080000000021156	0.22959018043237756
0.50900000000212	0.22943632029727723
0.5100000000021239	0.2292822619542828
0.511000000002128	0.22912800580674098
0.5120000000021321	0.22897355213766124
0.5130000000021364	0.22881890038733022
0.5140000000021405	0.22866405557841685
0.5150000000021446	0.2285090193610877
0.516000000002149	0.22835378539006412
0.5170000000021531	0.2281983526158613
0.5180000000021572	0.2280427274937582
0.5190000000021613	0.22788691249407833
0.5200000000021656	0.2277309019007714
0.5210000000021697	0.22757470548988334
0.5220000000021738	0.2274183099045476
0.5230000000021782	0.22726172128410516
0.5240000000021823	0.22710494871797382
0.5250000000021864	0.2269479819820216
0.5260000000021905	0.22679082742591095
0.5270000000021948	0.22663348397124616
0.5280000000021989	0.2264759521177615
0.529000000002203	0.22631823260182726
0.5300000000022074	0.22616032584101065
0.5310000000022115	0.2260022321826899
0.5320000000022156	0.22584395200644192
0.5330000000022197	0.22568548894888174
0.534000000002224	0.22552684303819015
0.5350000000022281	0.22536799262081897
0.5360000000022322	0.22520898615280516
0.5370000000022366	0.22504978076929916
0.5380000000022407	0.22489040196167087
0.5390000000022448	0.2247308399738036
0.5400000000022487	0.2245710860662813
0.541000000002253	0.22441115279932888
0.5420000000022571	0.22425104502366477
0.5430000000022612	0.22409075229113085
0.5440000000022656	0.22393028522584635
0.5450000000022697	0.22376963451968535
0.5460000000022738	0.22360881005010824
0.5470000000022779	0.2234478032680114
0.5480000000022822	0.2232866215728122
0.5490000000022863	0.22312526442307856
0.5500000000022904	0.22296372901175532
0.5510000000022948	0.22280201937959043
0.5520000000022989	0.22264013555405382
0.553000000002303	0.22247807693511468
0.5540000000023071	0.22231584399473092
0.5550000000023114	0.22215343755695582
0.5560000000023155	0.2219908583718957
0.5570000000023196	0.2218281070656949
0.558000000002324	0.2216651840722812
0.5590000000023281	0.22150208985236608
0.5600000000023322	0.22133882490319556
0.5610000000023363	0.22117538974488105
0.5620000000023406	0.22101178501670582
0.5630000000023447	0.22084801147700395
0.5640000000023488	0.22068406987807576
0.5650000000023532	0.22051996053991418
0.5660000000023573	0.22035568394632743
0.5670000000023614	0.2201912408694915
0.5680000000023655	0.22002663180247095
0.5690000000023698	0.21986185717484452
0.5700000000023739	0.21969691755127851
0.5710000000023778	0.21953181349166606
0.5720000000023819	0.2193665457202818
0.5730000000023863	0.21920111496018646
0.5740000000023904	0.2190355216238855
0.5750000000023945	0.21886976618553233
0.5760000000023988	0.2187038489894808
0.5770000000024029	0.21853777008485342
0.578000000002407	0.218371530079439
0.5790000000024111	0.21820513280229192
0.5800000000024155	0.2180385760401009
0.5810000000024196	0.21787185970164913
0.5820000000024237	0.2177049880448747
0.583000000002428	0.21753796306827577
0.5840000000024321	0.21737076947466627
0.5850000000024362	0.21720342095051126
0.5860000000024403	0.2170359206235528
0.5870000000024447	0.21686826263001024
0.5880000000024488	0.21670045199962096
0.5890000000024529	0.21653248707403372
0.5900000000024572	0.21636436799082603
0.5910000000024613	0.2161960961470898
0.5920000000024654	0.21602767165422643
0.5930000000024696	0.21585909506847567
0.5940000000024739	0.21569036722361856
0.595000000002478	0.21552148800089488
0.5960000000024821	0.21535245875204878
0.5970000000024864	0.21518327945139992
0.5980000000024905	0.21501395187503047
0.5990000000024946	0.21484447620366443
0.6000000000024988	0.21467485701132805
0.6010000000025031	0.2145050789404096
0.602000000002507	0.21433515738118258
0.6030000000025111	0.21416509468544453
0.6040000000025154	0.21399488221274887
0.6050000000025195	0.21382452835140398
0.6060000000025236	0.2136540265899034
0.6070000000025277	0.21348338410127188
0.6080000000025321	0.21331259516734025
0.6090000000025362	0.21314166547231905
0.6100000000025403	0.21297059156950948
0.6110000000025446	0.21279937793044057
0.6120000000025487	0.21262802366524602
0.6130000000025528	0.21245652824045747
0.614000000002557	0.21228489232903647
0.6150000000025613	0.21211311689051227
0.6160000000025654	0.21194120257599636
0.6170000000025695	0.21176914998886676
0.6180000000025738	0.211596959708938
0.6190000000025779	0.21142463233678288
0.620000000002582	0.21125216845944417
0.6210000000025861	0.21107956864736976
0.6220000000025905	0.2109068333839349
0.6230000000025946	0.2107339632332974
0.6240000000025987	0.210560958727668
0.625000000002603	0.2103878200625291
0.6260000000026071	0.2102145478068661
0.6270000000026112	0.21004114469094992
0.6280000000026154	0.20986760822153405
0.6290000000026197	0.20969394135337638
0.6300000000026238	0.20952014166444166
0.6310000000026279	0.2093462136892943
0.6320000000026322	0.20917215438548376
0.6330000000026361	0.20899796653382996
0.6340000000026402	0.20882364987209667
0.6350000000026443	0.20864920564714118
0.6360000000026487	0.20847463358713303
0.6370000000026528	0.20829993519702383
0.6380000000026569	0.2081251099868895
0.6390000000026612	0.20795015973797837
0.6400000000026653	0.20777508489596808
0.6410000000026694	0.20759988851181477
0.6420000000026735	0.20742456779943752
0.6430000000026779	0.20724910494750182
0.644000000002682	0.20707354153316582
0.6450000000026861	0.20689785505163616
0.6460000000026904	0.20672203533921674
0.6470000000026945	0.2065460980617485
0.6480000000026986	0.20637004191870756
0.6490000000027027	0.20619386631578407
0.6500000000027071	0.20601757623922323
0.6510000000027112	0.20584115565344296
0.6520000000027153	0.20566461922551504
0.6530000000027196	0.20548797024527055
0.6540000000027237	0.20531120031218442
0.6550000000027278	0.20513431736690335
0.656000000002732	0.2049573149788655
0.6570000000027363	0.20478020014656462
0.6580000000027404	0.20460296736822603
0.6590000000027445	0.20442562284606924
0.6600000000027488	0.20424816197351836
0.6610000000027529	0.2040705900707156
0.662000000002757	0.20389290341788213
0.6630000000027612	0.20371510624993783
0.6640000000027653	0.20353719560878947
0.6650000000027694	0.20335917743325949
0.6660000000027735	0.2031810463141387
0.6670000000027778	0.20300280581812047
0.6680000000027819	0.20282445688434603
0.669000000002786	0.20264599859671928
0.6700000000027901	0.2024674327243916
0.6710000000027945	0.20228875917069378
0.6720000000027986	0.20210997896417282
0.6730000000028027	0.2019310917756958
0.674000000002807	0.20175209912693515
0.6750000000028111	0.20157300156501323
0.6760000000028152	0.2013937990447897
0.6770000000028193	0.20121449270706504
0.6780000000028237	0.2010350824728816
0.6790000000028278	0.2008555701595358
0.6800000000028319	0.20067595623291423
0.6810000000028362	0.20049623648910997
0.6820000000028403	0.20031642097225322
0.6830000000028444	0.20013649983273596
0.6840000000028486	0.19995648277045974
0.6850000000028529	0.19977636236069962
0.686000000002857	0.19959614707449413
0.6870000000028611	0.199415828333513
0.6880000000028654	0.19923541752206209
0.6890000000028695	0.19905490481838517
0.6900000000028736	0.19887429938411783
0.6910000000028778	0.19869359386825514
0.6920000000028821	0.19851279783207676
0.6930000000028862	0.19833190394669853
0.6940000000028901	0.1981509120427689
0.6950000000028944	0.19796982867958945
0.6960000000028985	0.19778865460131867
0.6970000000029026	0.19760738424977975
0.6980000000029067	0.19742601992934428
0.6990000000029111	0.1972445649177227
0.7000000000029152	0.1970630222631624
0.7010000000029193	0.1968813853708823
0.7020000000029236	0.19669966265534933
0.7030000000029277	0.19651784724040677
0.7040000000029318	0.19633594525918152
0.705000000002936	0.19615395428802862
0.7060000000029403	0.19597187556032147
0.7070000000029444	0.19578970968547438
0.7080000000029485	0.1956074574672242
0.7090000000029526	0.19542511930821926
0.7100000000029569	0.19524269616993128
0.711000000002961	0.19506018801484892
0.7120000000029651	0.1948775956764619
0.7130000000029695	0.19469491989960386
0.7140000000029736	0.19451216031444618
0.7150000000029777	0.1943293184600925
0.7160000000029818	0.19414639447814386
0.7170000000029861	0.19396338998203844
0.7180000000029902	0.1937803032000388
0.7190000000029944	0.19359713866091333
0.7200000000029987	0.19341388902256962
0.7210000000030028	0.19323056529045823
0.7220000000030069	0.1930471622551576
0.723000000003011	0.19286367626260392
0.7240000000030153	0.1926801178340738
0.7250000000030195	0.19249648054275048
0.7260000000030233	0.19231276817769083
0.7270000000030277	0.19212898387598165
0.7280000000030318	0.19194511442034412
0.7290000000030359	0.19176117435588724
0.73000000000304	0.19157716032477579
0.7310000000030443	0.1913930731124449
0.7320000000030484	0.19120891695756104
0.7330000000030525	0.19102468093813396
0.7340000000030569	0.19084037360327355
0.735000000003061	0.19065599660078436
0.7360000000030651	0.19047154963064006
0.7370000000030692	0.19028703189290785
0.7380000000030735	0.19010244427146405
0.7390000000030776	0.1899177878870293
0.7400000000030817	0.18973306316294225
0.7410000000030861	0.18954827151418652
0.7420000000030902	0.18936341174936844
0.7430000000030943	0.18917848444706942
0.7440000000030984	0.18899349072986737
0.7450000000031027	0.18880843161853078
0.7460000000031068	0.18862330710638164
0.747000000003111	0.18843811781471753
0.7480000000031153	0.1882528642424579
0.7490000000031194	0.1880675467248475
0.7500000000031235	0.18788216571348926
0.7510000000031276	0.18769672426354933
0.7520000000031319	0.18751121862872633
0.753000000003136	0.18732565205005525
0.7540000000031402	0.18714002438725796
0.7550000000031445	0.18695433600079736
0.7560000000031484	0.18676858930577578
0.7570000000031525	0.18658278242191795
0.7580000000031566	0.18639691908457845
0.7590000000031609	0.18621100110088074
0.760000000003165	0.1860250170980563
0.7610000000031691	0.18583897735315857
0.7620000000031735	0.18565288347635112
0.7630000000031776	0.18546673297748273
0.7640000000031817	0.18528053178823423
0.7650000000031858	0.18509426133931828
0.7660000000031901	0.18490795317863107
0.7670000000031942	0.18472158448310294
0.7680000000031983	0.18453516613618093
0.7690000000032027	0.1843486953494714
0.7700000000032068	0.18416216496352966
0.7710000000032109	0.1839755845702158
0.772000000003215	0.18378895568925202
0.7730000000032193	0.18360227707496746
0.7740000000032234	0.18341555168678458
0.7750000000032276	0.183228768511015
0.7760000000032319	0.18304194522605988
0.777000000003236	0.18285506822211128
0.7780000000032401	0.18266814548973842
0.7790000000032442	0.18248117566667554
0.7800000000032485	0.18229415915187452
0.7810000000032526	0.18210709655020785
0.7820000000032568	0.18191998871734028
0.7830000000032611	0.18173283541673113
0.7840000000032652	0.1815456368796301
0.7850000000032693	0.18135839771323348
0.7860000000032734	0.1811711120773014
0.7870000000032777	0.1809837840189834
0.7880000000032816	0.18079641816658232
0.7890000000032857	0.18060898171747575
0.7900000000032901	0.18042155224204515
0.7910000000032942	0.18023405447300667
0.7920000000032983	0.18004652497959983
0.7930000000033024	0.17985894678377856
0.7940000000033067	0.17967132676140918
0.7950000000033108	0.17948368185045682
0.796000000003315	0.17929599745076452
0.7970000000033193	0.1791082668587458
0.7980000000033234	0.17892050228460576
0.7990000000033275	0.17873270208500247
0.8000000000033316	0.17854486740373565
0.8010000000033359	0.17835700051152914
0.80200000000334	0.17816908996107728
0.8030000000033441	0.17798114450573954
0.8040000000033485	0.17779316620948005
0.8050000000033526	0.1776051633719108
0.8060000000033567	0.17741713382453494
0.8070000000033608	0.17722905532604427
0.8080000000033651	0.17704095092397054
0.8090000000033692	0.17685281790631002
0.8100000000033734	0.17666465149760602
0.8110000000033777	0.17647646027273411
0.8120000000033818	0.17628823590515208
0.8130000000033859	0.17609998528136728
0.81400000000339	0.17591168270231072
0.8150000000033943	0.17572339333785159
0.8160000000033985	0.17553505328644126
0.8170000000034026	0.17534668964024758
0.8180000000034067	0.17515830291154355
0.8190000000034108	0.17496986893825894
0.8200000000034149	0.17478144739372847
0.821000000003419	0.17459297422031006
0.8220000000034233	0.17440448170135614
0.8230000000034274	0.17421596468553746
0.8240000000034315	0.17402742263089843
0.8250000000034359	0.1738388760155679
0.82600000000344	0.17365028950516992
0.8270000000034441	0.17346168402362494
0.8280000000034482	0.17327306013032762
0.8290000000034525	0.1730844155549055
0.8300000000034566	0.17289574992307022
0.8310000000034607	0.17270706536621927
0.8320000000034651	0.17251836187476788
0.8330000000034692	0.1723296398620915
0.8340000000034733	0.1721408993484217
0.8350000000034774	0.17195214235421208
0.8360000000034817	0.17176336805791526
0.8370000000034858	0.17157457693435285
0.83800000000349	0.17138577044912984
0.8390000000034943	0.17119694843076683
0.8400000000034984	0.17100811126830096
0.8410000000035025	0.17081925940787102
0.8420000000035066	0.17063039432447968
0.8430000000035109	0.17044151594082757
0.844000000003515	0.17025262471505975
0.8450000000035192	0.1700637213416496
0.8460000000035233	0.1698748068158551
0.8470000000035276	0.16968587966880633
0.8480000000035317	0.1694969430571025
0.8490000000035356	0.16930799703946486
0.8500000000035399	0.16911903653538707
0.851000000003544	0.16893007271098603
0.8520000000035481	0.16874109787022862
0.8530000000035523	0.16855211646634627
0.8540000000035566	0.16836312515303642
0.8550000000035607	0.16817412545471622
0.8560000000035648	0.16798511844248631
0.8570000000035691	0.16779610630315867
0.8580000000035732	0.16760709070620372
0.8590000000035773	0.16741806823681527
0.8600000000035815	0.16722904146914386
0.8610000000035858	0.167040010802756
0.8620000000035899	0.1668509762235153
0.863000000003594	0.1666619374435342
0.8640000000035983	0.16647289888210515
0.8650000000036024	0.1662838614251806
0.8660000000036066	0.1660948148789192
0.8670000000036107	0.16590576561723025
0.868000000003615	0.1657167256179426
0.8690000000036191	0.16552767834329718
0.8700000000036232	0.1653386331002109
0.8710000000036275	0.16514959050512923
0.8720000000036316	0.1649605425417766
0.8730000000036358	0.16477149459590734
0.8740000000036399	0.16458246223867823
0.8750000000036442	0.16439342695668324
0.8760000000036483	0.16420439534796016
0.8770000000036524	0.1640153608892052
0.8780000000036567	0.1638263355545152
0.8790000000036609	0.16363731615062171
0.8800000000036647	0.16344830215310635
0.8810000000036688	0.16325929137691042
0.8820000000036732	0.1630702899272466
0.8830000000036773	0.16288129341663582
0.8840000000036814	0.16269230493510745
0.8850000000036857	0.16250332383530552
0.8860000000036898	0.16231435168236996
0.887000000003694	0.16212538869582704
0.888000000003698	0.16193643377485256
0.8890000000037024	0.1617474888060796
0.8900000000037065	0.1615585542850464
0.8910000000037106	0.16136963068447296
0.8920000000037149	0.16118071733978057
0.893000000003719	0.16099181611744173
0.8940000000037231	0.1608029278202152
0.8950000000037273	0.16061405086002067
0.8960000000037316	0.16042519031315094
0.8970000000037357	0.16023634163560485
0.8980000000037398	0.16004749645307603
0.8990000000037441	0.15985868058639974
0.9000000000037482	0.15966987797462273
0.9010000000037524	0.15948108498076063
0.9020000000037565	0.15929230990772414
0.9030000000037608	0.1591035532153915
0.9040000000037649	0.1589148081027717
0.905000000003769	0.1587260837475457
0.9060000000037733	0.15853737831826153
0.9070000000037775	0.15834869134459129
0.9080000000037816	0.15816002251485695
0.9090000000037857	0.15797137242832737
0.91000000000379	0.1577827428096069
0.9110000000037939	0.15759413403574385
0.912000000003798	0.15740554623226943
0.9130000000038023	0.15721697812565394
0.9140000000038064	0.15702843345748152
0.9150000000038105	0.1568399098288591
0.9160000000038147	0.15665140924957388
0.917000000003819	0.1564629320509342
0.9180000000038231	0.15627447731840272
0.9190000000038272	0.15608604671238158
0.9200000000038315	0.1558976415571438
0.9210000000038356	0.15570925887609843
0.9220000000038397	0.15552090531813734
0.9230000000038439	0.15533257379956755
0.9240000000038482	0.15514427055127988
0.9250000000038523	0.15495599471349264
0.9260000000038564	0.15476774708697594
0.9270000000038607	0.1545795258205669
0.9280000000038648	0.1543913353422105
0.929000000003869	0.15420316876495455
0.9300000000038731	0.15401503362368285
0.9310000000038774	0.15382692594989056
0.9320000000038815	0.1536388526012189
0.9330000000038856	0.15345080767865027
0.9340000000038899	0.15326279261359077
0.935000000003894	0.15307480664761108
0.9360000000038982	0.15288685902619537
0.9370000000039023	0.15269894119497662
0.9380000000039066	0.1525110554113055
0.9390000000039107	0.1523232027636615
0.9400000000039148	0.1521353840716403
0.9410000000039191	0.1519475985930765
0.942000000003923	0.15175984983190693
0.9430000000039271	0.15157213377384926
0.9440000000039312	0.15138445444077708
0.9450000000039356	0.15119681011422081
0.9460000000039397	0.15100920310297816
0.9470000000039438	0.15082163319691744
0.9480000000039481	0.1506341019337969
0.9490000000039522	0.15044659037636054
0.9500000000039563	0.15025914970919807
0.9510000000039605	0.15007172913350908
0.9520000000039648	0.14988434876308931
0.9530000000039689	0.14969700902953897
0.954000000003973	0.14950971223299503
0.9550000000039773	0.14932245081814333
0.9560000000039814	0.14913522848902783
0.9570000000039856	0.14894805518055487
0.9580000000039897	0.148760908361382
0.959000000003994	0.1485738380231132
0.9600000000039981	0.14838676238318516
0.9610000000040022	0.14819976784075184
0.9620000000040065	0.14801280296276742
0.9630000000040106	0.14782588146110776
0.9640000000040148	0.14763899710823347
0.9650000000040189	0.147452175328726
0.9660000000040232	0.1472653856426671
0.9670000000040273	0.1470786478933317
0.9680000000040314	0.1468919548625347
0.9690000000040357	0.14670529153284062
0.9700000000040399	0.14651870476039408
0.9710000000040437	0.1463321496130524
0.9720000000040478	0.14614564403462538
0.9730000000040522	0.14595918791124474
0.9740000000040563	0.14577276463671385
0.9750000000040604	0.14558641910257808
0.9760000000040647	0.14540010759582545
0.9770000000040688	0.14521384738709342
0.978000000004073	0.14502763884337577
0.979000000004077	0.14484146523673536
0.9800000000040812	0.14465537219721503
0.9810000000040855	0.1444693142711172
0.9820000000040896	0.14428330963719183
0.9830000000040937	0.14409735873149998
0.984000000004098	0.14391146239635788
0.9850000000041004	0.1437256155030343
0.9860000000041018	0.1435398216185073
0.987000000004103	0.14335408631811652
0.9880000000041045	0.14316840056805957
0.9890000000041059	0.14298275997617005
0.9900000000041072	0.14279721331020923
0.9910000000041086	0.14261167473976843
0.99200000000411	0.14242622438921548
0.9930000000041115	0.14224081714917858
0.9940000000041127	0.1420554728665928
0.9950000000041141	0.1418701853790566
0.9960000000041156	0.1416849494445197
0.997000000004117	0.14149977567281646
0.9980000000041185	0.14131466397214454
0.9990000000041197	0.1411296087959314
1.0000000000041211	0.14094461319100016
1.001000000004117	0.140759677439388
1.002000000004113	0.14057480060068572
1.0030000000041086	0.14038998622968402
1.0040000000041045	0.1402052319170647
1.0050000000041002	0.14002053935479064
1.006000000004096	0.13983591021966146
1.007000000004092	0.13965134244297794
1.0080000000040878	0.1394668376213577
1.0090000000040837	0.13928239567291179
1.0100000000040794	0.1390980177161718
1.0110000000040753	0.13891370363338096
1.012000000004071	0.13872945386632896
1.0130000000040669	0.13854526882998053
1.0140000000040628	0.1383611491903084
1.0150000000040587	0.13817709492306252
1.0160000000040534	0.13799310658300012
1.0170000000040464	0.1378091844940088
1.0180000000040397	0.1376253292990326
1.0190000000040325	0.13744154107530693
1.0200000000040257	0.13725782128769715
1.021000000004019	0.13707417084785134
1.0220000000040117	0.13689058453878977
1.023000000004005	0.13670706636912533
1.0240000000039977	0.13652362333493162
1.025000000003991	0.13634024512888043
1.026000000003984	0.1361569375479752
1.027000000003977	0.13597370052730084
1.0280000000039702	0.13579053478157999
1.0290000000039632	0.13560744076232067
1.0300000000039562	0.13542441469434785
1.0310000000039494	0.13524146168242135
1.0320000000039424	0.13505858159558204
1.0330000000039354	0.13487577427527897
1.0340000000039287	0.1346930399647741
1.0350000000039217	0.13451037888992357
1.0360000000039147	0.13432779161722064
1.0370000000039077	0.13414527815180388
1.0380000000039007	0.13396283934490172
1.039000000003894	0.13378047523101444
1.0400000000038867	0.13359818623521735
1.04100000000388	0.13341597304888597
1.0420000000038732	0.1332338356273025
1.043000000003866	0.13305177452321204
1.0440000000038592	0.1328697901854864
1.0450000000038522	0.13268788279617438
1.0460000000038452	0.13250605278714067
1.0470000000038384	0.13232430064414535
1.0480000000038314	0.13214262743047067
1.0490000000038244	0.13196103244284818
1.0500000000038174	0.1317795175254416
1.0510000000038104	0.13159807940578738
1.0520000000038037	0.1314167216309361
1.0530000000037967	0.13123544422019728
1.0540000000037897	0.1310542476385802
1.055000000003783	0.1308731320397276
1.056000000003776	0.13069209419159344
1.057000000003769	0.1305111419028787
1.0580000000037622	0.13033027138423758
1.059000000003755	0.1301494801755363
1.0600000000037482	0.12996877246883332
1.0610000000037412	0.12978814839699715
1.0620000000037342	0.1296076080139924
1.0630000000037274	0.1294271513822849
1.0640000000037202	0.1292467679319158
1.0650000000037134	0.1290664897660867
1.0660000000037064	0.12888628549617942
1.0670000000036994	0.12870615582076073
1.0680000000036927	0.12852613177450922
1.0690000000036857	0.128346182901931
1.0700000000036787	0.12816632025925423
1.071000000003672	0.12798654421092848
1.072000000003665	0.1278068535857717
1.073000000003658	0.12762725278352405
1.0740000000036511	0.12744774150450167
1.075000000003644	0.12726831415229456
1.0760000000036372	0.1270889747105295
1.0770000000036304	0.12690972720703886
1.0780000000036232	0.126730564779451
1.0790000000036164	0.1265514886184581
1.0800000000036092	0.12637250768139296
1.0810000000036024	0.1261936164606361
1.0820000000035954	0.1260148165534627
1.0830000000035884	0.1258361077414395
1.0840000000035817	0.12565748231984197
1.0850000000035747	0.12547895839369472
1.0860000000035677	0.1253005081872961
1.087000000003561	0.12512217483053156
1.088000000003554	0.12494392354154715
1.089000000003547	0.12476576186962662
1.0900000000035401	0.1245876848601325
1.091000000003533	0.12440971887195451
1.0920000000035262	0.12423183799281035
1.0930000000035192	0.12405404298840939
1.0940000000035122	0.12387635876563952
1.0950000000035054	0.12369876124653034
1.0960000000034982	0.12352125041705642
1.0970000000034914	0.12334384738220194
1.0980000000034844	0.12316653327154292
1.0990000000034774	0.1229893122258835
1.1000000000034706	0.12281219897750661
1.1010000000034637	0.12263517368130417
1.1020000000034567	0.1224582459894431
1.1030000000034499	0.12228141596986586
1.104000000003443	0.12210468348861059
1.105000000003436	0.1219280489896748
1.106000000003429	0.12175151265120188
1.107000000003422	0.12157507504930065
1.1080000000034151	0.12139873610518714
1.1090000000034081	0.1212224963702574
1.1100000000034012	0.12104635604749725
1.1110000000033944	0.12087031557028716
1.1120000000033872	0.12069437505738612
1.1130000000033804	0.12051853500011556
1.1140000000033736	0.12034279563162031
1.1150000000033664	0.12016715743319051
1.1160000000033596	0.11999162057263135
1.1170000000033526	0.1198161854009705
1.1180000000033457	0.11964085228016308
1.1190000000033387	0.11946562177690723
1.1200000000033317	0.11929049530243363
1.121000000003325	0.11911546927612426
1.122000000003318	0.11894054367619544
1.123000000003311	0.11876572333269542
1.1240000000033041	0.11859100731305605
1.1250000000032971	0.11841639571744034
1.1260000000032901	0.11824188851866935
1.1270000000032834	0.11806748607091411
1.1280000000032764	0.11789318873431576
1.1290000000032694	0.11771899661046703
1.1300000000032626	0.11754491003807332
1.1310000000032554	0.11737092940221172
1.1320000000032486	0.11719705504429268
1.1330000000032414	0.11702328715053012
1.1340000000032346	0.1168496259393218
1.1350000000032279	0.11667607214575315
1.1360000000032207	0.11650262530974309
1.1370000000032139	0.11632928585864233
1.138000000003207	0.11615605595357914
1.1390000000032	0.11598293394376002
1.1400000000031931	0.11580991963831888
1.1410000000031861	0.11563701318606401
1.1420000000031791	0.11546421700185772
1.1430000000031724	0.11529152989899383
1.1440000000031654	0.1151189523995425
1.1450000000031584	0.11494648279394193
1.1460000000031516	0.11477412273343579
1.1470000000031444	0.11460187671972677
1.1480000000031376	0.11442974146277318
1.1490000000031304	0.1142577168758453
1.1500000000031236	0.11408580357184184
1.1510000000031169	0.11391400205029889
1.1520000000031096	0.11374231255060685
1.1530000000031029	0.11357073531156114
1.1540000000030959	0.11339927063215849
1.155000000003089	0.11322791950609024
1.1560000000030821	0.11305668160038007
1.1570000000030751	0.1128855546657479
1.1580000000030681	0.11271454175361262
1.1590000000030614	0.11254364348666102
1.1600000000030544	0.11237285992272072
1.1610000000030474	0.11220219009432297
1.1620000000030404	0.1120316338750923
1.1630000000030334	0.11186119335558242
1.1640000000030266	0.1116908681201092
1.1650000000030196	0.1115206587845472
1.1660000000030126	0.1113505646609172
1.1670000000030059	0.11118058678010612
1.1680000000029986	0.11101072585334004
1.1690000000029919	0.11084098079010307
1.1700000000029849	0.11067135293728247
1.1710000000029779	0.11050184234906868
1.172000000002971	0.11033244914712825
1.1730000000029641	0.11016317319918612
1.1740000000029571	0.10999401392184183
1.1750000000029501	0.1098249692792368
1.1760000000029431	0.10965605388814137
1.1770000000029364	0.10948725051678654
1.1780000000029294	0.10931856606852619
1.1790000000029224	0.10915000127790697
1.1800000000029156	0.10898155600630355
1.1810000000029086	0.10881323034064694
1.1820000000029016	0.10864502421738131
1.1830000000028948	0.10847693853916407
1.1840000000028876	0.10830897343093615
1.1850000000028809	0.10814112908127527
1.186000000002874	0.10797340640299435
1.1870000000028669	0.10780580358024106
1.18800000000286	0.1076383231972241
1.1890000000028529	0.10747096414423651
1.1900000000028461	0.10730372708495628
1.1910000000028391	0.10713661196548496
1.1920000000028321	0.10696961906766589
1.1930000000028254	0.10680274910224197
1.1940000000028184	0.10663600235744441
1.1950000000028114	0.10646937829401848
1.1960000000028046	0.10630287755992052
1.1970000000027976	0.10613650129692886
1.1980000000027906	0.10597024820762047
1.1990000000027838	0.10580411892364916
1.2000000000027768	0.10563811514275512
1.2010000000027699	0.1054722363604782
1.2020000000027629	0.10530648120240227
1.2030000000027559	0.1051408511996692
1.204000000002749	0.10497534630496519
1.2050000000027419	0.1048099669897935
1.206000000002735	0.10464471335502767
1.2070000000027283	0.10447958353975806
1.2080000000027211	0.10431458262217208
1.2090000000027143	0.1041497080058511
1.2100000000027074	0.10398496046513106
1.2110000000027004	0.10382033923560074
1.2120000000026936	0.10365584540168593
1.2130000000026866	0.10349147885405918
1.2140000000026796	0.10332724013901617
1.2150000000026726	0.10316312938118177
1.2160000000026656	0.10299914110867592
1.2170000000026588	0.10283528939690223
1.2180000000026519	0.10267156443373393
1.2190000000026449	0.10250797026382308
1.220000000002638	0.10234450140398876
1.2210000000026309	0.1021811580521722
1.222000000002624	0.10201794678079956
1.2230000000026173	0.10185486633029928
1.2240000000026101	0.10169191589542215
1.2250000000026033	0.10152909458521431
1.2260000000025963	0.10136640436899247
1.2270000000025894	0.10120384449967101
1.2280000000025826	0.10104141490594776
1.2290000000025754	0.10087911611933098
1.2300000000025686	0.100716948558222
1.2310000000025616	0.10055491249714255
1.2320000000025546	0.10039300745430213
1.2330000000025478	0.10023123388883781
1.2340000000025408	0.10006959343552335
1.2350000000025338	0.09990808375316962
1.236000000002527	0.09974670630447469
1.23700000000252	0.0995854620997848
1.238000000002513	0.09942435187910081
1.2390000000025063	0.09926337380783079
1.240000000002499	0.09910252829599642
1.2410000000024923	0.09894181628760168
1.2420000000024853	0.09878123608623834
1.2430000000024783	0.09862079103726884
1.2440000000024716	0.09846048086304471
1.2450000000024644	0.09830030487861363
1.2460000000024576	0.0981402629999385
1.2470000000024506	0.09798035553758377
1.2480000000024436	0.09782058239351576
1.2490000000024368	0.0976609439324333
1.2500000000024298	0.09750144069431399
1.2510000000024228	0.09734207334190437
1.252000000002416	0.09718284153146084
1.253000000002409	0.09702374534433522
1.254000000002402	0.09686478508445884
1.2550000000023953	0.09670596096543493
1.256000000002388	0.09654727353787851
1.2570000000023813	0.09638872193208048
1.2580000000023743	0.09623030680469868
1.2590000000023673	0.09607202951027516
1.2600000000023606	0.09591388780476895
1.2610000000023533	0.09575588367154175
1.2620000000023466	0.09559801808963997
1.2630000000023396	0.09544028912344682
1.2640000000023326	0.09528269863631222
1.2650000000023258	0.09512524600577565
1.2660000000023188	0.09496793130541337
1.2670000000023118	0.09481075503077696
1.268000000002305	0.09465371641864107
1.269000000002298	0.09449681656802511
1.270000000002291	0.09434005618075147
1.271000000002284	0.09418343560144726
1.272000000002277	0.09402695445738041
1.2730000000022703	0.09387060994856311
1.2740000000022633	0.0937144063976989
1.2750000000022563	0.09355834335427538
1.2760000000022496	0.09340241920184666
1.2770000000022423	0.09324663547739154
1.2780000000022356	0.0930909915215904
1.2790000000022288	0.09293548739203006
1.2800000000022216	0.0927801225343694
1.2810000000022148	0.09262490352890895
1.2820000000022078	0.09246982344297006
1.2830000000022008	0.09231488364500184
1.2840000000021938	0.09216008543516074
1.2850000000021868	0.09200542649487176
1.28600000000218	0.0918509110414516
1.287000000002173	0.09169653754998786
1.288000000002166	0.09154230586081624
1.2890000000021593	0.09138821598510116
1.2900000000021523	0.09123426864469053
1.2910000000021453	0.09108046344513598
1.2920000000021385	0.09092680114416152
1.2930000000021313	0.0907732808527637
1.2940000000021246	0.09061990444372114
1.2950000000021178	0.09046666995192565
1.2960000000021106	0.09031357899607162
1.2970000000021038	0.09016063192833046
1.2980000000020966	0.09000782656452011
1.2990000000020898	0.08985516662044846
1.3000000000020828	0.0897026497360155
1.3010000000020758	0.08955027691703499
1.302000000002069	0.08939804692330311
1.303000000002062	0.0892459548742699
1.304000000002055	0.08909402374943154
1.3050000000020483	0.08894222606161262
1.3060000000020413	0.0887905755798788
1.3070000000020343	0.08863907223807632
1.3080000000020275	0.08848771139179235
1.3090000000020205	0.08833649210877692
1.3100000000020136	0.08818542124934903
1.3110000000020068	0.08803449589094647
1.3120000000019996	0.08788371663321426
1.3130000000019928	0.08773308268831082
1.3140000000019856	0.08758259406027225
1.3150000000019788	0.08743225116212616
1.316000000001972	0.08728205512421794
1.3170000000019648	0.0871320057017646
1.318000000001958	0.08698210151935837
1.319000000001951	0.0868323441767066
1.320000000001944	0.08668273337519672
1.3210000000019373	0.08653326893982449
1.3220000000019303	0.08638395130685206
1.3230000000019233	0.08623478090502479
1.3240000000019165	0.08608575846578548
1.3250000000019095	0.08593688347466588
1.3260000000019025	0.08578815555262254
1.3270000000018956	0.08563957523522359
1.3280000000018886	0.08549114321026652
1.3290000000018818	0.08534285848551648
1.3300000000018748	0.085194722695073
1.3310000000018678	0.08504673449242994
1.332000000001861	0.0848988943447162
1.3330000000018538	0.08475120259484492
1.334000000001847	0.08460365736295017
1.33500000000184	0.08445626260467953
1.336000000001833	0.08430901612124342
1.3370000000018263	0.08416191850881183
1.3380000000018193	0.08401497057490492
1.3390000000018123	0.0838681687100229
1.3400000000018053	0.08372151765520686
1.3410000000017983	0.08357501752913665
1.3420000000017915	0.08342866577778363
1.3430000000017845	0.08328246200871425
1.3440000000017776	0.08313641163490093
1.3450000000017708	0.08299050889131887
1.3460000000017638	0.08284475597100605
1.3470000000017568	0.08269915286952134
1.34800000000175	0.0825537000214629
1.3490000000017428	0.0824083977112865
1.350000000001736	0.08226324554345876
1.3510000000017293	0.0821182436787875
1.352000000001722	0.08197339369697565
1.3530000000017153	0.08182869302702189
1.354000000001708	0.08168414414509573
1.3550000000017013	0.0815397446306394
1.3560000000016943	0.08139549754654696
1.3570000000016873	0.08125140039917433
1.3580000000016805	0.08110745447330492
1.3590000000016735	0.08096366007510225
1.3600000000016665	0.08082001625193802
1.3610000000016598	0.08067652503805278
1.3620000000016528	0.08053318517521846
1.3630000000016458	0.0803899973599772
1.364000000001639	0.08024696159292743
1.3650000000016318	0.08010407652848384
1.366000000001625	0.0799613443181344
1.367000000001618	0.07981876549518518
1.368000000001611	0.07967633758056836
1.3690000000016043	0.07953406187663725
1.370000000001597	0.07939193991829419
1.3710000000015903	0.07924996883851942
1.3720000000015833	0.07910815131031268
1.3730000000015763	0.07896648477776513
1.3740000000015695	0.07882497310523517
1.3750000000015625	0.0786836135292075
1.3760000000015555	0.07854240407813273
1.3770000000015488	0.07840135246450997
1.3780000000015418	0.07826044998095161
1.3790000000015348	0.07811970230807419
1.3800000000015278	0.0779791088879146
1.3810000000015208	0.07783866936360051
1.382000000001514	0.07769838199975687
1.383000000001507	0.07755824843627446
1.3840000000015	0.07741826901509508
1.3850000000014933	0.0772784431071678
1.386000000001486	0.07713877005072212
1.3870000000014793	0.07699925188715573
1.3880000000014725	0.07685988616367379
1.3890000000014653	0.07672067602468013
1.3900000000014585	0.07658162076674468
1.3910000000014515	0.07644271692356941
1.3920000000014445	0.0763039692159917
1.3930000000014378	0.07616537593038109
1.3940000000014305	0.0760269386389506
1.3950000000014238	0.07588865462243499
1.3960000000014168	0.0757505256729305
1.3970000000014098	0.07561255103711839
1.398000000001403	0.0754747293510587
1.399000000001396	0.07533706557949704
1.400000000001389	0.07519955269945611
1.4010000000013823	0.07506219707457773
1.4020000000013753	0.07492499597549562
1.4030000000013683	0.07478795290943285
1.4040000000013615	0.07465106199149985
1.4050000000013543	0.07451432718750928
1.4060000000013475	0.0743777479447687
1.4070000000013405	0.0742413251973767
1.4080000000013335	0.07410505622472663
1.4090000000013267	0.07396894424562406
1.4100000000013195	0.07383298609035349
1.4110000000013128	0.07369718508696987
1.4120000000013058	0.0735615389040648
1.4130000000012988	0.07342604860358082
1.414000000001292	0.07329071378762542
1.415000000001285	0.07315553493858395
1.416000000001278	0.0730205129699476
1.4170000000012712	0.07288564808496023
1.4180000000012642	0.07275093709667568
1.4190000000012573	0.07261638357500111
1.4200000000012505	0.07248198446967424
1.4210000000012433	0.07234774322336934
1.4220000000012365	0.07221366129006557
1.4230000000012293	0.07207973051617922
1.4240000000012225	0.07194595620704214
1.4250000000012157	0.07181234229129474
1.4260000000012085	0.07167888143714096
1.4270000000012018	0.07154557733055533
1.4280000000011948	0.07141243223788218
1.4290000000011878	0.07127944335235592
1.430000000001181	0.07114661135473577
1.431000000001174	0.07101393583301874
1.432000000001167	0.07088141657646041
1.4330000000011602	0.07074905572236978
1.4340000000011532	0.07061685156351416
1.4350000000011462	0.07048480137041402
1.4360000000011393	0.07035290890287038
1.4370000000011323	0.07022117654454563
1.4380000000011255	0.07008959997481456
1.4390000000011185	0.0699581806884706
1.4400000000011115	0.06982691871124813
1.4410000000011047	0.06969581321978113
1.4420000000010975	0.06956486638865744
1.4430000000010907	0.06943407620411302
1.4440000000010837	0.06930344274161104
1.4450000000010768	0.06917296586585542
1.44600000000107	0.069042648745131
1.447000000001063	0.06891248854956533
1.448000000001056	0.06878248557748778
1.449000000001049	0.06865263877169747
1.450000000001042	0.06852295095059557
1.4510000000010352	0.06839342108870239
1.4520000000010282	0.06826405046494566
1.4530000000010213	0.06813483391879183
1.4540000000010145	0.06800577911922545
1.4550000000010075	0.0678768796706607
1.4560000000010005	0.06774813803905688
1.4570000000009937	0.06761955450725399
1.4580000000009865	0.0674911281816879
1.4590000000009797	0.0673628609242769
1.460000000000973	0.06723475600332107
1.4610000000009657	0.06710680420741078
1.462000000000959	0.06697900761041242
1.4630000000009518	0.06685137374956407
1.464000000000945	0.06672389554909208
1.465000000000938	0.06659657760458315
1.466000000000931	0.06646941520706162
1.4670000000009242	0.0663424124415617
1.4680000000009172	0.0662155682958332
1.4690000000009102	0.06608888073650154
1.4700000000009035	0.06596235149974805
1.4710000000008965	0.06583598288390469
1.4720000000008895	0.06570977057803651
1.4730000000008827	0.06558371700375232
1.4740000000008757	0.06545782204305173
1.4750000000008687	0.0653320854394347
1.476000000000862	0.06520650585119125
1.4770000000008547	0.06508108767862975
1.478000000000848	0.06495582441149772
1.4790000000008408	0.06483072212794116
1.480000000000834	0.06470577860530868
1.4810000000008272	0.06458099199419776
1.48200000000082	0.06445636296007329
1.4830000000008132	0.06433189449694754
1.4840000000008062	0.06420758348604083
1.4850000000007992	0.06408342968407643
1.4860000000007925	0.06395943731590203
1.4870000000007855	0.06383560214921569
1.4880000000007785	0.06371192312037866
1.4890000000007717	0.06358840517046749
1.4900000000007645	0.06346504708121226
1.4910000000007577	0.06334184439705914
1.4920000000007507	0.06321880439298178
1.4930000000007437	0.06309591879263976
1.494000000000737	0.0629731920163793
1.49500000000073	0.06285062512308981
1.496000000000723	0.0627282182099893
1.497000000000716	0.06260596689142617
1.498000000000709	0.062483875322267624
1.4990000000007022	0.062361943011904786
1.5000000000006952	0.06224016965840229
1.5010000000006882	0.06211855480414541
1.5020000000006815	0.06199709860476588
1.5030000000006745	0.06187580052736341
1.5040000000006675	0.06175466155020726
1.5050000000006605	0.061633680686904
1.5060000000006535	0.061512859458734526
1.5070000000006467	0.061392195313132225
1.5080000000006397	0.061271689371982685
1.5090000000006327	0.06115134489130325
1.5100000000006257	0.06103115789432745
1.5110000000006187	0.06091112973620394
1.512000000000612	0.06079125955122067
1.513000000000605	0.06067154594642177
1.514000000000598	0.060551992070982275
1.5150000000005912	0.06043259924751132
1.5160000000005842	0.06031336299830814
1.5170000000005772	0.06019428574993546
1.5180000000005702	0.06007536728110874
1.5190000000005632	0.059956604690737825
1.5200000000005565	0.05983800559952135
1.5210000000005495	0.05971956500021314
1.5220000000005425	0.059601278671175484
1.5230000000005357	0.059483152597850086
1.5240000000005285	0.05936518667270929
1.5250000000005217	0.05924737766690702
1.5260000000005147	0.05912972681128359
1.5270000000005077	0.05901223618260287
1.528000000000501	0.058894901586015624
1.529000000000494	0.058777725676930515
1.530000000000487	0.05866071027833619
1.53100000000048	0.05854385336410117
1.532000000000473	0.058427155310071144
1.5330000000004662	0.05831061450205388
1.5340000000004592	0.05819422990204026
1.5350000000004522	0.05807800433550259
1.5360000000004455	0.057961941050334476
1.5370000000004385	0.057846032443763296
1.5380000000004315	0.05773028194115304
1.5390000000004245	0.05761469088592308
1.5400000000004175	0.05749925641150544
1.5410000000004107	0.05738398224234342
1.5420000000004037	0.05726886720487123
1.5430000000003967	0.057153908580728774
1.5440000000003897	0.057039109488841166
1.5450000000003827	0.05692446823100883
1.546000000000376	0.05680998562790629
1.547000000000369	0.05669565873493754
1.548000000000362	0.0565814928419609
1.549000000000355	0.05646748347553576
1.5500000000003482	0.05635363066453292
1.5510000000003412	0.056239939899629054
1.5520000000003342	0.056126402928478036
1.5530000000003272	0.05601302518440254
1.5540000000003205	0.055899806461830126
1.5550000000003135	0.055786742215252816
1.5560000000003065	0.05567384092777161
1.5570000000002997	0.05556109420216471
1.5580000000002925	0.055448506866815794
1.5590000000002857	0.05533607763659232
1.5600000000002787	0.05522380467156052
1.5610000000002717	0.055111689888915905
1.5620000000002647	0.05499973278627013
1.5630000000002577	0.05488793212514709
1.564000000000251	0.05477629306960119
1.565000000000244	0.05466480966036069
1.566000000000237	0.05455348003370708
1.5670000000002302	0.054442310203972166
1.5680000000002232	0.05433130112918827
1.5690000000002162	0.054220446632240904
1.5700000000002092	0.05410974759168752
1.5710000000002025	0.05399920852030027
1.5720000000001955	0.05388882870248013
1.5730000000001885	0.05377860396155132
1.5740000000001815	0.053668537018142226
1.5750000000001747	0.053558623349878265
1.5760000000001675	0.053448869682168554
1.5770000000001607	0.053339273962028755
1.5780000000001537	0.0532298372432678
1.5790000000001467	0.05312055542765559
1.58000000000014	0.053011429731655846
1.581000000000133	0.05290246130114007
1.582000000000126	0.05279364962145294
1.583000000000119	0.05268499617549893
1.584000000000112	0.052576499244731956
1.5850000000001052	0.05246815967765861
1.5860000000000982	0.0523599737877265
1.5870000000000912	0.05225194523929433
1.5880000000000845	0.05214407694845624
1.5890000000000775	0.05203636308459081
1.5900000000000705	0.05192880315985193
1.5910000000000635	0.05182140444253447
1.5920000000000565	0.05171415989354455
1.5930000000000497	0.051607069690591034
1.5940000000000427	0.05150013796647768
1.5950000000000357	0.05139336341653711
1.5960000000000287	0.05128674518293819
1.5970000000000217	0.05118028004863506
1.598000000000015	0.05107397491388743
1.599000000000008	0.050967825369653275
1.600000000000001	0.05086182840918796
1.6009999999999942	0.05075599015142507
1.6019999999999872	0.05065030867622233
1.6029999999999802	0.05054478149426078
1.6039999999999732	0.05043940977887862
1.6049999999999662	0.05033419525300464
1.6059999999999595	0.05022913521574324
1.6069999999999525	0.05012423060649318
1.6079999999999455	0.05001948309544557
1.6089999999999387	0.049914889793509665
1.6099999999999315	0.04981045234409476
1.6109999999999247	0.049706168819460994
1.6119999999999177	0.04960204267724888
1.6129999999999107	0.049498073556926814
1.6139999999999037	0.04939425430918454
1.614999999999897	0.04929059469075825
1.61599999999989	0.04918708994681886
1.616999999999883	0.04908373740654037
1.617999999999876	0.04898054278704411
1.6189999999998692	0.04887750279852798
1.6199999999998622	0.04877461751198342
1.6209999999998552	0.0486718846618428
1.6219999999998485	0.04856931210131732
1.6229999999998415	0.0484668871765811
1.6239999999998345	0.048364619796857466
1.6249999999998275	0.04826250977573032
1.6259999999998205	0.048160550135977864
1.6269999999998137	0.04805874835077695
1.6279999999998067	0.047957098425440825
1.6289999999997997	0.047855602933911
1.6299999999997927	0.047754263949940645
1.6309999999997857	0.047653075995068184
1.631999999999779	0.04755204316513062
1.632999999999772	0.04745116458947307
1.633999999999765	0.04735044210619632
1.634999999999758	0.0472498721259087
1.6359999999997512	0.04714945400299497
1.6369999999997442	0.04704919202103175
1.6379999999997372	0.04694908353512117
1.6389999999997302	0.04684912683438125
1.6399999999997235	0.04674932614737071
1.6409999999997165	0.04664967773101503
1.6419999999997095	0.0465501816420304
1.6429999999997025	0.04645083941380912
1.6439999999996955	0.04635165126935281
1.6449999999996887	0.046252614414030946
1.6459999999996817	0.046153733018687304
1.6469999999996747	0.04605500273432439
1.6479999999996677	0.04595642437946146
1.6489999999996607	0.04585800300741649
1.649999999999654	0.04575973396513988
1.650999999999647	0.045661615245597864
1.65199999999964	0.04556364872643892
1.6529999999996332	0.045465834785490156
1.6539999999996262	0.04536817623208522
1.6549999999996192	0.0452706677541006
1.6559999999996122	0.04517330995293112
1.6569999999996052	0.04507610680506591
1.6579999999995985	0.044979056108719995
1.6589999999995915	0.044882158611606826
1.6599999999995845	0.04478541094308919
1.6609999999995777	0.044688815564483786
1.6619999999995705	0.04459237195086674
1.6629999999995637	0.04449608141790662
1.6639999999995567	0.044399942006830395
1.6649999999995497	0.044303953507101035
1.665999999999543	0.0442081171574602
1.666999999999536	0.044112431911643823
1.667999999999529	0.0440168976511468
1.668999999999522	0.04392151376204689
1.669999999999515	0.04382628209814654
1.6709999999995082	0.043731200635730105
1.6719999999995012	0.04363627212345644
1.6729999999994942	0.04354149183208322
1.6739999999994875	0.04344686442156487
1.6749999999994805	0.04335238905916394
1.6759999999994735	0.04325806160194645
1.6769999999994665	0.04316388687192785
1.6779999999994595	0.0430698607516109
1.6789999999994527	0.04297598801151781
1.6799999999994457	0.04288226233265635
1.6809999999994387	0.042788686248464325
1.6819999999994317	0.04269526241320887
1.6829999999994247	0.04260198835869655
1.683999999999418	0.04250886372755014
1.684999999999411	0.042415889711494126
1.685999999999404	0.04232306573878586
1.6869999999993972	0.04223038976968463
1.6879999999993902	0.04213786298802513
1.6889999999993832	0.04204548987475787
1.6899999999993762	0.04195326123796861
1.6909999999993692	0.04186118460352406
1.6919999999993625	0.04176925800552289
1.6929999999993555	0.04167748001116367
1.6939999999993485	0.04158584755148964
1.6949999999993415	0.041494368716605945
1.6959999999993345	0.041403037897575046
1.6969999999993277	0.04131185101914581
1.6979999999993207	0.041220818373588486
1.6989999999993137	0.04112992919704517
1.6999999999993067	0.041039193228734616
1.7009999999993	0.04094860619812657
1.701999999999293	0.0408581630636744
1.702999999999286	0.040767869252397726
1.703999999999279	0.04067772635830513
1.7049999999992722	0.04058772799637134
1.7059999999992652	0.040497881059209595
1.7069999999992582	0.040408180133133076
1.7079999999992515	0.04031862409445752
1.7089999999992442	0.040229218932645416
1.7099999999992375	0.04013996227506733
1.7109999999992305	0.040050850535613525
1.7119999999992235	0.03996188859954053
1.7129999999992167	0.03987307110319116
1.7139999999992095	0.03978440036191899
1.7149999999992027	0.03969587803380059
1.7159999999991957	0.03960750258373569
1.7169999999991887	0.03951927272656852
1.717999999999182	0.0394311902440142
1.718999999999175	0.039343255950356704
1.719999999999168	0.039255466850598664
1.720999999999161	0.0391678238269102
1.721999999999154	0.03908032737910272
1.7229999999991472	0.03899297699002324
1.7239999999991402	0.038905774237953716
1.7249999999991332	0.03881871472201304
1.7259999999991265	0.03873180047339353
1.7269999999991195	0.038645035277349415
1.7279999999991125	0.03855841461819587
1.7289999999991055	0.03847193696681939
1.7299999999990985	0.0383856066799646
1.7309999999990917	0.03829942376411499
1.7319999999990847	0.038213386566798735
1.7329999999990777	0.03812748981886194
1.7339999999990707	0.038041739770540706
1.7349999999990655	0.037956134793490026
1.7359999999990614	0.03787067240848563
1.7369999999990573	0.037785358854278916
1.7379999999990532	0.037700185882767245
1.7389999999990489	0.037615160224821365
1.7399999999990448	0.037530277963996994
1.7409999999990406	0.037445539850855525
1.7419999999990363	0.03736094747074348
1.7429999999990322	0.03727650010640893
1.743999999999028	0.037192192320017914
1.744999999999024	0.03710802847443362
1.74599999999902	0.03702401222172291
1.7469999999990156	0.03694013960290343
1.7479999999990115	0.03685640593462147
1.7489999999990071	0.036772815389079616
1.749999999999003	0.036689374251972606
1.7509999999990045	0.03660607055670717
1.751999999999006	0.03652291102152139
1.7529999999990071	0.03643989673557846
1.7539999999990086	0.03635702401319851
1.75499999999901	0.03627429384887182
1.7559999999990115	0.03619170459561316
1.756999999999013	0.03610926039418616
1.7579999999990141	0.036026955230738955
1.7589999999990156	0.03594479554684993
1.759999999999017	0.03586277732750154
1.7609999999990182	0.03578090280413315
1.7619999999990197	0.035699167340255133
1.7629999999990211	0.035617571761303424
1.7639999999990226	0.03553611794983613
1.7649999999990238	0.03545480780903898
1.7659999999990263	0.035373640625515734
1.7669999999990305	0.0352926149884204
1.7679999999990346	0.03521172872960254
1.7689999999990387	0.035130981061687105
1.769999999999043	0.035050375963573854
1.7709999999990471	0.03496991229505242
1.7719999999990512	0.034889589982356806
1.7729999999990556	0.03480940655210951
1.7739999999990597	0.034729366836762754
1.7749999999990638	0.034649464476861236
1.7759999999990679	0.03456970041945551
1.776999999999072	0.03449008142141263
1.7779999999990763	0.03441060126127282
1.7789999999990804	0.03433125955500271
1.7799999999990845	0.03425205790993724
1.7809999999990886	0.0341729931183723
1.781999999999093	0.03409406932000447
1.782999999999097	0.03401528620143224
1.7839999999991012	0.03393664314468958
1.7849999999991053	0.03385813927507575
1.7859999999991096	0.033779772019855714
1.7869999999991137	0.03370154517914847
1.7879999999991179	0.03362345383359844
1.788999999999122	0.03354550317274563
1.789999999999126	0.03346769194060939
1.7909999999991304	0.0333900199050321
1.7919999999991345	0.03331248337632009
1.7929999999991386	0.03323508900479499
1.7939999999991427	0.03315782937276324
1.794999999999147	0.03308070873519098
1.7959999999991512	0.033003726248248766
1.7969999999991553	0.03292687928337146
1.7979999999991594	0.0328501694492872
1.7989999999991637	0.032773597140145716
1.7999999999991678	0.03269716564339953
1.800999999999172	0.03262086917814322
1.801999999999176	0.03254470978869395
1.8029999999991801	0.03246868645000567
1.8039999999991845	0.03239280055502569
1.8049999999991886	0.03231704926218426
1.8059999999991927	0.03224144177193489
1.8069999999991968	0.03216595935565503
1.8079999999992011	0.032090621195197344
1.8089999999992052	0.032015416837066435
1.8099999999992094	0.031940347854843565
1.8109999999992135	0.031865416220658305
1.8119999999992178	0.031790616890476464
1.812999999999222	0.03171595722095322
1.813999999999226	0.03164142947330961
1.8149999999992301	0.03156704224151041
1.8159999999992344	0.031492785969144954
1.8169999999992386	0.03141866430542939
1.8179999999992427	0.031344678744628096
1.8189999999992468	0.031270829588945226
1.819999999999251	0.031197115147669874
1.8209999999992552	0.03112353135773316
1.8219999999992593	0.031050086079419725
1.8229999999992634	0.030976771679699366
1.8239999999992675	0.030903590804420067
1.8249999999992719	0.030830549070740565
1.825999999999276	0.03075763814875454
1.82699999999928	0.030684862108619315
1.8279999999992842	0.03061221812585202
1.8289999999992885	0.030539707912284553
1.8299999999992926	0.03046733144500602
1.8309999999992967	0.030395087364620932
1.8319999999993009	0.0303229775616618
1.8329999999993052	0.030250998835770093
1.8339999999993093	0.030179156007374974
1.8349999999993134	0.03010744289152867
1.8359999999993175	0.030035867904795177
1.8369999999993218	0.02996441989276233
1.837999999999326	0.029893105064003778
1.83899999999933	0.029821921299846954
1.8399999999993342	0.029750869940222913
1.8409999999993385	0.0296799515181696
1.8419999999993426	0.029609166250344376
1.8429999999993467	0.029538510978879273
1.8439999999993508	0.02946798798398631
1.844999999999355	0.02939759495733152
1.8459999999993593	0.02932733439567392
1.8469999999993634	0.029257204677370696
1.8479999999993675	0.029187202575543636
1.8489999999993716	0.029117336109046543
1.849999999999376	0.029047598525387075
1.85099999999938	0.028977990606251947
1.8519999999993841	0.028908515310680505
1.8529999999993882	0.028839168096599144
1.8539999999993926	0.028769951698408125
1.8549999999993967	0.02870086526291038
1.8559999999994008	0.02863190953602346
1.856999999999405	0.02856308450817524
1.857999999999409	0.028494384540699413
1.8589999999994133	0.028425816900410794
1.8599999999994175	0.02835737876711264
1.8609999999994216	0.028289068518446814
1.861999999999426	0.028220887642004144
1.86299999999943	0.028152836479620857
1.863999999999434	0.028084915465801275
1.8649999999994382	0.028017120939767826
1.8659999999994423	0.027949454481272507
1.8669999999994467	0.0278819176792503
1.8679999999994508	0.02781450853572176
1.8689999999994549	0.027747226979637274
1.869999999999459	0.027680075209104538
1.870999999999463	0.027613048289877984
1.8719999999994674	0.02754615036758923
1.8729999999994715	0.027479382756541382
1.8739999999994756	0.027412738074408582
1.87499999999948	0.027346220103771524
1.875999999999484	0.027279836257399603
1.8769999999994882	0.027213574694176845
1.8779999999994923	0.027147435484545235
1.8789999999994964	0.027081428847354427
1.8799999999995007	0.0270155484410759
1.8809999999995048	0.02694979182998325
1.881999999999509	0.02688416104868141
1.882999999999513	0.02681866005847966
1.8839999999995174	0.026753283751948076
1.8849999999995215	0.02668803067771852
1.8859999999995256	0.02662290520470323
1.8869999999995297	0.026557906213831806
1.887999999999534	0.026493030735996514
1.8889999999995382	0.026428280142754
1.8899999999995423	0.02636365570562904
1.8909999999995464	0.026299156840729254
1.8919999999995505	0.02623478195750517
1.8929999999995548	0.026170532663832402
1.893999999999559	0.026106406728794274
1.894999999999563	0.02604240458692053
1.8959999999995671	0.025978527325719925
1.8969999999995715	0.025914774046908895
1.8979999999995756	0.02585114580182568
1.8989999999995797	0.0257876409447928
1.8999999999995838	0.02572426025987873
1.9009999999995881	0.025660999569275367
1.9019999999995922	0.025597866212045073
1.9029999999995963	0.025534855667796785
1.9039999999996005	0.025471968284250246
1.9049999999996048	0.025409201823086924
1.905999999999609	0.025346557519168367
1.906999999999613	0.025284038108198237
1.9079999999996171	0.02522164239411606
1.9089999999996214	0.02515936856749157
1.9099999999996256	0.02509721477600735
1.9109999999996297	0.025035183592986954
1.9119999999996338	0.024973273769862914
1.9129999999996379	0.024911486767470903
1.9139999999996422	0.024849821732266686
1.9149999999996463	0.02478827768280445
1.9159999999996504	0.02472685568661337
1.9169999999996545	0.024665555348406087
1.9179999999996589	0.024604375277685664
1.918999999999663	0.024543313470201333
1.919999999999667	0.024482374534541274
1.9209999999996712	0.024421557772178026
1.9219999999996755	0.024360860752311364
1.9229999999996796	0.02430028370199344
1.9239999999996837	0.024239826516612717
1.9249999999996878	0.02417948701882311
1.9259999999996922	0.024119270116697455
1.9269999999996963	0.024059174313019516
1.9279999999997004	0.023999197309638287
1.9289999999997045	0.02393933776209245
1.9299999999997088	0.02387959970378939
1.930999999999713	0.023819979631606758
1.931999999999717	0.023760479039470095
1.9329999999997212	0.023701093631957715
1.9339999999997253	0.023641831857327822
1.9349999999997296	0.023582687890607357
1.9359999999997337	0.02352366003653661
1.9369999999997378	0.023464752368586583
1.937999999999742	0.023405963582072142
1.9389999999997463	0.023347290706444368
1.9399999999997504	0.023288736784240704
1.9409999999997545	0.02323029925633069
1.9419999999997586	0.02317198023022904
1.942999999999763	0.023113778122068496
1.943999999999767	0.023055694565692342
1.9449999999997711	0.022997726296804633
1.9459999999997752	0.02293987509260076
1.9469999999997794	0.02288214100585273
1.9479999999997837	0.022824524278936442
1.9489999999997878	0.022767024409189318
1.949999999999792	0.022709640171803436
1.950999999999796	0.022652369592877086
1.9519999999998003	0.02259521761975214
1.9529999999998044	0.02253818258766005
1.9539999999998086	0.022481262645311473
1.9549999999998127	0.02242445713932073
1.955999999999817	0.022367767846966036
1.956999999999821	0.022311193296061127
1.9579999999998252	0.02225473624950658
1.9589999999998293	0.022198390046743177
1.9599999999998337	0.02214215966375732
1.9609999999998378	0.022086045682015554
1.9619999999998419	0.022030047898820015
1.962999999999846	0.021974162914098483
1.9639999999998503	0.021918389261634252
1.9649999999998544	0.02186273251840798
1.9659999999998585	0.02180719087796712
1.9669999999998626	0.02175176106884924
1.9679999999998667	0.02169644522892855
1.968999999999871	0.021641242693917317
1.9699999999998752	0.021586154060727614
1.9709999999998793	0.02153117943009264
1.9719999999998834	0.021476319642749542
1.9729999999998877	0.02142156864437561
1.9739999999998918	0.021366929168394222
1.974999999999896	0.02131240653609079
1.9759999999999	0.021257994061936736
1.9769999999999044	0.02120369710178205
1.9779999999999085	0.021149508809421902
1.9789999999999126	0.021095432453808183
1.9799999999999167	0.021041471860412275
1.980999999999921	0.02098762140582655
1.9819999999999252	0.020933879210551343
1.9829999999999293	0.020880251395531513
1.9839999999999334	0.020826734314117856
1.9849999999999375	0.020773326012277327
1.9859999999999418	0.020720028742983176
1.986999999999946	0.020666845382645516
1.98799999999995	0.02061377453164015
1.9889999999999541	0.020560810676323538
1.9899999999999585	0.02050795689615137
1.9909999999999626	0.020455213462880484
1.9919999999999667	0.020402581790255114
1.9929999999999708	0.020350060165323036
1.9939999999999751	0.020297650467011485
1.9949999999999792	0.020245343920717418
1.9959999999999833	0.020193148557864804
1.9969999999999875	0.02014106338806687
1.9979999999999918	0.020089087689532104
1.998999999999996	0.020037221954359974
2.0	0.019985459225816515
2.0010279404845495	0.019932366850863303
2.0021217900815715	0.01987599837696441
2.0032857751923165	0.01981616059790714
2.004524391841744	0.019752642193542114
2.005842426366887	0.01968523073087014
2.007244970197923	0.01961370213222502
2.0087374418720856	0.01953782116777847
2.0103256076664273	0.01945734383652653
2.0120156028936726	0.019372003484764644
2.013813957200875	0.019281524354373913
2.0157276178435577	0.019185616717932286
2.0177639781367303	0.01908398651017107
2.019930905358886	0.018976326217670647
2.0222367711443985	0.018862302721962432
2.024690484011897	0.018741593231154874
2.027301523572695	0.01861382272509915
2.0300799770731848	0.018478647098230216
2.033036578410754	0.01833570014583863
2.036182751117039	0.018184573492860068
2.039530649180409	0.018024867033045733
2.043093206833892	0.01785619092861601
2.046884188175661	0.017678128498528678
2.050918238233338	0.017490249014895376
2.0552109433735133	0.017292122448066327
2.059778886913171	0.01708333079570723
2.0646397170403086	0.01686342011187536
2.0698122132469665	0.016631986968242973
2.0753163565584574	0.016388644664267815
2.081173414838828	0.0161328484169726
2.0874060143976347	0.015864279396989533
2.094038234979271	0.015582710100651265
2.1010956980169606	0.015287512640305478
2.1086056699538682	0.014978446074504603
2.116597165034399	0.01465539784628378
2.125101056786564	0.014318093204296889
2.1341501990307465	0.01396614688692388
2.143779554474847	0.013599504218706482
2.1540263207146424	0.013218429347784055
2.1649300857539027	0.012822836617233269
2.1765329774064615	0.01241274322218322
2.1888798204423576	0.011988309835474609
2.2020183144046843	0.011550295311200998
2.2159992202680474	0.01109946455061761
2.2308765524295735	0.010636010921859285
2.246707783705272	0.010160497976823613
2.263554079768369	0.009674798326252843
2.2814805235907363	0.009180076775981871
2.3005563724108544	0.00867729381625948
2.320855322320133	0.00816826342436816
2.3424557929209753	0.0076553663861668175
2.3654412374910825	0.007140163268853916
2.389900455657507	0.00662476754396768
2.41592795027163	0.006112339526573862
2.44362426638729	0.0056053937007169985
2.473096411506492	0.005106956685878017
2.5044582437089975	0.00461946922851908
2.537830924630887	0.004146013054023068
2.5733433911797423	0.003689500241020438
2.611132843166974	0.003253348036710735
2.6513452603475027	0.002839452378299523
2.6941360153529494	0.0024519020407844927
2.739670418177515	0.0020918393733869722
2.788124380079947	0.0017616180000141757
2.839685109337027	0.0014624599725486798
2.894551789617174	0.0011954089736488926
2.9529364084026577	0.000960150154545425
3.0150645170164534	0.0007569301928009864
3.0811761422888653	0.0005846852184748785
3.1515266965252042	0.00044170489800721136
3.226387989377641	0.0003251114391670251
3.30604919671757	0.000233109759987693
3.39081811677136	0.00016168851642717197
3.4810222154328754	0.00010851565136171804
3.577010018652917	7.019991888490562e-05
3.6791523315125145	4.362188813933354e-05
3.7878438030764574	2.587002731424537e-05
3.9035043177534527	1.4564941423378386e-05
4.02658072998157	7.722326010761726e-06
4.157548527011607	3.8465177244484394e-06
4.296913682346355	1.7713834140620222e-06
4.445214635465608	7.534751810256424e-07
4.603024347307951	2.9109940347105123e-07
4.770952424745148	1.0121965476894701e-07
4.9496476786701376	3.1330335770185513e-08
5.139800459354712	8.297956877179047e-09
5.342145448462832	1.6617813791697245e-09
5.557464321076707	3.327640385464292e-10
5.786588991858403	3.1065150452036505e-11
6.03040459644804	4.832689803890844e-12
6.289853138906711	-5.204725539442734e-13
6.565936951835777	1.674216321134736e-13
6.859722633511745	-4.8627768478581856e-14
7.172345245053396	1.587618925213974e-14
7.505012494394354	-5.10702591327572e-15
7.859009576011049	1.3322676295501878e-15
8.23570422033976	-8.881784197001252e-16
8.636551628113326	-2.220446049250313e-16
9.063100564489073	-8.881784197001252e-16
9.516998831091398	-4.440892098500626e-16
10.0	-8.881784197001252e-16
