0.0	0.5035342359792079
0.0010000000000041087	0.5035325383188973
0.0020000000000082174	0.5035279879071214
0.003000000000012548	0.5035207901066681
0.004000000000016657	0.5035109887530476
0.005000000000020766	0.5034981295413189
0.006000000000024874	0.5034826465175289
0.007000000000029205	0.5034642499502412
0.008000000000033314	0.5034430113452306
0.009000000000037423	0.503419105126229
0.010000000000041753	0.5033922740675676
0.011000000000045862	0.5033625999679212
0.01200000000004997	0.5033301355596751
0.01300000000005408	0.5032948018194079
0.01400000000005841	0.5032568298672024
0.015000000000062519	0.5032159686450774
0.016000000000066406	0.5031721315767771
0.017000000000070736	0.5031256629284657
0.018000000000074845	0.5030763666193245
0.019000000000078954	0.5030241219602947
0.020000000000083062	0.5029691896935393
0.021000000000087393	0.5029114049573211
0.022000000000091502	0.5028507835976066
0.02300000000009561	0.5027875042341228
0.02400000000009972	0.5027211552555648
0.02500000000010405	0.5026522171620529
0.02600000000010816	0.5025804292066473
0.027000000000112268	0.5025056975274093
0.0280000000001166	0.5024282437477413
0.029000000000120707	0.5023481182109382
0.030000000000124816	0.5022650529643792
0.031000000000128924	0.5021792031699654
0.032000000000133255	0.5020905929062317
0.033000000000137364	0.501999061271665
0.03400000000014147	0.5019048540276307
0.0350000000001458	0.5018079191188088
0.03600000000014991	0.5017080518138406
0.03700000000015402	0.5016054380951055
0.03800000000015813	0.5015000473889515
0.03900000000016246	0.5013919047308557
0.04000000000016657	0.501280848017754
0.04100000000017068	0.5011670623695927
0.04200000000017501	0.5010505678934802
0.04300000000017912	0.5009312620632769
0.044000000000183226	0.5008091683529592
0.045000000000187335	0.5006841950170827
0.046000000000191665	0.5005566321580006
0.04700000000019555	0.5004262656998738
0.04800000000019966	0.5002929409768868
0.04900000000020399	0.5001569931899917
0.0500000000002081	0.5000182407951056
0.05100000000021221	0.49987670004225604
0.05200000000021632	0.49973254179965276
0.05300000000022065	0.49958554531517896
0.05400000000022476	0.4994356639972435
0.055000000000228866	0.4992832119410229
0.0560000000002332	0.4991279222025621
0.057000000000237305	0.49896978065183817
0.058000000000241414	0.4988091058979677
0.05900000000024552	0.49864557535181286
0.060000000000249853	0.4984792236250807
0.06100000000025396	0.49831031754382327
0.06200000000025807	0.4981385230115062
0.0630000000002624	0.49796403738412365
0.06400000000026651	0.4977868721059342
0.06500000000027062	0.49760695366124175
0.06600000000027473	0.49742423598288976
0.06700000000027906	0.49723878608225247
0.06800000000028317	0.49705074068304034
0.06900000000028728	0.49686000580170775
0.0700000000002916	0.4966663336464512
0.07100000000029572	0.49647015810555606
0.07200000000029982	0.4962712405097114
0.07300000000030393	0.49606949667912104
0.07400000000030826	0.4958651981410629
0.07500000000031237	0.4956581791349256
0.07600000000031648	0.4954483178502955
0.07700000000032081	0.4952359350849921
0.0780000000003247	0.4950208038602467
0.07900000000032881	0.49480297776690296
0.08000000000033292	0.4945825156489293
0.08100000000033725	0.49435932868585186
0.08200000000034136	0.4941334897476536
0.08300000000034546	0.49390498440578756
0.0840000000003498	0.4936738448174036
0.0850000000003539	0.4934400082940176
0.08600000000035801	0.4932035242741004
0.08700000000036212	0.4929643442633532
0.08800000000036645	0.4927225263245326
0.08900000000037056	0.492478019060239
0.09000000000037467	0.4922310100777565
0.091000000000379	0.49198136014547933
0.09200000000038311	0.4917288811237934
0.09300000000038722	0.49147391963786147
0.09400000000039133	0.49121633939326403
0.09500000000039566	0.49095594999120773
0.09600000000039977	0.49069319152838076
0.09700000000040387	0.4904278010952663
0.0980000000004082	0.4901596519202758
0.09900000000041231	0.48988886485080574
0.10000000000041642	0.4896154339009773
0.10100000000042053	0.489339556517972
0.10200000000042486	0.48906117609742683
0.10300000000042897	0.4887802860732535
0.10400000000043308	0.48849659167365445
0.10500000000043741	0.48821016155316443
0.10600000000044152	0.4879214312612742
0.10700000000044563	0.48763004685042344
0.10800000000044951	0.48733611359245144
0.10900000000045384	0.4870396529677814
0.11000000000045795	0.4867404255895236
0.11100000000046206	0.4864388545980525
0.1120000000004664	0.486134773048188
0.1130000000004705	0.48582805251467254
0.11400000000047461	0.48551878533420423
0.11500000000047872	0.48520701374605724
0.11600000000048305	0.4848927126549847
0.11700000000048716	0.484575894277942
0.11800000000049127	0.4842565541496525
0.1190000000004956	0.4839346949506642
0.12000000000049971	0.48361032739393295
0.12100000000050382	0.4832834735114666
0.12200000000050792	0.4829541133188803
0.12300000000051226	0.4826222654706145
0.12400000000051636	0.4822879277777026
0.12500000000052047	0.48195110687984055
0.1260000000005248	0.48161182253625057
0.1270000000005289	0.4812700555488163
0.12800000000053302	0.48092583109187304
0.12900000000053713	0.4805791429452142
0.13000000000054146	0.48023000232011914
0.13100000000054557	0.47987839425969847
0.13200000000054968	0.47952425253826236
0.133000000000554	0.47916788767868534
0.13400000000055812	0.4788091621017724
0.13500000000056223	0.47844771136198216
0.13600000000056633	0.4780839571733798
0.13700000000057067	0.4777177964413244
0.13800000000057477	0.4773492347310875
0.13900000000057866	0.4769782301129909
0.140000000000583	0.47660493328216125
0.1410000000005871	0.47622910680923836
0.1420000000005912	0.47585100653460066
0.14300000000059532	0.47547042959569996
0.14400000000059965	0.47508758604964463
0.14500000000060376	0.4747023660475449
0.14600000000060787	0.47431468438991975
0.1470000000006122	0.47392468133065013
0.1480000000006163	0.4735323815387157
0.14900000000062041	0.4731376862930097
0.15000000000062452	0.4727406951835441
0.15100000000062885	0.47234132720601063
0.15200000000063296	0.47193966713750923
0.15300000000063707	0.47153567813678454
0.1540000000006414	0.47112941074597425
0.1550000000006455	0.4707207974342672
0.15600000000064962	0.4703099048493191
0.15700000000065373	0.4698967159277776
0.15800000000065806	0.46948126097981124
0.15900000000066217	0.46906350875329705
0.16000000000066628	0.46864348774406206
0.16100000000067038	0.4682212072901305
0.16200000000067472	0.4677966186838507
0.16300000000067882	0.4673697452082769
0.16400000000068293	0.46694072901505135
0.16500000000068726	0.4665094565299601
0.16600000000069137	0.46607596647454086
0.16700000000069548	0.46564019279175617
0.1680000000006996	0.4652022365904812
0.16900000000070392	0.4647619711479759
0.1700000000007078	0.4643195571695682
0.17100000000071192	0.4638750004351644
0.17200000000071625	0.4634282112954031
0.17300000000072036	0.46297914483057
0.17400000000072446	0.4625281433095978
0.17500000000072857	0.4620749116871964
0.1760000000007329	0.46161931700961445
0.177000000000737	0.46116166713200313
0.17800000000074112	0.46070183984917834
0.17900000000074545	0.46023992925901347
0.18000000000074956	0.4597758176238035
0.18100000000075367	0.4593095975267055
0.18200000000075778	0.4588412511383131
0.1830000000007621	0.45837084900791913
0.18400000000076622	0.45789830775181806
0.18500000000077033	0.4574236590019056
0.18600000000077466	0.4569468759107773
0.18700000000077877	0.4564681246911816
0.18800000000078287	0.4559872158542031
0.18900000000078698	0.455504172119787
0.1900000000007913	0.4550191588806076
0.19100000000079542	0.45453203142073495
0.19200000000079953	0.4540429092598878
0.19300000000080386	0.4535516951690737
0.19400000000080797	0.453058430839285
0.19500000000081208	0.4525632106738886
0.1960000000008162	0.45206598989371094
0.19700000000082052	0.45156669264734206
0.19800000000082463	0.4510653799394402
0.19900000000082874	0.4505621194418188
0.20000000000083307	0.4500568267850339
0.20100000000083695	0.4495495903809802
0.20200000000084106	0.44904033530499454
0.20300000000084517	0.4485292071016598
0.2040000000008495	0.4480160489432403
0.2050000000008536	0.44750092971904687
0.20600000000085772	0.44698390851646785
0.20700000000086205	0.4464649171257634
0.20800000000086616	0.44594402888467766
0.20900000000087027	0.44542119572784566
0.21000000000087438	0.44489649510762264
0.2110000000008787	0.4443698599284198
0.21200000000088282	0.4438413231739978
0.21300000000088692	0.4433109205916007
0.21400000000089126	0.44277862063949425
0.21500000000089536	0.44224446543206264
0.21600000000089947	0.44170842974694247
0.21700000000090358	0.44117056748120675
0.2180000000009079	0.4406308354606572
0.21900000000091202	0.44008926544896976
0.22000000000091613	0.4395458742873989
0.22100000000092046	0.43900065891309414
0.22200000000092457	0.43845362212654315
0.22300000000092868	0.437904795164637
0.2240000000009328	0.43735415130601485
0.22500000000093712	0.4368017487396305
0.22600000000094123	0.43624753740992683
0.22700000000094533	0.4356915356072777
0.22800000000094967	0.43513379907114347
0.22900000000095377	0.43457430489701254
0.23000000000095788	0.43401306130117256
0.23100000000096177	0.4334500729708779
0.2320000000009661	0.43288534980414917
0.2330000000009702	0.4323188830685897
0.23400000000097432	0.43175071906531615
0.23500000000097865	0.4311809537907184
0.23600000000098276	0.43060940002150083
0.23700000000098687	0.4300360030751914
0.23800000000099097	0.4294611101093976
0.2390000000009953	0.42888448914079536
0.24000000000099941	0.42830628558134964
0.24100000000100352	0.4277264714076864
0.24200000000100785	0.42714475076065317
0.24300000000101196	0.4265616024148946
0.24400000000101607	0.4259768117276439
0.24500000000102018	0.4253902720745727
0.2460000000010245	0.4248021733815599
0.24700000000102862	0.4242125520141433
0.24800000000103273	0.4236212804739219
0.24900000000103706	0.42302842471940016
0.25000000000104117	0.42243399219478595
0.2510000000010453	0.4218379967775817
0.2520000000010494	0.4212403951174073
0.2530000000010537	0.4206412669700651
0.2540000000010578	0.42004061406705784
0.25500000000106193	0.4194384376381146
0.25600000000106626	0.41883472522788767
0.25700000000107037	0.4182294975779758
0.2580000000010745	0.4176227187938063
0.2590000000010786	0.4170145209118693
0.2600000000010829	0.41640475270151456
0.26100000000108703	0.4157935417102876
0.2620000000010909	0.4151808382147423
0.26300000000109525	0.4145666851562744
0.26400000000109936	0.41395107618380345
0.26500000000110346	0.41333400611879445
0.2660000000011076	0.41271552953594437
0.2670000000011119	0.4120956723468243
0.268000000001116	0.4114742954023817
0.2690000000011201	0.4108514377210375
0.27000000000112445	0.41022726874065263
0.27100000000112856	0.40960181783813165
0.27200000000113267	0.4089750179457683
0.2730000000011368	0.40834666071859005
0.2740000000011411	0.40771685495079124
0.2750000000011452	0.4070859204832573
0.2760000000011493	0.40645355373328096
0.27700000000115366	0.4058197279827114
0.27800000000115777	0.4051847802077837
0.2790000000011619	0.4045484480591466
0.280000000001166	0.4039106864984858
0.2810000000011703	0.40327170085113506
0.2820000000011744	0.402631501115166
0.28300000000117853	0.4019898540236705
0.28400000000118286	0.4013470121839323
0.28500000000118697	0.400702966285296
0.2860000000011911	0.4000576080181435
0.2870000000011952	0.39941100866687285
0.2880000000011995	0.398763130311911
0.2890000000012036	0.3981140533828996
0.29000000000120774	0.39746377616150075
0.29100000000121207	0.39681225050958313
0.2920000000012162	0.39615953083572253
0.29300000000122006	0.39550563786977677
0.29400000000122417	0.3948505438158214
0.2950000000012285	0.394194261954259
0.2960000000012326	0.39353683900006875
0.2970000000012367	0.39287824337233834
0.29800000000124083	0.39221849531069597
0.29900000000124516	0.3915576227778288
0.30000000000124927	0.39089561669720263
0.3010000000012534	0.3902324888300176
0.3020000000012577	0.38956824799816725
0.3030000000012618	0.38890289539102807
0.3040000000012659	0.38823646745251417
0.30500000000127003	0.3875689502906179
0.30600000000127436	0.3869003472427308
0.3070000000012785	0.38623069372843133
0.3080000000012826	0.3855599785972905
0.3090000000012869	0.38488820549703495
0.310000000001291	0.3842154137876972
0.31100000000129513	0.38354158809029604
0.31200000000129924	0.38286673857143017
0.31300000000130357	0.38219086731738794
0.3140000000013077	0.38151400413446523
0.3150000000013118	0.3808361600974264
0.3160000000013161	0.3801573261211769
0.3170000000013202	0.3794775270942834
0.31800000000132433	0.3787967541343704
0.31900000000132844	0.3781150069678544
0.3200000000013328	0.3774323609273019
0.3210000000013369	0.3767487531173086
0.322000000001341	0.37606418665395014
0.3230000000013453	0.3753787594978162
0.3240000000013492	0.37469241113417395
0.3250000000013533	0.37400510609419246
0.3260000000013574	0.373316990539841
0.32700000000136176	0.37262799057548024
0.32800000000136587	0.3719380378897492
0.32900000000137	0.3712472321361763
0.3300000000013743	0.37055569566805957
0.3310000000013784	0.3698631867476396
0.3320000000013825	0.3691698479647437
0.33300000000138663	0.36847581117568784
0.33400000000139096	0.36778083227828806
0.33500000000139507	0.367085089764301
0.3360000000013992	0.3663885691791158
0.3370000000014035	0.36569115429212806
0.3380000000014076	0.36499308339444847
0.3390000000014117	0.3642942360998771
0.34000000000141584	0.3635945652255267
0.34100000000142017	0.36289415816497983
0.3420000000014243	0.36219299594709176
0.3430000000014284	0.36149115887304506
0.3440000000014327	0.3607885472691207
0.3450000000014368	0.3600852125327283
0.34600000000144093	0.35938122325570043
0.34700000000144504	0.35867647278177117
0.34800000000144937	0.357971101363733
0.3490000000014535	0.3572650099761183
0.3500000000014576	0.35655824515628765
0.3510000000014619	0.35585085790489046
0.35200000000146603	0.35514278477647
0.35300000000147014	0.3544340764952951
0.35400000000147425	0.35372474473579496
0.35500000000147836	0.35301478449891044
0.35600000000148246	0.3523042113407575
0.3570000000014866	0.3515930323056745
0.3580000000014909	0.3508812567648927
0.359000000001495	0.350168889262225
0.3600000000014991	0.3494559454385442
0.36100000000150323	0.34874243269633776
0.36200000000150756	0.34802837050899427
0.36300000000151167	0.3473137535341366
0.3640000000015158	0.34659858090663764
0.3650000000015201	0.3458828860647237
0.3660000000015242	0.34516667869358697
0.3670000000015283	0.3444499462146928
0.36800000000153243	0.3437327124260757
0.36900000000153677	0.343014984877298
0.3700000000015409	0.34229676144161414
0.371000000001545	0.34157806811850266
0.3720000000015493	0.3408588794524936
0.3730000000015534	0.340139294362128
0.37400000000155753	0.33941919230692075
0.37500000000156164	0.33869867439942536
0.37600000000156597	0.33797763721069096
0.3770000000015701	0.3372563451892593
0.3780000000015742	0.3365345283943235
0.3790000000015785	0.33581232958502505
0.3800000000015826	0.33508973999179326
0.38100000000158674	0.33436675801208415
0.38200000000159084	0.3336434244058746
0.3830000000015952	0.3329195894890795
0.3840000000015993	0.33219559317938363
0.3850000000016034	0.3314711061323452
0.3860000000016075	0.3307463109658815
0.3870000000016116	0.3300211641970924
0.3880000000016157	0.3292956900889831
0.38900000000161983	0.32856991922895373
0.39000000000162416	0.32784383629917435
0.39100000000162827	0.3271174844994913
0.3920000000016324	0.3263907965546432
0.3930000000016367	0.3256638227755039
0.3940000000016408	0.3249365701195809
0.3950000000016449	0.3242091051292647
0.39600000000164903	0.3234814050633944
0.39700000000165336	0.3227533889372981
0.3980000000016575	0.3220251271563953
0.3990000000016616	0.32129665248359807
0.4000000000016659	0.3205679470860582
0.40100000000167	0.319839052345226
0.40200000000167413	0.319109950950313
0.40300000000167824	0.31838064862208215
0.40400000000168257	0.31765115671043576
0.4050000000016867	0.3169214930192087
0.4060000000016908	0.31619167765098666
0.4070000000016951	0.3154616939485888
0.4080000000016992	0.31473155872678715
0.40900000000170333	0.3140012439350316
0.41000000000170744	0.31327081203653606
0.4110000000017118	0.3125403080852587
0.4120000000017159	0.3118094791929985
0.41300000000172	0.3110788521582796
0.4140000000017243	0.31034796825244704
0.41500000000172843	0.3096168427395263
0.41600000000173254	0.30888592612049437
0.4170000000017364	0.3081547635863504
0.41800000000174076	0.30742355353366746
0.41900000000174487	0.3066922902345721
0.420000000001749	0.3059609779197918
0.4210000000017533	0.305229623714931
0.4220000000017574	0.3044982359394919
0.4230000000017615	0.30376682388494824
0.42400000000176563	0.30303539972446303
0.42500000000176996	0.3023039848023452
0.42600000000177407	0.30157240743320224
0.4270000000017782	0.3008411119581811
0.4280000000017825	0.30010966910427017
0.4290000000017866	0.2993782668249948
0.4300000000017907	0.29864690520400927
0.43100000000179484	0.2979155878208859
0.43200000000179917	0.29718433968255575
0.4330000000018033	0.2964529960897371
0.4340000000018074	0.2957219767368703
0.4350000000018115	0.2949908753399715
0.4360000000018158	0.2942598706426057
0.43700000000181993	0.2935289649731213
0.43800000000182404	0.2927981402894194
0.43900000000182837	0.29206745931313527
0.4400000000018325	0.29133675456952224
0.4410000000018366	0.2906064112424199
0.4420000000018407	0.2898760407690377
0.44300000000184503	0.28914582157921764
0.44400000000184914	0.28841576077063547
0.44500000000185325	0.28768585587779183
0.4460000000018576	0.28695609957021073
0.4470000000018617	0.2862265213834405
0.4480000000018656	0.28549712102985114
0.4490000000018697	0.284767897765437
0.450000000001874	0.2840388747728322
0.4510000000018781	0.28331004952016325
0.45200000000188223	0.2825814250267237
0.45300000000188656	0.28185303038606146
0.45400000000189067	0.2811248570184357
0.4550000000018948	0.2803969230368306
0.4560000000018989	0.27966922799106486
0.4570000000019032	0.27894167305616613
0.4580000000019073	0.2782145258798383
0.45900000000191143	0.277487556532638
0.46000000000191577	0.2767608842925029
0.4610000000019199	0.27603447688093696
0.462000000001924	0.27530835478336235
0.4630000000019281	0.27458252360424407
0.4640000000019324	0.273856994084662
0.46500000000193653	0.27313176847336706
0.46600000000194064	0.27240685542343557
0.46700000000194497	0.271682265517188
0.4680000000019491	0.27095800425886163
0.4690000000019532	0.27023407993089943
0.4700000000019573	0.2695104990352297
0.4710000000019616	0.2687872689127826
0.47200000000196574	0.2680643968551991
0.47300000000196984	0.26734189011350784
0.4740000000019742	0.26661975597142595
0.4750000000019783	0.26589800166649147
0.4760000000019824	0.2651766348644139
0.4770000000019865	0.26445566176727675
0.47800000000199083	0.2637350905684588
0.4790000000019947	0.2630149298906871
0.48000000000199883	0.26229518434105736
0.48100000000200316	0.26157586109534936
0.48200000000200727	0.2608569659024771
0.4830000000020114	0.2601385114045124
0.4840000000020155	0.2594205034185937
0.4850000000020198	0.2587029577905384
0.4860000000020239	0.2579857450491526
0.48700000000202803	0.2572692069280401
0.48800000000203236	0.2565530247354296
0.4890000000020365	0.2558373283317422
0.4900000000020406	0.2551221215115842
0.4910000000020447	0.25440741152079593
0.492000000002049	0.25369320872455436
0.49300000000205313	0.25297940420644205
0.49400000000205724	0.25226630388499105
0.49500000000206157	0.2515536153505472
0.4960000000020657	0.2508414597891504
0.4970000000020698	0.2501298403115022
0.4980000000020739	0.2494187614610579
0.4990000000020782	0.2487082285320158
0.5000000000020823	0.24799824880968413
0.5010000000020864	0.24728882803585617
0.5020000000020908	0.2465799722452352
0.5030000000020949	0.24587168906462176
0.504000000002099	0.24516398484720647
0.5050000000021031	0.244456866142717
0.5060000000021074	0.2437503390546808
0.5070000000021115	0.2430444099858291
0.5080000000021156	0.24233908530814718
0.50900000000212	0.24163437133397558
0.5100000000021239	0.24093027430961222
0.511000000002128	0.2402268004715714
0.5120000000021321	0.239523956734506
0.5130000000021364	0.238821749078306
0.5140000000021405	0.23812018354283626
0.5150000000021446	0.23741926461041507
0.516000000002149	0.23671900106067167
0.5170000000021531	0.23601939841142328
0.5180000000021572	0.2353204639238613
0.5190000000021613	0.23462220272046064
0.5200000000021656	0.2339246152857547
0.5210000000021697	0.233227726846448
0.5220000000021738	0.23253151783111692
0.5230000000021782	0.23183600905296653
0.5240000000021823	0.2311411993472775
0.5250000000021864	0.23044709793652995
0.5260000000021905	0.22975371077359874
0.5270000000021948	0.22906104391600202
0.5280000000021989	0.22836910404399435
0.529000000002203	0.22767789626522816
0.5300000000022074	0.22698742780104675
0.5310000000022115	0.2262977045860075
0.5320000000022156	0.2256087312420444
0.5330000000022197	0.22492051316909045
0.534000000002224	0.22423305764036727
0.5350000000022281	0.22354635172495574
0.5360000000022322	0.22286043450283877
0.5370000000022366	0.22217529830511307
0.5380000000022407	0.22149093892538563
0.5390000000022448	0.2208073755168598
0.5400000000022487	0.22012458791901124
0.541000000002253	0.2194426057116301
0.5420000000022571	0.2187614304658625
0.5430000000022612	0.218081068313555
0.5440000000022656	0.21740152045367234
0.5450000000022697	0.21672279538105643
0.5460000000022738	0.2160448948089202
0.5470000000022779	0.21536782769924812
0.5480000000022822	0.2146915965612719
0.5490000000022863	0.2140162084684507
0.5500000000022904	0.2133416685057019
0.5510000000022948	0.21266797953696903
0.5520000000022989	0.21199514749881798
0.553000000002303	0.21132317854311267
0.5540000000023071	0.21065207836900945
0.5550000000023114	0.20998185156173843
0.5560000000023155	0.20931250306131688
0.5570000000023196	0.20864403777773932
0.558000000002324	0.20797646039771045
0.5590000000023281	0.20730977515641147
0.5600000000023322	0.2066439863276569
0.5610000000023363	0.20597909887091959
0.5620000000023406	0.2053151182758255
0.5630000000023447	0.2046520498825113
0.5640000000023488	0.20398989859580396
0.5650000000023532	0.20332866962233132
0.5660000000023573	0.2026683677204314
0.5670000000023614	0.20200899709078457
0.5680000000023655	0.20135056237583537
0.5690000000023698	0.20069306831939837
0.5700000000023739	0.2000365193760344
0.5710000000023778	0.19938092009599706
0.5720000000023819	0.19872627478801852
0.5730000000023863	0.19807258763562874
0.5740000000023904	0.19741986333777328
0.5750000000023945	0.19676810653501986
0.5760000000023988	0.19611732207360333
0.5770000000024029	0.19546751540069796
0.578000000002407	0.19481869064226032
0.5790000000024111	0.19417084599570722
0.5800000000024155	0.19352399241005047
0.5810000000024196	0.1928781320787767
0.5820000000024237	0.19223327469700824
0.583000000002428	0.19158942225268238
0.5840000000024321	0.1909465652999509
0.5850000000024362	0.19030472140874555
0.5860000000024403	0.1896638924913575
0.5870000000024447	0.18902408403033755
0.5880000000024488	0.18838529797808135
0.5890000000024529	0.187747537529241
0.5900000000024572	0.18711081040591915
0.5910000000024613	0.18647511749801893
0.5920000000024654	0.18584046389024111
0.5930000000024696	0.18520685285854155
0.5940000000024739	0.18457428677711452
0.595000000002478	0.18394277040306295
0.5960000000024821	0.18331230629134676
0.5970000000024864	0.18268290181774727
0.5980000000024905	0.1820545580448516
0.5990000000024946	0.1814272833303704
0.6000000000024988	0.18080107751903396
0.6010000000025031	0.1801759347102202
0.602000000002507	0.17955187202191314
0.6030000000025111	0.17892889123080868
0.6040000000025154	0.17830699662184535
0.6050000000025195	0.1776861878413626
0.6060000000025236	0.17706647119825614
0.6070000000025277	0.17644784699221205
0.6080000000025321	0.17583032220605666
0.6090000000025362	0.17521389773396967
0.6100000000025403	0.17459857914668175
0.6110000000025446	0.17398436586786636
0.6120000000025487	0.17337126203838338
0.6130000000025528	0.17275927394193535
0.614000000002557	0.1721484043733954
0.6150000000025613	0.17153865577626726
0.6160000000025654	0.17093003127167128
0.6170000000025695	0.17032253402292263
0.6180000000025738	0.16971616720190053
0.6190000000025779	0.169110934011787
0.620000000002582	0.16850683763121077
0.6210000000025861	0.16790388127500222
0.6220000000025905	0.16730206828528849
0.6230000000025946	0.16670140169973469
0.6240000000025987	0.16610188440499374
0.625000000002603	0.1655035195622705
0.6260000000026071	0.16490630976541154
0.6270000000026112	0.1643102534247013
0.6280000000026154	0.16371535852661578
0.6290000000026197	0.16312162530517815
0.6300000000026238	0.1625290602605517
0.6310000000026279	0.16193766189856262
0.6320000000026322	0.1613474370942426
0.6330000000026361	0.16075838719507463
0.6340000000026402	0.16017051384125436
0.6350000000026443	0.15958382097204704
0.6360000000026487	0.15899830988392027
0.6370000000026528	0.15841398459554745
0.6380000000026569	0.15783084633899602
0.6390000000026612	0.15724889933941633
0.6400000000026653	0.15666814318236066
0.6410000000026694	0.15608858215978227
0.6420000000026735	0.15551022333489017
0.6430000000026779	0.1549330295108876
0.644000000002682	0.15435709167812683
0.6450000000026861	0.15378235086075875
0.6460000000026904	0.15320879910783936
0.6470000000026945	0.15263645741943166
0.6480000000026986	0.15206532795450312
0.6490000000027027	0.15149541684492207
0.6500000000027071	0.15092671942713198
0.6510000000027112	0.15035923312215227
0.6520000000027153	0.1497929731453691
0.6530000000027196	0.14922793384073385
0.6540000000027237	0.1486641248370042
0.6550000000027278	0.14810153871953924
0.656000000002732	0.1475401856376446
0.6570000000027363	0.14698005887211008
0.6580000000027404	0.14642116827329366
0.6590000000027445	0.1458635076848266
0.6600000000027488	0.14530708689913707
0.6610000000027529	0.14475190071763644
0.662000000002757	0.14419795856627482
0.6630000000027612	0.14364525642473291
0.6640000000027653	0.143093803194436
0.6650000000027694	0.14254358812647105
0.6660000000027735	0.14199462757218206
0.6670000000027778	0.14144691553062871
0.6680000000027819	0.14090045302654797
0.669000000002786	0.1403552452853376
0.6700000000027901	0.139811290941124
0.6710000000027945	0.13926859327147656
0.6720000000027986	0.1387271526534959
0.6730000000028027	0.13818697305838523
0.674000000002807	0.13764805349021592
0.6750000000028111	0.1371103955783184
0.6760000000028152	0.1365740024726675
0.6770000000028193	0.13603887417982086
0.6780000000028237	0.13550501405854354
0.6790000000028278	0.13497241984385389
0.6800000000028319	0.13444109344556232
0.6810000000028362	0.1339110492265846
0.6820000000028403	0.1333822621885259
0.6830000000028444	0.13285476298410048
0.6840000000028486	0.13232852710470966
0.6850000000028529	0.13180357889655292
0.686000000002857	0.13127989553008523
0.6870000000028611	0.13075750499243255
0.6880000000028654	0.130236377118919
0.6890000000028695	0.1297165449286165
0.6900000000028736	0.1291979818836293
0.6910000000028778	0.12868071550688265
0.6920000000028821	0.12816472211066787
0.6930000000028862	0.12765003822726118
0.6940000000028901	0.12713661331401738
0.6950000000028944	0.1266244822361624
0.6960000000028985	0.12611364518664092
0.6970000000029026	0.12560407021285858
0.6980000000029067	0.12509580685988553
0.6990000000029111	0.12458883799170772
0.7000000000029152	0.12408315017204774
0.7010000000029193	0.12357876842064952
0.7020000000029236	0.12307566878004828
0.7030000000029277	0.12257387438827827
0.7040000000029318	0.12207336633728094
0.705000000002936	0.12157415621804057
0.7060000000029403	0.12107624324615096
0.7070000000029444	0.12057962715862813
0.7080000000029485	0.12008430840594753
0.7090000000029526	0.1195902882186719
0.7100000000029569	0.11909756596495336
0.711000000002961	0.11860614428516925
0.7120000000029651	0.11811602229889284
0.7130000000029695	0.1176272001868025
0.7140000000029736	0.11713968185630119
0.7150000000029777	0.11665346439637259
0.7160000000029818	0.11616854966266055
0.7170000000029861	0.11568493454667195
0.7180000000029902	0.11520262709812723
0.7190000000029944	0.11472161418750393
0.7200000000029987	0.11424192256541355
0.7210000000030028	0.11376351530572859
0.7220000000030069	0.11328641328147993
0.723000000003011	0.11281063256896284
0.7240000000030153	0.1123361391620663
0.7250000000030195	0.11186295784998956
0.7260000000030233	0.11139108392122898
0.7270000000030277	0.1109205149939625
0.7280000000030318	0.11045125230645092
0.7290000000030359	0.10998328766212317
0.73000000000304	0.10951663581008964
0.7310000000030443	0.10905129474058262
0.7320000000030484	0.10858724682663046
0.7330000000030525	0.10812450320421041
0.7340000000030569	0.10766307791504548
0.735000000003061	0.10720295481303876
0.7360000000030651	0.10674413858955467
0.7370000000030692	0.10628662830498459
0.7380000000030735	0.1058304274302726
0.7390000000030776	0.1053755297429958
0.7400000000030817	0.10492193796420535
0.7410000000030861	0.10446964662065883
0.7420000000030902	0.10401866425530837
0.7430000000030943	0.10356899067124192
0.7440000000030984	0.1031206226036454
0.7450000000031027	0.10267355794851185
0.7460000000031068	0.10222779860891318
0.747000000003111	0.10178334384260157
0.7480000000031153	0.10134019305259423
0.7490000000031194	0.10089834642876949
0.7500000000031235	0.1004578050519489
0.7510000000031276	0.10001855599625409
0.7520000000031319	0.09958062063772855
0.753000000003136	0.09914398581033002
0.7540000000031402	0.09870865532305595
0.7550000000031445	0.0982746306767881
0.7560000000031484	0.09784189793707943
0.7570000000031525	0.09741047104147971
0.7580000000031566	0.0969803413583038
0.7590000000031609	0.09655150605567309
0.760000000003165	0.09612397950551554
0.7610000000031691	0.09569775257409097
0.7620000000031735	0.09527281711654345
0.7630000000031776	0.09484918553735633
0.7640000000031817	0.09442682999170682
0.7650000000031858	0.09400581619587733
0.7660000000031901	0.09358604910576485
0.7670000000031942	0.09316761102309778
0.7680000000031983	0.09275044425314816
0.7690000000032027	0.09233457776583953
0.7700000000032068	0.09192001075122369
0.7710000000032109	0.0915067382145861
0.772000000003215	0.09109474981328569
0.7730000000032193	0.09068405217901243
0.7740000000032234	0.0902746249848686
0.7750000000032276	0.0898665391828738
0.7760000000032319	0.08945968558220085
0.777000000003236	0.08905415209074619
0.7780000000032401	0.08864989348442942
0.7790000000032442	0.08824692092796771
0.7800000000032485	0.0878452349019847
0.7810000000032526	0.08744483312635043
0.7820000000032568	0.08704571200406774
0.7830000000032611	0.08664787460807533
0.7840000000032652	0.08625132304255023
0.7850000000032693	0.08585602881930265
0.7860000000032734	0.0854620351551284
0.7870000000032777	0.08506931789044869
0.7880000000032816	0.08467784950983015
0.7890000000032857	0.0842877031632544
0.7900000000032901	0.08389878614934942
0.7910000000032942	0.08351118800364055
0.7920000000032983	0.08312481693815843
0.7930000000033024	0.08273974004741991
0.7940000000033067	0.082355948298102
0.7950000000033108	0.08197338126936615
0.796000000003315	0.08159209614490381
0.7970000000033193	0.0812121014300976
0.7980000000033234	0.08083335369194145
0.7990000000033275	0.08045587354067085
0.8000000000033316	0.08007965663662275
0.8010000000033359	0.07970468294831023
0.80200000000334	0.07933099555925482
0.8030000000033441	0.07895857338720347
0.8040000000033485	0.0785873764178775
0.8050000000033526	0.07821745867436103
0.8060000000033567	0.07784876361652537
0.8070000000033608	0.0774813539013961
0.8080000000033651	0.07711518090342906
0.8090000000033692	0.0767502554200743
0.8100000000033734	0.07638659305623885
0.8110000000033777	0.07602416754201169
0.8120000000033818	0.07566299712082392
0.8130000000033859	0.07530305152171468
0.81400000000339	0.07494438115186641
0.8150000000033943	0.07458691287427588
0.8160000000033985	0.07423072200905789
0.8170000000034026	0.073875751197237
0.8180000000034067	0.07352199985195673
0.8190000000034108	0.07316951399643312
0.8200000000034149	0.07281822366609703
0.821000000003419	0.07246820882183513
0.8220000000034233	0.07211939672757595
0.8230000000034274	0.07177182041243912
0.8240000000034315	0.07142545725632332
0.8250000000034359	0.07108034089732285
0.82600000000344	0.0707364528596488
0.8270000000034441	0.07039377658947676
0.8280000000034482	0.0700523145956754
0.8290000000034525	0.06971207348595987
0.8300000000034566	0.06937305318351228
0.8310000000034607	0.06903524574935527
0.8320000000034651	0.06869865138560749
0.8330000000034692	0.06836326886588029
0.8340000000034733	0.068029098302266
0.8350000000034774	0.06769613178244793
0.8360000000034817	0.06736437286583552
0.8370000000034858	0.06703382034249983
0.83800000000349	0.06670446744531322
0.8390000000034943	0.06637631571576208
0.8400000000034984	0.06604936344880741
0.8410000000035025	0.06572361018796191
0.8420000000035066	0.06539904973649724
0.8430000000035109	0.06507568270219255
0.844000000003515	0.06475350757959064
0.8450000000035192	0.0644325210391099
0.8460000000035233	0.06411272002915247
0.8470000000035276	0.06379411380192013
0.8480000000035317	0.0634766823662779
0.8490000000035356	0.06316042863870153
0.8500000000035399	0.06284538378341287
0.851000000003544	0.06253147654302249
0.8520000000035481	0.06221875828194123
0.8530000000035523	0.0619072079334666
0.8540000000035566	0.0615968363521604
0.8550000000035607	0.06128763989806574
0.8560000000035648	0.0609796176954811
0.8570000000035691	0.06067275684343887
0.8580000000035732	0.060367041811621
0.8590000000035773	0.06006250267650348
0.8600000000035815	0.05975912053929611
0.8610000000035858	0.059456894353453804
0.8620000000035899	0.05915582647618434
0.863000000003594	0.0588559230169291
0.8640000000035983	0.05855715439172893
0.8650000000036024	0.05825952183337413
0.8660000000036066	0.05796305291531367
0.8670000000036107	0.05766773967892014
0.868000000003615	0.05737354463992872
0.8690000000036191	0.057080509977890714
0.8700000000036232	0.05678859819290594
0.8710000000036275	0.05649782066975173
0.8720000000036316	0.056208181296399484
0.8730000000036358	0.0559196627027716
0.8740000000036399	0.05563229136081893
0.8750000000036442	0.055346046740773924
0.8760000000036483	0.05506092131828655
0.8770000000036524	0.05477693788894322
0.8780000000036567	0.0544940460046246
0.8790000000036609	0.054212270045447264
0.8800000000036647	0.05393161079920927
0.8810000000036688	0.05365209081733424
0.8820000000036732	0.053373653321678205
0.8830000000036773	0.05309634117658968
0.8840000000036814	0.05282012939148106
0.8850000000036857	0.052545025825110336
0.8860000000036898	0.05227101955590685
0.887000000003694	0.051998108108980756
0.888000000003698	0.05172630548352419
0.8890000000037024	0.05145559609485861
0.8900000000037065	0.05118597686971038
0.8910000000037106	0.05091744305446788
0.8920000000037149	0.05065000249896312
0.893000000003719	0.050383644812385
0.8940000000037231	0.05011836238612988
0.8950000000037273	0.049854172201312386
0.8960000000037316	0.049591041106160194
0.8970000000037357	0.04932899806159152
0.8980000000037398	0.04906802680755018
0.8990000000037441	0.04880813729463884
0.9000000000037482	0.048549308460932084
0.9010000000037524	0.04829154971236027
0.9020000000037565	0.04803485130949714
0.9030000000037608	0.04777920652207568
0.9040000000037649	0.047524641764148945
0.905000000003769	0.04727111224310465
0.9060000000037733	0.04701863141401241
0.9070000000037775	0.0467672050447564
0.9080000000037816	0.04651683677386809
0.9090000000037857	0.046267521842539905
0.91000000000379	0.04601924195903273
0.9110000000037939	0.04577199832445755
0.912000000003798	0.045525791772564994
0.9130000000038023	0.045280640457898924
0.9140000000038064	0.045036502112687615
0.9150000000038105	0.044793407946534636
0.9160000000038147	0.044551336869213864
0.917000000003819	0.04431028656379643
0.9180000000038231	0.04407027014045595
0.9190000000038272	0.0438312723776918
0.9200000000038315	0.043593282167249336
0.9210000000038356	0.043356336913735416
0.9220000000038397	0.04312035688549465
0.9230000000038439	0.04288543623726904
0.9240000000038482	0.04265150143308838
0.9250000000038523	0.042418573239414226
0.9260000000038564	0.042186641775667666
0.9270000000038607	0.04195572627876043
0.9280000000038648	0.041725790636111926
0.929000000003869	0.041496873696601266
0.9300000000038731	0.041268928924028
0.9310000000038774	0.041041968829607756
0.9320000000038815	0.04081602322795763
0.9330000000038856	0.04059105569673194
0.9340000000038899	0.04036706079775865
0.935000000003894	0.04014405607753646
0.9360000000038982	0.03992200900435605
0.9370000000039023	0.03970094738386376
0.9380000000039066	0.039480863288569035
0.9390000000039107	0.03926175074551996
0.9400000000039148	0.03904359733824114
0.9410000000039191	0.03882642427348226
0.942000000003923	0.03861017884059659
0.9430000000039271	0.03839492075684103
0.9440000000039312	0.03818060394068801
0.9450000000039356	0.03796725147777513
0.9460000000039397	0.037754841914077186
0.9470000000039438	0.037543383010258835
0.9480000000039481	0.03733285372808237
0.9490000000039522	0.03712331439099681
0.9500000000039563	0.03691464941375555
0.9510000000039605	0.03670697482425722
0.9520000000039648	0.0365002261894416
0.9530000000039689	0.03629440845657106
0.954000000003973	0.03608949368156755
0.9550000000039773	0.03588552555745095
0.9560000000039814	0.035682500974075104
0.9570000000039856	0.03548034761785901
0.9580000000039897	0.03527916461344405
0.959000000003994	0.03507890738134223
0.9600000000039981	0.034879503363499875
0.9610000000040022	0.03468103499418118
0.9620000000040065	0.03448348728160178
0.9630000000040106	0.03428683072516947
0.9640000000040148	0.03409109364184337
0.9650000000040189	0.03389623991709423
0.9660000000040232	0.0337023071140391
0.9670000000040273	0.03350924197863936
0.9680000000040314	0.03331706808562784
0.9690000000040357	0.03312583175760708
0.9700000000040399	0.03293542046771225
0.9710000000040437	0.03274593694091121
0.9720000000040478	0.032557313769995155
0.9730000000040522	0.03236955746793646
0.9740000000040563	0.03218272361027508
0.9750000000040604	0.03199670539340216
0.9760000000040647	0.03181159949336665
0.9770000000040688	0.03162734813923063
0.978000000004073	0.031443945752492986
0.979000000004077	0.03126145077729192
0.9800000000040812	0.0310797562889642
0.9810000000040855	0.030898964865585854
0.9820000000040896	0.030719013632038106
0.9830000000040937	0.030539916646022847
0.984000000004098	0.030361651735503203
0.9850000000041004	0.03018424783635354
0.9860000000041018	0.03000769422468874
0.987000000004103	0.029831948331979774
0.9880000000041045	0.029657068324878022
0.9890000000041059	0.02948304523365397
0.9900000000041072	0.029309836388581756
0.9910000000041086	0.029137433027979776
0.99200000000411	0.028965858458853466
0.9930000000041115	0.02879515577189784
0.9940000000041127	0.028625236633205375
0.9950000000041141	0.028456135901647195
0.9960000000041156	0.02828787858600834
0.997000000004117	0.0281204105938736
0.9980000000041185	0.027953751200963994
0.9990000000041197	0.02778792184387313
1.0000000000041211	0.0276228812337157
1.001000000004117	0.027458647226174193
1.002000000004113	0.027295226451986454
1.0030000000041086	0.027132582577050313
1.0040000000041045	0.026970750425058365
1.0050000000041002	0.026809713756730358
1.006000000004096	0.026649446299889967
1.007000000004092	0.026489981216300418
1.0080000000040878	0.026331298917989132
1.0090000000040837	0.026173399502514627
1.0100000000040794	0.026016272622315317
1.0110000000040753	0.02585992371624668
1.012000000004071	0.02570434992118864
1.0130000000040669	0.025549548637155195
1.0140000000040628	0.025395512484000737
1.0150000000040587	0.02524224465918712
1.0160000000040534	0.02508974026144961
1.0170000000040464	0.02493799831452337
1.0180000000040397	0.024787009508477897
1.0190000000040325	0.02463678011037751
1.0200000000040257	0.02448729691538931
1.021000000004019	0.024338559150000494
1.0220000000040117	0.024190578954932707
1.023000000004005	0.024043353429207937
1.0240000000039977	0.02389683744810056
1.025000000003991	0.023751083489639058
1.026000000003984	0.02360606193628878
1.027000000003977	0.02346177485324996
1.0280000000039702	0.023318218915145295
1.0290000000039632	0.023175378644901934
1.0300000000039562	0.023033284804354515
1.0310000000039494	0.02289191541348834
1.0320000000039424	0.02275124157265085
1.0330000000039354	0.022611304146757716
1.0340000000039287	0.022472075812429715
1.0350000000039217	0.022333561237472876
1.0360000000039147	0.02219575503401816
1.0370000000039077	0.022058666034159957
1.0380000000039007	0.02192227030416949
1.039000000003894	0.02178658091606278
1.0400000000038867	0.021651595529370238
1.04100000000388	0.021517295509715817
1.0420000000038732	0.021383700215923507
1.043000000003866	0.02125079663870133
1.0440000000038592	0.021118579349438837
1.0450000000038522	0.02098704528610651
1.0460000000038452	0.020856197339113258
1.0470000000038384	0.020726033549106182
1.0480000000038314	0.02059653991603183
1.0490000000038244	0.020467733213283545
1.0500000000038174	0.02033958711056305
1.0510000000038104	0.02021212815306983
1.0520000000038037	0.02008532934357843
1.0530000000037967	0.019959197127738637
1.0540000000037897	0.019833728065986156
1.055000000003783	0.019708912458473726
1.056000000003776	0.019584785349631373
1.057000000003769	0.019461271878837283
1.0580000000037622	0.019338430146287222
1.059000000003755	0.0192162524705487
1.0600000000037482	0.019094699102864432
1.0610000000037412	0.018973800670269547
1.0620000000037342	0.0188535464279731
1.0630000000037274	0.018733921592094638
1.0640000000037202	0.01861497114933719
1.0650000000037134	0.0184966045358943
1.0660000000037064	0.018378896545995227
1.0670000000036994	0.018261842968577024
1.0680000000036927	0.018145367264376766
1.0690000000036857	0.01802955216109492
1.0700000000036787	0.01791435051150947
1.071000000003672	0.017799766237640235
1.072000000003665	0.01768580680903642
1.073000000003658	0.01757246167837101
1.0740000000036511	0.0174597119694605
1.075000000003644	0.01734759156355814
1.0760000000036372	0.017236083631844368
1.0770000000036304	0.017125148695096404
1.0780000000036232	0.017014846044898668
1.0790000000036164	0.016905145829521406
1.0800000000036092	0.016796026853215462
1.0810000000036024	0.016687512625647716
1.0820000000035954	0.01657958866944964
1.0830000000035884	0.01647224743636755
1.0840000000035817	0.01636550576026574
1.0850000000035747	0.01625933789985079
1.0860000000035677	0.016153771540998396
1.087000000003561	0.016048785559660383
1.088000000003554	0.015944353948699974
1.089000000003547	0.01584051678917453
1.0900000000035401	0.015737266486068435
1.091000000003533	0.01563455139158232
1.0920000000035262	0.015532424821631863
1.0930000000035192	0.01543087774441776
1.0940000000035122	0.015329867575398781
1.0950000000035054	0.01522943325188919
1.0960000000034982	0.015129565087877661
1.0970000000034914	0.01503023745625831
1.0980000000034844	0.01493147189373567
1.0990000000034774	0.014833258618003109
1.1000000000034706	0.014735593573871775
1.1010000000034637	0.014638484678563546
1.1020000000034567	0.01454190987087145
1.1030000000034499	0.014445880813179657
1.104000000003443	0.014350392866603778
1.105000000003436	0.014255442502250526
1.106000000003429	0.014161028995560931
1.107000000003422	0.014067145886785926
1.1080000000034151	0.013973795593857807
1.1090000000034081	0.013880973710002853
1.1100000000034012	0.013788678145628341
1.1110000000033944	0.01369690557113823
1.1120000000033872	0.013605655482465506
1.1130000000033804	0.013514923681574587
1.1140000000033736	0.013424712145323148
1.1150000000033664	0.01333501400681425
1.1160000000033596	0.01324582480596359
1.1170000000033526	0.0131571503819089
1.1180000000033457	0.013068990555688442
1.1190000000033387	0.012981320703932986
1.1200000000033317	0.012894160983861536
1.121000000003325	0.012807503858667246
1.122000000003318	0.012721351493428679
1.123000000003311	0.01263568237566437
1.1240000000033041	0.012550516530210998
1.1250000000032971	0.012465842452496045
1.1260000000032901	0.012381657739697127
1.1270000000032834	0.01229796065186961
1.1280000000032764	0.012214750269142871
1.1290000000032694	0.012132022604760095
1.1300000000032626	0.012049774638187571
1.1310000000032554	0.011968006254332697
1.1320000000032486	0.011886715925628843
1.1330000000032414	0.01180589953100819
1.1340000000032346	0.011725553494165264
1.1350000000032279	0.01164568248218234
1.1360000000032207	0.011566275350867405
1.1370000000032139	0.011487333399201272
1.138000000003207	0.011408865858394734
1.1390000000032	0.011330850501723333
1.1400000000031931	0.011253287120637778
1.1410000000031861	0.011176191811438585
1.1420000000031791	0.01109956116595534
1.1430000000031724	0.011023355276586821
1.1440000000031654	0.010947613704919812
1.1450000000031584	0.01087233977876334
1.1460000000031516	0.010797496233790893
1.1470000000031444	0.01072309333879673
1.1480000000031376	0.010649135263246956
1.1490000000031304	0.010575621093621645
1.1500000000031236	0.010502542778083601
1.1510000000031169	0.01042990416482581
1.1520000000031096	0.010357697876138716
1.1530000000031029	0.010285922768555111
1.1540000000030959	0.010214576927593977
1.155000000003089	0.010143667948719903
1.1560000000030821	0.010073173241211264
1.1570000000030751	0.010003108659980109
1.1580000000030681	0.009933463720714575
1.1590000000030614	0.009864239712344736
1.1600000000030544	0.009795435136521147
1.1610000000030474	0.009727037082300494
1.1620000000030404	0.009659064889684155
1.1630000000030334	0.009591499674534543
1.1640000000030266	0.009524343809584668
1.1650000000030196	0.009457597958583808
1.1660000000030126	0.00939125331742674
1.1670000000030059	0.009325313886897835
1.1680000000029986	0.009259780456407962
1.1690000000029919	0.009194641854931462
1.1700000000029849	0.009129902997341066
1.1710000000029779	0.009065560836078235
1.172000000002971	0.009001611912613838
1.1730000000029641	0.008938056998000099
1.1740000000029571	0.008874887719281244
1.1750000000029501	0.008812110452619093
1.1760000000029431	0.00874971487479359
1.1770000000029364	0.008687713047239365
1.1780000000029294	0.00862608708299284
1.1790000000029224	0.008564842854838384
1.1800000000029156	0.008503976781031541
1.1810000000029086	0.0084434867752613
1.1820000000029016	0.00838336805403983
1.1830000000028948	0.008323625793783207
1.1840000000028876	0.008264254812236027
1.1850000000028809	0.00820525402741612
1.186000000002874	0.008146626771962984
1.1870000000028669	0.008088353580235075
1.18800000000286	0.008030451107721936
1.1890000000028529	0.00797290791048888
1.1900000000028461	0.007915725282100938
1.1910000000028391	0.007858899443498824
1.1920000000028321	0.007802428638660763
1.1930000000028254	0.007746313996659815
1.1940000000028184	0.007690553565082303
1.1950000000028114	0.007635141429941594
1.1960000000028046	0.007580077571497368
1.1970000000027976	0.007525365207593393
1.1980000000027906	0.007470995103751488
1.1990000000027838	0.007416966596280772
1.2000000000027768	0.00736328566048583
1.2010000000027699	0.007309943914929007
1.2020000000027629	0.007256931472957584
1.2030000000027559	0.007204266626126277
1.204000000002749	0.0071519362968577305
1.2050000000027419	0.007099923027800936
1.206000000002735	0.007048261589929439
1.2070000000027283	0.006996921685188062
1.2080000000027211	0.00694590786751037
1.2090000000027143	0.006895221697112097
1.2100000000027074	0.006844858059257275
1.2110000000027004	0.00679482031402745
1.2120000000026936	0.00674510123055494
1.2130000000026866	0.006695701720471958
1.2140000000026796	0.006646618814830196
1.2150000000026726	0.006597852022437012
1.2160000000026656	0.006549402281215144
1.2170000000026588	0.006501264276211893
1.2180000000026519	0.006453436047025418
1.2190000000026449	0.006405923361906485
1.220000000002638	0.006358712367609876
1.2210000000026309	0.006311801913083892
1.222000000002624	0.006265200544593341
1.2230000000026173	0.006218905757708559
1.2240000000026101	0.006172910922908281
1.2250000000026033	0.006127210447185227
1.2260000000025963	0.006081812350441251
1.2270000000025894	0.006036709735667056
1.2280000000025826	0.005991900232358738
1.2290000000025754	0.005947383696969788
1.2300000000025686	0.005903159425669546
1.2310000000025616	0.00585922593496746
1.2320000000025546	0.00581557893528617
1.2330000000025478	0.005772217494479204
1.2340000000025408	0.005729145440061756
1.2350000000025338	0.005686352219907542
1.236000000002527	0.0056438410311933085
1.23700000000252	0.005601615457127229
1.238000000002513	0.005559666993036783
1.2390000000025063	0.005517988812516861
1.240000000002499	0.005476589913105068
1.2410000000024923	0.005435475980103632
1.2420000000024853	0.005394629226395997
1.2430000000024783	0.005354045668311658
1.2440000000024716	0.005313736866763175
1.2450000000024644	0.005273697538325739
1.2460000000024576	0.005233923457429235
1.2470000000024506	0.005194413197476266
1.2480000000024436	0.005155168175435265
1.2490000000024368	0.005116186840745107
1.2500000000024298	0.005077465640809464
1.2510000000024228	0.00503900532689272
1.252000000002416	0.005000801171301972
1.253000000002409	0.0049628531551692
1.254000000002402	0.004925160404115281
1.2550000000023953	0.004887721155118374
1.256000000002388	0.00485053619635023
1.2570000000023813	0.004813599139343094
1.2580000000023743	0.004776911168675069
1.2590000000023673	0.00474047524642951
1.2600000000023606	0.004704280328274413
1.2610000000023533	0.004668331899833178
1.2620000000023466	0.00463263116307755
1.2630000000023396	0.0045971682619918575
1.2640000000023326	0.004561948400430116
1.2650000000023258	0.0045269648291543785
1.2660000000023188	0.00449222458669607
1.2670000000023118	0.004457719293476492
1.268000000002305	0.004423446791868013
1.269000000002298	0.00438941352495692
1.270000000002291	0.004355606409258916
1.271000000002284	0.004322033630838273
1.272000000002277	0.004288696520214241
1.2730000000022703	0.00425557921678088
1.2740000000022633	0.004222692311113385
1.2750000000022563	0.004190033191254661
1.2760000000022496	0.00415759637795754
1.2770000000022423	0.00412538388849093
1.2780000000022356	0.0040933940590694995
1.2790000000022288	0.004061620175568326
1.2800000000022216	0.004030073994089722
1.2810000000022148	0.003998741087970492
1.2820000000022078	0.003967625763675042
1.2830000000022008	0.003936726330972307
1.2840000000021938	0.0039060484670511153
1.2850000000021868	0.0038755713444726947
1.28600000000218	0.0038453113889441726
1.287000000002173	0.0038152627620962054
1.288000000002166	0.003785423264062837
1.2890000000021593	0.0037557912996926124
1.2900000000021523	0.003726367078988435
1.2910000000021453	0.0036971480256471345
1.2920000000021385	0.003668134382000421
1.2930000000021313	0.00363932188520244
1.2940000000021246	0.0036107137166577763
1.2950000000021178	0.0035823024182328744
1.2960000000021106	0.0035540948009410434
1.2970000000021038	0.0035260856033257904
1.2980000000020966	0.003498269711147417
1.2990000000020898	0.003470656085190593
1.3000000000020828	0.0034432312603687176
1.3010000000020758	0.0034160006853007907
1.302000000002069	0.0033889649454073023
1.303000000002062	0.003362119598423252
1.304000000002055	0.003335466634657225
1.3050000000020483	0.0033089972754272168
1.3060000000020413	0.0032827216388982006
1.3070000000020343	0.003256631620142114
1.3080000000020275	0.003230726321627353
1.3090000000020205	0.0032050018560543236
1.3100000000020136	0.003179465193672959
1.3110000000020068	0.0031541096340086394
1.3120000000019996	0.0031289359636965663
1.3130000000019928	0.003103941724822201
1.3140000000019856	0.0030791254126936174
1.3150000000019788	0.0030544864859244347
1.316000000001972	0.0030300255610835602
1.3170000000019648	0.0030057407760955
1.318000000001958	0.0029816285400641185
1.319000000001951	0.002957690138130742
1.320000000001944	0.0029339239609681433
1.3210000000019373	0.0029103293017540555
1.3220000000019303	0.0028869066569742197
1.3230000000019233	0.0028636530577309527
1.3240000000019165	0.0028405652334427822
1.3250000000019095	0.002817645174558292
1.3260000000019025	0.002794891183862891
1.3270000000018956	0.0027723025613723973
1.3280000000018886	0.002749878675414208
1.3290000000018818	0.002727616294207258
1.3300000000018748	0.002705517099507282
1.3310000000018678	0.002683576959997769
1.332000000001861	0.002661799378845142
1.3330000000018538	0.0026401799927804337
1.334000000001847	0.0026187146771586844
1.33500000000184	0.002597411354470225
1.336000000001833	0.002576261759729359
1.3370000000018263	0.002555266949874735
1.3380000000018193	0.0025344267923380626
1.3390000000018123	0.002513734932794831
1.3400000000018053	0.0024932047008099367
1.3410000000017983	0.0024728148352323176
1.3420000000017915	0.002452579525980436
1.3430000000017845	0.0024324956038365153
1.3440000000017776	0.0024125569638365763
1.3450000000017708	0.0023927677290603855
1.3460000000017638	0.0023731242902047534
1.3470000000017568	0.0023536247793928267
1.34800000000175	0.0023342695852548445
1.3490000000017428	0.002315058231723177
1.350000000001736	0.0022959891703211444
1.3510000000017293	0.0022770615796299243
1.352000000001722	0.0022582766079382033
1.3530000000017153	0.00223962911650466
1.354000000001708	0.0022211219074674826
1.3550000000017013	0.0022027499343075796
1.3560000000016943	0.0021845184892388403
1.3570000000016873	0.00216642154130664
1.3580000000016805	0.002148460631284266
1.3590000000016735	0.0021306356613794986
1.3600000000016665	0.0021129404111681627
1.3610000000016598	0.0020953789089821484
1.3620000000016528	0.002077949568458193
1.3630000000016458	0.002060651825398052
1.364000000001639	0.0020434843201764252
1.3650000000016318	0.002026444452355447
1.366000000001625	0.0020095339338385143
1.367000000001618	0.0019927527297720626
1.368000000001611	0.0019760964005520743
1.3690000000016043	0.0019595659149151956
1.370000000001597	0.0019431621421426293
1.3710000000015903	0.0019268803684218128
1.3720000000015833	0.0019107231809867287
1.3730000000015763	0.0018946860795024945
1.3740000000015695	0.001878774219339352
1.3750000000015625	0.0018629820673849995
1.3760000000015555	0.0018473066845149377
1.3770000000015488	0.0018317577561759446
1.3780000000015418	0.0018163224104604803
1.3790000000015348	0.001801004881676449
1.3800000000015278	0.0017858053425343634
1.3810000000015208	0.0017707226567633683
1.382000000001514	0.0017557538840704545
1.383000000001507	0.0017408994019961765
1.3840000000015	0.0017261609374237263
1.3850000000014933	0.0017115347893412736
1.386000000001486	0.0016970198866380626
1.3870000000014793	0.0016826187823916205
1.3880000000014725	0.0016683249693134616
1.3890000000014653	0.0016541429645364758
1.3900000000014585	0.0016400732674429763
1.3910000000014515	0.001626108361347467
1.3920000000014445	0.0016122518513614903
1.3930000000014378	0.0015985025314372292
1.3940000000014305	0.0015848610174699074
1.3950000000014238	0.0015713233763462453
1.3960000000014168	0.0015578926351402789
1.3970000000014098	0.001544565377719076
1.398000000001403	0.0015313395978883149
1.399000000001396	0.0015182201226895398
1.400000000001389	0.0015051985301939297
1.4010000000013823	0.0014922847775604708
1.4020000000013753	0.001479464026374444
1.4030000000013683	0.0014667493293327727
1.4040000000013615	0.0014541299788628503
1.4050000000013543	0.0014416113669004638
1.4060000000013475	0.0014291914757340596
1.4070000000013405	0.0014168683230647572
1.4080000000013335	0.0014046404158221115
1.4090000000013267	0.001392509822538135
1.4100000000013195	0.001380472678647493
1.4110000000013128	0.00136853231428824
1.4120000000013058	0.0013566850553894394
1.4130000000012988	0.0013449314653408706
1.414000000001292	0.0013332707752272688
1.415000000001285	0.0013217006694435929
1.416000000001278	0.0013102229413837208
1.4170000000012712	0.001298836878301901
1.4180000000012642	0.0012875390649947915
1.4190000000012573	0.001276331804367814
1.4200000000012505	0.0012652116519239476
1.4210000000012433	0.0012541814690945063
1.4220000000012365	0.0012432419926817762
1.4230000000012293	0.001232384327336855
1.4240000000012225	0.0012216131593579815
1.4250000000012157	0.0012109320432420745
1.4260000000012085	0.0012003328414921244
1.4270000000012018	0.001189817394254944
1.4280000000011948	0.0011793880198786022
1.4290000000011878	0.0011690416376525237
1.430000000001181	0.0011587781817634646
1.431000000001174	0.0011485966901634281
1.432000000001167	0.0011384963910959778
1.4330000000011602	0.0011284781154297097
1.4340000000011532	0.001118540100972898
1.4350000000011462	0.0011086800170618805
1.4360000000011393	0.0010988997852453553
1.4370000000011323	0.0010892003496689728
1.4380000000011255	0.0010795783881411003
1.4390000000011185	0.001070033772384904
1.4400000000011115	0.0010605661141342981
1.4410000000011047	0.0010511744623709074
1.4420000000010975	0.001041859641059406
1.4430000000010907	0.0010326197724270791
1.4440000000010837	0.0010234543594579426
1.4450000000010768	0.001014362874837138
1.44600000000107	0.001005346811209895
1.447000000001063	0.0009964036201159931
1.448000000001056	0.0009875327634283337
1.449000000001049	0.0009787331649315778
1.450000000001042	0.0009700062139286203
1.4510000000010352	0.0009613505904713104
1.4520000000010282	0.0009527665214795755
1.4530000000010213	0.000944249969171973
1.4540000000010145	0.0009358058407807901
1.4550000000010075	0.0009274297201786741
1.4560000000010005	0.0009191212937522675
1.4570000000009937	0.0009108813118795522
1.4580000000009865	0.0009027086845189158
1.4590000000009797	0.0008946039357944358
1.460000000000973	0.0008865684866665724
1.4610000000009657	0.0008785959984101144
1.462000000000959	0.0008706874807437037
1.4630000000009518	0.0008628467189921718
1.464000000000945	0.0008550699638047998
1.465000000000938	0.0008473589321218444
1.466000000000931	0.0008397093752476881
1.4670000000009242	0.0008321239026974903
1.4680000000009172	0.0008246014677950608
1.4690000000009102	0.0008171405503584195
1.4700000000009035	0.000809741650310003
1.4710000000008965	0.0008024055804740637
1.4720000000008895	0.0007951293937933368
1.4730000000008827	0.0007879138551953879
1.4740000000008757	0.0007807586124434218
1.4750000000008687	0.0007736626006765723
1.476000000000862	0.0007666247750446331
1.4770000000008547	0.0007596477406199842
1.478000000000848	0.0007527272785824435
1.4790000000008408	0.0007458659239188981
1.480000000000834	0.0007390623659301321
1.4810000000008272	0.0007323143977704394
1.48200000000082	0.0007256224736836847
1.4830000000008132	0.0007189882401045233
1.4840000000008062	0.0007124090387662374
1.4850000000007992	0.0007058844315166457
1.4860000000007925	0.0006994165835261246
1.4870000000007855	0.0006930021962786581
1.4880000000007785	0.0006866401778428122
1.4890000000007717	0.0006803334117058135
1.4900000000007645	0.0006740808540006693
1.4910000000007577	0.0006678794548296008
1.4920000000007507	0.0006617320556399076
1.4930000000007437	0.0006556349277724305
1.494000000000737	0.0006495894178515371
1.49500000000073	0.000643596064781482
1.496000000000723	0.000637654416232758
1.497000000000716	0.0006317613316468851
1.498000000000709	0.0006259188303802121
1.4990000000007022	0.0006201263027798554
1.5000000000006952	0.0006143832861279508
1.5010000000006882	0.0006086892689618484
1.5020000000006815	0.0006030438614721412
1.5030000000006745	0.000597446258611356
1.5040000000006675	0.0005918966695157568
1.5050000000006605	0.0005863942325063931
1.5060000000006535	0.0005809392926169332
1.5070000000006467	0.0005755304926541305
1.5080000000006397	0.0005701679566494366
1.5090000000006327	0.0005648525994063069
1.5100000000006257	0.0005595823937083466
1.5110000000006187	0.0005543574418847008
1.512000000000612	0.0005491771664146716
1.513000000000605	0.0005440407848773532
1.514000000000598	0.0005389491069431873
1.5150000000005912	0.0005339022945695104
1.5160000000005842	0.0005288982767315265
1.5170000000005772	0.000523937578480349
1.5180000000005702	0.0005190198775991695
1.5190000000005632	0.0005141436134052935
1.5200000000005565	0.0005093114303774682
1.5210000000005495	0.0005045213059934328
1.5220000000005425	0.0004997708551408575
1.5230000000005357	0.0004950623164150514
1.5240000000005285	0.0004903951880081969
1.5250000000005217	0.00048576809774569796
1.5260000000005147	0.00048118144632247617
1.5270000000005077	0.0004766355175634951
1.528000000000501	0.0004721279623600694
1.529000000000494	0.00046765983878649386
1.530000000000487	0.0004632316511203882
1.53100000000048	0.00045884209854207825
1.532000000000473	0.0004544908482143617
1.5330000000004662	0.00045017733024688145
1.5340000000004592	0.00044590090839113916
1.5350000000004522	0.00044166243104315495
1.5360000000004455	0.0004374626458982789
1.5370000000004385	0.000433298468809018
1.5380000000004315	0.00042917056378122265
1.5390000000004245	0.0004250794059408314
1.5400000000004175	0.00042102383739550664
1.5410000000004107	0.0004170045655926824
1.5420000000004037	0.0004130209963332243
1.5430000000003967	0.0004090721640060968
1.5440000000003897	0.00040515863019008336
1.5450000000003827	0.00040127948796830903
1.546000000000376	0.0003974348266295724
1.547000000000369	0.0003936236134839399
1.548000000000362	0.0003898471471593945
1.549000000000355	0.0003861034931179619
1.5500000000003482	0.0003823927046402442
1.5510000000003412	0.0003787162722954651
1.5520000000003342	0.00037507129272129625
1.5530000000003272	0.00037145892336387654
1.5540000000003205	0.0003678790525087905
1.5550000000003135	0.0003643302509673818
1.5560000000003065	0.0003608150184722936
1.5570000000002997	0.0003573293420806589
1.5580000000002925	0.00035387578643630846
1.5590000000002857	0.0003504531365053909
1.5600000000002787	0.0003470607429637562
1.5610000000002717	0.0003436989322953554
1.5620000000002647	0.00034036710195295417
1.5630000000002577	0.0003370649402465453
1.564000000000251	0.0003337936177710832
1.565000000000244	0.00033055109608248756
1.566000000000237	0.0003273366531060251
1.5670000000002302	0.00032415189893997276
1.5680000000002232	0.000320996791367989
1.5690000000002162	0.0003178694121641623
1.5700000000002092	0.0003147695993529487
1.5710000000002025	0.0003116984512822052
1.5720000000001955	0.00030865557925408016
1.5730000000001885	0.00030563972662567274
1.5740000000001815	0.0003026512652716251
1.5750000000001747	0.0002996890683802933
1.5760000000001675	0.0002967547741239418
1.5770000000001607	0.0002938465326658424
1.5780000000001537	0.0002909655667432398
1.5790000000001467	0.0002881102765459609
1.58000000000014	0.0002852807620705722
1.581000000000133	0.0002824771124567693
1.582000000000126	0.00027969904015490155
1.583000000000119	0.00027694659515986597
1.584000000000112	0.00027421915300474
1.5850000000001052	0.0002715168086232511
1.5860000000000982	0.00026883845457503774
1.5870000000000912	0.00026618482833762336
1.5880000000000845	0.00026355635133001876
1.5890000000000775	0.0002609514302961413
1.5900000000000705	0.00025836977648785453
1.5910000000000635	0.0002558129041778656
1.5920000000000565	0.00025327917229567287
1.5930000000000497	0.00025076818401659207
1.5940000000000427	0.00024828076109539854
1.5950000000000357	0.00024581645745913594
1.5960000000000287	0.00024337490989367883
1.5970000000000217	0.00024095519753852823
1.598000000000015	0.00023855862643396009
1.599000000000008	0.00023618416943071985
1.600000000000001	0.00023383091944539913
1.6009999999999942	0.00023149998317106846
1.6019999999999872	0.0002291908163019052
1.6029999999999802	0.00022690277777337453
1.6039999999999732	0.00022463590716648163
1.6049999999999662	0.0002223903527807103
1.6059999999999595	0.0002201654480863402
1.6069999999999525	0.0002179611904078449
1.6079999999999455	0.0002157777393747562
1.6089999999999387	0.0002136143999607043
1.6099999999999315	0.0002114712738452429
1.6109999999999247	0.00020934795388816152
1.6119999999999177	0.00020724481596823274
1.6129999999999107	0.0002051614895774989
1.6139999999999037	0.00020309679888530496
1.614999999999897	0.00020105220104205124
1.61599999999989	0.00019902676816874187
1.616999999999883	0.0001970197858670586
1.617999999999876	0.0001950320998185262
1.6189999999998692	0.00019306303442712114
1.6199999999998622	0.00019111245009773015
1.6209999999998552	0.0001891798300047709
1.6219999999998485	0.00018726653103717794
1.6229999999998415	0.000185369670665958
1.6239999999998345	0.0001834914069006599
1.6249999999998275	0.00018163152943395655
1.6259999999998205	0.00017978815043917518
1.6269999999998137	0.00017796292859773022
1.6279999999998067	0.00017615459605546668
1.6289999999997997	0.00017436340163901054
1.6299999999997927	0.00017258948656606599
1.6309999999997857	0.0001708319182043283
1.631999999999779	0.00016909119330121847
1.632999999999772	0.00016736710058073978
1.633999999999765	0.00016565959620007398
1.634999999999758	0.0001639681756711031
1.6359999999997512	0.00016229253773847319
1.6369999999997442	0.00016063320793135993
1.6379999999997372	0.00015898967039496004
1.6389999999997302	0.00015736158690571322
1.6399999999997235	0.00015574936926332494
1.6409999999997165	0.0001541524082511181
1.6419999999997095	0.0001525705842626568
1.6429999999997025	0.00015100398355905043
1.6439999999996955	0.00014945249156439466
1.6449999999996887	0.00014791565568383902
1.6459999999996817	0.0001463938553114552
1.6469999999996747	0.00014488640255327923
1.6479999999996677	0.00014339329667689693
1.6489999999996607	0.0001419150582122608
1.649999999999654	0.00014045099010595585
1.650999999999647	0.00013900071564587613
1.65199999999964	0.00013756438432899198
1.6529999999996332	0.00013614191996469405
1.6539999999996262	0.00013473352905934988
1.6549999999996192	0.0001333384717187025
1.6559999999996122	0.00013195669613441652
1.6569999999996052	0.00013058856495418159
1.6579999999995985	0.00012923370971162917
1.6589999999995915	0.0001278921230324359
1.6599999999995845	0.0001265632968938668
1.6609999999995777	0.0001252473649835384
1.6619999999995705	0.00012394423048656122
1.6629999999995637	0.0001226538954837153
1.6639999999995567	0.00012137605952566854
1.6649999999995497	0.00012011059932737211
1.665999999999543	0.00011885754222440426
1.666999999999536	0.00011761667465437498
1.667999999999529	0.00011638787869128198
1.668999999999522	0.00011517100078972664
1.669999999999515	0.0001139661201856601
1.6709999999995082	0.00011277293705203029
1.6719999999995012	0.0001115916246063886
1.6729999999994942	0.0001104215807946618
1.6739999999994875	0.00010926322479376527
1.6749999999994805	0.00010811637346375136
1.6759999999994735	0.00010698048631341273
1.6769999999994665	0.00010585595387913038
1.6779999999994595	0.00010474231016388558
1.6789999999994527	0.00010363992015105516
1.6799999999994457	0.00010254814552257407
1.6809999999994387	0.00010146700545499154
1.6819999999994317	0.00010039671967754238
1.6829999999994247	9.933697936492791e-05
1.683999999999418	9.82876640690522e-05
1.684999999999411	9.7248789280302e-05
1.685999999999404	9.622022174093914e-05
1.6869999999993972	9.520168550003483e-05
1.6879999999993902	9.419319900094703e-05
1.6889999999993832	9.319517723316295e-05
1.6899999999993762	9.220645672314287e-05
1.6909999999993692	9.122783942006052e-05
1.6919999999993625	9.025903130488455e-05
1.6929999999993555	8.92998312280735e-05
1.6939999999993485	8.834987025851948e-05
1.6949999999993415	8.740976116339283e-05
1.6959999999993345	8.64789843004754e-05
1.6969999999993277	8.555707659085865e-05
1.6979999999993207	8.464490489057397e-05
1.6989999999993137	8.37412778669222e-05
1.6999999999993067	8.284714983497476e-05
1.7009999999993	8.196200767929263e-05
1.701999999999293	8.108536923068232e-05
1.702999999999286	8.021763243015734e-05
1.703999999999279	7.935882706799902e-05
1.7049999999992722	7.850836206779732e-05
1.7059999999992652	7.766669513586955e-05
1.7069999999992582	7.683334501706884e-05
1.7079999999992515	7.600818257613717e-05
1.7089999999992442	7.519156055879606e-05
1.7099999999992375	7.438324836295251e-05
1.7109999999992305	7.358291212233858e-05
1.7119999999992235	7.279080889721623e-05
1.7129999999992167	7.200652796379714e-05
1.7139999999992095	7.123015162946444e-05
1.7149999999992027	7.046172193270195e-05
1.7159999999991957	6.970107062720388e-05
1.7169999999991887	6.894804126456044e-05
1.717999999999182	6.820268295748555e-05
1.718999999999175	6.746498474075047e-05
1.719999999999168	6.673469244444785e-05
1.720999999999161	6.601179844045735e-05
1.721999999999154	6.529627610196709e-05
1.7229999999991472	6.458802835018762e-05
1.7239999999991402	6.388708353621819e-05
1.7249999999991332	6.31930900857336e-05
1.7259999999991265	6.250616490921512e-05
1.7269999999991195	6.18264636274013e-05
1.7279999999991125	6.115362407921321e-05
1.7289999999991055	6.048749668730036e-05
1.7299999999990985	5.9828287304775074e-05
1.7309999999990917	5.917593382864794e-05
1.7319999999990847	5.853029631752715e-05
1.7329999999990777	5.7891023090284044e-05
1.7339999999990707	5.725840773163071e-05
1.7349999999990655	5.663229578312112e-05
1.7359999999990614	5.6012502095081906e-05
1.7369999999990573	5.53992839387174e-05
1.7379999999990532	5.479216949266785e-05
1.7389999999990489	5.419145246654544e-05
1.7399999999990448	5.359687246586642e-05
1.7409999999990406	5.3008414894972766e-05
1.7419999999990363	5.2426108630210244e-05
1.7429999999990322	5.1849870604914194e-05
1.743999999999028	5.1279347243471385e-05
1.744999999999024	5.071474327689174e-05
1.74599999999902	5.015619029102858e-05
1.7469999999990156	4.9603408174170305e-05
1.7479999999990115	4.9056129737046206e-05
1.7489999999990071	4.851452933196665e-05
1.749999999999003	4.7978844270879506e-05
1.7509999999990045	4.744844760107281e-05
1.751999999999006	4.6923612815108484e-05
1.7529999999990071	4.640434429781237e-05
1.7539999999990086	4.589042815916766e-05
1.75499999999901	4.538185865265998e-05
1.7559999999990115	4.487851143453181e-05
1.756999999999013	4.4380583151815145e-05
1.7579999999990141	4.38876246275921e-05
1.7589999999990156	4.339998353808383e-05
1.759999999999017	4.2917411289478125e-05
1.7609999999990182	4.2439983017894534e-05
1.7619999999990197	4.196743726680996e-05
1.7629999999990211	4.149975388434424e-05
1.7639999999990226	4.103697559887376e-05
1.7649999999990238	4.0579141283525466e-05
1.7659999999990263	4.012617385118489e-05
1.7669999999990305	3.967797655701766e-05
1.7679999999990346	3.9234421259526364e-05
1.7689999999990387	3.879543896390114e-05
1.769999999999043	3.836114581468042e-05
1.7709999999990471	3.7931450735162464e-05
1.7719999999990512	3.75063107566076e-05
1.7729999999990556	3.708559245574339e-05
1.7739999999990597	3.666944297320285e-05
1.7749999999990638	3.625756455893914e-05
1.7759999999990679	3.584998324424049e-05
1.776999999999072	3.544689751810992e-05
1.7779999999990763	3.504804255161087e-05
1.7789999999990804	3.4653366973724786e-05
1.7799999999990845	3.4262881533075884e-05
1.7809999999990886	3.387644403529677e-05
1.781999999999093	3.3494159420666136e-05
1.782999999999097	3.311598944333305e-05
1.7839999999991012	3.274187773349979e-05
1.7849999999991053	3.2371746781834077e-05
1.7859999999991096	3.2005479481456156e-05
1.7869999999991137	3.1643162235583944e-05
1.7879999999991179	3.128460261503374e-05
1.788999999999122	3.092994159958895e-05
1.789999999999126	3.057909526216207e-05
1.7909999999991304	3.023202594465424e-05
1.7919999999991345	2.988857950514401e-05
1.7929999999991386	2.9548936665069192e-05
1.7939999999991427	2.9212834413816502e-05
1.794999999999147	2.8880366396255575e-05
1.7959999999991512	2.855148441227584e-05
1.7969999999991553	2.822606174013309e-05
1.7979999999991594	2.7904125517452805e-05
1.7989999999991637	2.758566072380564e-05
1.7999999999991678	2.7270730579065372e-05
1.800999999999172	2.6959125562719954e-05
1.801999999999176	2.6650872771316614e-05
1.8029999999991801	2.6345921542825224e-05
1.8039999999991845	2.6044281239423483e-05
1.8049999999991886	2.574584178582917e-05
1.8059999999991927	2.545085795668811e-05
1.8069999999991968	2.515870475139348e-05
1.8079999999992011	2.48699599728619e-05
1.8089999999992052	2.4584278429662376e-05
1.8099999999992094	2.4301675091709107e-05
1.8109999999992135	2.402217214581004e-05
1.8119999999992178	2.3745612630965418e-05
1.812999999999222	2.347218915121907e-05
1.813999999999226	2.3201604552491872e-05
1.8149999999992301	2.2934111002070878e-05
1.8159999999992344	2.2669420513765637e-05
1.8169999999992386	2.2407599342133544e-05
1.8179999999992427	2.2148664459153977e-05
1.8189999999992468	2.189259783547115e-05
1.819999999999251	2.1639322575484066e-05
1.8209999999992552	2.1388720288118e-05
1.8219999999992593	2.1140955819842766e-05
1.8229999999992634	2.089581125630513e-05
1.8239999999992675	2.0653341361809296e-05
1.8249999999992719	2.04136494470486e-05
1.825999999999276	2.0176510443170592e-05
1.82699999999928	1.9941996100447668e-05
1.8279999999992842	1.9710021470054073e-05
1.8289999999992885	1.9480602885146858e-05
1.8299999999992926	1.9253714743427963e-05
1.8309999999992967	1.902930383301804e-05
1.8319999999993009	1.8807388112662693e-05
1.8329999999993052	1.8587873640618646e-05
1.8339999999993093	1.837086197409299e-05
1.8349999999993134	1.8156149941273014e-05
1.8359999999993175	1.7943937402620236e-05
1.8369999999993218	1.7733961945376464e-05
1.837999999999326	1.752632486939909e-05
1.83899999999933	1.7320961640976407e-05
1.8399999999993342	1.711787547375998e-05
1.8409999999993385	1.6917063355270656e-05
1.8419999999993426	1.6718507662050186e-05
1.8429999999993467	1.6522118673978348e-05
1.8439999999993508	1.6327925253634135e-05
1.844999999999355	1.6135862123123346e-05
1.8459999999993593	1.594595946452504e-05
1.8469999999993634	1.5758162185797175e-05
1.8479999999993675	1.5572395200336153e-05
1.8489999999993716	1.538878907092478e-05
1.849999999999376	1.5207195858568667e-05
1.85099999999938	1.5027610634321675e-05
1.8519999999993841	1.4850074095185128e-05
1.8529999999993882	1.4674480399712309e-05
1.8539999999993926	1.4500861936106446e-05
1.8549999999993967	1.432918468247113e-05
1.8559999999994008	1.4159444527872544e-05
1.856999999999405	1.399162446746871e-05
1.857999999999409	1.3825603331074632e-05
1.8589999999994133	1.3661501473416493e-05
1.8599999999994175	1.3499247236037348e-05
1.8609999999994216	1.3338790892492014e-05
1.861999999999426	1.3180144412316963e-05
1.86299999999943	1.3023294437863875e-05
1.863999999999434	1.2868231770379879e-05
1.8649999999994382	1.271488412513122e-05
1.8659999999994423	1.256325927689872e-05
1.8669999999994467	1.2413365717001135e-05
1.8679999999994508	1.2265157003144012e-05
1.8689999999994549	1.211861597372188e-05
1.869999999999459	1.1973760252304011e-05
1.870999999999463	1.1830497823828168e-05
1.8719999999994674	1.168887844926747e-05
1.8729999999994715	1.1548906935332504e-05
1.8739999999994756	1.1410456953742099e-05
1.87499999999948	1.1273571632774981e-05
1.875999999999484	1.1138340218264098e-05
1.8769999999994882	1.1004580776186046e-05
1.8779999999994923	1.0872279504692273e-05
1.8789999999994964	1.0741565549698961e-05
1.8799999999995007	1.0612338037230273e-05
1.8809999999995048	1.0484545808431278e-05
1.881999999999509	1.0358204017402173e-05
1.882999999999513	1.0233352349509062e-05
1.8839999999995174	1.0109910458022675e-05
1.8849999999995215	9.987845667525086e-06
1.8859999999995256	9.867202981794776e-06
1.8869999999995297	9.747954833105865e-06
1.887999999999534	9.630045389896758e-06
1.8889999999995382	9.513483069434336e-06
1.8899999999995423	9.39826875401284e-06
1.8909999999995464	9.284383752139469e-06
1.8919999999995505	9.171797499707424e-06
1.8929999999995548	9.060515765213495e-06
1.893999999999559	8.950498935567097e-06
1.894999999999563	8.841741645837509e-06
1.8959999999995671	8.734244029029448e-06
1.8969999999995715	8.62798165623957e-06
1.8979999999995756	8.522957141154919e-06
1.8989999999995797	8.419142359161746e-06
1.8999999999995838	8.316534459762437e-06
1.9009999999995881	8.215059734917318e-06
1.9019999999995922	8.114808083159453e-06
1.9029999999995963	8.015713025222304e-06
1.9039999999996005	7.917766639220503e-06
1.9049999999996048	7.820931596902447e-06
1.905999999999609	7.725211910392105e-06
1.906999999999613	7.630626240984206e-06
1.9079999999996171	7.537151869851932e-06
1.9089999999996214	7.444758099328652e-06
1.9099999999996256	7.353416648481215e-06
1.9109999999996297	7.263143837699104e-06
1.9119999999996338	7.173916553471216e-06
1.9129999999996379	7.085738548573417e-06
1.9139999999996422	6.998591052465031e-06
1.9149999999996463	6.912454479035546e-06
1.9159999999996504	6.827329040115515e-06
1.9169999999996545	6.743202128567383e-06
1.9179999999996589	6.660052073392819e-06
1.918999999999663	6.577849754219045e-06
1.919999999999667	6.496629047392233e-06
1.9209999999996712	6.416374607631781e-06
1.9219999999996755	6.337053141347582e-06
1.9229999999996796	6.258658669988648e-06
1.9239999999996837	6.181181578912565e-06
1.9249999999996878	6.1045944679261055e-06
1.9259999999996922	6.02893025847262e-06
1.9269999999996963	5.954166157451368e-06
1.9279999999997004	5.880275150249581e-06
1.9289999999997045	5.80723736931521e-06
1.9299999999997088	5.735079288582412e-06
1.930999999999713	5.663764248708958e-06
1.931999999999717	5.5932917760737055e-06
1.9329999999997212	5.5236235364519715e-06
1.9339999999997253	5.454816017325115e-06
1.9349999999997296	5.3868182848804125e-06
1.9359999999997337	5.319604883369244e-06
1.9369999999997378	5.253201751598269e-06
1.937999999999742	5.187590628397132e-06
1.9389999999997463	5.12274144859326e-06
1.9399999999997504	5.058671370572476e-06
1.9409999999997545	4.995353104164657e-06
1.9419999999997586	4.93279274316194e-06
1.942999999999763	4.87097319079588e-06
1.943999999999767	4.809898189850337e-06
1.9449999999997711	4.749537458548225e-06
1.9459999999997752	4.689897000753618e-06
1.9469999999997794	4.630969537400276e-06
1.9479999999997837	4.572749416231758e-06
1.9489999999997878	4.5152263128400705e-06
1.949999999999792	4.458385911121354e-06
1.950999999999796	4.4022082510419835e-06
1.9519999999998003	4.346718956327322e-06
1.9529999999998044	4.291901539499321e-06
1.9539999999998086	4.237735817369526e-06
1.9549999999998127	4.184211861102405e-06
1.955999999999817	4.131335001211767e-06
1.956999999999821	4.079089376829437e-06
1.9579999999998252	4.027485833502098e-06
1.9589999999998293	3.976477403577761e-06
1.9599999999998337	3.92608819776985e-06
1.9609999999998378	3.876315208595216e-06
1.9619999999998419	3.8271510924836605e-06
1.962999999999846	3.7785695083947246e-06
1.9639999999998503	3.730557400216661e-06
1.9649999999998544	3.6831407435045094e-06
1.9659999999998585	3.6363037301256895e-06
1.9669999999998626	3.590020526633708e-06
1.9679999999998667	3.5442989353429155e-06
1.968999999999871	3.499129402229073e-06
1.9699999999998752	3.4545094622639994e-06
1.9709999999998793	3.410434695871878e-06
1.9719999999998834	3.366904874124721e-06
1.9729999999998877	3.323879369299121e-06
1.9739999999998918	3.2813728941816223e-06
1.974999999999896	3.2394038728122965e-06
1.9759999999999	3.197933181819934e-06
1.9769999999999044	3.1569838309097875e-06
1.9779999999999085	3.1165142296840642e-06
1.9789999999999126	3.0765385449216254e-06
1.9799999999999167	3.0370694059644876e-06
1.980999999999921	2.998073851179228e-06
1.9819999999999252	2.9595383849168044e-06
1.9829999999999293	2.921488499119107e-06
1.9839999999999334	2.8839024551752246e-06
1.9849999999999375	2.846765778774518e-06
1.9859999999999418	2.810084302251603e-06
1.986999999999946	2.7738659207354743e-06
1.98799999999995	2.738100301491464e-06
1.9889999999999541	2.7027580543625973e-06
1.9899999999999585	2.6678484998932106e-06
1.9909999999999626	2.6333680338552767e-06
1.9919999999999667	2.5993183743189263e-06
1.9929999999999708	2.5656882011171334e-06
1.9939999999999751	2.532482600292596e-06
1.9949999999999792	2.4996572629554237e-06
1.9959999999999833	2.4672449232543414e-06
1.9969999999999875	2.4352359954127323e-06
1.9979999999999918	2.4036234133051337e-06
1.998999999999996	2.372405112360809e-06
2.0	2.3415514798230674e-06
2.0010279404845495	2.3102461836899124e-06
2.0021217900815715	2.277377339265918e-06
2.0032857751923165	2.2428987831446534e-06
2.004524391841744	2.206739163179705e-06
2.005842426366887	2.1688623401683316e-06
2.007244970197923	2.129235399439544e-06
2.0087374418720856	2.0878262902979117e-06
2.0103256076664273	2.044622470220858e-06
2.0120156028936726	1.999585333312126e-06
2.013813957200875	1.9526937985459014e-06
2.0157276178435577	1.9039276435428576e-06
2.0177639781367303	1.8533062270398304e-06
2.019930905358886	1.8008561660787237e-06
2.0222367711443985	1.7465744093225766e-06
2.024690484011897	1.690555946343153e-06
2.027301523572695	1.6327871210641831e-06
2.0300799770731848	1.573386834596846e-06
2.033036578410754	1.5124736261196148e-06
2.036182751117039	1.4501051879278748e-06
2.039530649180409	1.3864017469611412e-06
2.043093206833892	1.321552213218169e-06
2.046884188175661	1.2557248550981726e-06
2.050918238233338	1.1891066761249292e-06
2.0552109433735133	1.1219107322046895e-06
2.059778886913171	1.0544063949735616e-06
2.0646397170403086	9.867989207990036e-07
2.0698122132469665	9.194026469039329e-07
2.0753163565584574	8.526006005649123e-07
2.081173414838828	7.865042241927966e-07
2.0874060143976347	7.21516632995467e-07
2.094038234979271	6.581205022060388e-07
2.1010956980169606	5.963811259279694e-07
2.1086056699538682	5.367499104069751e-07
2.116597165034399	4.796573400689397e-07
2.125101056786564	4.253481952209981e-07
2.1341501990307465	3.7389180929103816e-07
2.143779554474847	3.255824670977958e-07
2.1540263207146424	2.807948885630296e-07
2.1649300857539027	2.3970841123155395e-07
2.1765329774064615	2.0231278163862498e-07
2.1888798204423576	1.685830594011506e-07
2.2020183144046843	1.3863328063301594e-07
2.2159992202680474	1.1240321817762577e-07
2.2308765524295735	8.973244935983615e-08
2.246707783705272	7.03519535960595e-08
2.263554079768369	5.417528625706325e-08
2.2814805235907363	4.090906358111823e-08
2.3005563724108544	3.020791250474275e-08
2.320855322320133	2.176214719540326e-08
2.3424557929209753	1.5311399037543083e-08
2.3654412374910825	1.0462601673921768e-08
2.389900455657507	6.9142007674827255e-09
2.41592795027163	4.42709224834914e-09
2.44362426638729	2.7240697475505726e-09
2.473096411506492	1.6112968737047595e-09
2.5044582437089975	9.07596886534634e-10
2.537830924630887	4.830045252646187e-10
2.5733433911797423	2.4434121392857833e-10
2.611132843166974	1.1507905739449598e-10
2.6513452603475027	4.974876066654588e-11
2.6941360153529494	1.9912738125071883e-11
2.739670418177515	7.086775610787299e-12
2.788124380079947	2.141620214501927e-12
2.839685109337027	5.365707878013382e-13
2.894551789617174	9.692247004977617e-14
2.9529364084026577	2.886579864025407e-15
3.0150645170164534	2.4424906541753444e-15
3.0811761422888653	2.1094237467877974e-15
3.1515266965252042	3.1086244689504383e-15
3.226387989377641	1.7763568394002505e-15
3.30604919671757	1.4432899320127035e-15
3.39081811677136	-4.440892098500626e-16
3.4810222154328754	-1.9984014443252818e-15
3.577010018652917	-6.661338147750939e-16
3.6791523315125145	0.0
3.7878438030764574	2.220446049250313e-16
3.9035043177534527	1.1102230246251565e-15
4.02658072998157	1.1102230246251565e-16
4.157548527011607	0.0
4.296913682346355	-1.3322676295501878e-15
4.445214635465608	-1.9984014443252818e-15
4.603024347307951	-2.6645352591003757e-15
4.770952424745148	-2.4424906541753444e-15
4.9496476786701376	-2.220446049250313e-15
5.139800459354712	-1.9984014443252818e-15
5.342145448462832	-2.220446049250313e-15
5.557464321076707	-4.440892098500626e-16
5.786588991858403	-8.881784197001252e-16
6.03040459644804	-1.3322676295501878e-15
6.289853138906711	1.1102230246251565e-15
6.565936951835777	-1.1102230246251565e-15
6.859722633511745	5.551115123125783e-16
7.172345245053396	3.3306690738754696e-16
7.505012494394354	1.6653345369377348e-15
7.859009576011049	1.3322676295501878e-15
8.23570422033976	1.887379141862766e-15
8.636551628113326	2.7755575615628914e-15
9.063100564489073	1.5543122344752192e-15
9.516998831091398	-4.440892098500626e-16
10.0	3.3306690738754696e-16
