0.0	0.40370735239410527
0.0010000000000041087	0.40370082042795785
0.0020000000000082174	0.4036836948631617
0.003000000000012548	0.40365602750811513
0.004000000000016657	0.40361808994493653
0.005000000000020766	0.4035686647517891
0.006000000000024874	0.4035089246232313
0.007000000000029205	0.40343803734728145
0.008000000000033314	0.40335628198961404
0.009000000000037423	0.40326404000564897
0.010000000000041753	0.403160644635818
0.011000000000045862	0.4030464417618673
0.01200000000004997	0.40292152466466913
0.01300000000005408	0.4027855509545414
0.01400000000005841	0.4026392098834817
0.015000000000062519	0.40248193991117365
0.016000000000066406	0.40231345741018043
0.017000000000070736	0.40213470609727897
0.018000000000074845	0.4019452014100223
0.019000000000078954	0.4017446394433808
0.020000000000083062	0.40153361116449104
0.021000000000087393	0.4013117701623329
0.022000000000091502	0.40107915161151797
0.02300000000009561	0.4008364077961174
0.02400000000009972	0.40058221043326836
0.02500000000010405	0.40031802585835985
0.02600000000010816	0.4000431444643684
0.027000000000112268	0.3997573846088244
0.0280000000001166	0.39946122837891873
0.029000000000120707	0.3991548337118076
0.030000000000124816	0.39883755064613824
0.031000000000128924	0.3985098900809698
0.032000000000133255	0.3981719538082822
0.033000000000137364	0.39782330453054227
0.03400000000014147	0.3974644917586161
0.0350000000001458	0.3970953844245688
0.03600000000014991	0.3967156852871436
0.03700000000015402	0.39632586347024523
0.03800000000015813	0.39592575422610665
0.03900000000016246	0.3955155692689093
0.04000000000016657	0.39509487000480503
0.04100000000017068	0.3946641017379977
0.04200000000017501	0.3942233198885208
0.04300000000017912	0.39377240589575857
0.044000000000183226	0.3933114694021501
0.045000000000187335	0.39284020428840316
0.046000000000191665	0.3923594024842634
0.04700000000019555	0.39186863651693526
0.04800000000019966	0.39136748823967926
0.04900000000020399	0.39085692290850127
0.0500000000002081	0.39033642677934366
0.05100000000021221	0.3898060380655618
0.05200000000021632	0.3892662304373974
0.05300000000022065	0.3887165827228185
0.05400000000022476	0.38815699358157496
0.055000000000228866	0.38758827784873273
0.0560000000002332	0.38700979469279106
0.057000000000237305	0.38642157662204946
0.058000000000241414	0.38582443571507785
0.05900000000024552	0.38521756158763976
0.060000000000249853	0.38460117601163835
0.06100000000025396	0.38397592740390085
0.06200000000025807	0.383340986927996
0.0630000000002624	0.38269698842223954
0.06400000000026651	0.3820439859208903
0.06500000000027062	0.3813818729533214
0.06600000000027473	0.3807105211121302
0.06700000000027906	0.3800301277157424
0.06800000000028317	0.3793409881791867
0.06900000000028728	0.37864312702805547
0.0700000000002916	0.37793585783608885
0.07100000000029572	0.37722034043799146
0.07200000000029982	0.37649603158190814
0.07300000000030393	0.3757627958020133
0.07400000000030826	0.3750212615018741
0.07500000000031237	0.3742711432019167
0.07600000000031648	0.3735122028422746
0.07700000000032081	0.3727452415713426
0.0780000000003247	0.3719697377376848
0.07900000000032881	0.3711858983121127
0.08000000000033292	0.3703939716448983
0.08100000000033725	0.3695937254132804
0.08200000000034136	0.36878542393813074
0.08300000000034546	0.36796906453256617
0.0840000000003498	0.36714480895990564
0.0850000000003539	0.36631254057142193
0.08600000000035801	0.3654724665443889
0.08700000000036212	0.3646244948217485
0.08800000000036645	0.36376884200192305
0.08900000000037056	0.3629054005591258
0.09000000000037467	0.36203459500351187
0.091000000000379	0.36115623778775885
0.09200000000038311	0.36027013505235694
0.09300000000038722	0.35937691305108044
0.09400000000039133	0.3584763895877904
0.09500000000039566	0.3575682177452276
0.09600000000039977	0.3566533649478918
0.09700000000040387	0.35573132540294106
0.0980000000004082	0.35480199656676725
0.09900000000041231	0.35386575382036134
0.10000000000041642	0.35292241693060267
0.10100000000042053	0.3519725010104928
0.10200000000042486	0.3510158864606322
0.10300000000042897	0.3500526947950995
0.10400000000043308	0.3490825791432741
0.10500000000043741	0.3481056450119495
0.10600000000044152	0.34712280310364185
0.10700000000044563	0.34613330959690025
0.10800000000044951	0.3451375240570501
0.10900000000045384	0.34413556999570716
0.11000000000045795	0.34312702465752665
0.11100000000046206	0.34211276915878785
0.1120000000004664	0.3410924971501158
0.1130000000004705	0.34006612606482556
0.11400000000047461	0.3390338569147193
0.11500000000047872	0.3379958165606112
0.11600000000048305	0.3369520285261587
0.11700000000048716	0.33590259122967336
0.11800000000049127	0.3348475600298497
0.1190000000004956	0.3337870067093498
0.12000000000049971	0.33272101606314264
0.12100000000050382	0.3316497010427527
0.12200000000050792	0.3305730825959946
0.12300000000051226	0.3294912697398805
0.12400000000051636	0.3284043222285574
0.12500000000052047	0.32731231879049694
0.1260000000005248	0.3262153677722339
0.1270000000005289	0.32511349407151835
0.12800000000053302	0.3240068206901173
0.12900000000053713	0.32289539885948815
0.13000000000054146	0.321779327281706
0.13100000000054557	0.3206586540523584
0.13200000000054968	0.31953327812191423
0.133000000000554	0.3184037949603311
0.13400000000055812	0.31727002255808434
0.13500000000056223	0.3161315536392231
0.13600000000056633	0.31498911610919167
0.13700000000057067	0.31384256135637556
0.13800000000057477	0.31269198529532505
0.13900000000057866	0.31153733385595117
0.140000000000583	0.31037897927551883
0.1410000000005871	0.30921657670900293
0.1420000000005912	0.3080506507868226
0.14300000000059532	0.3068808827064048
0.14400000000059965	0.3057077201339897
0.14500000000060376	0.3045310285985384
0.14600000000060787	0.3033507926825638
0.1470000000006122	0.30216726054296594
0.1480000000006163	0.3009805373791191
0.14900000000062041	0.29979053191326277
0.15000000000062452	0.2985974881821878
0.15100000000062885	0.29740133265721047
0.15200000000063296	0.2962022749318419
0.15300000000063707	0.2950003105993112
0.1540000000006414	0.2937955956228331
0.1550000000006455	0.2925880880400423
0.15600000000064962	0.2913779633541501
0.15700000000065373	0.2901652528439832
0.15800000000065806	0.288950067326485
0.15900000000066217	0.28773242452814585
0.16000000000066628	0.2865124583786254
0.16100000000067038	0.28529025841665967
0.16200000000067472	0.28406580391613123
0.16300000000067882	0.2828391759799076
0.16400000000068293	0.28161063731489777
0.16500000000068726	0.2803800913171608
0.16600000000069137	0.2791476702311926
0.16700000000069548	0.2779133512567198
0.1680000000006996	0.2766773875643749
0.16900000000070392	0.27543964531343856
0.1700000000007078	0.2742003571284508
0.17100000000071192	0.2729596050697142
0.17200000000071625	0.2717173623973105
0.17300000000072036	0.2704736165813839
0.17400000000072446	0.2692288524575839
0.17500000000072857	0.26798274854492565
0.1760000000007329	0.2667353310668653
0.177000000000737	0.26548696195996957
0.17800000000074112	0.26423753925566884
0.17900000000074545	0.26298723870744045
0.18000000000074956	0.26173600184626356
0.18100000000075367	0.2604839920861517
0.18200000000075778	0.2592312451030161
0.1830000000007621	0.25797788688311585
0.18400000000076622	0.2567239109276306
0.18500000000077033	0.2554694142450218
0.18600000000077466	0.25421442514130155
0.18700000000077877	0.2529591802148795
0.18800000000078287	0.25170355503708697
0.18900000000078698	0.25044763049574126
0.1900000000007913	0.2491916148508967
0.19100000000079542	0.24793544356858532
0.19200000000079953	0.2466792806181758
0.19300000000080386	0.24542310889741215
0.19400000000080797	0.2441670216420656
0.19500000000081208	0.24291113582917134
0.1960000000008162	0.24165548690808403
0.19700000000082052	0.24040009450560462
0.19800000000082463	0.23914505126299512
0.19900000000082874	0.2378904636270095
0.20000000000083307	0.23663633127236972
0.20100000000083695	0.23538277352999182
0.20200000000084106	0.23412979938102352
0.20300000000084517	0.23287755015075828
0.2040000000008495	0.23162600301564673
0.2050000000008536	0.23037525093789757
0.20600000000085772	0.2291253842130564
0.20700000000086205	0.22787642058012714
0.20800000000086616	0.22662845771265794
0.20900000000087027	0.22538152463278527
0.21000000000087438	0.22413571601641646
0.2110000000008787	0.22289105851174063
0.21200000000088282	0.22164761968849533
0.21300000000088692	0.22040547259259935
0.21400000000089126	0.21916465420940345
0.21500000000089536	0.21792523989927792
0.21600000000089947	0.21668727063316617
0.21700000000090358	0.21545082209130217
0.2180000000009079	0.21421593198077205
0.21900000000091202	0.2129826657206021
0.22000000000091613	0.21175107983980013
0.22100000000092046	0.21052122479188073
0.22200000000092457	0.20929315392618641
0.22300000000092868	0.20806692681431693
0.2240000000009328	0.20684258725414117
0.22500000000093712	0.2056202034009138
0.22600000000094123	0.20439981029194632
0.22700000000094533	0.20318146462870168
0.22800000000094967	0.20196522698923713
0.22900000000095377	0.20075113841042225
0.23000000000095788	0.19953925258502847
0.23100000000096177	0.19832961859961584
0.2320000000009661	0.19712228538210563
0.2330000000009702	0.19591729698794436
0.23400000000097432	0.19471470047301365
0.23500000000097865	0.19351460402112242
0.23600000000098276	0.1923169631199626
0.23700000000098687	0.191121813651423
0.23800000000099097	0.18992928887310867
0.2390000000009953	0.18873938569089033
0.24000000000099941	0.18755223137145738
0.24100000000100352	0.18636775083214097
0.24200000000100785	0.1851860003486243
0.24300000000101196	0.1840070969854335
0.24400000000101607	0.18283103913088228
0.24500000000102018	0.1816578393754602
0.2460000000010245	0.1804876014325314
0.24700000000102862	0.1793203633508974
0.24800000000103273	0.17815612356952604
0.24900000000103706	0.1769949393257968
0.25000000000104117	0.17583685747055433
0.2510000000010453	0.17468191821957624
0.2520000000010494	0.17353016759713058
0.2530000000010537	0.17238163063959133
0.2540000000010578	0.17123634138750998
0.25500000000106193	0.17009433419905906
0.25600000000106626	0.1689556523452096
0.25700000000107037	0.16782033999980328
0.2580000000010745	0.16668843276797163
0.2590000000010786	0.16555995380462718
0.2600000000010829	0.16443494306944495
0.26100000000108703	0.16331344056690733
0.2620000000010909	0.1621954783697831
0.26300000000109525	0.16108107542062156
0.26400000000109936	0.15997027720708312
0.26500000000110346	0.15886312454119667
0.2660000000011076	0.15775963213234823
0.2670000000011119	0.15665983791297255
0.268000000001116	0.15556375245357046
0.2690000000011201	0.15447140864413367
0.27000000000112445	0.15338289215712586
0.27100000000112856	0.15229821464601878
0.27200000000113267	0.15121732571659874
0.2730000000011368	0.150140343339506
0.2740000000011411	0.14906728891258036
0.2750000000011452	0.14799804282664486
0.2760000000011493	0.14693284684218555
0.27700000000115366	0.14587166207984448
0.27800000000115777	0.14481436261676972
0.2790000000011619	0.14376116295981578
0.280000000001166	0.1427120079153963
0.2810000000011703	0.14166690517096858
0.2820000000011744	0.14062590058642088
0.28300000000117853	0.1395890850875049
0.28400000000118286	0.13855635515465947
0.28500000000118697	0.13752779932528403
0.2860000000011911	0.13650343630191986
0.2870000000011952	0.13548326852847603
0.2880000000011995	0.1344673832348724
0.2890000000012036	0.13345570130748774
0.29000000000120774	0.13244825580111463
0.29100000000121207	0.13144514484377745
0.2920000000012162	0.13044632389013355
0.29300000000122006	0.12945180076345797
0.29400000000122417	0.1284616444910458
0.2950000000012285	0.12747586141780576
0.2960000000012326	0.12649441641920556
0.2970000000012367	0.1255173829053191
0.29800000000124083	0.12454475637937168
0.29900000000124516	0.12357652764691518
0.30000000000124927	0.12261273795504901
0.3010000000012534	0.1216534060760982
0.3020000000012577	0.12069853664287067
0.3030000000012618	0.11974815336463518
0.3040000000012659	0.11880223204216345
0.30500000000127003	0.11786081866297082
0.30600000000127436	0.11692393183411487
0.3070000000012785	0.11599154667531086
0.3080000000012826	0.11506370454383252
0.3090000000012869	0.11414042292625348
0.310000000001291	0.11322166633511088
0.31100000000129513	0.11230748411942959
0.31200000000129924	0.1113978820937156
0.31300000000130357	0.11049287931225538
0.3140000000013077	0.10959245573214316
0.3150000000013118	0.10869660957227734
0.3160000000013161	0.10780538376931215
0.3170000000013202	0.1069187532390744
0.31800000000132433	0.10603675447631589
0.31900000000132844	0.10515941891153846
0.3200000000013328	0.10428664070234339
0.3210000000013369	0.10341853117132882
0.322000000001341	0.10255512206151296
0.3230000000013453	0.10169626353426164
0.3240000000013492	0.10084207078594243
0.3250000000013533	0.09999262911708906
0.3260000000013574	0.0991477340457213
0.32700000000136176	0.09830755174469463
0.32800000000136587	0.09747203547993788
0.32900000000137	0.09664116281881496
0.3300000000013743	0.09581493517687889
0.3310000000013784	0.09499342775814812
0.3320000000013825	0.09417657283058578
0.33300000000138663	0.09336435825300415
0.33400000000139096	0.09255687429263582
0.33500000000139507	0.0917540195969293
0.3360000000013992	0.09095583847640343
0.3370000000014035	0.09016234624849262
0.3380000000014076	0.08937351292625517
0.3390000000014117	0.08858935350005437
0.34000000000141584	0.08780982323992481
0.34100000000142017	0.08703498728227377
0.3420000000014243	0.08626484632967335
0.3430000000014284	0.08549927661830203
0.3440000000014327	0.08473844399581287
0.3450000000014368	0.08398227095870192
0.34600000000144093	0.08323066415479186
0.34700000000144504	0.08248380955764711
0.34800000000144937	0.08174147678106158
0.3490000000014535	0.08100385915697528
0.3500000000014576	0.08027088070091604
0.3510000000014619	0.07954245345232303
0.35200000000146603	0.07881871593386813
0.35300000000147014	0.07809957741318785
0.35400000000147425	0.07738503057388524
0.35500000000147836	0.07667509680484175
0.35600000000148246	0.07596975477639534
0.3570000000014866	0.07526900129160252
0.3580000000014909	0.07457282806863708
0.359000000001495	0.07388123478611608
0.3600000000014991	0.07319420478475569
0.36100000000150323	0.0725117368962207
0.36200000000150756	0.07183379428864578
0.36300000000151167	0.0711603938394808
0.3640000000015158	0.07049155517141825
0.3650000000015201	0.06982721752554377
0.3660000000015242	0.06916737998500311
0.3670000000015283	0.06851205775862135
0.36800000000153243	0.06786122667563055
0.36900000000153677	0.06721487123920322
0.3700000000015409	0.06657301552312755
0.371000000001545	0.06593561021560568
0.3720000000015493	0.06530267916754118
0.3730000000015534	0.06467410117775607
0.37400000000155753	0.06405004494834055
0.37500000000156164	0.06343033458819236
0.37600000000156597	0.06281500584947808
0.3770000000015701	0.06220418371111602
0.3780000000015742	0.06159771244231205
0.3790000000015785	0.060995579592181715
0.3800000000015826	0.06039782603386068
0.38100000000158674	0.059804400808455616
0.38200000000159084	0.059215262250766454
0.3830000000015952	0.05863041573328909
0.3840000000015993	0.05804993894783339
0.3850000000016034	0.057473823126925616
0.3860000000016075	0.05690189644948018
0.3870000000016116	0.05633422144628575
0.3880000000016157	0.05577081442297638
0.38900000000161983	0.055211594042129386
0.39000000000162416	0.05465666085708243
0.39100000000162827	0.054105905108041474
0.3920000000016324	0.05355935904950804
0.3930000000016367	0.05301696957577673
0.3940000000016408	0.052478738801865044
0.3950000000016449	0.05194464382423569
0.39600000000164903	0.05141467401766475
0.39700000000165336	0.05088887114392826
0.3980000000016575	0.05036711665881344
0.3990000000016616	0.049849418571564885
0.4000000000016659	0.04933584958566106
0.40100000000167	0.048826281708078234
0.40200000000167413	0.048320752858861615
0.40300000000167824	0.047819248284657556
0.40400000000168257	0.04732175102782499
0.4050000000016867	0.04682823367587807
0.4060000000016908	0.04633867326347163
0.4070000000016951	0.045853087498690215
0.4080000000016992	0.045371391064988886
0.40900000000170333	0.04489363307833483
0.41000000000170744	0.04441977875145797
0.4110000000017118	0.04394976658482952
0.4120000000017159	0.043483692702005805
0.41300000000172	0.043021397089590296
0.4140000000017243	0.04256294601716881
0.41500000000172843	0.04210832038134715
0.41600000000173254	0.041657443519105386
0.4170000000017364	0.0412104146387523
0.41800000000174076	0.040767090123436156
0.41900000000174487	0.040327504331375996
0.420000000001749	0.03989164173180626
0.4210000000017533	0.039459481966747534
0.4220000000017574	0.03903100678946736
0.4230000000017615	0.038606201275300456
0.42400000000176563	0.03818504251743693
0.42500000000176996	0.03776745727616726
0.42600000000177407	0.03735355244038996
0.4270000000017782	0.03694317833077254
0.4280000000017825	0.03653644926238708
0.4290000000017866	0.03613323057584905
0.4300000000017907	0.03573354237856374
0.43100000000179484	0.03533738401502018
0.43200000000179917	0.03494465319541917
0.4330000000018033	0.03455547050762431
0.4340000000018074	0.03416969149452109
0.4350000000018115	0.03378742650312749
0.4360000000018158	0.0334085480489974
0.43700000000181993	0.033033049569781925
0.43800000000182404	0.0326609418375261
0.43900000000182837	0.03229214533871427
0.4400000000018325	0.031926767903396325
0.4410000000018366	0.03156464040831808
0.4420000000018407	0.031205871230745252
0.44300000000184503	0.030850392744886546
0.44400000000184914	0.03049815310012116
0.44500000000185325	0.03014914051394868
0.4460000000018576	0.0298033899258352
0.4470000000018617	0.02946080862878664
0.4480000000018656	0.029121413068215807
0.4490000000018697	0.02878521210521401
0.450000000001874	0.028452132515316197
0.4510000000018781	0.0281221851681418
0.45200000000188223	0.027795372817364217
0.45300000000188656	0.027471609993633073
0.45400000000189067	0.027150953663717448
0.4550000000018948	0.026833328383571553
0.4560000000018989	0.026518697436129224
0.4570000000019032	0.02620707899345165
0.4580000000019073	0.02589847914558785
0.45900000000191143	0.025592890642112454
0.46000000000191577	0.025290206718355246
0.4610000000019199	0.024990452231236193
0.462000000001924	0.0246936002244742
0.4630000000019281	0.024399641498756175
0.4640000000019324	0.02410855951954116
0.46500000000193653	0.023820346257942382
0.46600000000194064	0.023534965402356445
0.46700000000194497	0.02325238443699429
0.4680000000019491	0.022972603888830823
0.4690000000019532	0.022695599107739994
0.4700000000019573	0.022421350565133835
0.4710000000019616	0.022149838296368296
0.47200000000196574	0.021881043906008424
0.47300000000196984	0.021614948758699182
0.4740000000019742	0.02135153203518425
0.4750000000019783	0.02109077325849107
0.4760000000019824	0.020832656698951957
0.4770000000019865	0.020577169999488
0.47800000000199083	0.020324281784134257
0.4790000000019947	0.020073952464008782
0.48000000000199883	0.019826197853243133
0.48100000000200316	0.01958098761963145
0.48200000000200727	0.019338322179907164
0.4830000000020114	0.01909815213950372
0.4840000000020155	0.018860474734203936
0.4850000000020198	0.01862523485026779
0.4860000000020239	0.01839251884876003
0.48700000000202803	0.01816216405831428
0.48800000000203236	0.017934280526980872
0.4890000000020365	0.017708753311315384
0.4900000000020406	0.017485604864468263
0.4910000000020447	0.01726481889603637
0.492000000002049	0.017046340377647073
0.49300000000205313	0.01683024796949506
0.49400000000205724	0.01661639846626617
0.49500000000206157	0.016404893267089937
0.4960000000020657	0.016195616967593973
0.4970000000020698	0.015988587715168756
0.4980000000020739	0.01578378802764724
0.4990000000020782	0.015581209224252102
0.5000000000020823	0.015380802295516749
0.5010000000020864	0.01518259392828436
0.5020000000020908	0.014986549999758236
0.5030000000020949	0.014792629774792232
0.504000000002099	0.01460083719836125
0.5050000000021031	0.014411151338860395
0.5060000000021074	0.014223553374505093
0.5070000000021115	0.014038025934223541
0.5080000000021156	0.013854551325462539
0.50900000000212	0.013673111792299353
0.5100000000021239	0.013493689718433233
0.511000000002128	0.013316268078346294
0.5120000000021321	0.013140832985649165
0.5130000000021364	0.012967374497774076
0.5140000000021405	0.012795853307828398
0.5150000000021446	0.012626243276948834
0.516000000002149	0.012458562931571548
0.5170000000021531	0.012292801792626373
0.5180000000021572	0.012128920245986441
0.5190000000021613	0.01196689109055582
0.5200000000021656	0.011806714666924623
0.5210000000021697	0.011648366959357004
0.5220000000021738	0.01149185060740332
0.5230000000021782	0.011337147867646724
0.5240000000021823	0.011184193178641166
0.5250000000021864	0.011033024417501869
0.5260000000021905	0.010883598732089661
0.5270000000021948	0.010735911000401721
0.5280000000021989	0.01058994567692495
0.529000000002203	0.010445684590892013
0.5300000000022074	0.010303114406728153
0.5310000000022115	0.010162221559507856
0.5320000000022156	0.010022990108332519
0.5330000000022197	0.009885390085167423
0.534000000002224	0.009749411866914692
0.5350000000022281	0.009615087365405839
0.5360000000022322	0.009482288660809468
0.5370000000022366	0.009351137311948365
0.5380000000022407	0.009221507644703641
0.5390000000022448	0.009093446592637222
0.5400000000022487	0.008966924027164702
0.541000000002253	0.008841927087517187
0.5420000000022571	0.008718420782200531
0.5430000000022612	0.008596428972619696
0.5440000000022656	0.00847589526589032
0.5450000000022697	0.00835684463960551
0.5460000000022738	0.008239225477551959
0.5470000000022779	0.008123059311065495
0.5480000000022822	0.008008305506879587
0.5490000000022863	0.0078949572932
0.5500000000022904	0.007783009832057486
0.5510000000022948	0.0076724365195308675
0.5520000000022989	0.007563225764388282
0.553000000002303	0.0074553682511752095
0.5540000000023071	0.00734885136154384
0.5550000000023114	0.007243660077533409
0.5560000000023155	0.007139780845259569
0.5570000000023196	0.007037200500663365
0.558000000002324	0.00693590589724391
0.5590000000023281	0.006835882782541103
0.5600000000023322	0.006737116901879947
0.5610000000023363	0.006639595609645554
0.5620000000023406	0.0065433073267069375
0.5630000000023447	0.006448239875223805
0.5640000000023488	0.006354380022770001
0.5650000000023532	0.006261716016612184
0.5660000000023573	0.006170235418918701
0.5670000000023614	0.006079924563999084
0.5680000000023655	0.005990771350091961
0.5690000000023698	0.0059027641900200045
0.5700000000023739	0.005815890798493428
0.5710000000023778	0.005730138937405371
0.5720000000023819	0.005645495944419321
0.5730000000023863	0.005561949367637431
0.5740000000023904	0.005479488190839876
0.5750000000023945	0.005398101032505487
0.5760000000023988	0.005317776955761411
0.5770000000024029	0.005238506734112969
0.578000000002407	0.0051602787656751525
0.5790000000024111	0.005083070201239881
0.5800000000024155	0.0050068811432276705
0.5810000000024196	0.004931699641095522
0.5820000000024237	0.004857513194289842
0.583000000002428	0.004784306440695496
0.5840000000024321	0.004712078580178969
0.5850000000024362	0.004640814697075335
0.5860000000024403	0.004570494724050578
0.5870000000024447	0.004501121997901425
0.5880000000024488	0.0044326754748612585
0.5890000000024529	0.004365148251459838
0.5900000000024572	0.004298533034080343
0.5910000000024613	0.004232816137104689
0.5920000000024654	0.004167989014516205
0.5930000000024696	0.004104040895753891
0.5940000000024739	0.004040959967655411
0.595000000002478	0.003978737896083384
0.5960000000024821	0.003917363168400634
0.5970000000024864	0.0038568294770005007
0.5980000000024905	0.0037971240336338585
0.5990000000024946	0.003738240666070647
0.6000000000024988	0.003680163608525744
0.6010000000025031	0.003622892507054498
0.602000000002507	0.003566412127221641
0.6030000000025111	0.0035107096318827136
0.6040000000025154	0.0034557875969407625
0.6050000000025195	0.003401623608364601
0.6060000000025236	0.0033482197849075135
0.6070000000025277	0.003295556712861525
0.6080000000025321	0.003243635625645558
0.6090000000025362	0.0031924398517970687
0.6100000000025403	0.003141967127694212
0.6110000000025446	0.003092202187887083
0.6120000000025487	0.00304313880496887
0.6130000000025528	0.0029947710329369936
0.614000000002557	0.0029470898667945944
0.6150000000025613	0.0029000860812302687
0.6160000000025654	0.0028537513556190497
0.6170000000025695	0.002808077477515214
0.6180000000025738	0.002763056364902039
0.6190000000025779	0.0027186800801366484
0.620000000002582	0.002674940764040512
0.6210000000025861	0.002631830681323777
0.6220000000025905	0.0025893423570819696
0.6230000000025946	0.0025474681832740043
0.6240000000025987	0.0025062005016283084
0.625000000002603	0.0024655320336751663
0.6260000000026071	0.0024254551977708205
0.6270000000026112	0.00238595871863867
0.6280000000026154	0.0023470403012932906
0.6290000000026197	0.002308689265287045
0.6300000000026238	0.0022709026911775787
0.6310000000026279	0.002233668390725918
0.6320000000026322	0.002196984047351913
0.6330000000026361	0.0021608403444947077
0.6340000000026402	0.0021252305311929565
0.6350000000026443	0.0020901478000776574
0.6360000000026487	0.002055585438014318
0.6370000000026528	0.0020215367418421337
0.6380000000026569	0.00198799536146832
0.6390000000026612	0.0019549547945725276
0.6400000000026653	0.001922407669470938
0.6410000000026694	0.0018903466790911594
0.6420000000026735	0.001858769399467386
0.6430000000026779	0.0018276640239519581
0.644000000002682	0.0017970321768773223
0.6450000000026861	0.0017668629931424373
0.6460000000026904	0.0017371488389306133
0.6470000000026945	0.001707884247035718
0.6480000000026986	0.0016790638054903217
0.6490000000027027	0.0016506836322102147
0.6500000000027071	0.001622733626600481
0.6510000000027112	0.0015952130516098117
0.6520000000027153	0.001568115078607435
0.6530000000027196	0.0015414296383858828
0.6540000000027237	0.0015151584314870847
0.6550000000027278	0.00148928853021979
0.656000000002732	0.0014638211175038718
0.6570000000027363	0.0014387444906043267
0.6580000000027404	0.0014140590158079336
0.6590000000027445	0.0013897539200651288
0.6600000000027488	0.001365829091343529
0.6610000000027529	0.0013422748567387677
0.662000000002757	0.0013190905622433302
0.6630000000027612	0.0012962676527349393
0.6640000000027653	0.0012738049648794991
0.6650000000027694	0.0012516915384638283
0.6660000000027735	0.001229929012519615
0.6670000000027778	0.0012085089804640958
0.6680000000027819	0.0011874265481865987
0.669000000002786	0.0011666785857955553
0.6700000000027901	0.0011462591285510415
0.6710000000027945	0.0011261643354851802
0.6720000000027986	0.0011063891081118937
0.6730000000028027	0.001086929875546705
0.674000000002807	0.0010677812054071811
0.6750000000028111	0.0010489388492642693
0.6760000000028152	0.0010303990834930055
0.6770000000028193	0.001012157092892596
0.6780000000028237	0.0009942093801766916
0.6790000000028278	0.0009765503848306878
0.6800000000028319	0.000959175998578754
0.6810000000028362	0.0009420867128584476
0.6820000000028403	0.0009252695832135949
0.6830000000028444	0.0009087304779206162
0.6840000000028486	0.0008924569125793314
0.6850000000028529	0.0008764525131894629
0.686000000002857	0.0008607058517964283
0.6870000000028611	0.0008452215695815557
0.6880000000028654	0.0008299863160821097
0.6890000000028695	0.0008150055762931041
0.6900000000028736	0.0008002676588044766
0.6910000000028778	0.000785776390888282
0.6920000000028821	0.0007715209445553484
0.6930000000028862	0.0007575072057690591
0.6940000000028901	0.0007437209200504835
0.6950000000028944	0.0007301652444733353
0.6960000000028985	0.0007168366559741068
0.6970000000029026	0.0007037255881386928
0.6980000000029067	0.0006908381284905785
0.6990000000029111	0.0006781667086923626
0.7000000000029152	0.0006657051711586037
0.7010000000029193	0.0006534560188956595
0.7020000000029236	0.0006414102624223705
0.7030000000029277	0.0006295701852130353
0.7040000000029318	0.0006179283593060747
0.705000000002936	0.0006064841587747338
0.7060000000029403	0.0005952341489410262
0.7070000000029444	0.0005841752064837946
0.7080000000029485	0.000573304372582184
0.7090000000029526	0.0005626189605439924
0.7100000000029569	0.0005521158761556677
0.711000000002961	0.0005417927284080415
0.7120000000029651	0.0005316465402774861
0.7130000000029695	0.000521674492588442
0.7140000000029736	0.0005118744874405001
0.7150000000029777	0.0005022432422869816
0.7160000000029818	0.0004927784300429172
0.7170000000029861	0.0004834768375716614
0.7180000000029902	0.0004743373404880735
0.7190000000029944	0.00046535491348353997
0.7200000000029987	0.000456531635493751
0.7210000000030028	0.000447859016114438
0.7220000000030069	0.00043933786054017876
0.723000000003011	0.0004309682413021765
0.7240000000030153	0.0004227425970290133
0.7250000000030195	0.0004146623846957853
0.7260000000030233	0.0004067243890913952
0.7270000000030277	0.0003989259019914204
0.7280000000030318	0.00039126563724922736
0.7290000000030359	0.00038373961442073057
0.73000000000304	0.00037634756373960965
0.7310000000030443	0.00036908711142857875
0.7320000000030484	0.00036195431922436683
0.7330000000030525	0.00035494839205907347
0.7340000000030569	0.0003480686903030161
0.735000000003061	0.000341311290135593
0.7360000000030651	0.0003346747871070255
0.7370000000030692	0.00032815720717549457
0.7380000000030735	0.0003217569530726827
0.7390000000030776	0.0003154715096405081
0.7400000000030817	0.00030929937504242666
0.7410000000030861	0.00030323812433818986
0.7420000000030902	0.0002972868079023083
0.7430000000030943	0.00029144357471300175
0.7440000000030984	0.00028570635538982536
0.7450000000031027	0.00028007325115220194
0.7460000000031068	0.00027454278095029316
0.747000000003111	0.0002691131899755783
0.7480000000031153	0.0002637827517575353
0.7490000000031194	0.00025854985902518113
0.7500000000031235	0.0002534130758301556
0.7510000000031276	0.000248369671565829
0.7520000000031319	0.00024342000087229643
0.753000000003136	0.0002385612981501417
0.7540000000031402	0.00023379244689214485
0.7550000000031445	0.00022911212472864761
0.7560000000031484	0.00022451774462384222
0.7570000000031525	0.00022000905807406657
0.7580000000031566	0.00021558397799403828
0.7590000000031609	0.00021124084299395385
0.760000000003165	0.00020697931407143155
0.7610000000031691	0.000202797541473676
0.7620000000031735	0.00019869348472723036
0.7630000000031776	0.00019466685945535023
0.7640000000031817	0.00019071450409180457
0.7650000000031858	0.00018683941445007957
0.7660000000031901	0.0001830340246300466
0.7670000000031942	0.00017930292047618757
0.7680000000031983	0.0001756407384456704
0.7690000000032027	0.0001720483915348403
0.7700000000032068	0.0001685244790948781
0.7710000000032109	0.0001650677055777816
0.772000000003215	0.00016167636521502438
0.7730000000032193	0.0001583497597126282
0.7740000000032234	0.00015508548754250562
0.7750000000032276	0.00015188665857512884
0.7760000000032319	0.0001487459628838339
0.777000000003236	0.000145667451569631
0.7780000000032401	0.0001426474139701872
0.7790000000032442	0.00013968561962907078
0.7800000000032485	0.0001367810970012151
0.7810000000032526	0.00013393274362794028
0.7820000000032568	0.00013113941469611312
0.7830000000032611	0.00012840032198968565
0.7840000000032652	0.00012571469995048545
0.7850000000032693	0.00012308028356200484
0.7860000000032734	0.0001204982360923923
0.7870000000032777	0.00011796657411911049
0.7880000000032816	0.00011548309356235187
0.7890000000032857	0.00011305008310091846
0.7900000000032901	0.00011066322389374772
0.7910000000032942	0.00010832508857783196
0.7920000000032983	0.00010603108916795723
0.7930000000033024	0.00010378310866998586
0.7940000000033067	0.00010158028492623927
0.7950000000033108	9.941938425139796e-05
0.796000000003315	9.730191817280964e-05
0.7970000000033193	9.52272197758397e-05
0.7980000000033234	9.319313167077681e-05
0.7990000000033275	9.11996708712337e-05
0.8000000000033316	8.92460139838569e-05
0.8010000000033359	8.733083097589578e-05
0.80200000000334	8.545472603915805e-05
0.8030000000033441	8.361641785137319e-05
0.8040000000033485	8.181386403383062e-05
0.8050000000033526	8.004848590070779e-05
0.8060000000033567	7.831793022949896e-05
0.8070000000033608	7.66229461920398e-05
0.8080000000033651	7.496186659317061e-05
0.8090000000033692	7.33342586276553e-05
0.8100000000033734	7.17401366497894e-05
0.8110000000033777	7.017806233955426e-05
0.8120000000033818	6.864798550532125e-05
0.8130000000033859	6.714849806155332e-05
0.81400000000339	6.568037868870391e-05
0.8150000000033943	6.42414496463406e-05
0.8160000000033985	6.28328354956853e-05
0.8170000000034026	6.14526338759136e-05
0.8180000000034067	6.010037315729022e-05
0.8190000000034108	5.8776576345342946e-05
0.8200000000034149	5.747926933918901e-05
0.821000000003419	5.6209674309637414e-05
0.8220000000034233	5.496565681595289e-05
0.8230000000034274	5.374762331933347e-05
0.8240000000034315	5.255458483033326e-05
0.8250000000034359	5.138657644887523e-05
0.82600000000344	5.0243083808299005e-05
0.8270000000034441	4.912316450556009e-05
0.8280000000034482	4.8026492368680174e-05
0.8290000000034525	4.695279829802779e-05
0.8300000000034566	4.590165567219806e-05
0.8310000000034607	4.487248692974788e-05
0.8320000000034651	4.386492699093303e-05
0.8330000000034692	4.2878557397041384e-05
0.8340000000034733	4.1913008506089255e-05
0.8350000000034774	4.0967749636355855e-05
0.8360000000034817	4.0042493675063184e-05
0.8370000000034858	3.913685634548969e-05
0.83800000000349	3.82503621061403e-05
0.8390000000034943	3.738269896647051e-05
0.8400000000034984	3.653349266907746e-05
0.8410000000035025	3.570240866701546e-05
0.8420000000035066	3.488901191639471e-05
0.8430000000035109	3.409300003276439e-05
0.844000000003515	3.331403603101801e-05
0.8450000000035192	3.255175527394627e-05
0.8460000000035233	3.180579992367871e-05
0.8470000000035276	3.1076025020393416e-05
0.8480000000035317	3.0361831566905195e-05
0.8490000000035356	2.9662971341215538e-05
0.8500000000035399	2.8979657504368816e-05
0.851000000003544	2.831055885343936e-05
0.8520000000035481	2.7656166115108682e-05
0.8530000000035523	2.7015869697888384e-05
0.8540000000035566	2.6389584125596777e-05
0.8550000000035607	2.5777000758120394e-05
0.8560000000035648	2.517784715483362e-05
0.8570000000035691	2.459172277224919e-05
0.8580000000035732	2.401821119379921e-05
0.8590000000035773	2.3457445781471797e-05
0.8600000000035815	2.290894850220937e-05
0.8610000000035858	2.2372482222476897e-05
0.8620000000035899	2.1847849256406704e-05
0.863000000003594	2.133491597910986e-05
0.8640000000035983	2.0833153221100353e-05
0.8650000000036024	2.0342370636416973e-05
0.8660000000036066	1.9862592708030924e-05
0.8670000000036107	1.939358546332315e-05
0.868000000003615	1.8934799136838265e-05
0.8690000000036191	1.848636695778172e-05
0.8700000000036232	1.8047805022236574e-05
0.8710000000036275	1.761904380770396e-05
0.8720000000036316	1.7199890734342915e-05
0.8730000000036358	1.679006484256451e-05
0.8740000000036399	1.638952849269959e-05
0.8750000000036442	1.599799801277335e-05
0.8760000000036483	1.5615233213139845e-05
0.8770000000036524	1.5241233770502127e-05
0.8780000000036567	1.48754576626553e-05
0.8790000000036609	1.4517955948978312e-05
0.8800000000036647	1.4168546498494194e-05
0.8810000000036688	1.3827259053522667e-05
0.8820000000036732	1.3493493976168836e-05
0.8830000000036773	1.3167448316808716e-05
0.8840000000036814	1.2848774746831992e-05
0.8850000000036857	1.2537402998891167e-05
0.8860000000036898	1.223311608722355e-05
0.887000000003694	1.1935756620395921e-05
0.888000000003698	1.1645288166550749e-05
0.8890000000037024	1.1361472400994721e-05
0.8900000000037065	1.1084167129693512e-05
0.8910000000037106	1.0813219727290324e-05
0.8920000000037149	1.0548555793299386e-05
0.893000000003719	1.0289989555434254e-05
0.8940000000037231	1.0037355448355711e-05
0.8950000000037273	9.79065046657901e-06
0.8960000000037316	9.549557130283937e-06
0.8970000000037357	9.31414166904787e-06
0.8980000000037398	9.084192473363117e-06
0.8990000000037441	8.859632011248841e-06
0.9000000000037482	8.640294349437916e-06
0.9010000000037524	8.42608973461445e-06
0.9020000000037565	8.216889651135872e-06
0.9030000000037608	8.012568849857793e-06
0.9040000000037649	7.813127830824662e-06
0.905000000003769	7.618287223287723e-06
0.9060000000037733	7.428028242495444e-06
0.9070000000037775	7.2422696624219185e-06
0.9080000000037816	7.060936070613089e-06
0.9090000000037857	6.883917694100461e-06
0.91000000000379	6.711055932862031e-06
0.9110000000037939	6.542277747989544e-06
0.912000000003798	6.3775025470613755e-06
0.9130000000038023	6.216728437702379e-06
0.9140000000038064	6.059701814886687e-06
0.9150000000038105	5.906478529049686e-06
0.9160000000038147	5.756898054154469e-06
0.917000000003819	5.610878747952519e-06
0.9180000000038231	5.468397893282351e-06
0.9190000000038272	5.3293304898005545e-06
0.9200000000038315	5.193565336014672e-06
0.9210000000038356	5.061176571397041e-06
0.9220000000038397	4.931817807474204e-06
0.9230000000038439	4.805751393499591e-06
0.9240000000038482	4.682657705146198e-06
0.9250000000038523	4.562554101750216e-06
0.9260000000038564	4.4453440537495226e-06
0.9270000000038607	4.331034308524551e-06
0.9280000000038648	4.219457151011241e-06
0.929000000003869	4.1106571367910405e-06
0.9300000000038731	4.004460735562709e-06
0.9310000000038774	3.900858025485121e-06
0.9320000000038815	3.7998425541641012e-06
0.9330000000038856	3.7012971346728207e-06
0.9340000000038899	3.605139580309391e-06
0.935000000003894	3.5113850335166674e-06
0.9360000000038982	3.4198968023035903e-06
0.9370000000039023	3.3306889974937803e-06
0.9380000000039066	3.243695958277115e-06
0.9390000000039107	3.158859797958158e-06
0.9400000000039148	3.0761071733165224e-06
0.9410000000039191	2.995447945464136e-06
0.942000000003923	2.9167196567980724e-06
0.9430000000039271	2.8400164986397414e-06
0.9440000000039312	2.765191107423348e-06
0.9450000000039356	2.6922589994038404e-06
0.9460000000039397	2.6211363584049963e-06
0.9470000000039438	2.5518040395189345e-06
0.9480000000039481	2.484177255901443e-06
0.9490000000039522	2.4183121883902814e-06
0.9500000000039563	2.3540282981793226e-06
0.9510000000039605	2.2914362780568354e-06
0.9520000000039648	2.2304045058652022e-06
0.9530000000039689	2.1709183983809055e-06
0.954000000003973	2.112897839912087e-06
0.9550000000039773	2.0563730361855548e-06
0.9560000000039814	2.0013191999179725e-06
0.9570000000039856	1.9475842739646865e-06
0.9580000000039897	1.8952786893233764e-06
0.959000000003994	1.8443499644194006e-06
0.9600000000039981	1.7946079197139753e-06
0.9610000000040022	1.7462054251460302e-06
0.9620000000040065	1.6990410550699053e-06
0.9630000000040106	1.6530675110981718e-06
0.9640000000040148	1.6082933720351633e-06
0.9650000000040189	1.564655717434249e-06
0.9660000000040232	1.5221694221745352e-06
0.9670000000040273	1.4807475903211298e-06
0.9680000000040314	1.4403921094752192e-06
0.9690000000040357	1.401124296140921e-06
0.9700000000040399	1.3628298601853217e-06
0.9710000000040437	1.3255663242617288e-06
0.9720000000040478	1.2892468418401748e-06
0.9730000000040522	1.253860428374054e-06
0.9740000000040563	1.2194346867833161e-06
0.9750000000040604	1.1858706090439597e-06
0.9760000000040647	1.1532157064841897e-06
0.9770000000040688	1.1214024273620282e-06
0.978000000004073	1.0904071175987795e-06
0.979000000004077	1.0602571268725214e-06
0.9800000000040812	1.0308663820346453e-06
0.9810000000040855	1.0022811397503162e-06
0.9820000000040896	9.74435724332423e-07
0.9830000000040937	9.473307683860455e-07
0.984000000004098	9.209305877888596e-07
0.9850000000041004	8.952395531558466e-07
0.9860000000041018	8.702376773639386e-07
0.987000000004103	8.458738923744491e-07
0.9880000000041045	8.221757190618462e-07
0.9890000000041059	7.991186952160945e-07
0.9900000000041072	7.766810311560235e-07
0.9910000000041086	7.548108216237637e-07
0.99200000000411	7.335395968421921e-07
0.9930000000041115	7.128636766440266e-07
0.9940000000041127	6.927162754521987e-07
0.9950000000041141	6.731122905723197e-07
0.9960000000041156	6.540485870676349e-07
0.997000000004117	6.354868966607086e-07
0.9980000000041185	6.174275726245071e-07
0.9990000000041197	5.998678631602417e-07
1.0000000000041211	5.827719956608135e-07
1.001000000004117	5.661419890667929e-07
1.002000000004113	5.499715296508612e-07
1.0030000000041086	5.342286301113219e-07
1.0040000000041045	5.189243098557839e-07
1.0050000000041002	5.040388493249282e-07
1.006000000004096	4.895492472511975e-07
1.007000000004092	4.7546473436188563e-07
1.0080000000040878	4.617646813809273e-07
1.0090000000040837	4.4844124524878737e-07
1.0100000000040794	4.354808255113696e-07
1.0110000000040753	4.228780732251636e-07
1.012000000004071	4.106234036127532e-07
1.0130000000040669	3.987078817102585e-07
1.0140000000040628	3.871203462235684e-07
1.0150000000040587	3.758547777454879e-07
1.0160000000040534	3.649016039330988e-07
1.0170000000040464	3.542534228184735e-07
1.0180000000040397	3.438994103932558e-07
1.0190000000040325	3.3383569530975876e-07
1.0200000000040257	3.2405073224772707e-07
1.021000000004019	3.145380149671695e-07
1.0220000000040117	3.0529342454066466e-07
1.023000000004005	2.963125892430085e-07
1.0240000000039977	2.875739366636765e-07
1.025000000003991	2.7908737620929713e-07
1.026000000003984	2.708383370908507e-07
1.027000000003977	2.6282206644356876e-07
1.0280000000039702	2.5503206868560113e-07
1.0290000000039632	2.4745886761934344e-07
1.0300000000039562	2.4010483312686404e-07
1.0310000000039494	2.3295998863304135e-07
1.0320000000039424	2.2601141247413636e-07
1.0330000000039354	2.1926608662070635e-07
1.0340000000039287	2.1271077632611934e-07
1.0350000000039217	2.0634278197206868e-07
1.0360000000039147	2.0015611790213939e-07
1.0370000000039077	1.9414894414371275e-07
1.0380000000039007	1.8831078285597158e-07
1.039000000003894	1.8264114542976273e-07
1.0400000000038867	1.7713547229014637e-07
1.04100000000388	1.717854047900147e-07
1.0420000000038732	1.6659198165402955e-07
1.043000000003866	1.615483843364629e-07
1.0440000000038592	1.5664997865538766e-07
1.0450000000038522	1.5189268631754516e-07
1.0460000000038452	1.472737480856523e-07
1.0470000000038384	1.4278950666302137e-07
1.0480000000038314	1.384338135235197e-07
1.0490000000038244	1.342072788457216e-07
1.0500000000038174	1.3010174715333278e-07
1.0510000000038104	1.2611843802634581e-07
1.0520000000038037	1.2225033418911124e-07
1.0530000000037967	1.1849571068811571e-07
1.0540000000037897	1.1485116546694485e-07
1.055000000003783	1.1131246380191584e-07
1.056000000003776	1.0788222848390205e-07
1.057000000003769	1.0454685472893743e-07
1.0580000000037622	1.0131321737105736e-07
1.059000000003755	9.817645374443629e-08
1.0600000000037482	9.512923804244622e-08
1.0610000000037412	9.217401542027659e-08
1.0620000000037342	8.930676653751135e-08
1.0630000000037274	8.652312100121407e-08
1.0640000000037202	8.382570870768546e-08
1.0650000000037134	8.120495764707414e-08
1.0660000000037064	7.866418805235753e-08
1.0670000000036994	7.620088049442586e-08
1.0680000000036927	7.380792577116324e-08
1.0690000000036857	7.148967373638015e-08
1.0700000000036787	6.92399118040754e-08
1.071000000003672	6.705754307390066e-08
1.072000000003665	6.494138737878075e-08
1.073000000003658	6.28893410681286e-08
1.0740000000036511	6.089805970610485e-08
1.075000000003644	5.896827315332587e-08
1.0760000000036372	5.7097605754563574e-08
1.0770000000036304	5.528085134098859e-08
1.0780000000036232	5.352143972459089e-08
1.0790000000036164	5.1815953416856075e-08
1.0800000000036092	5.0161116704749986e-08
1.0810000000036024	4.855778568124691e-08
1.0820000000035954	4.7003299918912944e-08
1.0830000000035884	4.54958973827857e-08
1.0840000000035817	4.403516506990002e-08
1.0850000000035747	4.261870556465652e-08
1.0860000000035677	4.12463514454231e-08
1.087000000003561	3.991702857142343e-08
1.088000000003554	3.862725983516668e-08
1.089000000003547	3.73781741114243e-08
1.0900000000035401	3.6168019912352634e-08
1.091000000003533	3.4994257269715945e-08
1.0920000000035262	3.385760960483708e-08
1.0930000000035192	3.2756588996818436e-08
1.0940000000035122	3.168919426865813e-08
1.0950000000035054	3.065548481728797e-08
1.0960000000034982	2.9654034561232834e-08
1.0970000000034914	2.8683516895000594e-08
1.0980000000034844	2.77436454920732e-08
1.0990000000034774	2.683326760788418e-08
1.1000000000034706	2.5951525928213925e-08
1.1010000000034637	2.5097787070826882e-08
1.1020000000034567	2.4270392473546565e-08
1.1030000000034499	2.3469313825685845e-08
1.104000000003443	2.2693595447265125e-08
1.105000000003436	2.1942410999287176e-08
1.106000000003429	2.1215104228922144e-08
1.107000000003422	2.0510753540037285e-08
1.1080000000034151	1.982888275797734e-08
1.1090000000034081	1.9168705955863174e-08
1.1100000000034012	1.8529578649228995e-08
1.1110000000033944	1.791081727375854e-08
1.1120000000033872	1.731187726505823e-08
1.1130000000033804	1.6732078389480876e-08
1.1140000000033736	1.6170996208764166e-08
1.1150000000033664	1.5627885763258575e-08
1.1160000000033596	1.5102122552512753e-08
1.1170000000033526	1.4593435460064086e-08
1.1180000000033457	1.4101395384713555e-08
1.1190000000033387	1.3624766648234754e-08
1.1200000000033317	1.3163815482108987e-08
1.121000000003325	1.27177910425047e-08
1.122000000003318	1.228637891426132e-08
1.123000000003311	1.1868635407807915e-08
1.1240000000033041	1.1464793892024261e-08
1.1250000000032971	1.107409608458454e-08
1.1260000000032901	1.0696136087950947e-08
1.1270000000032834	1.0330538202651951e-08
1.1280000000032764	9.976950376966442e-09
1.1290000000032694	9.634948394676712e-09
1.1300000000032626	9.304153003597548e-09
1.1310000000032554	8.984260224664808e-09
1.1320000000032486	8.674941098796296e-09
1.1330000000032414	8.375822924122645e-09
1.1340000000032346	8.086551872565906e-09
1.1350000000032279	7.806964186229948e-09
1.1360000000032207	7.536568924493281e-09
1.1370000000032139	7.275124724870352e-09
1.138000000003207	7.022575965187627e-09
1.1390000000032	6.77829881112757e-09
1.1400000000031931	6.542058228475867e-09
1.1410000000031861	6.313842115801549e-09
1.1420000000031791	6.09345673918682e-09
1.1430000000031724	5.880054443352378e-09
1.1440000000031654	5.673988834331567e-09
1.1450000000031584	5.475048081571288e-09
1.1460000000031516	5.2826019114604605e-09
1.1470000000031444	5.096650212976783e-09
1.1480000000031376	4.917006357629816e-09
1.1490000000031304	4.743481052393861e-09
1.1500000000031236	4.575795409245131e-09
1.1510000000031169	4.413847953799177e-09
1.1520000000031096	4.2573774505783035e-09
1.1530000000031029	4.1062174771511195e-09
1.1540000000030959	3.9601919521459195e-09
1.155000000003089	3.819265015359008e-09
1.1560000000030821	3.683035099122378e-09
1.1570000000030751	3.551523075628893e-09
1.1580000000030681	3.424500794046992e-09
1.1590000000030614	3.3018574541188173e-09
1.1600000000030544	3.18345061423031e-09
1.1610000000030474	3.0690437968772244e-09
1.1620000000030404	2.958673306352466e-09
1.1630000000030334	2.852077241044526e-09
1.1640000000030266	2.7491724452488597e-09
1.1650000000030196	2.649856889469504e-09
1.1660000000030126	2.5539480530412106e-09
1.1670000000030059	2.4613847626753227e-09
1.1680000000029986	2.3720799768867096e-09
1.1690000000029919	2.285849953764796e-09
1.1700000000029849	2.2026473978087324e-09
1.1710000000029779	2.1223616197829642e-09
1.172000000002971	2.0448844839648928e-09
1.1730000000029641	1.9701318354492514e-09
1.1740000000029571	1.8979714466738073e-09
1.1750000000029501	1.828381557267278e-09
1.1760000000029431	1.7612288294444056e-09
1.1770000000029364	1.696487728075624e-09
1.1780000000029294	1.633994717309406e-09
1.1790000000029224	1.5737238179269752e-09
1.1800000000029156	1.5155863231086641e-09
1.1810000000029086	1.4595095132463598e-09
1.1820000000029016	1.4054065688995365e-09
1.1830000000028948	1.3532506226709984e-09
1.1840000000028876	1.302955410231732e-09
1.1850000000028809	1.2544606464715002e-09
1.186000000002874	1.2077290278966757e-09
1.1870000000028669	1.1626170026701743e-09
1.18800000000286	1.119159098728062e-09
1.1890000000028529	1.0772485126153697e-09
1.1900000000028461	1.0368492731060996e-09
1.1910000000028391	9.979012061123171e-10
1.1920000000028321	9.603527972856796e-10
1.1930000000028254	9.241671872217694e-10
1.1940000000028184	8.892966363305277e-10
1.1950000000028114	8.556811925686247e-10
1.1960000000028046	8.232829973309208e-10
1.1970000000027976	7.920756273094298e-10
1.1980000000027906	7.619932462787915e-10
1.1990000000027838	7.329995499461006e-10
1.2000000000027768	7.050809935904567e-10
1.2010000000027699	6.781833983282581e-10
1.2020000000027629	6.522452578039406e-10
1.2030000000027559	6.272817820729415e-10
1.204000000002749	6.032376820286345e-10
1.2050000000027419	5.800390168175795e-10
1.206000000002735	5.577346362528601e-10
1.2070000000027283	5.362346122694817e-10
1.2080000000027211	5.155292859271299e-10
1.2090000000027143	4.955920118732138e-10
1.2100000000027074	4.763873739932478e-10
1.2110000000027004	4.5790038427639956e-10
1.2120000000026936	4.4009418331825145e-10
1.2130000000026866	4.229500083496873e-10
1.2140000000026796	4.0644121401811617e-10
1.2150000000026726	3.905477052867923e-10
1.2160000000026656	3.752482768959453e-10
1.2170000000026588	3.6052016927357045e-10
1.2180000000026519	3.4634062284766287e-10
1.2190000000026449	3.3270386445849454e-10
1.220000000002638	3.1956681745271e-10
1.2210000000026309	3.0691194030652014e-10
1.222000000002624	2.9474178653288163e-10
1.2230000000026173	2.830352618943266e-10
1.2240000000026101	2.7176616512747387e-10
1.2250000000026033	2.6091462324018266e-10
1.2260000000025963	2.504803031655456e-10
1.2270000000025894	2.4043866897471844e-10
1.2280000000025826	2.3077484367917123e-10
1.2290000000025754	2.2147583766951584e-10
1.2300000000025686	2.1252999360399372e-10
1.2310000000025616	2.0392432187321674e-10
1.2320000000025546	1.9564261322102539e-10
1.2330000000025478	1.876743205286857e-10
1.2340000000025408	1.8001466983719183e-10
1.2350000000025338	1.726419007752611e-10
1.236000000002527	1.655494630270482e-10
1.23700000000252	1.5873080627670788e-10
1.238000000002513	1.5217227478103723e-10
1.2390000000025063	1.4585999075222844e-10
1.240000000002499	1.3978918023127562e-10
1.2410000000024923	1.3395606845989505e-10
1.2420000000024853	1.2834333595890257e-10
1.2430000000024783	1.2294021356495932e-10
1.2440000000024716	1.177493658133244e-10
1.2450000000024644	1.1275724798309739e-10
1.2460000000024576	1.0795564442389605e-10
1.2470000000024506	1.033371166414554e-10
1.2480000000024436	9.889700169907201e-11
1.2490000000024368	9.462741701327104e-11
1.2500000000024298	9.052114613439244e-11
1.2510000000024228	8.65737481703377e-11
1.252000000002416	8.277689644842212e-11
1.253000000002409	7.912570598733737e-11
1.254000000002402	7.561529180577509e-11
1.2550000000023953	7.224021381091461e-11
1.256000000002388	6.899569804375005e-11
1.2570000000023813	6.587508316613366e-11
1.2580000000023743	6.287437237517679e-11
1.2590000000023673	5.999034602410802e-11
1.2600000000023606	5.7214566417940205e-11
1.2610000000023533	5.4545923333648716e-11
1.2620000000023466	5.198197428057938e-11
1.2630000000023396	4.951450360834997e-11
1.2640000000023326	4.7143067227750635e-11
1.2650000000023258	4.4861003800633625e-11
1.2660000000023188	4.2667980260091554e-11
1.2670000000023118	4.0559000602513606e-11
1.268000000002305	3.8530179047313595e-11
1.269000000002298	3.658051639376936e-11
1.270000000002291	3.4703906415245456e-11
1.271000000002284	3.2899349911019726e-11
1.272000000002277	3.1165292568857694e-11
1.2730000000022703	2.949507305061161e-11
1.2740000000022633	2.7889357490096245e-11
1.2750000000022563	2.6345481352052502e-11
1.2760000000022496	2.4859336811289268e-11
1.2770000000022423	2.342992466708438e-11
1.2780000000022356	2.2054913451086122e-11
1.2790000000022288	2.073174965033786e-11
1.2800000000022216	1.945943406411743e-11
1.2810000000022148	1.8234525001048496e-11
1.2820000000022078	1.7055801215803967e-11
1.2830000000022008	1.592215248535922e-11
1.2840000000021938	1.483213551978224e-11
1.2850000000021868	1.3781087382369606e-11
1.28600000000218	1.277067340765825e-11
1.287000000002173	1.1798340082691539e-11
1.288000000002166	1.0862644117537457e-11
1.2890000000021593	9.961254043844292e-12
1.2900000000021523	9.093392705494807e-12
1.2910000000021453	8.258171924069302e-12
1.2920000000021385	7.454370454240689e-12
1.2930000000021313	6.679545805354792e-12
1.2940000000021246	5.933586955109149e-12
1.2950000000021178	5.215050613571748e-12
1.2960000000021106	4.523381669230275e-12
1.2970000000021038	3.855582519918244e-12
1.2980000000020966	3.212763388660278e-12
1.2990000000020898	2.594369163944066e-12
1.3000000000020828	1.9979573551154317e-12
1.3010000000020758	1.4227508060571381e-12
1.302000000002069	8.6852747216426e-13
1.303000000002062	3.356204203441848e-13
1.304000000002055	-1.7985612998927536e-13
1.3050000000020483	-6.759037773917953e-13
1.3060000000020413	-1.1537437671904627e-12
1.3070000000020343	-1.6147083670148277e-12
1.3080000000020275	-2.0592416660747404e-12
1.3090000000020205	-2.488453887394826e-12
1.3100000000020136	-2.901678897160309e-12
1.3110000000020068	-3.3004710076056654e-12
1.3120000000019996	-3.6846081741259695e-12
1.3130000000019928	-4.055200619745847e-12
1.3140000000019856	-4.413802656699772e-12
1.3150000000019788	-4.758637928148346e-12
1.316000000001972	-5.091260746326043e-12
1.3170000000019648	-5.412559289652563e-12
1.318000000001958	-5.721645379708207e-12
1.319000000001951	-6.020295373332374e-12
1.320000000001944	-6.3082872259201395e-12
1.3210000000019373	-6.585842982076429e-12
1.3220000000019303	-6.853406731011091e-12
1.3230000000019233	-7.111200517329053e-12
1.3240000000019165	-7.360778653264788e-12
1.3250000000019095	-7.599920692769047e-12
1.3260000000019025	-7.831957304915704e-12
1.3270000000018956	-8.055334177470286e-12
1.3280000000018886	-8.270495399642641e-12
1.3290000000018818	-8.47832914985247e-12
1.3300000000018748	-8.679057472704699e-12
1.3310000000018678	-8.872458323594401e-12
1.332000000001861	-9.058087613311727e-12
1.3330000000018538	-9.237499654091152e-12
1.334000000001847	-9.410250356722827e-12
1.33500000000184	-9.57633972120675e-12
1.336000000001833	-9.736655925962623e-12
1.3370000000018263	-9.890754881780595e-12
1.3380000000018193	-1.0038636588660665e-11
1.3390000000018123	-1.018096718041761e-11
1.3400000000018053	-1.0317080523236655e-11
1.3410000000017983	-1.0448308884747348e-11
1.3420000000017915	-1.0574430220344766e-11
1.3430000000017845	-1.0695888619238758e-11
1.3440000000017776	-1.08124620368244e-11
1.3450000000017708	-1.0924372517706615e-11
1.3460000000017638	-1.1031620061885405e-11
1.3470000000017568	-1.113376058015092e-11
1.34800000000175	-1.1231238161713009e-11
1.3490000000017428	-1.1324718940386447e-11
1.350000000001736	-1.141353678235646e-11
1.3510000000017293	-1.1498801910647671e-11
1.352000000001722	-1.1578960013025608e-11
1.3530000000017153	-1.1656231535539519e-11
1.354000000001708	-1.1729950344374629e-11
1.3550000000017013	-1.1799672350321089e-11
1.3560000000016943	-1.1864731419564123e-11
1.3570000000016873	-1.1926237775128357e-11
1.3580000000016805	-1.1984413461618715e-11
1.3590000000016735	-1.2040146657454898e-11
1.3600000000016665	-1.209232713961228e-11
1.3610000000016598	-1.2141621041905637e-11
1.3620000000016528	-1.2186696096705418e-11
1.3630000000016458	-1.2228884571641174e-11
1.364000000001639	-1.226707624368828e-11
1.3650000000016318	-1.230238133587136e-11
1.366000000001625	-1.2334577803585489e-11
1.367000000001618	-1.2364331780645443e-11
1.368000000001611	-1.2390977133236447e-11
1.3690000000016043	-1.241495795056835e-11
1.370000000001597	-1.2434941965011603e-11
1.3710000000015903	-1.2453149622615456e-11
1.3720000000015833	-1.2468470700355283e-11
1.3730000000015763	-1.2481793376650785e-11
1.3740000000015695	-1.2491563339267486e-11
1.3750000000015625	-1.2498224677415237e-11
1.3760000000015555	-1.2503109658723588e-11
1.3770000000015488	-1.2504886015562988e-11
1.3780000000015418	-1.2503775792538363e-11
1.3790000000015348	-1.2500223078859563e-11
1.3800000000015278	-1.2494449919131512e-11
1.3810000000015208	-1.248645631335421e-11
1.382000000001514	-1.2476908395342434e-11
1.383000000001507	-1.2464029808256782e-11
1.3840000000015	-1.2448264641307105e-11
1.3850000000014933	-1.2430723117518028e-11
1.386000000001486	-1.241007296926e-11
1.3870000000014793	-1.2388312597977347e-11
1.3880000000014725	-1.2363887691435593e-11
1.3890000000014653	-1.2337464383449515e-11
1.3900000000014585	-1.2308820629414186e-11
1.3910000000014515	-1.2278178473934531e-11
1.3920000000014445	-1.2244649738590851e-11
1.3930000000014378	-1.2210232824827472e-11
1.3940000000014305	-1.2173595465014841e-11
1.3950000000014238	-1.2134515614548036e-11
1.3960000000014168	-1.2093437362636905e-11
1.3970000000014098	-1.2050360709281449e-11
1.398000000001403	-1.2005285654481668e-11
1.399000000001396	-1.1957990153632636e-11
1.400000000001389	-1.1910694652783604e-11
1.4010000000013823	-1.1860956661280397e-11
1.4020000000013753	-1.180899822372794e-11
1.4030000000013683	-1.1754819340126232e-11
1.4040000000013615	-1.16995302334999e-11
1.4050000000013543	-1.1642464770034167e-11
1.4060000000013475	-1.1583178860519183e-11
1.4070000000013405	-1.1523226817189425e-11
1.4080000000013335	-1.1461498417020266e-11
1.4090000000013267	-1.1397771615406782e-11
1.4100000000013195	-1.1332268456953898e-11
1.4110000000013128	-1.1264766897056688e-11
1.4120000000013058	-1.1195266935715154e-11
1.4130000000012988	-1.1125322885163769e-11
1.414000000001292	-1.1053602477772984e-11
1.415000000001285	-1.0978995490518173e-11
1.416000000001278	-1.0904388503263363e-11
1.4170000000012712	-1.0828227203774077e-11
1.4180000000012642	-1.075028954744539e-11
1.4190000000012573	-1.0671907801906855e-11
1.4200000000012505	-1.0591083565714143e-11
1.4210000000012433	-1.0508927061891882e-11
1.4220000000012365	-1.042543829044007e-11
1.4230000000012293	-1.0340839295963633e-11
1.4240000000012225	-1.0255130078462571e-11
1.4250000000012157	-1.0168532682541809e-11
1.4260000000012085	-1.0080380974386571e-11
1.4270000000012018	-9.991119043206709e-12
1.4280000000011948	-9.900524844397296e-12
1.4290000000011878	-9.808820422563258e-12
1.430000000001181	-9.716005777704595e-12
1.431000000001174	-9.622524999031157e-12
1.432000000001167	-9.527045818913393e-12
1.4330000000011602	-9.431344594190705e-12
1.4340000000011532	-9.334755191048316e-12
1.4350000000011462	-9.237277609486227e-12
1.4360000000011393	-9.138467760294589e-12
1.4370000000011323	-9.0392138218931e-12
1.4380000000011255	-8.93862761586206e-12
1.4390000000011185	-8.837819365226096e-12
1.4400000000011115	-8.735456802355657e-12
1.4410000000011047	-8.631761971855667e-12
1.4420000000010975	-8.527845096750752e-12
1.4430000000010907	-8.423706177040913e-12
1.4440000000010837	-8.318457034306448e-12
1.4450000000010768	-8.212541757757208e-12
1.44600000000107	-8.105960347393193e-12
1.447000000001063	-7.998712803214403e-12
1.448000000001056	-7.891021169825763e-12
1.449000000001049	-7.782663402622347e-12
1.450000000001042	-7.673861546209082e-12
1.4510000000010352	-7.564837645190892e-12
1.4520000000010282	-7.454037387333301e-12
1.4530000000010213	-7.343903263290485e-12
1.4540000000010145	-7.23243687161812e-12
1.4550000000010075	-7.120526390735904e-12
1.4560000000010005	-7.008393865248763e-12
1.4570000000009937	-6.895595205946847e-12
1.4580000000009865	-6.7839067696695565e-12
1.4590000000009797	-6.6702199319479405e-12
1.460000000000973	-6.5565330942263245e-12
1.4610000000009657	-6.4428462565047084e-12
1.462000000000959	-6.328049195758467e-12
1.4630000000009518	-6.213030090407301e-12
1.464000000000945	-6.098455074265985e-12
1.465000000000938	-5.982991879704969e-12
1.466000000000931	-5.867972774353802e-12
1.4670000000009242	-5.752953669002636e-12
1.4680000000009172	-5.63660229602192e-12
1.4690000000009102	-5.5209170568559784e-12
1.4700000000009035	-5.405675906899887e-12
1.4710000000008965	-5.290878846153646e-12
1.4720000000008895	-5.17497156238278e-12
1.4730000000008827	-5.059508367821763e-12
1.4740000000008757	-4.943823128655822e-12
1.4750000000008687	-4.827693800280031e-12
1.476000000000862	-4.711564471904239e-12
1.4770000000008547	-4.596545366553073e-12
1.478000000000848	-4.480638082782207e-12
1.4790000000008408	-4.3649528436162655e-12
1.480000000000834	-4.249711693660174e-12
1.4810000000008272	-4.134470543704083e-12
1.48200000000082	-4.019451438352917e-12
1.4830000000008132	-3.9042102883968255e-12
1.4840000000008062	-3.789635272255509e-12
1.4850000000007992	-3.674838211509268e-12
1.4860000000007925	-3.560485239972877e-12
1.4870000000007855	-3.447020446856186e-12
1.4880000000007785	-3.333111564529645e-12
1.4890000000007717	-3.219646771412954e-12
1.4900000000007645	-3.106404022901188e-12
1.4910000000007577	-2.993605363599272e-12
1.4920000000007507	-2.8814728381121313e-12
1.4930000000007437	-2.7684521342052903e-12
1.494000000000737	-2.6563196087181495e-12
1.49500000000073	-2.5446311724408588e-12
1.496000000000723	-2.433164780768493e-12
1.497000000000716	-2.3225865675158275e-12
1.498000000000709	-2.212452443473012e-12
1.4990000000007022	-2.1032064978498966e-12
1.5000000000006952	-1.9952928198563313e-12
1.5010000000006882	-1.887601186467691e-12
1.5020000000006815	-1.780575686893826e-12
1.5030000000006745	-1.673550187319961e-12
1.5040000000006675	-1.5660805985362458e-12
1.5050000000006605	-1.4601653219870059e-12
1.5060000000006535	-1.354472090042691e-12
1.5070000000006467	-1.2494449919131512e-12
1.5080000000006397	-1.1450840275983865e-12
1.5090000000006327	-1.0411671524934718e-12
1.5100000000006257	-9.383605004131823e-13
1.5110000000006187	-8.357758929378178e-13
1.512000000000612	-7.340794638821535e-13
1.513000000000605	-6.330491686412643e-13
1.514000000000598	-5.322409180053e-13
1.5150000000005912	-4.332090242087361e-13
1.5160000000005842	-3.348432642269472e-13
1.5170000000005772	-2.3669954885008337e-13
1.5180000000005702	-1.396660564978447e-13
1.5190000000005632	-4.285460875053104e-14
1.5200000000005565	5.206945985491984e-14
1.5210000000005495	1.4721557306529576e-13
1.5220000000005425	2.4147350785597155e-13
1.5230000000005357	3.346212196220222e-13
1.5240000000005285	4.2654768606098514e-13
1.5250000000005217	5.182521078950231e-13
1.5260000000005147	6.092903959142859e-13
1.5270000000005077	6.98663349396611e-13
1.528000000000501	7.878142582740111e-13
1.529000000000494	8.755218772193984e-13
1.530000000000487	9.614531393253856e-13
1.53100000000048	1.0476064460362977e-12
1.532000000000473	1.1322054405127346e-12
1.5330000000004662	1.216693412686709e-12
1.5340000000004592	1.3000711618360583e-12
1.5350000000004522	1.3821166433558574e-12
1.5360000000004455	1.4636070133633439e-12
1.5370000000004385	1.5443202272535927e-12
1.5380000000004315	1.623590151211829e-12
1.5390000000004245	1.7010837183306649e-12
1.5400000000004175	1.7781331962396507e-12
1.5410000000004107	1.854405518031399e-12
1.5420000000004037	1.930233750613297e-12
1.5430000000003967	2.0051738047754952e-12
1.5440000000003897	2.0782264797958305e-12
1.5450000000003827	2.1505019986989282e-12
1.546000000000376	2.222555472997101e-12
1.547000000000369	2.2927215681534108e-12
1.548000000000362	2.362110507192483e-12
1.549000000000355	2.4308333124167802e-12
1.5500000000003482	2.4986679392213773e-12
1.5510000000003412	2.564948253791499e-12
1.5520000000003342	2.6302293676394584e-12
1.5530000000003272	2.6937341246480173e-12
1.5540000000003205	2.756572747841801e-12
1.5550000000003135	2.818523192615885e-12
1.5560000000003065	2.879474436667806e-12
1.5570000000002997	2.939759546904952e-12
1.5580000000002925	2.998712389512548e-12
1.5590000000002857	3.056888076002906e-12
1.5600000000002787	3.1138425171661765e-12
1.5610000000002717	3.1693536683974344e-12
1.5620000000002647	3.2240876635114546e-12
1.5630000000002577	3.277156324088537e-12
1.564000000000251	3.3297808954557695e-12
1.565000000000244	3.3808511545885267e-12
1.566000000000237	3.4308111906966587e-12
1.5670000000002302	3.4796610037801656e-12
1.5680000000002232	3.52751161614151e-12
1.5690000000002162	3.574918139293004e-12
1.5700000000002092	3.6211034171174106e-12
1.5710000000002025	3.666844605731967e-12
1.5720000000001955	3.710809437507123e-12
1.5730000000001885	3.753664046257654e-12
1.5740000000001815	3.796074565798335e-12
1.5750000000001747	3.8370417954070035e-12
1.5760000000001675	3.877231868898434e-12
1.5770000000001607	3.91631171936524e-12
1.5780000000001537	3.95472543601727e-12
1.5790000000001467	3.992361996552063e-12
1.58000000000014	4.028111177944993e-12
1.581000000000133	4.063194225523148e-12
1.582000000000126	4.096722960866828e-12
1.583000000000119	4.129141473185882e-12
1.584000000000112	4.160449762480312e-12
1.5850000000001052	4.192202140984591e-12
1.5860000000000982	4.221067939624845e-12
1.5870000000000912	4.249822715962637e-12
1.5880000000000845	4.278355447695503e-12
1.5890000000000775	4.305222844891432e-12
1.5900000000000705	4.331535130575048e-12
1.5910000000000635	4.356848215536502e-12
1.5920000000000565	4.380829032868405e-12
1.5930000000000497	4.403255537965833e-12
1.5940000000000427	4.425571020760799e-12
1.5950000000000357	4.446110146716364e-12
1.5960000000000287	4.466094161159617e-12
1.5970000000000217	4.485856130997945e-12
1.598000000000015	4.504507877811648e-12
1.599000000000008	4.5219383792982626e-12
1.600000000000001	4.53859172466764e-12
1.6009999999999942	4.554689958524705e-12
1.6019999999999872	4.569233880147294e-12
1.6029999999999802	4.583555757164959e-12
1.6039999999999732	4.597100478065386e-12
1.6049999999999662	4.60964599824365e-12
1.6059999999999595	4.621858451514527e-12
1.6069999999999525	4.633182726365703e-12
1.6079999999999455	4.64406291200703e-12
1.6089999999999387	4.6523895846917185e-12
1.6099999999999315	4.660494212771482e-12
1.6109999999999247	4.668154751641396e-12
1.6119999999999177	4.674705067486684e-12
1.6129999999999107	4.6810333387270475e-12
1.6139999999999037	4.686695476152636e-12
1.614999999999897	4.6915804574609865e-12
1.61599999999989	4.696354416466875e-12
1.616999999999883	4.69879690712105e-12
1.617999999999876	4.70057326396045e-12
1.6189999999998692	4.702682687707238e-12
1.6199999999998622	4.703903933034326e-12
1.6209999999998552	4.703903933034326e-12
1.6219999999998485	4.703903933034326e-12
1.6229999999998415	4.703237799219551e-12
1.6239999999998345	4.701350420077688e-12
1.6249999999998275	4.6982417956087374e-12
1.6259999999998205	4.694689081929937e-12
1.6269999999998137	4.6913584128560615e-12
1.6279999999998067	4.686473431547711e-12
1.6289999999997997	4.68158845023936e-12
1.6299999999997927	4.676148357418697e-12
1.6309999999997857	4.669709063875871e-12
1.631999999999779	4.662825681123195e-12
1.632999999999772	4.655720253765594e-12
1.633999999999765	4.647393581080905e-12
1.634999999999758	4.639622019908529e-12
1.6359999999997512	4.6306292134090654e-12
1.6369999999997442	4.6207482284899015e-12
1.6379999999997372	4.610312132058425e-12
1.6389999999997302	4.5994319464170985e-12
1.6399999999997235	4.587996649263459e-12
1.6409999999997165	4.576339307504895e-12
1.6419999999997095	4.564015831931556e-12
1.6429999999997025	4.550915200240979e-12
1.6439999999996955	4.53725945703809e-12
1.6449999999996887	4.523381669230275e-12
1.6459999999996817	4.509170814515073e-12
1.6469999999996747	4.494626892892484e-12
1.6479999999996677	4.4786396813378815e-12
1.6489999999996607	4.463540648202979e-12
1.649999999999654	4.447886503555765e-12
1.650999999999647	4.43134418048885e-12
1.65199999999964	4.4144687905145474e-12
1.6529999999996332	4.3968162444230074e-12
1.6539999999996262	4.379052676029005e-12
1.6549999999996192	4.3621772860547026e-12
1.6559999999996122	4.3443026953582375e-12
1.6569999999996052	4.325317881637147e-12
1.6579999999995985	4.306333067916057e-12
1.6589999999995915	4.286904164985117e-12
1.6599999999995845	4.267253217449252e-12
1.6609999999995777	4.2476022699133864e-12
1.6619999999995705	4.227507233167671e-12
1.6629999999995637	4.206857084909643e-12
1.6639999999995567	4.18598489204669e-12
1.6649999999995497	4.1652237214862e-12
1.665999999999543	4.143796417110934e-12
1.666999999999536	4.122036045828281e-12
1.667999999999529	4.099831585335778e-12
1.668999999999522	4.0781822363555875e-12
1.669999999999515	4.0561998204680094e-12
1.6709999999995082	4.033662293068119e-12
1.6719999999995012	4.010902721063303e-12
1.6729999999994942	3.988587238268337e-12
1.6739999999994875	3.964828465541359e-12
1.6749999999994805	3.941846848931618e-12
1.6759999999994735	3.917755009297252e-12
1.6769999999994665	3.893996236570274e-12
1.6779999999994595	3.870015419238371e-12
1.6789999999994527	3.845590512696617e-12
1.6799999999994457	3.821498673062251e-12
1.6809999999994387	3.7974068334278854e-12
1.6819999999994317	3.774092149910757e-12
1.6829999999994247	3.7487790649493036e-12
1.683999999999418	3.723688024592775e-12
1.684999999999411	3.6985969842362465e-12
1.685999999999404	3.6736169661821805e-12
1.6869999999993972	3.648525925825652e-12
1.6879999999993902	3.623101818561736e-12
1.6889999999993832	3.5972336220879697e-12
1.6899999999993762	3.571476447916666e-12
1.6909999999993692	3.546274385257675e-12
1.6919999999993625	3.520406188783909e-12
1.6929999999993555	3.4949820815199928e-12
1.6939999999993485	3.4695579742560767e-12
1.6949999999993415	3.443800800084773e-12
1.6959999999993345	3.4184877151233195e-12
1.6969999999993277	3.3928415632544784e-12
1.6979999999993207	3.367528478293025e-12
1.6989999999993137	3.3409941480044836e-12
1.6999999999993067	3.31523697383318e-12
1.7009999999993	3.2887026435446387e-12
1.701999999999293	3.2628344470708726e-12
1.702999999999286	3.236855228294644e-12
1.703999999999279	3.211875210240578e-12
1.7049999999992722	3.1857849691618867e-12
1.7059999999992652	3.159139616570883e-12
1.7069999999992582	3.1332714200971168e-12
1.7079999999992515	3.106181978296263e-12
1.7089999999992442	3.0800917372175718e-12
1.7099999999992375	3.0537794515339556e-12
1.7109999999992305	3.027356143547877e-12
1.7119999999992235	3.0020430585864233e-12
1.7129999999992167	2.9767299736249697e-12
1.7139999999992095	2.9506397325462785e-12
1.7149999999992027	2.9249935806774374e-12
1.7159999999991957	2.8983482280864337e-12
1.7169999999991887	2.873701276939755e-12
1.717999999999182	2.848055125070914e-12
1.718999999999175	2.8225199955045355e-12
1.719999999999168	2.797206910543082e-12
1.720999999999161	2.7727820040013285e-12
1.721999999999154	2.7478019859472624e-12
1.7229999999991472	2.722488900985809e-12
1.7239999999991402	2.6969537714194303e-12
1.7249999999991332	2.6721957979702893e-12
1.7259999999991265	2.6474378245211483e-12
1.7269999999991195	2.62323496258432e-12
1.7279999999991125	2.598921078345029e-12
1.7289999999991055	2.5733859487786503e-12
1.7299999999990985	2.5492941091442844e-12
1.7309999999990917	2.5252022695099186e-12
1.7319999999990847	2.501221452178015e-12
1.7329999999990777	2.4769075679387242e-12
1.7339999999990707	2.453148795211746e-12
1.7349999999990655	2.4291679778798425e-12
1.7359999999990614	2.4050761382454766e-12
1.7369999999990573	2.382538610845586e-12
1.7379999999990532	2.3596680165383077e-12
1.7389999999990489	2.336464355323642e-12
1.7399999999990448	2.3133717164114387e-12
1.7409999999990406	2.289723965986923e-12
1.7419999999990363	2.2664092824697946e-12
1.7429999999990322	2.2435386881625163e-12
1.743999999999028	2.220668093855238e-12
1.744999999999024	2.1987967002701225e-12
1.74599999999902	2.176481217475157e-12
1.7469999999990156	2.1544988015875788e-12
1.7479999999990115	2.1320722964901506e-12
1.7489999999990071	2.110200902905035e-12
1.749999999999003	2.089106665437157e-12
1.7509999999990045	2.0692336732963668e-12
1.751999999999006	2.0486945473408014e-12
1.7529999999990071	2.028377465990161e-12
1.7539999999990086	2.0073942508247455e-12
1.75499999999901	1.9872992140790302e-12
1.7559999999990115	1.9666490658210023e-12
1.756999999999013	1.946331984470362e-12
1.7579999999990141	1.925903880817259e-12
1.7589999999990156	1.9058088440715437e-12
1.759999999999017	1.8863799411406035e-12
1.7609999999990182	1.8661738820924256e-12
1.7619999999990197	1.8457457784393227e-12
1.7629999999990211	1.82576176399607e-12
1.7639999999990226	1.8071100171823673e-12
1.7649999999990238	1.7881252034612771e-12
1.7659999999990263	1.769362434345112e-12
1.7669999999990305	1.7508217098338719e-12
1.7679999999990346	1.7323920076250943e-12
1.7689999999990387	1.7146284392310918e-12
1.769999999999043	1.6965318039297017e-12
1.7709999999990471	1.6786572132332367e-12
1.7719999999990512	1.6613377340490842e-12
1.7729999999990556	1.6439072325624693e-12
1.7739999999990597	1.6269208202857044e-12
1.7749999999990638	1.6101564526138645e-12
1.7759999999990679	1.5937251518494122e-12
1.776999999999072	1.5772938510849599e-12
1.7779999999990763	1.5610845949254326e-12
1.7789999999990804	1.5446532941609803e-12
1.7799999999990845	1.528444038001453e-12
1.7809999999990886	1.5123458041443882e-12
1.781999999999093	1.496358592589786e-12
1.782999999999097	1.4810375148499588e-12
1.7839999999991012	1.4652723479002816e-12
1.7849999999991053	1.4501733147653795e-12
1.7859999999991096	1.4354073485378649e-12
1.7869999999991137	1.4206413823103503e-12
1.7879999999991179	1.4068746168049984e-12
1.788999999999122	1.3933298959045715e-12
1.789999999999126	1.3797851750041445e-12
1.7909999999991304	1.3660184094987926e-12
1.7919999999991345	1.3522516439934407e-12
1.7929999999991386	1.3392620346053263e-12
1.7939999999991427	1.3266054921245996e-12
1.794999999999147	1.3138379273414102e-12
1.7959999999991512	1.3014034294656085e-12
1.7969999999991553	1.2887468869848817e-12
1.7979999999991594	1.2762013668066174e-12
1.7989999999991637	1.2645440250480533e-12
1.7999999999991678	1.2535528171042642e-12
1.800999999999172	1.2413403638333875e-12
1.801999999999176	1.2285727990501982e-12
1.8029999999991801	1.2172485241990216e-12
1.8039999999991845	1.20570220474292e-12
1.8049999999991886	1.1948220191015935e-12
1.8059999999991927	1.183719788855342e-12
1.8069999999991968	1.173616759331253e-12
1.8079999999992011	1.1634027075047015e-12
1.8089999999992052	1.1528555887707626e-12
1.8099999999992094	1.1426415369442111e-12
1.8109999999992135	1.1329825966299722e-12
1.8119999999992178	1.1228795671058833e-12
1.812999999999222	1.1129985821867194e-12
1.813999999999226	1.1026735080577055e-12
1.8149999999992301	1.0944578576754793e-12
1.8159999999992344	1.085131984268628e-12
1.8169999999992386	1.0760281554667017e-12
1.8179999999992427	1.0663692151524629e-12
1.8189999999992468	1.056932319443149e-12
1.819999999999251	1.0480505352461478e-12
1.8209999999992552	1.0398348848639216e-12
1.8219999999992593	1.0311751452718454e-12
1.8229999999992634	1.0238476733093194e-12
1.8239999999992675	1.0166312236492558e-12
1.8249999999992719	1.0085265955694922e-12
1.825999999999276	1.0009770790020411e-12
1.82699999999928	9.938716516444401e-13
1.8279999999992842	9.867662242868391e-13
1.8289999999992885	9.799938638366257e-13
1.8299999999992926	9.728884364790247e-13
1.8309999999992967	9.665601652386613e-13
1.8319999999993009	9.605649609056854e-13
1.8329999999993052	9.541256673628595e-13
1.8339999999993093	9.482414853323462e-13
1.8349999999993134	9.421352586969078e-13
1.8359999999993175	9.36806188178707e-13
1.8369999999993218	9.310330284506563e-13
1.837999999999326	9.252598687226055e-13
1.83899999999933	9.197087535994797e-13
1.8399999999993342	9.14379683081279e-13
1.8409999999993385	9.088285679581531e-13
1.8419999999993426	9.036105197424149e-13
1.8429999999993467	8.986145161316017e-13
1.8439999999993508	8.93729534823251e-13
1.844999999999355	8.90287843446913e-13
1.8459999999993593	8.858469513484124e-13
1.8469999999993634	8.812950369474493e-13
1.8479999999993675	8.771872117563362e-13
1.8489999999993716	8.727463196578356e-13
1.849999999999376	8.690825836765725e-13
1.85099999999938	8.656408923002346e-13
1.8519999999993841	8.617551117140465e-13
1.8529999999993882	8.578693311278585e-13
1.8539999999993926	8.539835505416704e-13
1.8549999999993967	8.500977699554824e-13
1.8559999999994008	8.468781231840694e-13
1.856999999999405	8.441025656225065e-13
1.857999999999409	8.415490526658687e-13
1.8589999999994133	8.389955397092308e-13
1.8599999999994175	8.36886115962443e-13
1.8609999999994216	8.3366646919103e-13
1.861999999999426	8.308909116294672e-13
1.86299999999943	8.280043317654417e-13
1.863999999999434	8.256728634137289e-13
1.8649999999994382	8.230083281546285e-13
1.8659999999994423	8.211209490127658e-13
1.8669999999994467	8.182343691487404e-13
1.8679999999994508	8.169021015191902e-13
1.8689999999994549	8.151257446797899e-13
1.869999999999459	8.142375662600898e-13
1.870999999999463	8.126832540256146e-13
1.8719999999994674	8.117950756059145e-13
1.8729999999994715	8.103517856739018e-13
1.8739999999994756	8.089084957418891e-13
1.87499999999948	8.073541835074138e-13
1.875999999999484	8.055778266680136e-13
1.8769999999994882	8.046896482483135e-13
1.8779999999994923	8.042455590384634e-13
1.8789999999994964	8.038014698286133e-13
1.8799999999995007	8.034684029212258e-13
1.8809999999995048	8.028022691064507e-13
1.881999999999509	8.022471575941381e-13
1.882999999999513	8.019140906867506e-13
1.8839999999995174	8.016920460818255e-13
1.8849999999995215	8.016920460818255e-13
1.8859999999995256	8.010259122670504e-13
1.8869999999995297	8.006928453596629e-13
1.887999999999534	8.000267115448878e-13
1.8889999999995382	7.992495554276502e-13
1.8899999999995423	7.993605777301127e-13
1.8909999999995464	7.988054662178001e-13
1.8919999999995505	7.978062654956375e-13
1.8929999999995548	7.982503547054876e-13
1.893999999999559	7.986944439153376e-13
1.894999999999563	7.989164885202626e-13
1.8959999999995671	7.991385331251877e-13
1.8969999999995715	7.999156892424253e-13
1.8979999999995756	8.005818230572004e-13
1.8989999999995797	8.01581023779363e-13
1.8999999999995838	8.023581798966006e-13
1.9009999999995881	8.028022691064507e-13
1.9019999999995922	8.032463583163008e-13
1.9029999999995963	8.041345367360009e-13
1.9039999999996005	8.051337374581635e-13
1.9049999999996048	8.066880496926387e-13
1.905999999999609	8.077982727172639e-13
1.906999999999613	8.08464406532039e-13
1.9079999999996171	8.094636072542016e-13
1.9089999999996214	8.106848525812893e-13
1.9099999999996256	8.11906097908377e-13
1.9109999999996297	8.136824547477772e-13
1.9119999999996338	8.143485885625523e-13
1.9129999999996379	8.159029007970275e-13
1.9139999999996422	8.177902799388903e-13
1.9149999999996463	8.195666367782906e-13
1.9159999999996504	8.208989044078407e-13
1.9169999999996545	8.225642389447785e-13
1.9179999999996589	8.240075288767912e-13
1.918999999999663	8.256728634137289e-13
1.919999999999667	8.274492202531292e-13
1.9209999999996712	8.293365993949919e-13
1.9219999999996755	8.320011346540923e-13
1.9229999999996796	8.346656699131927e-13
1.9239999999996837	8.361089598452054e-13
1.9249999999996878	8.375522497772181e-13
1.9259999999996922	8.393286066166183e-13
1.9269999999996963	8.422151864806438e-13
1.9279999999997004	8.43991543320044e-13
1.9289999999997045	8.465450562766819e-13
1.9299999999997088	8.488765246283947e-13
1.930999999999713	8.5087492607272e-13
1.931999999999717	8.538725282392079e-13
1.9329999999997212	8.562039965909207e-13
1.9339999999997253	8.585354649426336e-13
1.9349999999997296	8.610889778992714e-13
1.9359999999997337	8.628653347386717e-13
1.9369999999997378	8.65307825392847e-13
1.937999999999742	8.679723606519474e-13
1.9389999999997463	8.705258736085852e-13
1.9399999999997504	8.727463196578356e-13
1.9409999999997545	8.75854944126786e-13
1.9419999999997586	8.777423232686488e-13
1.942999999999763	8.804068585277491e-13
1.943999999999767	8.834044606942371e-13
1.9449999999997711	8.865130851631875e-13
1.9459999999997752	8.899547765395255e-13
1.9469999999997794	8.926193117986259e-13
1.9479999999997837	8.956169139651138e-13
1.9489999999997878	8.988365607365267e-13
1.949999999999792	9.015010959956271e-13
1.950999999999796	9.046097204645775e-13
1.9519999999998003	9.076073226310655e-13
1.9529999999998044	9.101608355877033e-13
1.9539999999998086	9.133804823591163e-13
1.9549999999998127	9.168221737354543e-13
1.955999999999817	9.193756866920921e-13
1.956999999999821	9.2237328885858e-13
1.9579999999998252	9.25592935629993e-13
1.9589999999998293	9.28590537796481e-13
1.9599999999998337	9.316991622654314e-13
1.9609999999998378	9.35473920549157e-13
1.9619999999998419	9.392486788328824e-13
1.962999999999846	9.424683256042954e-13
1.9639999999998503	9.46687173097871e-13
1.9649999999998544	9.502398867766715e-13
1.9659999999998585	9.532374889431594e-13
1.9669999999998626	9.57012247226885e-13
1.9679999999998667	9.597878047884478e-13
1.968999999999871	9.640066522820234e-13
1.9699999999998752	9.68003455170674e-13
1.9709999999998793	9.715561688494745e-13
1.9719999999998834	9.749978602258125e-13
1.9729999999998877	9.78328529299688e-13
1.9739999999998918	9.82214309885876e-13
1.974999999999896	9.862111127745266e-13
1.9759999999999	9.898748487557896e-13
1.9769999999999044	9.935385847370526e-13
1.9779999999999085	9.977574322306282e-13
1.9789999999999126	1.0021983243291288e-12
1.9799999999999167	1.0056400157054668e-12
1.980999999999921	1.0093037516867298e-12
1.9819999999999252	1.013855666087693e-12
1.9829999999999293	1.0180745135812685e-12
1.9839999999999334	1.0225154056797692e-12
1.9849999999999375	1.0267342531733448e-12
1.9859999999999418	1.0308420783644578e-12
1.986999999999946	1.0348388812531084e-12
1.98799999999995	1.0387246618392965e-12
1.9889999999999541	1.0430545316353346e-12
1.9899999999999585	1.0478284906412227e-12
1.9909999999999626	1.0522693827397234e-12
1.9919999999999667	1.0565992525357615e-12
1.9929999999999708	1.0612621892391871e-12
1.9939999999999751	1.0651479698253752e-12
1.9949999999999792	1.0695888619238758e-12
1.9959999999999833	1.074362820929764e-12
1.9969999999999875	1.0795808691455022e-12
1.9979999999999918	1.0840217612440028e-12
1.998999999999996	1.0882406087375784e-12
2.0	1.0931255900459291e-12
2.0010279404845495	1.0980105713542798e-12
2.0021217900815715	1.1033396418724806e-12
2.0032857751923165	1.1087797346931438e-12
2.004524391841744	1.1145528944211947e-12
2.005842426366887	1.1209921879640206e-12
2.007244970197923	1.1278755707166965e-12
2.0087374418720856	1.13509202037676e-12
2.0103256076664273	1.1430856261540612e-12
2.0120156028936726	1.1515233211412124e-12
2.013813957200875	1.1610712391529887e-12
2.0157276178435577	1.1712852909795402e-12
2.0177639781367303	1.1828316104356418e-12
2.019930905358886	1.194488952194206e-12
2.0222367711443985	1.2073675392798577e-12
2.024690484011897	1.2212453270876722e-12
2.027301523572695	1.2354561818028742e-12
2.0300799770731848	1.2509993041476264e-12
2.033036578410754	1.2684298056342413e-12
2.036182751117039	1.287525641657794e-12
2.039530649180409	1.307953745310897e-12
2.043093206833892	1.32971411659355e-12
2.046884188175661	1.3533618670180658e-12
2.050918238233338	1.3778977958622818e-12
2.0552109433735133	1.4055423491754482e-12
2.059778886913171	1.4348522370255523e-12
2.0646397170403086	1.4669376824372193e-12
2.0698122132469665	1.5021317523178368e-12
2.0753163565584574	1.5391021790378545e-12
2.081173414838828	1.5785150964120476e-12
2.0874060143976347	1.6213697051625786e-12
2.094038234979271	1.6661116930549724e-12
2.1010956980169606	1.712963104694154e-12
2.1086056699538682	1.7610357616604233e-12
2.116597165034399	1.8112178423734804e-12
2.125101056786564	1.8607337892717624e-12
2.1341501990307465	1.908029290120794e-12
2.143779554474847	1.9519941218959502e-12
2.1540263207146424	1.9892976155233555e-12
2.1649300857539027	2.0159429681143592e-12
2.1765329774064615	2.027489287570461e-12
2.1888798204423576	2.01993977100301e-12
2.2020183144046843	1.9890755709184305e-12
2.2159992202680474	1.9290125052862095e-12
2.2308765524295735	1.836530927334934e-12
2.246707783705272	1.7118528816695289e-12
2.263554079768369	1.5586421042712573e-12
2.2814805235907363	1.3832268663804825e-12
2.3005563724108544	1.2047030040207574e-12
2.320855322320133	1.0441647546599597e-12
2.3424557929209753	9.42579347906758e-13
2.3654412374910825	9.312550730555813e-13
2.389900455657507	1.049382802875698e-12
2.41592795027163	1.3239409568654992e-12
2.44362426638729	1.75559566883976e-12
2.473096411506492	2.3051560660292125e-12
2.5044582437089975	2.8830271503466065e-12
2.537830924630887	3.3655300768486995e-12
2.5733433911797423	3.631983602758737e-12
2.611132843166974	3.571698492521591e-12
2.6513452603475027	3.1645797093915462e-12
2.6941360153529494	2.5559554472920354e-12
2.739670418177515	1.9315660182428473e-12
2.788124380079947	1.55964130499342e-12
2.839685109337027	1.5210055437364645e-12
2.894551789617174	1.7463808177353712e-12
2.9529364084026577	1.819322470453244e-12
3.0150645170164534	1.5260015473472777e-12
3.0811761422888653	6.212808045802376e-13
3.1515266965252042	-4.409805853811122e-13
3.226387989377641	-8.755218772193984e-13
3.30604919671757	-3.0730973321624333e-13
3.39081811677136	1.127098414599459e-12
3.4810222154328754	2.2097879082139116e-12
3.577010018652917	1.901367951973043e-12
3.6791523315125145	4.638511796883904e-13
3.7878438030764574	-1.0673684158746255e-12
3.9035043177534527	-1.7552626019323725e-12
4.02658072998157	-7.263079027097774e-13
4.157548527011607	2.7478019859472624e-13
4.296913682346355	-4.305444889496357e-13
4.445214635465608	-6.403766406037903e-13
4.603024347307951	-6.341593916658894e-13
4.770952424745148	-8.546496843564455e-13
4.9496476786701376	-4.738431869100168e-13
5.139800459354712	1.3100631690576847e-13
5.342145448462832	5.992983886926595e-13
5.557464321076707	5.595524044110789e-14
5.786588991858403	-1.91402449445377e-13
6.03040459644804	3.036459972349803e-13
6.289853138906711	7.123190925995004e-13
6.565936951835777	4.496403249731884e-13
6.859722633511745	-1.8762769116165146e-13
7.172345245053396	-4.840572387365683e-13
7.505012494394354	-1.7319479184152442e-14
7.859009576011049	9.459100169806334e-14
8.23570422033976	-1.9095836023552692e-14
8.636551628113326	-3.019806626980426e-14
9.063100564489073	-1.3811174426336947e-13
9.516998831091398	-2.4424906541753444e-14
10.0	-1.0436096431476471e-14
