0.0	0.5398786918618641
0.0010000000000041087	0.5398421098231379
0.0020000000000082174	0.539750110402977
0.003000000000012548	0.5395982903174372
0.004000000000016657	0.5393893632473612
0.005000000000020766	0.5391187615870683
0.006000000000024874	0.5387904634453342
0.007000000000029205	0.5384020058750383
0.008000000000033314	0.5379545270078256
0.009000000000037423	0.537448703375007
0.010000000000041753	0.5368830971057763
0.011000000000045862	0.5362589326557301
0.01200000000004997	0.535577060467609
0.01300000000005408	0.5348358684469365
0.01400000000005841	0.5340375664976849
0.015000000000062519	0.5331817461873587
0.016000000000066406	0.5322671688073422
0.017000000000070736	0.5312967740969304
0.018000000000074845	0.5302697250688063
0.019000000000078954	0.5291856490793825
0.020000000000083062	0.528045832447547
0.021000000000087393	0.5268504740502662
0.022000000000091502	0.5255990813546036
0.02300000000009561	0.5242953954661491
0.02400000000009972	0.5229342684553704
0.02500000000010405	0.5215215396822854
0.02600000000010816	0.5200549076651781
0.027000000000112268	0.5185351127761199
0.0280000000001166	0.5169629779259661
0.029000000000120707	0.5153400018748568
0.030000000000124816	0.5136646212131354
0.031000000000128924	0.511938977150254
0.032000000000133255	0.5101639333139713
0.033000000000137364	0.5083385576742308
0.03400000000014147	0.506464931268098
0.0350000000001458	0.5045429300118609
0.03600000000014991	0.5025729439351028
0.03700000000015402	0.5005567006296681
0.03800000000015813	0.49849372927976854
0.03900000000016246	0.49638588629591307
0.04000000000016657	0.4942325425265863
0.04100000000017068	0.49203511242139353
0.04200000000017501	0.48979416791443053
0.04300000000017912	0.48751069417760007
0.044000000000183226	0.48518561799128224
0.045000000000187335	0.4828183945145301
0.046000000000191665	0.4804114191821307
0.04700000000019555	0.4779649212800021
0.04800000000019966	0.4754785681003457
0.04900000000020399	0.47295496713149987
0.0500000000002081	0.47039374221596075
0.05100000000021221	0.4677958273227122
0.05200000000021632	0.4651623891209946
0.05300000000022065	0.4624940597898337
0.05400000000022476	0.45979106941533154
0.055000000000228866	0.45705566756490235
0.0560000000002332	0.4542874521249196
0.057000000000237305	0.4514871052785544
0.058000000000241414	0.4486570674012452
0.05900000000024552	0.44579628717081377
0.060000000000249853	0.44290641097556493
0.06100000000025396	0.43998907236387086
0.06200000000025807	0.4370434325432345
0.0630000000002624	0.43407172591469845
0.06400000000026651	0.4310745174581613
0.06500000000027062	0.4280524261649762
0.06600000000027473	0.4250061477808942
0.06700000000027906	0.42193696377097534
0.06800000000028317	0.4188452977440016
0.06900000000028728	0.4157329398290023
0.0700000000002916	0.41259911116104686
0.07100000000029572	0.40944637685958896
0.07200000000029982	0.40627470684563627
0.07300000000030393	0.4030848686452452
0.07400000000030826	0.3998781368599099
0.07500000000031237	0.39665523777180145
0.07600000000031648	0.39341658595956375
0.07700000000032081	0.39016380497564007
0.0780000000003247	0.38689712019634515
0.07900000000032881	0.3836174849182581
0.08000000000033292	0.380326002114588
0.08100000000033725	0.37702310841366704
0.08200000000034136	0.3737099480746895
0.08300000000034546	0.37038714039830367
0.0840000000003498	0.36705563198606683
0.0850000000003539	0.36371606359023834
0.08600000000035801	0.3603694377527502
0.08700000000036212	0.35701632275428297
0.08800000000036645	0.35365769033112004
0.08900000000037056	0.3502941537403027
0.09000000000037467	0.34692666777241765
0.091000000000379	0.34355581595179263
0.09200000000038311	0.34018251939767485
0.09300000000038722	0.3368073645595169
0.09400000000039133	0.33343125461435386
0.09500000000039566	0.3300547696003342
0.09600000000039977	0.3266787027979732
0.09700000000040387	0.32330379711193236
0.0980000000004082	0.3199306779578338
0.09900000000041231	0.3165601362677054
0.10000000000041642	0.31319272390830566
0.10100000000042053	0.30982923032636633
0.10200000000042486	0.30647034864795364
0.10300000000042897	0.30311656714774915
0.10400000000043308	0.29976868624980535
0.10500000000043741	0.2964273786761502
0.10600000000044152	0.2930929747852862
0.10700000000044563	0.2897664916008875
0.10800000000044951	0.2864482471553714
0.10900000000045384	0.2831389314722914
0.11000000000045795	0.27983933540840833
0.11100000000046206	0.2765496110464021
0.1120000000004664	0.2732705013885274
0.1130000000004705	0.2700026309445933
0.11400000000047461	0.26674658320640954
0.11500000000047872	0.2635027325710829
0.11600000000048305	0.2602717181973244
0.11700000000048716	0.257053932962951
0.11800000000049127	0.25384996884366884
0.1190000000004956	0.25066030089513636
0.12000000000049971	0.24748536231590434
0.12100000000050382	0.244325609780505
0.12200000000050792	0.24118157411487717
0.12300000000051226	0.23805359972264517
0.12400000000051636	0.234942154252626
0.12500000000052047	0.23184766494719566
0.1260000000005248	0.22877048186068727
0.1270000000005289	0.22571110373126335
0.12800000000053302	0.22266981292312038
0.12900000000053713	0.2196470573627719
0.13000000000054146	0.21664314080393643
0.13100000000054557	0.21365829916628376
0.13200000000054968	0.21069341129398045
0.133000000000554	0.20774794642608707
0.13400000000055812	0.20482270266869773
0.13500000000056223	0.2019183157748039
0.13600000000056633	0.1990344774502676
0.13700000000057067	0.1961717614442685
0.13800000000057477	0.19333008179997502
0.13900000000057866	0.19051064055842792
0.140000000000583	0.1877124853694343
0.1410000000005871	0.1849370008554201
0.1420000000005912	0.18218316557908232
0.14300000000059532	0.17945261952844616
0.14400000000059965	0.17674416704457108
0.14500000000060376	0.17405909241824702
0.14600000000060787	0.1713970497182109
0.1470000000006122	0.16875834097417997
0.1480000000006163	0.16614301331218528
0.14900000000062041	0.16355166082968253
0.15000000000062452	0.16098378755676102
0.15100000000062885	0.15844018171803242
0.15200000000063296	0.1559204822602298
0.15300000000063707	0.15342503479677383
0.1540000000006414	0.15095370619836013
0.1550000000006455	0.14850713372417212
0.15600000000064962	0.1460848502462484
0.15700000000065373	0.14368729173696304
0.15800000000065806	0.14131431945082862
0.15900000000066217	0.1389663172233523
0.16000000000066628	0.13664295644299163
0.16100000000067038	0.13434421321514223
0.16200000000067472	0.13207078233163083
0.16300000000067882	0.12982246707052758
0.16400000000068293	0.12759845455515006
0.16500000000068726	0.12539993595703391
0.16600000000069137	0.12322600043971932
0.16700000000069548	0.1210777061855618
0.1680000000006996	0.11895364969915512
0.16900000000070392	0.11685532721113734
0.1700000000007078	0.11478161386301788
0.17100000000071192	0.11273262190123723
0.17200000000071625	0.11070866351481023
0.17300000000072036	0.10871018918831465
0.17400000000072446	0.10673560748445865
0.17500000000072857	0.10478631317750164
0.1760000000007329	0.10286194648304814
0.177000000000737	0.10096178066781403
0.17800000000074112	0.09908664423234848
0.17900000000074545	0.09723552130499669
0.18000000000074956	0.09540935989950838
0.18100000000075367	0.09360723211156918
0.18200000000075778	0.09182954441463498
0.1830000000007621	0.0900755557602202
0.18400000000076622	0.08834607605092293
0.18500000000077033	0.08664036298808253
0.18600000000077466	0.08495872595818221
0.18700000000077877	0.08330042018976891
0.18800000000078287	0.08166616770734136
0.18900000000078698	0.08005514302457084
0.1900000000007913	0.07846710738735596
0.19100000000079542	0.07690283701400458
0.19200000000079953	0.07536114158720952
0.19300000000080386	0.07384272461645658
0.19400000000080797	0.07234706870876084
0.19500000000081208	0.07087380703688406
0.1960000000008162	0.06942291775497922
0.19700000000082052	0.06799463053482557
0.19800000000082463	0.06658844289875676
0.19900000000082874	0.06520394400132179
0.20000000000083307	0.06384162353416656
0.20100000000083695	0.06250055302440194
0.20200000000084106	0.06118140899273461
0.20300000000084517	0.059882900249291104
0.2040000000008495	0.058605978957060545
0.2050000000008536	0.05734990055526745
0.20600000000085772	0.056114342321613164
0.20700000000086205	0.05489965847998257
0.20800000000086616	0.053705084554049654
0.20900000000087027	0.0525308936223674
0.21000000000087438	0.05137638951412782
0.2110000000008787	0.050241908589435114
0.21200000000088282	0.049126986988758836
0.21300000000088692	0.04803134891935801
0.21400000000089126	0.046955026728978444
0.21500000000089536	0.0458975441069448
0.21600000000089947	0.04485896967522518
0.21700000000090358	0.04383881573371451
0.2180000000009079	0.042837181440298355
0.21900000000091202	0.04185369300637842
0.22000000000091613	0.04088815226097797
0.22100000000092046	0.03994036660370126
0.22200000000092457	0.039010191532948935
0.22300000000092868	0.03809724626715438
0.2240000000009328	0.03720158493625647
0.22500000000093712	0.036322672627826624
0.22600000000094123	0.03546060272419982
0.22700000000094533	0.034615093046753476
0.22800000000094967	0.033785740135492626
0.22900000000095377	0.03297253155699886
0.23000000000095788	0.03217520151461162
0.23100000000096177	0.03139355579433922
0.2320000000009661	0.030627351471792963
0.2330000000009702	0.029876479982121618
0.23400000000097432	0.029140573488766197
0.23500000000097865	0.028419456291154832
0.23600000000098276	0.02771296496181419
0.23700000000098687	0.027021234703424213
0.23800000000099097	0.02634314498687662
0.2390000000009953	0.02567944742166217
0.24000000000099941	0.025029498996653965
0.24100000000100352	0.02439297568338561
0.24200000000100785	0.023770275085996384
0.24300000000101196	0.023160245900879284
0.24400000000101607	0.02256352753836466
0.24500000000102018	0.021979366286576707
0.2460000000010245	0.02140804331935886
0.24700000000102862	0.02084897114538764
0.24800000000103273	0.020302122542434686
0.24900000000103706	0.01976724870140334
0.25000000000104117	0.019244177735956214
0.2510000000010453	0.01873264609318981
0.2520000000010494	0.018232778447490827
0.2530000000010537	0.017743994340461366
0.2540000000010578	0.017266222241656415
0.25500000000106193	0.01679928576594447
0.25600000000106626	0.016343005515514042
0.25700000000107037	0.015897176634018906
0.2580000000010745	0.01546183320003669
0.2590000000010786	0.015036306862139193
0.2600000000010829	0.014621011140525275
0.26100000000108703	0.01421526554314001
0.2620000000010909	0.013819188117999093
0.26300000000109525	0.013432451568981874
0.26400000000109936	0.01305496546803464
0.26500000000110346	0.0126866154646047
0.2660000000011076	0.012327055563840728
0.2670000000011119	0.011976215691585024
0.268000000001116	0.011633927967738322
0.2690000000011201	0.011300168279078315
0.27000000000112445	0.010974535550574815
0.27100000000112856	0.010656907223897005
0.27200000000113267	0.010347228669664421
0.2730000000011368	0.010045305871865362
0.2740000000011411	0.009751185534560891
0.2750000000011452	0.00946407824803297
0.2760000000011493	0.009184578929734788
0.27700000000115366	0.008912300352008296
0.27800000000115777	0.008646693509253622
0.2790000000011619	0.008388209144991277
0.280000000001166	0.008136318799376263
0.2810000000011703	0.007891034102478711
0.2820000000011744	0.007652104577627994
0.28300000000117853	0.007419601969925083
0.28400000000118286	0.007193157840810094
0.28500000000118697	0.006972772217770151
0.2860000000011911	0.006758289021240427
0.2870000000011952	0.006549521277137593
0.2880000000011995	0.006346509092367003
0.2890000000012036	0.00614890856394934
0.29000000000120774	0.005956676984977927
0.29100000000121207	0.005769797520626674
0.2920000000012162	0.0055880007946038646
0.29300000000122006	0.005411231720354959
0.29400000000122417	0.0052394238436649365
0.2950000000012285	0.005072413346592475
0.2960000000012326	0.004910045515998274
0.2970000000012367	0.0047522978805840665
0.29800000000124083	0.00459902118195521
0.29900000000124516	0.00445008899627386
0.30000000000124927	0.0043054203218857445
0.3010000000012534	0.004164922587871933
0.3020000000012577	0.0040284817605475975
0.3030000000012618	0.0038960071815580255
0.3040000000012659	0.0037673654382673893
0.30500000000127003	0.003642504442701977
0.30600000000127436	0.0035213314788746786
0.3070000000012785	0.003403719415767892
0.3080000000012826	0.003289609981208641
0.3090000000012869	0.003178919946955072
0.310000000001291	0.0030715159523866387
0.31100000000129513	0.0029673602521906872
0.31200000000129924	0.0028663543194802354
0.31300000000130357	0.0027684289693505892
0.3140000000013077	0.0026734833604175057
0.3150000000013118	0.0025814290825724173
0.3160000000013161	0.00249223093312112
0.3170000000013202	0.002405781624246761
0.31800000000132433	0.002322009603461739
0.31900000000132844	0.0022408871301351496
0.3200000000013328	0.0021622623592779666
0.3210000000013369	0.002086124503921871
0.322000000001341	0.002012430774904761
0.3230000000013453	0.0019410271843723903
0.3240000000013492	0.0018719005601632865
0.3250000000013533	0.0018050476788498138
0.3260000000013574	0.0017402738531292483
0.32700000000136176	0.0016776362646284682
0.32800000000136587	0.0016170198723454154
0.32900000000137	0.0015583841940229881
0.3300000000013743	0.0015016417201473287
0.3310000000013784	0.001446789242059321
0.3320000000013825	0.0013937529157947992
0.33300000000138663	0.0013424455790500556
0.33400000000139096	0.0012928788216085563
0.33500000000139507	0.0012449475142947142
0.3360000000013992	0.0011986268382747634
0.3370000000014035	0.0011538818194032352
0.3380000000014076	0.0011106331211965248
0.3390000000014117	0.001068869977700282
0.34000000000141584	0.0010285173005259995
0.34100000000142017	0.0009895558338709476
0.3420000000014243	0.0009519507089350565
0.3430000000014284	0.0009156106999766989
0.3440000000014327	0.0008805616515011883
0.3450000000014368	0.0008467324927502462
0.34600000000144093	0.000814058510818283
0.34700000000144504	0.0007825755943962065
0.34800000000144937	0.000752157102270945
0.3490000000014535	0.0007228463462074508
0.3500000000014576	0.0006945752469653677
0.3510000000014619	0.0006672975412979065
0.35200000000146603	0.0006410184928237195
0.35300000000147014	0.0006156752229444784
0.35400000000147425	0.0005912467349608042
0.35500000000147836	0.0005677082831607727
0.35600000000148246	0.0005450257121356605
0.3570000000014866	0.000523173173835878
0.3580000000014909	0.000502122170802255
0.359000000001495	0.00048184881840995786
0.3600000000014991	0.0004623244083713507
0.36100000000150323	0.00044352911217682145
0.36200000000150756	0.0004254299723802646
0.36300000000151167	0.0004080082439202881
0.3640000000015158	0.0003912475540691629
0.3650000000015201	0.00037511589996852557
0.3660000000015242	0.0003595942841716493
0.3670000000015283	0.0003446658243165812
0.36800000000153243	0.00033030726487848217
0.36900000000153677	0.00031649705030745157
0.3700000000015409	0.00030322236719559914
0.371000000001545	0.0002904588609689007
0.3720000000015493	0.0002781949070652656
0.3730000000015534	0.0002663954933254109
0.37400000000155753	0.0002550723432238611
0.37500000000156164	0.0002441821891232543
0.37600000000156597	0.00023372747002214922
0.3770000000015701	0.0002236837070850317
0.3780000000015742	0.00021404093130583668
0.3790000000015785	0.00020477987106670703
0.3800000000015826	0.00019589254387486488
0.38100000000158674	0.00018735879447595583
0.38200000000159084	0.0001791704493891988
0.3830000000015952	0.00017130971162093722
0.3840000000015993	0.0001637715595645961
0.3850000000016034	0.00015654403678788675
0.3860000000016075	0.00014960814554387802
0.3870000000016116	0.0001429570133862912
0.3880000000016157	0.00013658261696769536
0.38900000000161983	0.00013046615590750488
0.39000000000162416	0.00012461048268985753
0.39100000000162827	0.00011899565805817414
0.3920000000016324	0.00011361690773947775
0.3930000000016367	0.00010846318686852374
0.3940000000016408	0.0001035267508160409
0.3950000000016449	9.879876656215814e-05
0.39600000000164903	9.427307222309445e-05
0.39700000000165336	8.994065462797352e-05
0.3980000000016575	8.57921831225461e-05
0.3990000000016616	8.182073275264656e-05
0.4000000000016659	7.802365164111258e-05
0.40100000000167	7.438835945938749e-05
0.40200000000167413	7.091111710988418e-05
0.40300000000167824	6.758567563946993e-05
0.40400000000168257	6.440620568526345e-05
0.4050000000016867	6.136637100273568e-05
0.4060000000016908	5.8458879085065973e-05
0.4070000000016951	5.568215386042574e-05
0.4080000000016992	5.302728393175027e-05
0.40900000000170333	5.049036331161716e-05
0.41000000000170744	4.806768398657457e-05
0.4110000000017118	4.5753060388342703e-05
0.4120000000017159	4.3542966966514385e-05
0.41300000000172	4.143293592828723e-05
0.4140000000017243	3.941816286701094e-05
0.41500000000172843	3.7494604030019474e-05
0.41600000000173254	3.5659808197863185e-05
0.4170000000017364	3.390913206646751e-05
0.41800000000174076	3.223828044285337e-05
0.41900000000174487	3.064486407189371e-05
0.420000000001749	2.912525090192908e-05
0.4210000000017533	2.7676303867463226e-05
0.4220000000017574	2.6294956077754783e-05
0.4230000000017615	2.4978322943791653e-05
0.42400000000176563	2.3723785570917144e-05
0.42500000000176996	2.2527813895778515e-05
0.42600000000177407	2.1388741315075954e-05
0.4270000000017782	2.0303832494183993e-05
0.4280000000017825	1.92707852085805e-05
0.4290000000017866	1.8286772784481542e-05
0.4300000000017907	1.7349915187092613e-05
0.43100000000179484	1.6458680898834288e-05
0.43200000000179917	1.5609809418393183e-05
0.4330000000018033	1.4802302901850695e-05
0.4340000000018074	1.4034236642812559e-05
0.4350000000018115	1.3303768191086363e-05
0.4360000000018158	1.2608991232676559e-05
0.43700000000181993	1.1948218910151631e-05
0.43800000000182404	1.132020078387086e-05
0.43900000000182837	1.0722888492464833e-05
0.4400000000018325	1.0155783136012175e-05
0.4410000000018366	9.616586461369536e-06
0.4420000000018407	9.104304044660338e-06
0.44300000000184503	8.618189904163742e-06
0.44400000000184914	8.156323017538547e-06
0.44500000000185325	7.71758081730134e-06
0.4460000000018576	7.301467202736056e-06
0.4470000000018617	6.906186207134013e-06
0.4480000000018656	6.531113247776332e-06
0.4490000000018697	6.175462107016472e-06
0.450000000001874	5.837931363661397e-06
0.4510000000018781	5.517860011461373e-06
0.45200000000188223	5.214532050712428e-06
0.45300000000188656	4.926645785663375e-06
0.45400000000189067	4.653967649259627e-06
0.4550000000018948	4.3954475342777855e-06
0.4560000000018989	4.150538194469533e-06
0.4570000000019032	3.9183777972295886e-06
0.4580000000019073	3.6986416602768912e-06
0.45900000000191143	3.490588646681836e-06
0.46000000000191577	3.2935007205914246e-06
0.4610000000019199	3.106909392647239e-06
0.462000000001924	2.930310212478915e-06
0.4630000000019281	2.7631912538073067e-06
0.4640000000019324	2.605082223827715e-06
0.46500000000193653	2.4555641087165014e-06
0.46600000000194064	2.314140132630982e-06
0.46700000000194497	2.1803778841311683e-06
0.4680000000019491	2.0539330249924603e-06
0.4690000000019532	1.9344137163201935e-06
0.4700000000019573	1.8214629822210782e-06
0.4710000000019616	1.714733051438877e-06
0.47200000000196574	1.613902581909521e-06
0.47300000000196984	1.5186711563863753e-06
0.4740000000019742	1.4287419293212977e-06
0.4750000000019783	1.3438258776865553e-06
0.4760000000019824	1.263666029593935e-06
0.4770000000019865	1.1880294695787441e-06
0.47800000000199083	1.116658963407069e-06
0.4790000000019947	1.0492901640901664e-06
0.48000000000199883	9.85771991590667e-07
0.48100000000200316	9.25860614398033e-07
0.48200000000200727	8.693916336843799e-07
0.4830000000020114	8.161300830700213e-07
0.4840000000020155	7.659555010253172e-07
0.4850000000020198	7.186498323097368e-07
0.4860000000020239	6.741242346564036e-07
0.48700000000202803	6.321563124078722e-07
0.48800000000203236	5.926456556615278e-07
0.4890000000020365	5.55421991066396e-07
0.4900000000020406	5.203920010465879e-07
0.4910000000020447	4.874303172197614e-07
0.492000000002049	4.5639302437283646e-07
0.49300000000205313	4.2721329296391275e-07
0.49400000000205724	3.9976363752636246e-07
0.49500000000206157	3.739597720375798e-07
0.4960000000020657	3.496805184299845e-07
0.4970000000020698	3.268652131183103e-07
0.4980000000020739	3.0542126605581643e-07
0.4990000000020782	2.8528112783199333e-07
0.5000000000020823	2.663459764962184e-07
0.5010000000020864	2.485764767357068e-07
0.5020000000020908	2.3189388231870112e-07
0.5030000000020949	2.1622321222380947e-07
0.504000000002099	2.0152150348451414e-07
0.5050000000021031	1.8772558330049094e-07
0.5060000000021074	1.747836874121944e-07
0.5070000000021115	1.6264696767187559e-07
0.5080000000021156	1.512678245996213e-07
0.50900000000212	1.4060122344172754e-07
0.5100000000021239	1.3060485359872587e-07
0.511000000002128	1.2123838200039927e-07
0.5120000000021321	1.1246484810101265e-07
0.5130000000021364	1.0425234364674907e-07
0.5140000000021405	9.656183086459436e-08
0.5150000000021446	8.936009598947692e-08
0.516000000002149	8.262375283951684e-08
0.5170000000021531	7.632523857381557e-08
0.5180000000021572	7.043494798519845e-08
0.5190000000021613	6.492551307690775e-08
0.5200000000021656	5.977741079910004e-08
0.5210000000021697	5.496677046856746e-08
0.5220000000021738	5.047605300401159e-08
0.5230000000021782	4.628461436340103e-08
0.5240000000021823	4.236681594438352e-08
0.5250000000021864	3.87143738178608e-08
0.5260000000021905	3.5305741663549384e-08
0.5270000000021948	3.212770827154543e-08
0.5280000000021989	2.9165841297640327e-08
0.529000000002203	2.6405067465873344e-08
0.5300000000022074	2.383365016456196e-08
0.5310000000022115	2.143908228724456e-08
0.5320000000022156	1.921125736270568e-08
0.5330000000022197	1.7136401631034914e-08
0.534000000002224	1.52061310210172e-08
0.5350000000022281	1.3414356181407072e-08
0.5360000000022322	1.1742994132646345e-08
0.5370000000022366	1.0196486877056543e-08
0.5380000000022407	8.755057345766204e-09
0.5390000000022448	7.41920203051194e-09
0.5400000000022487	6.1781794125082e-09
0.541000000002253	5.0274966412189315e-09
0.5420000000022571	3.958971150908042e-09
0.5430000000022612	2.9696124448364003e-09
0.5440000000022656	2.051078973330789e-09
0.5450000000022697	1.20128162972577e-09
0.5460000000022738	4.128501984723698e-10
0.5470000000022779	-3.1637048536481416e-10
0.5480000000022822	-9.921152788194831e-10
0.5490000000022863	-1.6176022743508156e-09
0.5500000000022904	-2.1962729412905446e-09
0.5510000000022948	-2.731836090674733e-09
0.5520000000022989	-3.227438760688983e-09
0.553000000002303	-3.685936444952631e-09
0.5540000000023071	-4.110056073258761e-09
0.5550000000023114	-4.50244175276282e-09
0.5560000000023155	-4.8654369422251875e-09
0.5570000000023196	-5.201318487024764e-09
0.558000000002324	-5.512187595257956e-09
0.5590000000023281	-5.800012914392028e-09
0.5600000000023322	-6.0666371926032525e-09
0.5610000000023363	-6.313714662198322e-09
0.5620000000023406	-6.542750341509418e-09
0.5630000000023447	-6.7552006211002436e-09
0.5640000000023488	-6.952472375587604e-09
0.5650000000023532	-7.135799950930277e-09
0.5660000000023573	-7.306314886434961e-09
0.5670000000023614	-7.465097873193827e-09
0.5680000000023655	-7.613124575200914e-09
0.5690000000023698	-7.751291830615514e-09
0.5700000000023739	-7.880443853025554e-09
0.5710000000023778	-8.001354689923801e-09
0.5720000000023819	-8.114731775421546e-09
0.5730000000023863	-8.221212377534926e-09
0.5740000000023904	-8.32136914930004e-09
0.5750000000023945	-8.41574676613277e-09
0.5760000000023988	-8.504835502520791e-09
0.5770000000024029	-8.589055910945831e-09
0.578000000002407	-8.668803230804656e-09
0.5790000000024111	-8.7444937957315e-09
0.5800000000024155	-8.816385843601893e-09
0.5810000000024196	-8.884783797569185e-09
0.5820000000024237	-8.949944119152065e-09
0.583000000002428	-9.012095514293605e-09
0.5840000000024321	-9.071426942952598e-09
0.5850000000024362	-9.128098055199985e-09
0.5860000000024403	-9.182304916421913e-09
0.5870000000024447	-9.234121467471823e-09
0.5880000000024488	-9.283688928718448e-09
0.5890000000024529	-9.331090344844029e-09
0.5900000000024572	-9.376389664694784e-09
0.5910000000024613	-9.41966193934718e-09
0.5920000000024654	-9.460943584116421e-09
0.5930000000024696	-9.500268349782459e-09
0.5940000000024739	-9.537664213965513e-09
0.595000000002478	-9.573139170271361e-09
0.5960000000024821	-9.606707873643927e-09
0.5970000000024864	-9.638355669139287e-09
0.5980000000024905	-9.668089218095588e-09
0.5990000000024946	-9.695884539695498e-09
0.6000000000024988	-9.721734306467056e-09
0.6010000000025031	-9.745606766031756e-09
0.602000000002507	-9.767478159616871e-09
0.6030000000025111	-9.787347154954773e-09
0.6040000000025154	-9.80514114345965e-09
0.6050000000025195	-9.820887658662514e-09
0.6060000000025236	-9.834503433836517e-09
0.6070000000025277	-9.846015336378855e-09
0.6080000000025321	-9.855350757703718e-09
0.6090000000025362	-9.862522354353587e-09
0.6100000000025403	-9.867474837221835e-09
0.6110000000025446	-9.870216644003449e-09
0.6120000000025487	-9.870721129345839e-09
0.6130000000025528	-9.868968087189955e-09
0.614000000002557	-9.864945749171738e-09
0.6150000000025613	-9.85864967439909e-09
0.6160000000025654	-9.850077198336749e-09
0.6170000000025695	-9.839228320984716e-09
0.6180000000025738	-9.826107039145882e-09
0.6190000000025779	-9.810718237801552e-09
0.620000000002582	-9.79307457349421e-09
0.6210000000025861	-9.773194475926061e-09
0.6220000000025905	-9.751097485022342e-09
0.6230000000025946	-9.726807137511173e-09
0.6240000000025987	-9.700354075548034e-09
0.625000000002603	-9.671771605823665e-09
0.6260000000026071	-9.641094589341037e-09
0.6270000000026112	-9.608383200188086e-09
0.6280000000026154	-9.573652537397948e-09
0.6290000000026197	-9.53697876227011e-09
0.6300000000026238	-9.498390740603213e-09
0.6310000000026279	-9.457974625703969e-09
0.6320000000026322	-9.41576616675377e-09
0.6330000000026361	-9.371841525052105e-09
0.6340000000026402	-9.326263761266773e-09
0.6350000000026443	-9.279105928072795e-09
0.6360000000026487	-9.230438635654536e-09
0.6370000000026528	-9.180340043712931e-09
0.6380000000026569	-9.12888364901221e-09
0.6390000000026612	-9.076149831699354e-09
0.6400000000026653	-9.022220526233582e-09
0.6410000000026694	-8.967185660679888e-09
0.6420000000026735	-8.91111540113343e-09
0.6430000000026779	-8.854104782685113e-09
0.644000000002682	-8.796244621578353e-09
0.6450000000026861	-8.737604861863701e-09
0.6460000000026904	-8.678288976327053e-09
0.6470000000026945	-8.61838045373986e-09
0.6480000000026986	-8.557961894695154e-09
0.6490000000027027	-8.49712322725793e-09
0.6500000000027071	-8.435950160645689e-09
0.6510000000027112	-8.374527959986722e-09
0.6520000000027153	-8.312935895204987e-09
0.6530000000027196	-8.251266558900738e-09
0.6540000000027237	-8.189593891927416e-09
0.6550000000027278	-8.128001161011866e-09
0.656000000002732	-8.06656408336437e-09
0.6570000000027363	-8.005359264373624e-09
0.6580000000027404	-7.94446064489307e-09
0.6590000000027445	-7.883934838304185e-09
0.6600000000027488	-7.82385578546041e-09
0.6610000000027529	-7.764282550226653e-09
0.662000000002757	-7.705284188475048e-09
0.6630000000027612	-7.646913990910775e-09
0.6640000000027653	-7.589237238647684e-09
0.6650000000027694	-7.53229301153624e-09
0.6660000000027735	-7.476145258422662e-09
0.6670000000027778	-7.420829284399133e-09
0.6680000000027819	-7.366389720431243e-09
0.669000000002786	-7.312870087261558e-09
0.6700000000027901	-7.260299028644113e-09
0.6710000000027945	-7.2087136260279294e-09
0.6720000000027986	-7.158138082274945e-09
0.6730000000028027	-7.108598820693146e-09
0.674000000002807	-7.060111606449482e-09
0.6750000000028111	-7.012695091290766e-09
0.6760000000028152	-6.966362375848689e-09
0.6770000000028193	-6.921121453729029e-09
0.6780000000028237	-6.876982761028216e-09
0.6790000000028278	-6.8339378600512646e-09
0.6800000000028319	-6.79198119968305e-09
0.6810000000028362	-6.751133430071832e-09
0.6820000000028403	-6.711338151887958e-09
0.6830000000028444	-6.672636221338735e-09
0.6840000000028486	-6.634963689577944e-09
0.6850000000028529	-6.5983452035567325e-09
0.686000000002857	-6.562710153090734e-09
0.6870000000028611	-6.5280834071757e-09
0.6880000000028654	-6.4943850297538575e-09
0.6890000000028695	-6.461627455323082e-09
0.6900000000028736	-6.429736743029935e-09
0.6910000000028778	-6.398713114919019e-09
0.6920000000028821	-6.3684773010663775e-09
0.6930000000028862	-6.339034408497923e-09
0.6940000000028901	-6.310293620970242e-09
0.6950000000028944	-6.282233844245866e-09
0.6960000000028985	-6.254807116690131e-09
0.6970000000029026	-6.227940163583412e-09
0.6980000000029067	-6.201611668643636e-09
0.6990000000029111	-6.175749245329598e-09
0.7000000000029152	-6.150297604534671e-09
0.7010000000029193	-6.125211005070241e-09
0.7020000000029236	-6.100420835153386e-09
0.7030000000029277	-6.075876246569578e-09
0.7040000000029318	-6.051513290472599e-09
0.705000000002936	-6.027274901398982e-09
0.7060000000029403	-6.003099572993165e-09
0.7070000000029444	-5.978927797301026e-09
0.7080000000029485	-5.954696957743977e-09
0.7090000000029526	-5.930347324323293e-09
0.7100000000029569	-5.905818056817225e-09
0.711000000002961	-5.881047204780998e-09
0.7120000000029651	-5.855975704349703e-09
0.7130000000029695	-5.8305431593908e-09
0.7140000000029736	-5.804688951727144e-09
0.7150000000029777	-5.7783562379398745e-09
0.7160000000029818	-5.751487952565526e-09
0.7170000000029861	-5.7240305828543114e-09
0.7180000000029902	-5.695916405201729e-09
0.7190000000029944	-5.667113889273878e-09
0.7200000000029987	-5.637533551094975e-09
0.7210000000030028	-5.607166508880823e-09
0.7220000000030069	-5.575945261071524e-09
0.723000000003011	-5.543798975438108e-09
0.7240000000030153	-5.510723211088475e-09
0.7250000000030195	-5.4766406965001124e-09
0.7260000000030233	-5.441523454052799e-09
0.7270000000030277	-5.405324632334896e-09
0.7280000000030318	-5.368005151495936e-09
0.7290000000030359	-5.329539920495563e-09
0.73000000000304	-5.289882976100557e-09
0.7310000000030443	-5.249000345486365e-09
0.7320000000030484	-5.206876485530643e-09
0.7330000000030525	-5.163483862702378e-09
0.7340000000030569	-5.118770296519415e-09
0.735000000003061	-5.0727446687659494e-09
0.7360000000030651	-5.025376781375712e-09
0.7370000000030692	-4.976651313270963e-09
0.7380000000030735	-4.926546726125025e-09
0.7390000000030776	-4.875061465625663e-09
0.7400000000030817	-4.822175325713829e-09
0.7410000000030861	-4.767893857504646e-09
0.7420000000030902	-4.712204626500238e-09
0.7430000000030943	-4.655107188611396e-09
0.7440000000030984	-4.596605984730218e-09
0.7450000000031027	-4.536705455748802e-09
0.7460000000031068	-4.4754051575779386e-09
0.747000000003111	-4.412719079027738e-09
0.7480000000031153	-4.348662319131336e-09
0.7490000000031194	-4.283248866698841e-09
0.7500000000031235	-4.2164849389791925e-09
0.7510000000031276	-4.1484160551163995e-09
0.7520000000031319	-4.079025783809698e-09
0.753000000003136	-4.008369636210318e-09
0.7540000000031402	-3.936463599529816e-09
0.7550000000031445	-3.863330100273288e-09
0.7560000000031484	-3.789020430744472e-09
0.7570000000031525	-3.71354413886138e-09
0.7580000000031566	-3.6369525169277495e-09
0.7590000000031609	-3.5592782055005046e-09
0.760000000003165	-3.4805613946531366e-09
0.7610000000031691	-3.4008349469871746e-09
0.7620000000031735	-3.3201608129473925e-09
0.7630000000031776	-3.2385603088158632e-09
0.7640000000031817	-3.1561147029179892e-09
0.7650000000031858	-3.07281089462208e-09
0.7660000000031901	-2.98878344295872e-09
0.7670000000031942	-2.9039961546573068e-09
0.7680000000031983	-2.818573374696598e-09
0.7690000000032027	-2.7325215423701366e-09
0.7700000000032068	-2.645916818977412e-09
0.7710000000032109	-2.55880050481494e-09
0.772000000003215	-2.4712429880224818e-09
0.7730000000032193	-2.383288233431813e-09
0.7740000000032234	-2.2950175093683356e-09
0.7750000000032276	-2.206442140106901e-09
0.7760000000032319	-2.1176809195111446e-09
0.777000000003236	-2.0287431734544725e-09
0.7780000000032401	-1.9397141670651763e-09
0.7790000000032442	-1.850644082423969e-09
0.7800000000032485	-1.7615942038418098e-09
0.7810000000032526	-1.6726249274512384e-09
0.7820000000032568	-1.5837930966711156e-09
0.7830000000032611	-1.4951602178570056e-09
0.7840000000032652	-1.4067846887400037e-09
0.7850000000032693	-1.3187191338914772e-09
0.7860000000032734	-1.231028612380669e-09
0.7870000000032777	-1.1437686353588106e-09
0.7880000000032816	-1.0569911612634542e-09
0.7890000000032857	-9.70737046301906e-10
0.7900000000032901	-8.851070987248022e-10
0.7910000000032942	-8.001146412084381e-10
0.7920000000032983	-7.158134085472057e-10
0.7930000000033024	-6.322595780261508e-10
0.7940000000033067	-5.495295329893679e-10
0.7950000000033108	-4.676221632138322e-10
0.796000000003315	-3.866247322292793e-10
0.7970000000033193	-3.0657076877105283e-10
0.7980000000033234	-2.2749757633278023e-10
0.7990000000033275	-1.4945000792465635e-10
0.8000000000033316	-7.247402677990067e-11
0.8010000000033359	3.403277659685955e-12
0.80200000000334	7.812561708675503e-11
0.8030000000033441	1.5165324551702497e-10
0.8040000000033485	2.2401358545920402e-10
0.8050000000033526	2.950846234028859e-10
0.8060000000033567	3.6489622434743296e-10
0.8070000000033608	4.3341374933447696e-10
0.8080000000033651	5.005925673984279e-10
0.8090000000033692	5.664351210299401e-10
0.8100000000033734	6.308865652115969e-10
0.8110000000033777	6.9395689195062e-10
0.8120000000033818	7.556131276231781e-10
0.8130000000033859	8.158516084932899e-10
0.81400000000339	8.746698920703011e-10
0.8150000000033943	9.32017130139684e-10
0.8160000000033985	9.879179696525853e-10
0.8170000000034026	1.0423641949586226e-09
0.8180000000034067	1.0953480344966238e-09
0.8190000000034108	1.1468783700507856e-09
0.8200000000034149	1.196935217606665e-09
0.821000000003419	1.2455144693390707e-09
0.8220000000034233	1.2926655301725987e-09
0.8230000000034274	1.33834787696685e-09
0.8240000000034315	1.3826131350924697e-09
0.8250000000034359	1.4254397662227802e-09
0.82600000000344	1.4668420922347991e-09
0.8270000000034441	1.5068564174214316e-09
0.8280000000034482	1.5454932889014117e-09
0.8290000000034525	1.582765585261825e-09
0.8300000000034566	1.6186965101638862e-09
0.8310000000034607	1.6533157065623527e-09
0.8320000000034651	1.6866403829141063e-09
0.8330000000034692	1.718704845110608e-09
0.8340000000034733	1.749531519656955e-09
0.8350000000034774	1.7791575990244723e-09
0.8360000000034817	1.8076098395880535e-09
0.8370000000034858	1.8349237684844866e-09
0.83800000000349	1.8611359120512816e-09
0.8390000000034943	1.886280243112992e-09
0.8400000000034984	1.9103966186762023e-09
0.8410000000035025	1.933521343033817e-09
0.8420000000035066	1.9556997132852416e-09
0.8430000000035109	1.976968588834893e-09
0.844000000003515	1.9973713794030346e-09
0.8450000000035192	2.016949607330787e-09
0.8460000000035233	2.0357530106096533e-09
0.8470000000035276	2.0538146738857677e-09
0.8480000000035317	2.0711921067118055e-09
0.8490000000035356	2.0879320494771036e-09
0.8500000000035399	2.1040529318838708e-09
0.851000000003544	2.1196492339115025e-09
0.8520000000035481	2.1347295042772885e-09
0.8530000000035523	2.149361022496521e-09
0.8540000000035566	2.1635799818398027e-09
0.8550000000035607	2.1774357872317296e-09
0.8560000000035648	2.1909811742659713e-09
0.8570000000035691	2.2042622171980497e-09
0.8580000000035732	2.217324990283487e-09
0.8590000000035773	2.2302126811979406e-09
0.8600000000035815	2.242975027932914e-09
0.8610000000035858	2.2556558842978802e-09
0.8620000000035899	2.2682997702361263e-09
0.863000000003594	2.2809530930700816e-09
0.8640000000035983	2.2936559318509353e-09
0.8650000000036024	2.3064503640313205e-09
0.8660000000036066	2.3193782450192657e-09
0.8670000000036107	2.3324829845350337e-09
0.868000000003615	2.345797112113246e-09
0.8690000000036191	2.3593612619166038e-09
0.8700000000036232	2.3732092957473583e-09
0.8710000000036275	2.3873771848315073e-09
0.8720000000036316	2.4018953492799255e-09
0.8730000000036358	2.416798094984074e-09
0.8740000000036399	2.4321091807166795e-09
0.8750000000036442	2.447861913168481e-09
0.8760000000036483	2.4640733897740574e-09
0.8770000000036524	2.480781247093944e-09
0.8780000000036567	2.4979858181950476e-09
0.8790000000036609	2.5157204097681074e-09
0.8800000000036647	2.5339913500843636e-09
0.8810000000036688	2.552840383529542e-09
0.8820000000036732	2.5722355356805338e-09
0.8830000000036773	2.5922262114619343e-09
0.8840000000036814	2.6127948693499548e-09
0.8850000000036857	2.633961160292131e-09
0.8860000000036898	2.655719422151037e-09
0.887000000003694	2.6780676565252293e-09
0.888000000003698	2.701015189288114e-09
0.8890000000037024	2.7245457001612294e-09
0.8900000000037065	2.748654970297082e-09
0.8910000000037106	2.773331342353913e-09
0.8920000000037149	2.798568154993575e-09
0.893000000003719	2.8243449801124143e-09
0.8940000000037231	2.850639169160729e-09
0.8950000000037273	2.877449500893192e-09
0.8960000000037316	2.904728124697442e-09
0.8970000000037357	2.9324749295511765e-09
0.8980000000037398	2.960650502537021e-09
0.8990000000037441	2.9892225361649594e-09
0.9000000000037482	3.0181699361975234e-09
0.9010000000037524	3.0474502921151725e-09
0.9020000000037565	3.077031074383285e-09
0.9030000000037608	3.1068746464413266e-09
0.9040000000037649	3.136945259107904e-09
0.905000000003769	3.167194395636841e-09
0.9060000000037733	3.197583753333788e-09
0.9070000000037775	3.228067591010131e-09
0.9080000000037816	3.2585989462319276e-09
0.9090000000037857	3.289130967587539e-09
0.91000000000379	3.31961247379553e-09
0.9110000000037939	3.3499956142435394e-09
0.912000000003798	3.380229318672434e-09
0.9130000000038023	3.410256188551841e-09
0.9140000000038064	3.4400308157600534e-09
0.9150000000038105	3.469491360874599e-09
0.9160000000038147	3.4985871977255556e-09
0.917000000003819	3.527264147429321e-09
0.9180000000038231	3.5554624799871704e-09
0.9190000000038272	3.5831244638018234e-09
0.9200000000038315	3.6102127953796526e-09
0.9210000000038356	3.6366292199829786e-09
0.9220000000038397	3.662386616198887e-09
0.9230000000038439	3.6873419873018065e-09
0.9240000000038482	3.711515095261575e-09
0.9250000000038523	3.73481068294268e-09
0.9260000000038564	3.757199995568783e-09
0.9270000000038607	3.778596768810871e-09
0.9280000000038648	3.798984793412785e-09
0.929000000003869	3.8182816908260975e-09
0.9300000000038731	3.836470696683136e-09
0.9310000000038774	3.8534713198146164e-09
0.9320000000038815	3.869257692024064e-09
0.9330000000038856	3.883746546584632e-09
0.9340000000038899	3.896961864313653e-09
0.935000000003894	3.908784629302886e-09
0.9360000000038982	3.9192358247674974e-09
0.9370000000039023	3.9282397334972075e-09
0.9380000000039066	3.9357669345818636e-09
0.9390000000039107	3.9417794583940235e-09
0.9400000000039148	3.9462739742646136e-09
0.9410000000039191	3.949152116433652e-09
0.942000000003923	3.950499039007127e-09
0.9430000000039271	3.9501527604457465e-09
0.9440000000039312	3.948206428461276e-09
0.9450000000039356	3.944555682089401e-09
0.9460000000039397	3.939242265715848e-09
0.9470000000039438	3.932204672985051e-09
0.9480000000039481	3.923479541256825e-09
0.9490000000039522	3.9130125806252636e-09
0.9500000000039563	3.900833989156638e-09
0.9510000000039605	3.886888144677414e-09
0.9520000000039648	3.871226117446724e-09
0.9530000000039689	3.8538057189896335e-09
0.954000000003973	3.834686235215656e-09
0.9550000000039773	3.813839910549177e-09
0.9560000000039814	3.7912073480583786e-09
0.9570000000039856	3.766981393482638e-09
0.9580000000039897	3.741032150728074e-09
0.959000000003994	3.7132963370822836e-09
0.9600000000039981	3.684127225511702e-09
0.9610000000040022	3.6531593305966226e-09
0.9620000000040065	3.6206643239111713e-09
0.9630000000040106	3.5866091208092143e-09
0.9640000000040148	3.5509867268856965e-09
0.9650000000040189	3.5138965071013217e-09
0.9660000000040232	3.4753054878322587e-09
0.9670000000040273	3.435325468537087e-09
0.9680000000040314	3.39396921678059e-09
0.9690000000040357	3.351249500127551e-09
0.9700000000040399	3.3072659055832787e-09
0.9710000000040437	3.2620199874600075e-09
0.9720000000040478	3.215610777651534e-09
0.9730000000040522	3.168073692272344e-09
0.9740000000040563	3.119429825559905e-09
0.9750000000040604	3.069791643106612e-09
0.9760000000040647	3.0191694699865934e-09
0.9770000000040688	2.9676550106216837e-09
0.978000000004073	2.9153147673710578e-09
0.979000000004077	2.8621764958103313e-09
0.9800000000040812	2.808356547312485e-09
0.9810000000040855	2.753867023308487e-09
0.9820000000040896	2.6988183909892882e-09
0.9830000000040937	2.643255503365083e-09
0.984000000004098	2.5872612940958106e-09
0.9850000000041004	2.530893716823357e-09
0.9860000000041018	2.4742270454680693e-09
0.987000000004103	2.417346878225146e-09
0.9880000000041045	2.360306616822072e-09
0.9890000000041059	2.303167212502899e-09
0.9900000000041072	2.2460620030528844e-09
0.9910000000041086	2.1889605683611535e-09
0.99200000000411	2.1320362142418503e-09
0.9930000000041115	2.075299820880616e-09
0.9940000000041127	2.0188384297625817e-09
0.9950000000041141	1.962725537651977e-09
0.9960000000041156	1.9070284240640945e-09
0.997000000004117	1.8518074851314736e-09
0.9980000000041185	1.797144433268727e-09
0.9990000000041197	1.743107325147264e-09
1.0000000000041211	1.6897375720859031e-09
1.001000000004117	1.6371182187668865e-09
1.002000000004113	1.5853253154674007e-09
1.0030000000041086	1.5343799564249139e-09
1.0040000000041045	1.4843826168231544e-09
1.0050000000041002	1.435373264691009e-09
1.006000000004096	1.3873836524069816e-09
1.007000000004092	1.3405179188907823e-09
1.0080000000040878	1.2947902749971263e-09
1.0090000000040837	1.2502660018398615e-09
1.0100000000040794	1.2069740762399306e-09
1.0110000000040753	1.1649747833075708e-09
1.012000000004071	1.1243117548076498e-09
1.0130000000040669	1.0850272902374059e-09
1.0140000000040628	1.0471445932580536e-09
1.0150000000040587	1.0107111814150471e-09
1.0160000000040534	9.757550323286068e-10
1.0170000000040464	9.423145597153848e-10
1.0180000000040397	9.103963138912263e-10
1.0190000000040325	8.800499218253321e-10
1.0200000000040257	8.512732740939555e-10
1.021000000004019	8.241007876108597e-10
1.0220000000040117	7.985305749969029e-10
1.023000000004005	7.746500108041232e-10
1.0240000000039977	7.523434097933546e-10
1.025000000003991	7.317214612001521e-10
1.026000000003984	7.127497481107525e-10
1.027000000003977	6.954378184431675e-10
1.0280000000039702	6.79790668201008e-10
1.0290000000039632	6.657807638532631e-10
1.0300000000039562	6.534404128899496e-10
1.0310000000039494	6.427609555714753e-10
1.0320000000039424	6.336644542415115e-10
1.0330000000039354	6.262416141211702e-10
1.0340000000039287	6.203911828706055e-10
1.0350000000039217	6.161405829985256e-10
1.0360000000039147	6.134450725170382e-10
1.0370000000039077	6.123171969463215e-10
1.0380000000039007	6.126772422732074e-10
1.039000000003894	6.145414177538555e-10
1.0400000000038867	6.178804135004157e-10
1.04100000000388	6.226132942543927e-10
1.0420000000038732	6.287680376360072e-10
1.043000000003866	6.362799176429235e-10
1.0440000000038592	6.451114087369092e-10
1.0450000000038522	6.55217768930072e-10
1.0460000000038452	6.665668017546977e-10
1.0470000000038384	6.791205375833442e-10
1.0480000000038314	6.927998175143557e-10
1.0490000000038244	7.076143004880464e-10
1.0500000000038174	7.234648435883173e-10
1.0510000000038104	7.403384572057803e-10
1.0520000000038037	7.581625327546249e-10
1.0530000000037967	7.768963250498473e-10
1.0540000000037897	7.964829906725868e-10
1.055000000003783	8.168575815759027e-10
1.056000000003776	8.380124372209252e-10
1.057000000003769	8.598084466626688e-10
1.0580000000037622	8.822687025400455e-10
1.059000000003755	9.053026106542461e-10
1.0600000000037482	9.288378954863674e-10
1.0610000000037412	9.528466904384914e-10
1.0620000000037342	9.772569420363197e-10
1.0630000000037274	1.0020009266753505e-09
1.0640000000037202	1.0270408967727462e-09
1.0650000000037134	1.0522955840031045e-09
1.0660000000037064	1.0777195802447181e-09
1.0670000000036994	1.1032582625247755e-09
1.0680000000036927	1.1288364687445096e-09
1.0690000000036857	1.1544151190534535e-09
1.0700000000036787	1.1799257126909879e-09
1.071000000003672	1.2053151809965357e-09
1.072000000003665	1.2305290120195878e-09
1.073000000003658	1.2555059214491848e-09
1.0740000000036511	1.2801989468513852e-09
1.075000000003644	1.304556018766334e-09
1.0760000000036372	1.3285070821211775e-09
1.0770000000036304	1.3520362607266634e-09
1.0780000000036232	1.375064173636531e-09
1.0790000000036164	1.397542970238419e-09
1.0800000000036092	1.4194552200308408e-09
1.0810000000036024	1.440713215394851e-09
1.0820000000035954	1.4613033005872467e-09
1.0830000000035884	1.4811772919287591e-09
1.0840000000035817	1.5002940001451748e-09
1.0850000000035747	1.518603354178083e-09
1.0860000000035677	1.536094584864145e-09
1.087000000003561	1.5526900876139393e-09
1.088000000003554	1.5684007426131075e-09
1.089000000003547	1.5831602695470792e-09
1.0900000000035401	1.5969808808691255e-09
1.091000000003533	1.6097873034581767e-09
1.0920000000035262	1.621583201050214e-09
1.0930000000035192	1.6323543627905224e-09
1.0940000000035122	1.6420432791264261e-09
1.0950000000035054	1.6506608302435666e-09
1.0960000000034982	1.6581982453800492e-09
1.0970000000034914	1.6646152234400802e-09
1.0980000000034844	1.6699148730481284e-09
1.0990000000034774	1.6740824282379663e-09
1.1000000000034706	1.6771151134520323e-09
1.1010000000034637	1.6789934997873956e-09
1.1020000000034567	1.6797543356261713e-09
1.1030000000034499	1.679354100225794e-09
1.104000000003443	1.6778127776007068e-09
1.105000000003436	1.675137362155965e-09
1.106000000003429	1.6713266326462417e-09
1.107000000003422	1.6664031265989365e-09
1.1080000000034151	1.6603639574341855e-09
1.1090000000034081	1.6532313296124812e-09
1.1100000000034012	1.6450178996763043e-09
1.1110000000033944	1.6357466492422645e-09
1.1120000000033872	1.6254346757449412e-09
1.1130000000033804	1.6141089576038326e-09
1.1140000000033736	1.6017859261197032e-09
1.1150000000033664	1.5885053272768346e-09
1.1160000000033596	1.5742950276731449e-09
1.1170000000033526	1.559180673460503e-09
1.1180000000033457	1.54318080536342e-09
1.1190000000033387	1.5263822428224216e-09
1.1200000000033317	1.508769886804373e-09
1.121000000003325	1.4904120160252887e-09
1.122000000003318	1.4713331664140128e-09
1.123000000003311	1.4516092772254297e-09
1.1240000000033041	1.4312419027717738e-09
1.1250000000032971	1.410308758664769e-09
1.1260000000032901	1.3888504790671163e-09
1.1270000000032834	1.3669168019703193e-09
1.1280000000032764	1.3445591307004179e-09
1.1290000000032694	1.3218339756093656e-09
1.1300000000032626	1.2987948494469492e-09
1.1310000000032554	1.2754965972305854e-09
1.1320000000032486	1.2519963954460422e-09
1.1330000000032414	1.228353085913625e-09
1.1340000000032346	1.2046262876097558e-09
1.1350000000032279	1.180873399064808e-09
1.1360000000032207	1.1571607005933515e-09
1.1370000000032139	1.1335449245919449e-09
1.138000000003207	1.1100912411521335e-09
1.1390000000032	1.0868635991201359e-09
1.1400000000031931	1.0639209513385595e-09
1.1410000000031861	1.0413221396277095e-09
1.1420000000031791	1.0191605337439569e-09
1.1430000000031724	9.974537862333932e-10
1.1440000000031654	9.762981534322535e-10
1.1450000000031584	9.55758028275966e-10
1.1460000000031516	9.35876487417886e-10
1.1470000000031444	9.167330228265769e-10
1.1480000000031376	8.983842558762944e-10
1.1490000000031304	8.809043494650837e-10
1.1500000000031236	8.643391558038616e-10
1.1510000000031169	8.487718305971725e-10
1.1520000000031096	8.342432300523228e-10
1.1530000000031029	8.208174140378333e-10
1.1540000000030959	8.085420111214603e-10
1.155000000003089	7.975250460034999e-10
1.1560000000030821	7.877567487213355e-10
1.1570000000030751	7.793373724140906e-10
1.1580000000030681	7.723036654638804e-10
1.1590000000030614	7.667101398212139e-10
1.1600000000030544	7.626235198898712e-10
1.1610000000030474	7.600517992756295e-10
1.1620000000030404	7.591007822327356e-10
1.1630000000030334	7.597679152482328e-10
1.1640000000030266	7.621201447705062e-10
1.1650000000030196	7.662075418579661e-10
1.1660000000030126	7.720271089084463e-10
1.1670000000030059	7.796490120171029e-10
1.1680000000029986	7.891273190452353e-10
1.1690000000029919	8.004439333575419e-10
1.1700000000029849	8.136643581124758e-10
1.1710000000029779	8.288096875475048e-10
1.172000000002971	8.458977962533254e-10
1.1730000000029641	8.649587712739049e-10
1.1740000000029571	8.859797340221576e-10
1.1750000000029501	9.090486141616339e-10
1.1760000000029431	9.340921369727084e-10
1.1770000000029364	9.612178830664675e-10
1.1780000000029294	9.903322606419351e-10
1.1790000000029224	1.0215077672626194e-09
1.1800000000029156	1.0547165363306021e-09
1.1810000000029086	1.0899641189610065e-09
1.1820000000029016	1.1272216493551923e-09
1.1830000000028948	1.1665358679024962e-09
1.1840000000028876	1.2078651412394947e-09
1.1850000000028809	1.2511942593107506e-09
1.186000000002874	1.2965493123573424e-09
1.1870000000028669	1.3437936319249388e-09
1.18800000000286	1.3930507858361807e-09
1.1890000000028529	1.4441908779971868e-09
1.1900000000028461	1.4972346695785177e-09
1.1910000000028391	1.5521288698749913e-09
1.1920000000028321	1.6088355092591655e-09
1.1930000000028254	1.6673323832705478e-09
1.1940000000028184	1.727576970367295e-09
1.1950000000028114	1.789505876814701e-09
1.1960000000028046	1.8530752488032931e-09
1.1970000000027976	1.918269876277634e-09
1.1980000000027906	1.9849966115259576e-09
1.1990000000027838	2.0531950584157244e-09
1.2000000000027768	2.122846010088608e-09
1.2010000000027699	2.1938690863976262e-09
1.2020000000027629	2.2661603704676736e-09
1.2030000000027559	2.3397136450498124e-09
1.204000000002749	2.414444533194171e-09
1.2050000000027419	2.4902180317809552e-09
1.206000000002735	2.5670654490994593e-09
1.2070000000027283	2.6448161438707984e-09
1.2080000000027211	2.723441694385542e-09
1.2090000000027143	2.8028452891959432e-09
1.2100000000027074	2.8829276743636e-09
1.2110000000027004	2.9636335607818864e-09
1.2120000000026936	3.0448420451634206e-09
1.2130000000026866	3.1264827393684413e-09
1.2140000000026796	3.2084513934549364e-09
1.2150000000026726	3.2906573022017938e-09
1.2160000000026656	3.3730149784361174e-09
1.2170000000026588	3.455397079576983e-09
1.2180000000026519	3.5377367701983076e-09
1.2190000000026449	3.6199180319940183e-09
1.220000000002638	3.7018346166206584e-09
1.2210000000026309	3.783393376366462e-09
1.222000000002624	3.8644833999512684e-09
1.2230000000026173	3.9450019917453005e-09
1.2240000000026101	4.024845234873453e-09
1.2250000000026033	4.103911432906671e-09
1.2260000000025963	4.182079682557571e-09
1.2270000000025894	4.25925328340071e-09
1.2280000000025826	4.335325098914211e-09
1.2290000000025754	4.410185217018636e-09
1.2300000000025686	4.483726501192109e-09
1.2310000000025616	4.555838151176772e-09
1.2320000000025546	4.626417693387452e-09
1.2330000000025478	4.69537586589297e-09
1.2340000000025408	4.762549798975613e-09
1.2350000000025338	4.82789619393742e-09
1.236000000002527	4.89130047576225e-09
1.23700000000252	4.952630194843266e-09
1.238000000002513	5.011791648357189e-09
1.2390000000025063	5.068693131882185e-09
1.240000000002499	5.123251711758314e-09
1.2410000000024923	5.1753306085089434e-09
1.2420000000024853	5.224831345351788e-09
1.2430000000024783	5.271739156320621e-09
1.2440000000024716	5.315836770769522e-09
1.2450000000024644	5.357090993030056e-09
1.2460000000024576	5.3954241074904985e-09
1.2470000000024506	5.430750738000256e-09
1.2480000000024436	5.462958974078447e-09
1.2490000000024368	5.491970100912624e-09
1.2500000000024298	5.5176974100845655e-09
1.2510000000024228	5.540044312191128e-09
1.252000000002416	5.55898593823656e-09
1.253000000002409	5.574414041475961e-09
1.254000000002402	5.5862533487882615e-09
1.2550000000023953	5.594457230806427e-09
1.256000000002388	5.59889778983802e-09
1.2570000000023813	5.599592789451435e-09
1.2580000000023743	5.596465513235671e-09
1.2590000000023673	5.589359530766558e-09
1.2600000000023606	5.578384643101231e-09
1.2610000000023533	5.5633849749270325e-09
1.2620000000023466	5.5442648250192406e-09
1.2630000000023396	5.521155865828575e-09
1.2640000000023326	5.493844490445099e-09
1.2650000000023258	5.4624120782165164e-09
1.2660000000023188	5.426723292956126e-09
1.2670000000023118	5.386817658603604e-09
1.268000000002305	5.34267707852365e-09
1.269000000002298	5.294228611063545e-09
1.270000000002291	5.241532430311224e-09
1.271000000002284	5.184473406139034e-09
1.272000000002277	5.123042101651265e-09
1.2730000000022703	5.0574361365463005e-09
1.2740000000022633	4.987410706647211e-09
1.2750000000022563	4.913043083476509e-09
1.2760000000022496	4.834382894003397e-09
1.2770000000022423	4.751359972132718e-09
1.2780000000022356	4.664042485558184e-09
1.2790000000022288	4.572483724984977e-09
1.2800000000022216	4.476559345434339e-09
1.2810000000022148	4.376443207831926e-09
1.2820000000022078	4.272036058239337e-09
1.2830000000022008	4.163539957247053e-09
1.2840000000021938	4.050651591924748e-09
1.2850000000021868	3.9339039803465425e-09
1.28600000000218	3.812858362373106e-09
1.287000000002173	3.687809724262081e-09
1.288000000002166	3.5587424118688205e-09
1.2890000000021593	3.425722594485592e-09
1.2900000000021523	3.288767258524672e-09
1.2910000000021453	3.1479747697460425e-09
1.2920000000021385	3.0033443509935864e-09
1.2930000000021313	2.8550437569663245e-09
1.2940000000021246	2.7029807281309104e-09
1.2950000000021178	2.5473751996685223e-09
1.2960000000021106	2.3881961963567733e-09
1.2970000000021038	2.2255345344390776e-09
1.2980000000020966	2.059549752964074e-09
1.2990000000020898	1.8901961107431475e-09
1.3000000000020828	1.717657571731479e-09
1.3010000000020758	1.5419510113190427e-09
1.302000000002069	1.3632487361192602e-09
1.303000000002062	1.1815091127687083e-09
1.304000000002055	9.969594039205276e-10
1.3050000000020483	8.096014969538601e-10
1.3060000000020413	6.196185786677688e-10
1.3070000000020343	4.2701597813277203e-10
1.3080000000020275	2.319673342299211e-10
1.3090000000020205	3.465072673236591e-11
1.3100000000020136	-1.6502887945080147e-10
1.3110000000020068	-3.6678349246699327e-10
1.3120000000019996	-5.705866890082234e-10
1.3130000000019928	-7.762910314568217e-10
1.3140000000019856	-9.837890502240043e-10
1.3150000000019788	-1.1929448540115573e-09
1.316000000001972	-1.4036585227472642e-09
1.3170000000019648	-1.6158026028278982e-09
1.318000000001958	-1.829226770055925e-09
1.319000000001951	-2.043840874321745e-09
1.320000000001944	-2.2595032511674162e-09
1.3210000000019373	-2.476081784053008e-09
1.3220000000019303	-2.6934308117176897e-09
1.3230000000019233	-2.911471064237503e-09
1.3240000000019165	-3.1300053660032745e-09
1.3250000000019095	-3.3489386819240963e-09
1.3260000000019025	-3.568120687802434e-09
1.3270000000018956	-3.787422597767431e-09
1.3280000000018886	-4.006708076431664e-09
1.3290000000018818	-4.22582191461629e-09
1.3300000000018748	-4.444645984591489e-09
1.3310000000018678	-4.663027075579862e-09
1.332000000001861	-4.880824855391097e-09
1.3330000000018538	-5.097896993433437e-09
1.334000000001847	-5.314101603204335e-09
1.33500000000184	-5.529299240691898e-09
1.336000000001833	-5.743358233445406e-09
1.3370000000018263	-5.9561044984945966e-09
1.3380000000018193	-6.167396593426133e-09
1.3390000000018123	-6.377114836197961e-09
1.3400000000018053	-6.585151757221297e-09
1.3410000000017983	-6.791213147394615e-09
1.3420000000017915	-6.995315882107889e-09
1.3430000000017845	-7.1972598991720815e-09
1.3440000000017776	-7.396828483052786e-09
1.3450000000017708	-7.593985218434796e-09
1.3460000000017638	-7.788522493612504e-09
1.3470000000017568	-7.98031396520571e-09
1.34800000000175	-8.16919132340388e-09
1.3490000000017428	-8.35501468010591e-09
1.350000000001736	-8.537659246243834e-09
1.3510000000017293	-8.716996235946795e-09
1.352000000001722	-8.892803604609867e-09
1.3530000000017153	-9.065060257995583e-09
1.354000000001708	-9.233491304883046e-09
1.3550000000017013	-9.398080980105306e-09
1.3560000000016943	-9.558609903592696e-09
1.3570000000016873	-9.714933080218202e-09
1.3580000000016805	-9.866986339091e-09
1.3590000000016735	-1.0014519657985943e-08
1.3600000000016665	-1.0157531260546193e-08
1.3610000000016598	-1.0295774233171073e-08
1.3620000000016528	-1.0429162866643082e-08
1.3630000000016458	-1.0557553720147439e-08
1.364000000001639	-1.0680848427924161e-08
1.3650000000016318	-1.0798992144955832e-08
1.366000000001625	-1.0911748837827417e-08
1.367000000001618	-1.1018942647211816e-08
1.368000000001611	-1.112062686381421e-08
1.3690000000016043	-1.1216659823176656e-08
1.370000000001597	-1.1306807712330169e-08
1.3710000000015903	-1.139118821491536e-08
1.3720000000015833	-1.1469473815139963e-08
1.3730000000015763	-1.1541790190250367e-08
1.3740000000015695	-1.1607862893114884e-08
1.3750000000015625	-1.1667683930127737e-08
1.3760000000015555	-1.1721336123926562e-08
1.3770000000015488	-1.1768406249501595e-08
1.3780000000015418	-1.1809198952050792e-08
1.3790000000015348	-1.1843392710986222e-08
1.3800000000015278	-1.1871055027867783e-08
1.3810000000015208	-1.1892087092846282e-08
1.382000000001514	-1.1906524877147717e-08
1.383000000001507	-1.1914254027800553e-08
1.3840000000015	-1.1915246567184568e-08
1.3850000000014933	-1.1909542019239439e-08
1.386000000001486	-1.1897099749802464e-08
1.3870000000014793	-1.187789155920882e-08
1.3880000000014725	-1.1852018477753745e-08
1.3890000000014653	-1.1819298428861202e-08
1.3900000000014585	-1.1779854203197715e-08
1.3910000000014515	-1.1733798155333375e-08
1.3920000000014445	-1.1680892031407097e-08
1.3930000000014378	-1.1621405171524657e-08
1.3940000000014305	-1.1555163270671187e-08
1.3950000000014238	-1.1482430339881944e-08
1.3960000000014168	-1.1403043176372307e-08
1.3970000000014098	-1.131714300051101e-08
1.398000000001403	-1.122483528348539e-08
1.399000000001396	-1.1125944388012954e-08
1.400000000001389	-1.1020880652523601e-08
1.4010000000013823	-1.0909337877507141e-08
1.4020000000013753	-1.0791739946114376e-08
1.4030000000013683	-1.0667829730692802e-08
1.4040000000013615	-1.0537950512201633e-08
1.4050000000013543	-1.040203834179465e-08
1.4060000000013475	-1.02601809270908e-08
1.4070000000013405	-1.0112479520429929e-08
1.4080000000013335	-9.959173041806935e-09
1.4090000000013267	-9.800077860333545e-09
1.4100000000013195	-9.635550357600664e-09
1.4110000000013128	-9.465515926621038e-09
1.4120000000013058	-9.290145319695853e-09
1.4130000000012988	-9.109582199684496e-09
1.414000000001292	-8.923876082533866e-09
1.415000000001285	-8.733188394671743e-09
1.416000000001278	-8.537559992305432e-09
1.4170000000012712	-8.337069701269684e-09
1.4180000000012642	-8.132043260999922e-09
1.4190000000012573	-7.922341227484253e-09
1.4200000000012505	-7.70829644558546e-09
1.4210000000012433	-7.489914910507878e-09
1.4220000000012365	-7.267204393812676e-09
1.4230000000012293	-7.040639848909791e-09
1.4240000000012225	-6.810069619334058e-09
1.4250000000012157	-6.575625599580803e-09
1.4260000000012085	-6.33760777191128e-09
1.4270000000012018	-6.096058990934239e-09
1.4280000000011948	-5.851028994641183e-09
1.4290000000011878	-5.602789565628541e-09
1.430000000001181	-5.351412424303703e-09
1.431000000001174	-5.0970747622614e-09
1.432000000001167	-4.839934231171128e-09
1.4330000000011602	-4.580066548243167e-09
1.4340000000011532	-4.317655566410394e-09
1.4350000000011462	-4.052908231244601e-09
1.4360000000011393	-3.7859206880597185e-09
1.4370000000011323	-3.516825497484888e-09
1.4380000000011255	-3.245832491671763e-09
1.4390000000011185	-2.973098212066816e-09
1.4400000000011115	-2.698772760822976e-09
1.4410000000011047	-2.4230575323969106e-09
1.4420000000010975	-2.1460695442954147e-09
1.4430000000010907	-1.8680377245061663e-09
1.4440000000010837	-1.589114173583539e-09
1.4450000000010768	-1.3095018402964342e-09
1.44600000000107	-1.0293437213704237e-09
1.447000000001063	-7.488865083615792e-10
1.448000000001056	-4.682609855422015e-10
1.449000000001049	-1.8770673904100477e-10
1.450000000001042	9.260969768831728e-11
1.4510000000010352	3.724716091113578e-10
1.4520000000010282	6.516978068304979e-10
1.4530000000010213	9.300755721142195e-10
1.4540000000010145	1.2074155009145215e-09
1.4550000000010075	1.4835030981430464e-09
1.4560000000010005	1.7581468503280462e-09
1.4570000000009937	2.0311450299459466e-09
1.4580000000009865	2.30230567943579e-09
1.4590000000009797	2.57140309045667e-09
1.460000000000973	2.8382265426785125e-09
1.4610000000009657	3.102634926754888e-09
1.462000000000959	3.364426959251432e-09
1.4630000000009518	3.623339961400518e-09
1.464000000000945	3.879288223984645e-09
1.465000000000938	4.131948783125949e-09
1.466000000000931	4.381286555776853e-09
1.4670000000009242	4.627006111590504e-09
1.4680000000009172	4.868970004956452e-09
1.4690000000009102	5.107038125728991e-09
1.4700000000009035	5.341036279915556e-09
1.4710000000008965	5.57068591255927e-09
1.4720000000008895	5.795965152266547e-09
1.4730000000008827	6.01666449995264e-09
1.4740000000008757	6.232637961289811e-09
1.4750000000008687	6.443682365464554e-09
1.476000000000862	6.649749417775297e-09
1.4770000000008547	6.850560230198255e-09
1.478000000000848	7.0461784185127385e-09
1.4790000000008408	7.236355181738929e-09
1.480000000000834	7.420914660549727e-09
1.4810000000008272	7.599846307826397e-09
1.48200000000082	7.773030885616095e-09
1.4830000000008132	7.940239465931143e-09
1.4840000000008062	8.101506576707607e-09
1.4850000000007992	8.256789363336736e-09
1.4860000000007925	8.405835805191941e-09
1.4870000000007855	8.548550867182314e-09
1.4880000000007785	8.68507321616363e-09
1.4890000000007717	8.81506112548891e-09
1.4900000000007645	8.938550122294942e-09
1.4910000000007577	9.055738159347015e-09
1.4920000000007507	9.165910475061878e-09
1.4930000000007437	9.269707224035528e-09
1.494000000000737	9.366681097411345e-09
1.49500000000073	9.456945004870931e-09
1.496000000000723	9.540214396253077e-09
1.497000000000716	9.616866414319247e-09
1.498000000000709	9.686509039319446e-09
1.4990000000007022	9.749239748835237e-09
1.5000000000006952	9.805041223387434e-09
1.5010000000006882	9.853901472567372e-09
1.5020000000006815	9.895720687325138e-09
1.5030000000006745	9.930638533717229e-09
1.5040000000006675	9.958479263438846e-09
1.5050000000006605	9.979399528958766e-09
1.5060000000006535	9.993199490132554e-09
1.5070000000006467	1.0000062444781577e-08
1.5080000000006397	1.0000008598964882e-08
1.5090000000006327	9.992848437612167e-09
1.5100000000006257	9.978832204993182e-09
1.5110000000006187	9.95787485802424e-09
1.512000000000612	9.930058553209165e-09
1.513000000000605	9.895477992571955e-09
1.514000000000598	9.854064453307387e-09
1.5150000000005912	9.80575065590017e-09
1.5160000000005842	9.750884100157009e-09
1.5170000000005772	9.689353541730839e-09
1.5180000000005702	9.621183627572805e-09
1.5190000000005632	9.546638257695861e-09
1.5200000000005565	9.465515926621038e-09
1.5210000000005495	9.377936649457297e-09
1.5220000000005425	9.284305102497115e-09
1.5230000000005357	9.184301763554004e-09
1.5240000000005285	9.078137575002643e-09
1.5250000000005217	8.965880371469837e-09
1.5260000000005147	8.847843346870832e-09
1.5270000000005077	8.723700983814808e-09
1.528000000000501	8.593978639837019e-09
1.529000000000494	8.45850256503411e-09
1.530000000000487	8.31747926088866e-09
1.53100000000048	8.171041732119022e-09
1.532000000000473	8.019121366942272e-09
1.5330000000004662	7.862017148418943e-09
1.5340000000004592	7.699841098052218e-09
1.5350000000004522	7.532672707810661e-09
1.5360000000004455	7.360525300370568e-09
1.5370000000004385	7.1837197301860556e-09
1.5380000000004315	7.00225000205279e-09
1.5390000000004245	6.816243347529394e-09
1.5400000000004175	6.625978321572745e-09
1.5410000000004107	6.431416954555402e-09
1.5420000000004037	6.232761307067847e-09
1.5430000000003967	6.030256072264706e-09
1.5440000000003897	5.823853843622828e-09
1.5450000000003827	5.613855047492677e-09
1.546000000000376	5.40029243545348e-09
1.547000000000369	5.18352372136377e-09
1.548000000000362	4.9634337750958935e-09
1.549000000000355	4.7403546643565164e-09
1.5500000000003482	4.514441709346784e-09
1.5510000000003412	4.285727883690527e-09
1.5520000000003342	4.054550584164929e-09
1.5530000000003272	3.8209322372750876e-09
1.5540000000003205	3.5850861168640336e-09
1.5550000000003135	3.347287114152664e-09
1.5560000000003065	3.10747172438397e-09
1.5570000000002997	2.866084480857012e-09
1.5580000000002925	2.6230764227364034e-09
1.5590000000002857	2.3787237735106714e-09
1.5600000000002787	2.133204612952966e-09
1.5610000000002717	1.886675815576666e-09
1.5620000000002647	1.6393009172332995e-09
1.5630000000002577	1.391302184572396e-09
1.564000000000251	1.142804517684226e-09
1.565000000000244	8.940077567132221e-10
1.566000000000237	6.451053025102738e-10
1.5670000000002302	3.96242594291607e-10
1.5680000000002232	1.4760859201601306e-10
1.5690000000002162	-1.0064504785134432e-10
1.5700000000002092	-3.4830560657894694e-10
1.5710000000002025	-5.952358606009511e-10
1.5720000000001955	-8.412626151255154e-10
1.5730000000001885	-1.0862126753607981e-09
1.5740000000001815	-1.3299263912358583e-09
1.5750000000001747	-1.5722443347243598e-09
1.5760000000001675	-1.8130839052332703e-09
1.5770000000001607	-2.0521213617286094e-09
1.5780000000001537	-2.289349820827624e-09
1.5790000000001467	-2.52457654781324e-09
1.58000000000014	-2.7576549932462058e-09
1.581000000000133	-2.988464364861443e-09
1.582000000000126	-3.2168603336657497e-09
1.583000000000119	-3.4426770323392475e-09
1.584000000000112	-3.6658354130025828e-09
1.5850000000001052	-3.886175159451e-09
1.5860000000000982	-4.103634321239724e-09
1.5870000000000912	-4.318007063019991e-09
1.5880000000000845	-4.529220110072174e-09
1.5890000000000775	-4.737167991208935e-09
1.5900000000000705	-4.941750564313452e-09
1.5910000000000635	-5.142831271953696e-09
1.5920000000000565	-5.340317299484809e-09
1.5930000000000497	-5.534132041518092e-09
1.5940000000000427	-5.7241251738560095e-09
1.5950000000000357	-5.910252953711392e-09
1.5960000000000287	-6.0923546207902746e-09
1.5970000000000217	-6.270439056876853e-09
1.598000000000015	-6.44427866625108e-09
1.599000000000008	-6.613857239656795e-09
1.600000000000001	-6.779160788283889e-09
1.6009999999999942	-6.939957497564819e-09
1.6019999999999872	-7.0962020704001816e-09
1.6029999999999802	-7.247866973258965e-09
1.6039999999999732	-7.394857393094867e-09
1.6049999999999662	-7.536974377941874e-09
1.6059999999999595	-7.674276103486477e-09
1.6069999999999525	-7.806674640065125e-09
1.6079999999999455	-7.93393195586134e-09
1.6089999999999387	-8.056129097155917e-09
1.6099999999999315	-8.17315837231547e-09
1.6109999999999247	-8.2849522797801e-09
1.6119999999999177	-8.391380257322112e-09
1.6129999999999107	-8.492317959962747e-09
1.6139999999999037	-8.587922151193084e-09
1.614999999999897	-8.67795879599953e-09
1.61599999999989	-8.762343517432214e-09
1.616999999999883	-8.841191778685697e-09
1.617999999999876	-8.914205373855566e-09
1.6189999999998692	-8.981512644723466e-09
1.6199999999998622	-9.042951720772407e-09
1.6209999999998552	-9.098602760104768e-09
1.6219999999998485	-9.148318991236692e-09
1.6229999999998415	-9.192079097886108e-09
1.6239999999998345	-9.229873532135002e-09
1.6249999999998275	-9.261678091121439e-09
1.6259999999998205	-9.287465907448222e-09
1.6269999999998137	-9.30713772717695e-09
1.6279999999998067	-9.320836102943986e-09
1.6289999999997997	-9.328450456536075e-09
1.6299999999997927	-9.329927719292641e-09
1.6309999999997857	-9.32541599496517e-09
1.631999999999779	-9.314830684559183e-09
1.632999999999772	-9.298184666661768e-09
1.633999999999765	-9.275488599413961e-09
1.634999999999758	-9.246793997164104e-09
1.6359999999997512	-9.212195895003106e-09
1.6369999999997442	-9.171541526242777e-09
1.6379999999997372	-9.124968558538171e-09
1.6389999999997302	-9.072645523744427e-09
1.6399999999997235	-9.014307522647869e-09
1.6409999999997165	-8.950230112603208e-09
1.6419999999997095	-8.880449264836443e-09
1.6429999999997025	-8.804895923475442e-09
1.6439999999996955	-8.723671118815446e-09
1.6449999999996887	-8.63696802966274e-09
1.6459999999996817	-8.544583041114606e-09
1.6469999999996747	-8.44680081435456e-09
1.6479999999996677	-8.34361091328617e-09
1.6489999999996607	-8.235019111069164e-09
1.649999999999654	-8.121140204764288e-09
1.650999999999647	-8.002100981840954e-09
1.65199999999964	-7.877941632372654e-09
1.6529999999996332	-7.748757191450295e-09
1.6539999999996262	-7.614514130338534e-09
1.6549999999996192	-7.47546802237764e-09
1.6559999999996122	-7.331684148681461e-09
1.6569999999996052	-7.1831409709233185e-09
1.6579999999995985	-7.0300114618504495e-09
1.6589999999995915	-6.872370006405504e-09
1.6599999999995845	-6.710356714734189e-09
1.6609999999995777	-6.54394338717168e-09
1.6619999999995705	-6.373374716872604e-09
1.6629999999995637	-6.198629387554888e-09
1.6639999999995567	-6.019894360775879e-09
1.6649999999995497	-5.837255789842288e-09
1.665999999999543	-5.650774959065075e-09
1.666999999999536	-5.460620400299376e-09
1.667999999999529	-5.266867830755473e-09
1.668999999999522	-5.069659358980516e-09
1.669999999999515	-4.869015635122764e-09
1.6709999999995082	-4.665200670217473e-09
1.6719999999995012	-4.458171387611287e-09
1.6729999999994942	-4.2482093398632514e-09
1.6739999999994875	-4.035307643590613e-09
1.6749999999994805	-3.819631944068647e-09
1.6759999999994735	-3.6013603210705014e-09
1.6769999999994665	-3.38051542314588e-09
1.6779999999994595	-3.1572844338967343e-09
1.6789999999994527	-2.9317730465550085e-09
1.6799999999994457	-2.7041675565442347e-09
1.6809999999994387	-2.474547899922186e-09
1.6819999999994317	-2.243011998359634e-09
1.6829999999994247	-2.009753696796679e-09
1.683999999999418	-1.7748913450077453e-09
1.684999999999411	-1.5385517304622454e-09
1.685999999999404	-1.3008698562799736e-09
1.6869999999993972	-1.0620080370671303e-09
1.6879999999993902	-8.221177072442742e-10
1.6889999999993832	-5.812046399711335e-10
1.6899999999993762	-3.3963032386452596e-10
1.6909999999993692	-9.7367225393441e-11
1.6919999999993625	1.4541601256468084e-10
1.6929999999993555	3.885128885272593e-10
1.6939999999993485	6.318459089271755e-10
1.6949999999993415	8.752731872618824e-10
1.6959999999993345	1.1186356285719512e-09
1.6969999999993277	1.3617630356677068e-09
1.6979999999993207	1.6046629580657168e-09
1.6989999999993137	1.8469612506066824e-09
1.6999999999993067	2.088772044217535e-09
1.7009999999993	2.3298000195737245e-09
1.701999999999293	2.569959800524657e-09
1.702999999999286	2.809151133931209e-09
1.703999999999279	3.0472085965627116e-09
1.7049999999992722	3.284025273941893e-09
1.7059999999992652	3.5194632763690947e-09
1.7069999999992582	3.753400479311608e-09
1.7079999999992515	3.9857451783475994e-09
1.7089999999992442	4.216333393536331e-09
1.7099999999992375	4.445038781497601e-09
1.7109999999992305	4.67180005792045e-09
1.7119999999992235	4.896429595113716e-09
1.7129999999992167	5.1188717709038656e-09
1.7139999999992095	5.338991915238012e-09
1.7149999999992027	5.556621274216411e-09
1.7159999999991957	5.771696898193568e-09
1.7169999999991887	5.9841102073576735e-09
1.717999999999182	6.19369944221404e-09
1.718999999999175	6.40032449261696e-09
1.719999999999168	6.603955937656281e-09
1.720999999999161	6.80444400824598e-09
1.721999999999154	7.001623281155389e-09
1.7229999999991472	7.195458562314627e-09
1.7239999999991402	7.385756006783595e-09
1.7249999999991332	7.572476534711825e-09
1.7259999999991265	7.755484698890314e-09
1.7269999999991195	7.934688905919529e-09
1.7279999999991125	8.109933502531419e-09
1.7289999999991055	8.281221819395057e-09
1.7299999999990985	8.448434396512994e-09
1.7309999999990917	8.611396262736548e-09
1.7319999999990847	8.769975079481185e-09
1.7329999999990777	8.924401440069119e-09
1.7339999999990707	9.074349049953412e-09
1.7349999999990655	9.21972842515828e-09
1.7359999999990614	9.360598407504028e-09
1.7369999999990573	9.496776698370013e-09
1.7379999999990532	9.628407071637923e-09
1.7389999999990489	9.755162122537797e-09
1.7399999999990448	9.877216045062198e-09
1.7409999999990406	9.99445270988275e-09
1.7419999999990363	1.0106852577074221e-08
1.7429999999990322	1.0214291745747062e-08
1.743999999999028	1.0316915544095195e-08
1.744999999999024	1.0414533235802992e-08
1.74599999999902	1.0507099745815651e-08
1.7469999999990156	1.0594641164374252e-08
1.7479999999990115	1.0677263739822251e-08
1.7489999999990071	1.0754818813296652e-08
1.749999999999003	1.0827042373762197e-08
1.7509999999990045	1.0894410484851846e-08
1.751999999999006	1.0956554108432215e-08
1.7529999999990071	1.1013462253295359e-08
1.7539999999990086	1.1065309335478446e-08
1.75499999999901	1.11118799717147e-08
1.7559999999990115	1.1153299617205903e-08
1.756999999999013	1.1189431603497724e-08
1.7579999999990141	1.1220323559157919e-08
1.7589999999990156	1.1245955944261254e-08
1.759999999999017	1.1266324873027145e-08
1.7609999999990182	1.1281345191349601e-08
1.7619999999990197	1.1291178991790218e-08
1.7629999999990211	1.1295701596303331e-08
1.7639999999990226	1.1294875035261498e-08
1.7649999999990238	1.1288784351748404e-08
1.7659999999990263	1.1277365707940135e-08
1.7669999999990305	1.1260646415323095e-08
1.7679999999990346	1.1238699193505397e-08
1.7689999999990387	1.1211564232560534e-08
1.769999999999043	1.1179104197900358e-08
1.7709999999990471	1.1141501610190119e-08
1.7719999999990512	1.1098669316922383e-08
1.7729999999990556	1.1050803605527904e-08
1.7739999999990597	1.0997647681421086e-08
1.7749999999990638	1.0939540606713649e-08
1.7759999999990679	1.0876431977280276e-08
1.776999999999072	1.080831601996124e-08
1.7779999999990763	1.0735294098118686e-08
1.7789999999990804	1.0657512650169565e-08
1.7799999999990845	1.0574833231302705e-08
1.7809999999990886	1.0487532509095843e-08
1.781999999999093	1.0395563077025827e-08
1.782999999999097	1.0299010977377066e-08
1.7839999999991012	1.019797046808435e-08
1.7849999999991053	1.0092460867028308e-08
1.7859999999991096	9.982771276284552e-09
1.7869999999991137	9.868637684817827e-09
1.7879999999991179	9.750469431857312e-09
1.788999999999122	9.628178587739455e-09
1.789999999999126	9.501891162777554e-09
1.7909999999991304	9.371640907751555e-09
1.7919999999991345	9.237650644422502e-09
1.7929999999991386	9.099837550152756e-09
1.7939999999991427	8.958449093654508e-09
1.794999999999147	8.813480167901844e-09
1.7959999999991512	8.665009154640302e-09
1.7969999999991553	8.513155957956542e-09
1.7979999999991594	8.358010616937861e-09
1.7989999999991637	8.199693368737826e-09
1.7999999999991678	8.03821476047517e-09
1.800999999999172	7.873761087573428e-09
1.801999999999176	7.706326798917473e-09
1.8029999999991801	7.53612661164027e-09
1.8039999999991845	7.363146203864801e-09
1.8049999999991886	7.1876222751399155e-09
1.8059999999991927	7.009459901397008e-09
1.8069999999991968	6.82904277571339e-09
1.8079999999992011	6.6461506298409745e-09
1.8089999999992052	6.46113951230376e-09
1.8099999999992094	6.274044395127021e-09
1.8109999999992135	6.08490546838425e-09
1.8119999999992178	5.8940085034819845e-09
1.812999999999222	5.701270344715681e-09
1.813999999999226	5.5070112914279434e-09
1.8149999999992301	5.311138084884703e-09
1.8159999999992344	5.1139391610277585e-09
1.8169999999992386	4.915460039001118e-09
1.8179999999992427	4.715831281032479e-09
1.8189999999992468	4.515174345520734e-09
1.819999999999251	4.313568058300632e-09
1.8209999999992552	4.1112480086979986e-09
1.8219999999992593	3.908163570542911e-09
1.8229999999992634	3.704567430595773e-09
1.8239999999992675	3.500516987386959e-09
1.8249999999992719	3.296097395022457e-09
1.825999999999276	3.091497280394151e-09
1.82699999999928	2.886754613129483e-09
1.8279999999992842	2.6820262677418327e-09
1.8289999999992885	2.477399618783238e-09
1.8299999999992926	2.272983135043205e-09
1.8309999999992967	2.0688959434522758e-09
1.8319999999993009	1.8652210886926923e-09
1.8329999999993052	1.6621044540698904e-09
1.8339999999993093	1.4595504804759685e-09
1.8349999999993134	1.2578298402843302e-09
1.8359999999993175	1.0568793618048744e-09
1.8369999999993218	8.568786791229854e-10
1.837999999999326	6.579133904338619e-10
1.83899999999933	4.600955172406884e-10
1.8399999999993342	2.634998885753248e-10
1.8409999999993385	6.826139653526297e-11
1.8419999999993426	-1.255413550893536e-10
1.8429999999993467	-3.1781177689538254e-10
1.8439999999993508	-5.084237475472264e-10
1.844999999999355	-6.973253086073328e-10
1.8459999999993593	-8.843898946508943e-10
1.8469999999993634	-1.0694711782832655e-09
1.8479999999993675	-1.2525307457877943e-09
1.8489999999993716	-1.4334411435612537e-09
1.849999999999376	-1.6121344259545367e-09
1.85099999999938	-1.7884855818550704e-09
1.8519999999993841	-1.9624011304841815e-09
1.8529999999993882	-2.133839327456144e-09
1.8539999999993926	-2.3026589524022256e-09
1.8549999999993967	-2.4688211475165645e-09
1.8559999999994008	-2.6322426460723136e-09
1.856999999999405	-2.7927586909726188e-09
1.857999999999409	-2.9504652054868075e-09
1.8589999999994133	-3.105160351069003e-09
1.8599999999994175	-3.2568452379422297e-09
1.8609999999994216	-3.405421500346506e-09
1.861999999999426	-3.5508640472414754e-09
1.86299999999943	-3.6931202540557706e-09
1.863999999999434	-3.8320746575948306e-09
1.8649999999994382	-3.967803419158145e-09
1.8659999999994423	-4.100177974919461e-09
1.8669999999994467	-4.229130601274278e-09
1.8679999999994508	-4.354693494690309e-09
1.8689999999994549	-4.476819359666706e-09
1.869999999999459	-4.59540050457008e-09
1.870999999999463	-4.710534406981992e-09
1.8719999999994674	-4.822089616496328e-09
1.8729999999994715	-4.930068797648346e-09
1.8739999999994756	-5.034512362556143e-09
1.87499999999948	-5.1353632457562526e-09
1.875999999999484	-5.232546618216816e-09
1.8769999999994882	-5.326166618857542e-09
1.8779999999994923	-5.41624078920222e-09
1.8789999999994964	-5.502659883305228e-09
1.8799999999995007	-5.5854549874112536e-09
1.8809999999995048	-5.664661628657086e-09
1.881999999999509	-5.740342867710524e-09
1.882999999999513	-5.812302861230023e-09
1.8839999999995174	-5.880658626722379e-09
1.8849999999995215	-5.945479664148934e-09
1.8859999999995256	-6.00669669559295e-09
1.8869999999995297	-6.064224677970742e-09
1.887999999999534	-6.1181908428409315e-09
1.8889999999995382	-6.168614952173357e-09
1.8899999999995423	-6.215438830281528e-09
1.8909999999995464	-6.258619178467484e-09
1.8919999999995505	-6.298243038216356e-09
1.8929999999995548	-6.3342651124287386e-09
1.893999999999559	-6.366758453779653e-09
1.894999999999563	-6.3957172891093705e-09
1.8959999999995671	-6.42110231652282e-09
1.8969999999995715	-6.442988587096465e-09
1.8979999999995756	-6.4614138484131445e-09
1.8989999999995797	-6.4763798768296965e-09
1.8999999999995838	-6.487989923087412e-09
1.9009999999995881	-6.496129856259358e-09
1.9019999999995922	-6.500955107568984e-09
1.9029999999995963	-6.5025240747473845e-09
1.9039999999996005	-6.500757043781391e-09
1.9049999999996048	-6.495772808534639e-09
1.905999999999609	-6.487663073428962e-09
1.906999999999613	-6.476402525379399e-09
1.9079999999996171	-6.462067991819254e-09
1.9089999999996214	-6.44469211330545e-09
1.9099999999996256	-6.424380361025328e-09
1.9109999999996297	-6.40109543148526e-09
1.9119999999996338	-6.374936356579042e-09
1.9129999999996379	-6.345927339168611e-09
1.9139999999996422	-6.314144984642667e-09
1.9149999999996463	-6.279662567720834e-09
1.9159999999996504	-6.242494299257828e-09
1.9169999999996545	-6.202655944420599e-09
1.9179999999996589	-6.160248311459782e-09
1.918999999999663	-6.1153888619713825e-09
1.919999999999667	-6.067994773317764e-09
1.9209999999996712	-6.018170406463241e-09
1.9219999999996755	-5.965998806090056e-09
1.9229999999996796	-5.911495293275948e-09
1.9239999999996837	-5.854706941477161e-09
1.9249999999996878	-5.795766311322836e-09
1.9259999999996922	-5.7345983517365084e-09
1.9269999999996963	-5.671329628142985e-09
1.9279999999997004	-5.605990782697745e-09
1.9289999999997045	-5.538645986291613e-09
1.9299999999997088	-5.4693067852440436e-09
1.930999999999713	-5.398086200258945e-09
1.931999999999717	-5.324919616356283e-09
1.9329999999997212	-5.249947365726371e-09
1.9339999999997253	-5.173179218331825e-09
1.9349999999997296	-5.094618504841719e-09
1.9359999999997337	-5.014383352985874e-09
1.9369999999997378	-4.932468655738376e-09
1.937999999999742	-4.848922374733888e-09
1.9389999999997463	-4.763815342201383e-09
1.9399999999997504	-4.67716199104018e-09
1.9409999999997545	-4.5890329314346445e-09
1.9419999999997586	-4.499400851898372e-09
1.942999999999763	-4.408391429677749e-09
1.943999999999767	-4.315949597710755e-09
1.9449999999997711	-4.222205918225086e-09
1.9459999999997752	-4.1271412953847175e-09
1.9469999999997794	-4.030831890489139e-09
1.9479999999997837	-3.933305237069362e-09
1.9489999999997878	-3.8345893127456065e-09
1.949999999999792	-3.734730968929512e-09
1.950999999999796	-3.6337950426457155e-09
1.9519999999998003	-3.531782644117243e-09
1.9529999999998044	-3.428739514532708e-09
1.9539999999998086	-3.3247011810288996e-09
1.9549999999998127	-3.2197220445340236e-09
1.955999999999817	-3.1137954437099324e-09
1.956999999999821	-3.007007753907942e-09
1.9579999999998252	-2.8993194511883758e-09
1.9589999999998293	-2.790880193614953e-09
1.9599999999998337	-2.68164201955301e-09
1.9609999999998378	-2.571659774019963e-09
1.9619999999998419	-2.4609745352677237e-09
1.962999999999846	-2.3496498080533e-09
1.9639999999998503	-2.2377084629709998e-09
1.9649999999998544	-2.1252171134023e-09
1.9659999999998585	-2.012191524514151e-09
1.9669999999998626	-1.898706081249202e-09
1.9679999999998667	-1.7847852085139948e-09
1.968999999999871	-1.6704833072367364e-09
1.9699999999998752	-1.5558461186060413e-09
1.9709999999998793	-1.4409320403530046e-09
1.9719999999998834	-1.3257464015481446e-09
1.9729999999998877	-1.210414435348639e-09
1.9739999999998918	-1.094908830268082e-09
1.974999999999896	-9.793104105426664e-10
1.9759999999999	-8.636820147955859e-10
1.9769999999999044	-7.480329689002474e-10
1.9779999999999085	-6.324505363863864e-10
1.9789999999999126	-5.169704664353958e-10
1.9799999999999167	-4.016418309049641e-10
1.980999999999921	-2.865174764110634e-10
1.9819999999999252	-1.7166201793372693e-10
1.9829999999999293	-5.7118754170915054e-11
1.9839999999999334	5.702549543684654e-11
1.9849999999999375	1.70700675816704e-10
1.9859999999999418	2.838473900368399e-10
1.986999999999946	3.963970263143324e-10
1.98799999999995	5.082848586468458e-10
1.9889999999999541	6.194622592659016e-10
1.9899999999999585	7.298629478569296e-10
1.9909999999999626	8.39422864551409e-10
1.9919999999999667	9.481001539413114e-10
1.9929999999999708	1.0558300900243012e-09
1.9939999999999751	1.1625574947160544e-09
1.9949999999999792	1.268346427885092e-09
1.9959999999999833	1.3730409031964541e-09
1.9969999999999875	1.4766096123608463e-09
1.9979999999999918	1.5791177254698141e-09
1.998999999999996	1.6803537450371664e-09
2.0	1.780443903420803e-09
2.0010279404845495	1.8821446623462634e-09
2.0021217900815715	1.9888066749018662e-09
2.0032857751923165	2.1006201222917298e-09
2.004524391841744	2.2176822600528112e-09
2.005842426366887	2.339765603487365e-09
2.007244970197923	2.4669452036718553e-09
2.0087374418720856	2.5990907204231917e-09
2.0103256076664273	2.7358417753475806e-09
2.0120156028936726	2.8769497895098084e-09
2.013813957200875	3.0217338631288726e-09
2.0157276178435577	3.1700575497950467e-09
2.0177639781367303	3.3209645033949187e-09
2.019930905358886	3.473502818707175e-09
2.0222367711443985	3.627171452080802e-09
2.024690484011897	3.779668800163449e-09
2.027301523572695	3.9305438903625145e-09
2.0300799770731848	4.0775960385985854e-09
2.033036578410754	4.218751792350872e-09
2.036182751117039	4.3526445780983636e-09
2.039530649180409	4.47591108621026e-09
2.043093206833892	4.58570637018596e-09
2.046884188175661	4.678752274500653e-09
2.050918238233338	4.749569071371695e-09
2.0552109433735133	4.796134045470524e-09
2.059778886913171	4.815394971657838e-09
2.0646397170403086	4.80137996028418e-09
2.0698122132469665	4.752757187809209e-09
2.0753163565584574	4.659215235847114e-09
2.081173414838828	4.5165852169404275e-09
2.0874060143976347	4.318093549393609e-09
2.094038234979271	4.056112112849064e-09
2.1010956980169606	3.732903652853281e-09
2.1086056699538682	3.3420155531871387e-09
2.116597165034399	2.8737530133327027e-09
2.125101056786564	2.3284718597693654e-09
2.1341501990307465	1.7211980729570087e-09
2.143779554474847	1.0630003544065403e-09
2.1540263207146424	3.854176977569068e-10
2.1649300857539027	-2.5535773495732883e-10
2.1765329774064615	-8.101417314776427e-10
2.1888798204423576	-1.2408485350334786e-09
2.2020183144046843	-1.4958985161683813e-09
2.2159992202680474	-1.5554140198048572e-09
2.2308765524295735	-1.42187173146624e-09
2.246707783705272	-1.0541052475332435e-09
2.263554079768369	-5.419937831874222e-10
2.2814805235907363	1.7106727145943523e-10
2.3005563724108544	1.0073606393490309e-09
2.320855322320133	1.8432002590884622e-09
2.3424557929209753	2.4133569587192483e-09
2.3654412374910825	2.625068939998698e-09
2.389900455657507	2.390337483504368e-09
2.41592795027163	1.8094118425793226e-09
2.44362426638729	1.3095450279720922e-09
2.473096411506492	5.806792824358809e-10
2.5044582437089975	-6.89552859256537e-11
2.537830924630887	-7.449219019406428e-11
2.5733433911797423	8.832323761254202e-10
2.611132843166974	2.0635892994391725e-09
2.6513452603475027	2.525586406676439e-09
2.6941360153529494	2.7328638241286285e-09
2.739670418177515	3.0044154941677448e-09
2.788124380079947	2.3101727197882838e-09
2.839685109337027	1.5723020663216403e-09
2.894551789617174	1.3196626014178037e-09
2.9529364084026577	1.2230593204876072e-09
3.0150645170164534	1.6122495560821903e-09
3.0811761422888653	1.375474178999525e-09
3.1515266965252042	-2.274840316118798e-10
3.226387989377641	-3.3045721714586307e-10
3.30604919671757	1.2580495534209035e-09
3.39081811677136	4.270192976996157e-09
3.4810222154328754	4.762913841105387e-09
3.577010018652917	3.6739546960262714e-09
3.6791523315125145	2.4215738303468015e-09
3.7878438030764574	1.1917218323276302e-09
3.9035043177534527	-1.0506262526632781e-11
4.02658072998157	1.2506803370726516e-09
4.157548527011607	2.2001601651666647e-09
4.296913682346355	-9.545622070561421e-10
4.445214635465608	-5.474811715089345e-10
4.603024347307951	1.0501461922274302e-09
4.770952424745148	2.108307195491932e-09
4.9496476786701376	-2.5809177017777074e-10
5.139800459354712	-1.92536742105176e-09
5.342145448462832	1.1437917279977228e-09
5.557464321076707	8.597647038754985e-10
5.786588991858403	-1.059597742880669e-09
6.03040459644804	-3.72613051524695e-12
6.289853138906711	-1.382964853746671e-10
6.565936951835777	-1.5304735256904678e-10
6.859722633511745	-5.449467543883202e-10
7.172345245053396	-6.338478630851796e-10
7.505012494394354	-4.1480552326333964e-10
7.859009576011049	4.542550779973453e-10
8.23570422033976	-8.556932939995932e-11
8.636551628113326	-2.1208679257256335e-10
9.063100564489073	2.294320289308871e-11
9.516998831091398	-3.7857694756837645e-10
10.0	4.605049674921702e-10
