0.0	0.6898804950563515
0.0010000000000041087	0.6897021427790918
0.0020000000000082174	0.6892692211147776
0.003000000000012548	0.6885476599258898
0.004000000000016657	0.6875623142871932
0.005000000000020766	0.6862820094590929
0.006000000000024874	0.6847354417740756
0.007000000000029205	0.682907690265802
0.008000000000033314	0.6808076993633061
0.009000000000037423	0.678438673849141
0.010000000000041753	0.6758017714055332
0.011000000000045862	0.6728981782501525
0.01200000000004997	0.6697398756232327
0.01300000000005408	0.666321790664834
0.01400000000005841	0.662654291283239
0.015000000000062519	0.658742578609472
0.016000000000066406	0.6545853880483212
0.017000000000070736	0.650196620902791
0.018000000000074845	0.6455774930841794
0.019000000000078954	0.6407325057210049
0.020000000000083062	0.6356708815735445
0.021000000000087393	0.6303995313810684
0.022000000000091502	0.6249181903723187
0.02300000000009561	0.6192481820995964
0.02400000000009972	0.6133766122036206
0.02500000000010405	0.6073295481162986
0.02600000000010816	0.6011010408102693
0.027000000000112268	0.5947054801824124
0.0280000000001166	0.5881449835723522
0.029000000000120707	0.5814346487446969
0.030000000000124816	0.574573151113998
0.031000000000128924	0.5675737639245734
0.032000000000133255	0.5604444920742013
0.033000000000137364	0.5531886264923386
0.03400000000014147	0.5458180468384025
0.0350000000001458	0.5383396115793653
0.03600000000014991	0.5307581208373976
0.03700000000015402	0.5230854137167338
0.03800000000015813	0.5153260656428887
0.03900000000016246	0.507489156889917
0.04000000000016657	0.4995810739428922
0.04100000000017068	0.4916101784884621
0.04200000000017501	0.4835830023483433
0.04300000000017912	0.47550715651855946
0.044000000000183226	0.4673902549466571
0.045000000000187335	0.45923776750054635
0.046000000000191665	0.4510584097959882
0.04700000000019555	0.44285755284765993
0.04800000000019966	0.43464248252219007
0.04900000000020399	0.4264196030694951
0.0500000000002081	0.41819493319018897
0.05100000000021221	0.40997499759040656
0.05200000000021632	0.4017657239014366
0.05300000000022065	0.39357267793261586
0.05400000000022476	0.385402368194948
0.055000000000228866	0.37725938515811663
0.0560000000002332	0.369149258645999
0.057000000000237305	0.3610784022334145
0.058000000000241414	0.3530497954708538
0.05900000000024552	0.34506990536792737
0.060000000000249853	0.337143901625637
0.06100000000025396	0.3292731525051992
0.06200000000025807	0.3214661435314258
0.0630000000002624	0.31372439870983926
0.06400000000026651	0.30605199425316376
0.06500000000027062	0.2984539311150941
0.06600000000027473	0.2909333681207329
0.06700000000027906	0.2834924564143375
0.06800000000028317	0.2761377956224075
0.06900000000028728	0.2688673616600693
0.0700000000002916	0.2616903352570348
0.07100000000029572	0.2546039216322161
0.07200000000029982	0.2476136636087276
0.07300000000030393	0.24072152160879456
0.07400000000030826	0.23392989133319253
0.07500000000031237	0.227239204240146
0.07600000000031648	0.22065487647586135
0.07700000000032081	0.2141753937445945
0.0780000000003247	0.20780308726974572
0.07900000000032881	0.20154093985741006
0.08000000000033292	0.19538888313654623
0.08100000000033725	0.18934854455552808
0.08200000000034136	0.18342061861073145
0.08300000000034546	0.17760641050178383
0.0840000000003498	0.17190659104422457
0.0850000000003539	0.1663219395363149
0.08600000000035801	0.16085190405895555
0.08700000000036212	0.1554986279486975
0.08800000000036645	0.15025955046597794
0.08900000000037056	0.14513863692843465
0.09000000000037467	0.1401321710078527
0.091000000000379	0.13524277117302974
0.09200000000038311	0.1304675518610734
0.09300000000038722	0.12580980638871708
0.09400000000039133	0.12126263971481599
0.09500000000039566	0.11683461856283484
0.09600000000039977	0.11251659219808996
0.09700000000040387	0.10831127012861097
0.0980000000004082	0.10422114209225652
0.09900000000041231	0.10023753670134405
0.10000000000041642	0.0963675092849452
0.10100000000042053	0.09260355912362583
0.10200000000042486	0.08894905375291418
0.10300000000042897	0.08540028915570441
0.10400000000043308	0.08195414954697378
0.10500000000043741	0.07861685443488908
0.10600000000044152	0.0753757456327927
0.10700000000044563	0.07223941683700408
0.10800000000044951	0.06920151411075426
0.10900000000045384	0.06625803853199752
0.11000000000045795	0.06341544396987908
0.11100000000046206	0.060664141726433196
0.1120000000004664	0.0580039983626911
0.1130000000004705	0.05543627473539936
0.11400000000047461	0.052957839853753574
0.11500000000047872	0.05056459256089196
0.11600000000048305	0.04825854351118475
0.11700000000048716	0.04603406593536352
0.11800000000049127	0.04389204637594801
0.1190000000004956	0.04182920145483604
0.12000000000049971	0.03984425289285998
0.12100000000050382	0.037934767030649685
0.12200000000050792	0.036099747701693
0.12300000000051226	0.034336393402407794
0.12400000000051636	0.032643076700163864
0.12500000000052047	0.031017960347732187
0.1260000000005248	0.029459050147940147
0.1270000000005289	0.027964716387091526
0.12800000000053302	0.02653274161066599
0.12900000000053713	0.025161219137398216
0.13000000000054146	0.023848951652138517
0.13100000000054557	0.0225925533744189
0.13200000000054968	0.021392742827080813
0.133000000000554	0.020245001666441942
0.13400000000055812	0.019149243300771612
0.13500000000056223	0.01810397742503156
0.13600000000056633	0.01710577650272438
0.13700000000057067	0.016155247920506377
0.13800000000057477	0.015247835536423615
0.13900000000057866	0.014385701970137776
0.140000000000583	0.013563134153627976
0.1410000000005871	0.01278241687477566
0.1420000000005912	0.012038639369227444
0.14300000000059532	0.01133327249740046
0.14400000000059965	0.010662549209791816
0.14500000000060376	0.010026214001461087
0.14600000000060787	0.009422835613863922
0.1470000000006122	0.008850823154967102
0.1480000000006163	0.00830848103330295
0.14900000000062041	0.007795679792337751
0.15000000000062452	0.007309777252363592
0.15100000000062885	0.0068507515226694515
0.15200000000063296	0.006416564192647356
0.15300000000063707	0.006006629787626672
0.1540000000006414	0.005619377041505391
0.1550000000006455	0.005254395684123336
0.15600000000064962	0.004909851785262376
0.15700000000065373	0.004585511233283546
0.15800000000065806	0.004279842979060811
0.15900000000066217	0.003992431195760204
0.16000000000066628	0.0037218344321565677
0.16100000000067038	0.0034676246246236886
0.16200000000067472	0.0032287293318812305
0.16300000000067882	0.0030046720029793805
0.16400000000068293	0.002794121862991661
0.16500000000068726	0.002597087072174542
0.16600000000069137	0.0024120388470479925
0.16700000000069548	0.002239251598713299
0.1680000000006996	0.00207706946224151
0.16900000000070392	0.0019259035084639997
0.1700000000007078	0.0017842001024042098
0.17100000000071192	0.0016520570491525
0.17200000000071625	0.0015285925366615993
0.17300000000072036	0.001413642064285514
0.17400000000072446	0.0013062572752601254
0.17500000000072857	0.0012063795770503871
0.1760000000007329	0.0011134050913654825
0.177000000000737	0.0010268395526515928
0.17800000000074112	0.0009464802465855016
0.17900000000074545	0.0008716958347765313
0.18000000000074956	0.0008023969547668042
0.18100000000075367	0.0007379962465656753
0.18200000000075778	0.0006784039514939888
0.1830000000007621	0.0006230542492132729
0.18400000000076622	0.0005719606023233403
0.18500000000077033	0.0005245838103004052
0.18600000000077466	0.00048088430022696915
0.18700000000077877	0.00044045577724904916
0.18800000000078287	0.00040314839954869175
0.18900000000078698	0.0003687609632145872
0.1900000000007913	0.00033702206238561683
0.19100000000079542	0.00030783711034421124
0.19200000000079953	0.0002809352874837412
0.19300000000080386	0.0002562269024158903
0.19400000000080797	0.0002335020003197963
0.19500000000081208	0.000212636577255787
0.1960000000008162	0.00019348332197122176
0.19700000000082052	0.00017593337347843185
0.19800000000082463	0.00015985676236429658
0.19900000000082874	0.00014512082592710307
0.20000000000083307	0.00013166977516776424
0.20100000000083695	0.00011934117295919755
0.20200000000084106	0.00010811499779939115
0.20300000000084517	9.784078253505246e-05
0.2040000000008495	8.849556789747304e-05
0.2050000000008536	7.997241954793566e-05
0.20600000000085772	7.221066000240306e-05
0.20700000000086205	6.516045756288502e-05
0.20800000000086616	5.8745880728294786e-05
0.20900000000087027	5.2926792946328405e-05
0.21000000000087438	4.76394208758224e-05
0.2110000000008787	4.2854148069260134e-05
0.21200000000088282	3.851686167399837e-05
0.21300000000088692	3.459190765464637e-05
0.21400000000089126	3.1045778879024155e-05
0.21500000000089536	2.7839640390325826e-05
0.21600000000089947	2.4947327529334373e-05
0.21700000000090358	2.233866502665549e-05
0.2180000000009079	1.999100388683228e-05
0.21900000000091202	1.7875394089816865e-05
0.22000000000091613	1.5974735638302207e-05
0.22100000000092046	1.4266031323595385e-05
0.22200000000092457	1.2733863260616651e-05
0.22300000000092868	1.135808599972421e-05
0.2240000000009328	1.0127447470198447e-05
0.22500000000093712	9.024542624302967e-06
0.22600000000094123	8.039342427768048e-06
0.22700000000094533	7.159419120106314e-06
0.22800000000094967	6.373208609855574e-06
0.22900000000095377	5.6729869104543695e-06
0.23000000000095788	5.048984562883163e-06
0.23100000000096177	4.493640504144025e-06
0.2320000000009661	3.9999431782344885e-06
0.2330000000009702	3.561439745558559e-06
0.23400000000097432	3.17220032153287e-06
0.23500000000097865	2.827230156876581e-06
0.23600000000098276	2.521201961980246e-06
0.23700000000098687	2.2512171289346128e-06
0.23800000000099097	2.0109203618945415e-06
0.2390000000009953	1.799943318392394e-06
0.24000000000099941	1.6127382006514424e-06
0.24100000000100352	1.4476030494314784e-06
0.24200000000100785	1.3024713481080141e-06
0.24300000000101196	1.1736829359509926e-06
0.24400000000101607	1.0607988987221262e-06
0.24500000000102018	9.609500373208846e-07
0.2460000000010245	8.731410845452814e-07
0.24700000000102862	7.956274001852393e-07
0.24800000000103273	7.273466460233635e-07
0.24900000000103706	6.669893186650455e-07
0.25000000000104117	6.136636852005495e-07
0.2510000000010453	5.663466789984639e-07
0.2520000000010494	5.244846486007759e-07
0.2530000000010537	4.870692235092733e-07
0.2540000000010578	4.536386398745762e-07
0.25500000000106193	4.2361197272189344e-07
0.25600000000106626	3.9644388150072984e-07
0.25700000000107037	3.717101747513496e-07
0.2580000000010745	3.490803164307721e-07
0.2590000000010786	3.2809010908074754e-07
0.2600000000010829	3.085635342792159e-07
0.26100000000108703	2.901245047537415e-07
0.2620000000010909	2.726182990464565e-07
0.26300000000109525	2.557885661058634e-07
0.26400000000109936	2.3949476335438646e-07
0.26500000000110346	2.235659720684069e-07
0.2660000000011076	2.0788096355417451e-07
0.2670000000011119	1.9232488857046093e-07
0.268000000001116	1.7681309039119242e-07
0.2690000000011201	1.6126290869333815e-07
0.27000000000112445	1.4561643235655453e-07
0.27100000000112856	1.2982728303523317e-07
0.27200000000113267	1.1385237708161355e-07
0.2730000000011368	9.767834496798855e-08
0.2740000000011411	8.126918082940193e-08
0.2750000000011452	6.464263146988003e-08
0.2760000000011493	4.7787862222925526e-08
0.27700000000115366	3.0715665233493894e-08
0.27800000000115777	1.3461642800471907e-08
0.2790000000011619	-3.959640615391891e-09
0.280000000001166	-2.150118816324209e-08
0.2810000000011703	-3.912367985137166e-08
0.2820000000011744	-5.677422443284286e-08
0.28300000000117853	-7.439681892762451e-08
0.28400000000118286	-9.192852790107509e-08
0.28500000000118697	-1.0930829841271361e-07
0.2860000000011911	-1.264591662497594e-07
0.2870000000011952	-1.4332254760773822e-07
0.2880000000011995	-1.5980940659687803e-07
0.2890000000012036	-1.758596379630717e-07
0.29000000000120774	-1.9139889029240464e-07
0.29100000000121207	-2.0633957031890304e-07
0.2920000000012162	-2.2063534843574928e-07
0.29300000000122006	-2.3419916539424435e-07
0.29400000000122417	-2.4696374945065713e-07
0.2950000000012285	-2.588764567157398e-07
0.2960000000012326	-2.6988083567935917e-07
0.2970000000012367	-2.799125329300267e-07
0.29800000000124083	-2.8893228565252116e-07
0.29900000000124516	-2.968992465213205e-07
0.30000000000124927	-3.0378550164300577e-07
0.3010000000012534	-3.0955413277133914e-07
0.3020000000012577	-3.141973803355569e-07
0.3030000000012618	-3.1769950314952666e-07
0.3040000000012659	-3.200724592034021e-07
0.30500000000127003	-3.2131483829189733e-07
0.30600000000127436	-3.214474184609628e-07
0.3070000000012785	-3.205008334283832e-07
0.3080000000012826	-3.185022499074819e-07
0.3090000000012869	-3.154919578918225e-07
0.310000000001291	-3.115271900444583e-07
0.31100000000129513	-3.066500631199176e-07
0.31200000000129924	-3.0093261282893025e-07
0.31300000000130357	-2.944339860810885e-07
0.3140000000013077	-2.8722573497397264e-07
0.3150000000013118	-2.793882214469079e-07
0.3160000000013161	-2.7098281862869555e-07
0.3170000000013202	-2.6209946746291735e-07
0.31800000000132433	-2.5282006621552e-07
0.31900000000132844	-2.4320813651890205e-07
0.3200000000013328	-2.3335625853881936e-07
0.3210000000013369	-2.2333664584373025e-07
0.322000000001341	-2.1322092913500512e-07
0.3230000000013453	-2.0308438108962434e-07
0.3240000000013492	-1.9298940134859777e-07
0.3250000000013533	-1.8300703819029707e-07
0.3260000000013574	-1.7318262912624505e-07
0.32700000000136176	-1.635785844555926e-07
0.32800000000136587	-1.5423590182805924e-07
0.32900000000137	-1.4519693558590063e-07
0.3300000000013743	-1.3647987584519683e-07
0.3310000000013784	-1.2813151184509763e-07
0.3320000000013825	-1.2015830530565097e-07
0.33300000000138663	-1.125584963013182e-07
0.33400000000139096	-1.053659421934583e-07
0.33500000000139507	-9.854883975535245e-08
0.3360000000013992	-9.21032865530691e-08
0.3370000000014035	-8.60286806236843e-08
0.3380000000014076	-8.027672615540382e-08
0.3390000000014117	-7.483631403459867e-08
0.34000000000141584	-6.966703747224301e-08
0.34100000000142017	-6.473030844666994e-08
0.3420000000014243	-5.99873286599717e-08
0.3430000000014284	-5.538527925175174e-08
0.3440000000014327	-5.088224774851824e-08
0.3450000000014368	-4.642060913440105e-08
0.34600000000144093	-4.1953611251699385e-08
0.34700000000144504	-3.742083309887789e-08
0.34800000000144937	-3.2775742342394665e-08
0.3490000000014535	-2.795842601877041e-08
0.3500000000014576	-2.291753919969608e-08
0.3510000000014619	-1.7605363611394864e-08
0.35200000000146603	-1.1963554147342848e-08
0.35300000000147014	-5.952444537271617e-09
0.35400000000147425	4.75184336323764e-10
0.35500000000147836	7.360986487014998e-09
0.35600000000148246	1.4741214027225169e-08
0.3570000000014866	2.2650688102920924e-08
0.3580000000014909	3.1110552356494736e-08
0.359000000001495	4.0157947189811694e-08
0.3600000000014991	4.9794426582039364e-08
0.36100000000150323	6.003909436280708e-08
0.36200000000150756	7.089885700750642e-08
0.36300000000151167	8.237124626830905e-08
0.3640000000015158	9.445105741967552e-08
0.3650000000015201	1.0712548170754843e-07
0.3660000000015242	1.2037651919705183e-07
0.3670000000015283	1.3417528643699939e-07
0.36800000000153243	1.4849905050073886e-07
0.36900000000153677	1.633012041146742e-07
0.3700000000015409	1.7854552902818455e-07
0.371000000001545	1.9417649887998323e-07
0.3720000000015493	2.1015254081380164e-07
0.3730000000015534	2.2638945729180904e-07
0.37400000000155753	2.4285306199356427e-07
0.37500000000156164	2.5945009352046355e-07
0.37600000000156597	2.7611996045173726e-07
0.3770000000015701	2.927841898925365e-07
0.3780000000015742	3.093600812187347e-07
0.3790000000015785	3.2576957031960063e-07
0.3800000000015826	3.419229888113051e-07
0.38100000000158674	3.577465061965768e-07
0.38200000000159084	3.731384335958765e-07
0.3830000000015952	3.880303668379881e-07
0.3840000000015993	4.023284534415694e-07
0.3850000000016034	4.1595715916109555e-07
0.3860000000016075	4.2883239670388207e-07
0.3870000000016116	4.4089128081736817e-07
0.3880000000016157	4.520475622715736e-07
0.38900000000161983	4.6226041949815055e-07
0.39000000000162416	4.714291741425569e-07
0.39100000000162827	4.795481153285763e-07
0.3920000000016324	4.865169631607102e-07
0.3930000000016367	4.92336197144283e-07
0.3940000000016408	4.969292177747775e-07
0.3950000000016449	5.003054990293521e-07
0.39600000000164903	5.023841833651232e-07
0.39700000000165336	5.032122956105667e-07
0.3980000000016575	5.0271909701749e-07
0.3990000000016616	5.009505159581096e-07
0.4000000000016659	4.978658147969384e-07
0.40100000000167	4.934949601187455e-07
0.40200000000167413	4.878603513391866e-07
0.40300000000167824	4.809521640947167e-07
0.40400000000168257	4.7282142556781537e-07
0.4050000000016867	4.634715010665147e-07
0.4060000000016908	4.5297121453735656e-07
0.4070000000016951	4.4132061371993103e-07
0.4080000000016992	4.285833482553514e-07
0.40900000000170333	4.1480809753746684e-07
0.41000000000170744	4.000353877042784e-07
0.4110000000017118	3.843127655001055e-07
0.4120000000017159	3.6770690325926836e-07
0.41300000000172	3.5027767175677127e-07
0.4140000000017243	3.320831609698871e-07
0.41500000000172843	3.131884399598661e-07
0.41600000000173254	2.936609154735592e-07
0.4170000000017364	2.7357750931322755e-07
0.41800000000174076	2.530035974057654e-07
0.41900000000174487	2.3202053178739135e-07
0.420000000001749	2.107028721498594e-07
0.4210000000017533	1.8913607013892886e-07
0.4220000000017574	1.6739896957496114e-07
0.4230000000017615	1.4558091665506367e-07
0.42400000000176563	1.2376564906269039e-07
0.42500000000176996	1.0204444422790004e-07
0.42600000000177407	8.050382915847365e-08
0.4270000000017782	5.923680201913584e-08
0.4280000000017825	3.832826589444949e-08
0.4290000000017866	1.7872473834223968e-08
0.4300000000017907	-2.0484371976436933e-09
0.43100000000179484	-2.1340425870874924e-08
0.43200000000179917	-3.992628805349341e-08
0.4330000000018033	-5.7726383895229105e-08
0.4340000000018074	-7.465246310012219e-08
0.4350000000018115	-9.063938111175673e-08
0.4360000000018158	-1.0560829122319149e-07
0.43700000000181993	-1.1950473588484556e-07
0.43800000000182404	-1.322629206157444e-07
0.43900000000182837	-1.4381528656848275e-07
0.4400000000018325	-1.5415507026439457e-07
0.4410000000018366	-1.631765358389714e-07
0.4420000000018407	-1.7093707627147126e-07
0.44300000000184503	-1.7731872015147587e-07
0.44400000000184914	-1.823752244778376e-07
0.44500000000185325	-1.8608128149466552e-07
0.4460000000018576	-1.8840670445996466e-07
0.4470000000018617	-1.894112473532772e-07
0.4480000000018656	-1.890749101729483e-07
0.4490000000018697	-1.8743374896601495e-07
0.450000000001874	-1.8452551908687553e-07
0.4510000000018781	-1.8038063753778033e-07
0.45200000000188223	-1.7504854166183748e-07
0.45300000000188656	-1.6860332197055072e-07
0.45400000000189067	-1.6106505418278516e-07
0.4550000000018948	-1.525468431573529e-07
0.4560000000018989	-1.4306560514043554e-07
0.4570000000019032	-1.3274754873116024e-07
0.4580000000019073	-1.2162813689542418e-07
0.45900000000191143	-1.0980862241716238e-07
0.46000000000191577	-9.736826278583521e-08
0.4610000000019199	-8.439268395221688e-08
0.462000000001924	-7.096006449103243e-08
0.4630000000019281	-5.716276918477092e-08
0.4640000000019324	-4.3082926115545206e-08
0.46500000000193653	-2.8807976670819357e-08
0.46600000000194064	-1.4419383465025248e-08
0.46700000000194497	2.1960211427085596e-13
0.4680000000019491	1.4371719814221251e-08
0.4690000000019532	2.861911563289965e-08
0.4700000000019573	4.266877084990739e-08
0.4710000000019616	5.64522343315943e-08
0.47200000000196574	6.990421275165914e-08
0.47300000000196984	8.296339326641089e-08
0.4740000000019742	9.557115154823492e-08
0.4750000000019783	1.0767786462473339e-07
0.4760000000019824	1.1923521681111993e-07
0.4770000000019865	1.3020430911225844e-07
0.47800000000199083	1.405457539238597e-07
0.4790000000019947	1.5023254118506912e-07
0.48000000000199883	1.592326379640241e-07
0.48100000000200316	1.6753401843594418e-07
0.48200000000200727	1.7511047700757842e-07
0.4830000000020114	1.819633237420959e-07
0.4840000000020155	1.8807662882647236e-07
0.4850000000020198	1.934500266642658e-07
0.4860000000020239	1.9808665507881074e-07
0.48700000000202803	2.0200585670870908e-07
0.48800000000203236	2.0520260479717223e-07
0.4890000000020365	2.0770916453471955e-07
0.4900000000020406	2.0954278923124292e-07
0.4910000000020447	2.107241352522493e-07
0.492000000002049	2.1128620086852123e-07
0.49300000000205313	2.1125934834831384e-07
0.49400000000205724	2.1067931899043657e-07
0.49500000000206157	2.0957792101761186e-07
0.4960000000020657	2.0799849731467646e-07
0.4970000000020698	2.0598375538583014e-07
0.4980000000020739	2.0357257524139527e-07
0.4990000000020782	2.0080768770025514e-07
0.5000000000020823	1.9773990367344396e-07
0.5010000000020864	1.9440731136022293e-07
0.5020000000020908	1.908589878363287e-07
0.5030000000020949	1.8714166605260374e-07
0.504000000002099	1.832967367887406e-07
0.5050000000021031	1.7937101748355389e-07
0.5060000000021074	1.754057239455875e-07
0.5070000000021115	1.7144365760390912e-07
0.5080000000021156	1.6752474896186698e-07
0.50900000000212	1.6368771160735207e-07
0.5100000000021239	1.599686942910239e-07
0.511000000002128	1.5640171002750947e-07
0.5120000000021321	1.5301848721449574e-07
0.5130000000021364	1.4984946128393517e-07
0.5140000000021405	1.4692065264387821e-07
0.5150000000021446	1.4425439054388534e-07
0.516000000002149	1.4187532659803992e-07
0.5170000000021531	1.3979786850359943e-07
0.5180000000021572	1.3804455445409758e-07
0.5190000000021613	1.3661655118291094e-07
0.5200000000021656	1.355418237647399e-07
0.5210000000021697	1.348107051546421e-07
0.5220000000021738	1.344415039294944e-07
0.5230000000021782	1.344356473920172e-07
0.5240000000021823	1.347840594689842e-07
0.5250000000021864	1.3550003752360595e-07
0.5260000000021905	1.3656606490108913e-07
0.5270000000021948	1.379868287409991e-07
0.5280000000021989	1.3974839296881925e-07
0.529000000002203	1.4184527341587483e-07
0.5300000000022074	1.44262066403833e-07
0.5310000000022115	1.4699146588803558e-07
0.5320000000022156	1.5001438058437344e-07
0.5330000000022197	1.533257306673974e-07
0.534000000002224	1.5688997034857266e-07
0.5350000000022281	1.6072404196432188e-07
0.5360000000022322	1.64770593613639e-07
0.5370000000022366	1.690488004024715e-07
0.5380000000022407	1.7351100389806362e-07
0.5390000000022448	1.7815346220473316e-07
0.5400000000022487	1.8294907988547493e-07
0.541000000002253	1.8787918032447948e-07
0.5420000000022571	1.9291823716294232e-07
0.5430000000022612	1.9804736561823688e-07
0.5440000000022656	2.0323944072142552e-07
0.5450000000022697	2.084740413632602e-07
0.5460000000022738	2.1372407477127098e-07
0.5470000000022779	2.1896668822574128e-07
0.5480000000022822	2.2417596878820945e-07
0.5490000000022863	2.2932804377706617e-07
0.5500000000022904	2.3439652241386e-07
0.5510000000022948	2.3935643667094553e-07
0.5520000000022989	2.441824951127103e-07
0.553000000002303	2.48848657569134e-07
0.5540000000023071	2.5333044706421504e-07
0.5550000000023114	2.576026958411859e-07
0.5560000000023155	2.616397130061898e-07
0.5570000000023196	2.654188379080935e-07
0.558000000002324	2.689170166547683e-07
0.5590000000023281	2.721114364945265e-07
0.5600000000023322	2.7498250387836265e-07
0.5610000000023363	2.775093762563685e-07
0.5620000000023406	2.796709812624698e-07
0.5630000000023447	2.8145098041054695e-07
0.5640000000023488	2.8283433028963856e-07
0.5650000000023532	2.838034723895433e-07
0.5660000000023573	2.8434499110829847e-07
0.5670000000023614	2.84445797360533e-07
0.5680000000023655	2.840947386228976e-07
0.5690000000023698	2.832872292302113e-07
0.5700000000023739	2.8201562807250724e-07
0.5710000000023778	2.802742297136618e-07
0.5720000000023819	2.780652819112106e-07
0.5730000000023863	2.753852893500053e-07
0.5740000000023904	2.72235676668231e-07
0.5750000000023945	2.686231744819523e-07
0.5760000000023988	2.6455507229350417e-07
0.5770000000024029	2.600381026063303e-07
0.578000000002407	2.5508225376391636e-07
0.5790000000024111	2.497050236582865e-07
0.5800000000024155	2.4391532837952923e-07
0.5810000000024196	2.3773512247693418e-07
0.5820000000024237	2.3117782110837481e-07
0.583000000002428	2.242708521116299e-07
0.5840000000024321	2.170239301602095e-07
0.5850000000024362	2.0947105905388952e-07
0.5860000000024403	2.0162841984916469e-07
0.5870000000024447	1.9352145541606802e-07
0.5880000000024488	1.851767060800924e-07
0.5890000000024529	1.7661675255631337e-07
0.5900000000024572	1.6786718015637803e-07
0.5910000000024613	1.5895545435462566e-07
0.5920000000024654	1.499086725864629e-07
0.5930000000024696	1.4075109200373248e-07
0.5940000000024739	1.3151301225811096e-07
0.595000000002478	1.2222188006116852e-07
0.5960000000024821	1.1290706758426694e-07
0.5970000000024864	1.0359850488583788e-07
0.5980000000024905	9.432647241069958e-08
0.5990000000024946	8.512309213060121e-08
0.6000000000024988	7.601694340664267e-08
0.6010000000025031	6.704188937334266e-08
0.602000000002507	5.822991078208162e-08
0.6030000000025111	4.960742017168229e-08
0.6040000000025154	4.121193430961512e-08
0.6050000000025195	3.306220031085161e-08
0.6060000000025236	2.519903463671369e-08
0.6070000000025277	1.763737467186388e-08
0.6080000000025321	1.0411351336614416e-08
0.6090000000025362	3.5390019803571704e-09
0.6100000000025403	-2.949516186845358e-09
0.6110000000025446	-9.038069181954711e-09
0.6120000000025487	-1.4703761541667859e-08
0.6130000000025528	-1.992789377958104e-08
0.614000000002557	-2.4688914468384837e-08
0.6150000000025613	-2.8972817478489787e-08
0.6160000000025654	-3.276400284413228e-08
0.6170000000025695	-3.604963083603252e-08
0.6180000000025738	-3.881382504289377e-08
0.6190000000025779	-4.1049072141419174e-08
0.620000000002582	-4.2747809958498806e-08
0.6210000000025861	-4.3906763114165415e-08
0.6220000000025905	-4.4524276709978494e-08
0.6230000000025946	-4.4596397685836564e-08
0.6240000000025987	-4.412648557661214e-08
0.625000000002603	-4.311914025834085e-08
0.6260000000026071	-4.1574436338009946e-08
0.6270000000026112	-3.95069843506235e-08
0.6280000000026154	-3.691339589551035e-08
0.6290000000026197	-3.381316360240305e-08
0.6300000000026238	-3.021367334099523e-08
0.6310000000026279	-2.6133438524311714e-08
0.6320000000026322	-2.158538059404691e-08
0.6330000000026361	-1.6590453677522987e-08
0.6340000000026402	-1.1164072777347656e-08
0.6350000000026443	-5.334551467228721e-09
0.6360000000026487	8.805406404022165e-10
0.6370000000026528	7.4493221591254155e-09
0.6380000000026569	1.4350487798076017e-08
0.6390000000026612	2.1550855655583234e-08
0.6400000000026653	2.9022479308693505e-08
0.6410000000026694	3.673184767460924e-08
0.6420000000026735	4.4649707042765385e-08
0.6430000000026779	5.273930936411375e-08
0.644000000002682	6.097061677756699e-08
0.6450000000026861	6.930911333746792e-08
0.6460000000026904	7.772399768235516e-08
0.6470000000026945	8.617990121528862e-08
0.6480000000026986	9.464845851514525e-08
0.6490000000027027	1.03095276648979e-07
0.6500000000027071	1.1149319789627299e-07
0.6510000000027112	1.198102781430066e-07
0.6520000000027153	1.2801781001936519e-07
0.6530000000027196	1.360940058425797e-07
0.6540000000027237	1.4400562120542304e-07
0.6550000000027278	1.5173894518660802e-07
0.656000000002732	1.592600183952797e-07
0.6570000000027363	1.6655720702640764e-07
0.6580000000027404	1.736017409825763e-07
0.6590000000027445	1.8038581350854344e-07
0.6600000000027488	1.8687908664993813e-07
0.6610000000027529	1.9307356979858525e-07
0.662000000002757	1.98943284623887e-07
0.6630000000027612	2.0448439252973571e-07
0.6640000000027653	2.0966522695786693e-07
0.6650000000027694	2.1448679698998774e-07
0.6660000000027735	2.189255533524559e-07
0.6670000000027778	2.2297563262441145e-07
0.6680000000027819	2.266248574356311e-07
0.669000000002786	2.2986085068676942e-07
0.6700000000027901	2.3268041737800615e-07
0.6710000000027945	2.3507319568683016e-07
0.6720000000027986	2.370360091541457e-07
0.6730000000028027	2.385596817866542e-07
0.674000000002807	2.396455502928774e-07
0.6750000000028111	2.402899363929123e-07
0.6760000000028152	2.4049278390947393e-07
0.6770000000028193	2.402533327838796e-07
0.6780000000028237	2.3957414341246874e-07
0.6790000000028278	2.384587773907043e-07
0.6800000000028319	2.3691806683157068e-07
0.6810000000028362	2.3494222212150362e-07
0.6820000000028403	2.3256200265553417e-07
0.6830000000028444	2.2975549840431597e-07
0.6840000000028486	2.2656546172505898e-07
0.6850000000028529	2.2296701573942812e-07
0.686000000002857	2.1900686042464201e-07
0.6870000000028611	2.1466482846843604e-07
0.6880000000028654	2.099807838717993e-07
0.6890000000028695	2.0494352870326082e-07
0.6900000000028736	1.9959626929022534e-07
0.6910000000028778	1.939269529405152e-07
0.6920000000028821	1.879777373758884e-07
0.6930000000028862	1.817433500361787e-07
0.6940000000028901	1.7526294304737178e-07
0.6950000000028944	1.6854310169733822e-07
0.6960000000028985	1.6160831228795303e-07
0.6970000000029026	1.54480242375854e-07
0.6980000000029067	1.4717581742207386e-07
0.6990000000029111	1.3971895052034e-07
0.7000000000029152	1.3213298011294228e-07
0.7010000000029193	1.244333884820037e-07
0.7020000000029236	1.1664798438282276e-07
0.7030000000029277	1.087918815034783e-07
0.7040000000029318	1.0088958135590076e-07
0.705000000002936	9.295803882203302e-08
0.7060000000029403	8.501763049117983e-08
0.7070000000029444	7.708675209272542e-08
0.7080000000029485	6.918326656002449e-08
0.7090000000029526	6.132386887180985e-08
0.7100000000029569	5.352464915731048e-08
0.711000000002961	4.580034584922288e-08
0.7120000000029651	3.816520954824654e-08
0.7130000000029695	3.0630832981159983e-08
0.7140000000029736	2.3209604349538893e-08
0.7150000000029777	1.5909649375700496e-08
0.7160000000029818	8.74150962726361e-09
0.7170000000029861	1.7092689486020163e-09
0.7180000000029902	-5.175928352585402e-09
0.7190000000029944	-1.1913528386031658e-08
0.7200000000029987	-1.8493063524971376e-08
0.7210000000030028	-2.4916369634198077e-08
0.7220000000030069	-3.11770509409115e-08
0.723000000003011	-3.72713950813619e-08
0.7240000000030153	-4.3199976929031436e-08
0.7250000000030195	-4.895706440244396e-08
0.7260000000030233	-5.454313001251876e-08
0.7270000000030277	-5.995856522389431e-08
0.7280000000030318	-6.519620687761574e-08
0.7290000000030359	-7.026250181674243e-08
0.73000000000304	-7.515177524730632e-08
0.7310000000030443	-7.986369143786476e-08
0.7320000000030484	-8.440231535900011e-08
0.7330000000030525	-8.875903012572905e-08
0.7340000000030569	-9.293820690814414e-08
0.735000000003061	-9.693537639243743e-08
0.7360000000030651	-1.0074924960967735e-07
0.7370000000030692	-1.0437637398830191e-07
0.7380000000030735	-1.0781280046501251e-07
0.7390000000030776	-1.1105734998295702e-07
0.7400000000030817	-1.1410223743624215e-07
0.7410000000030861	-1.1694729673550341e-07
0.7420000000030902	-1.1958600154571286e-07
0.7430000000030943	-1.2201552901380808e-07
0.7440000000030984	-1.2423222717217186e-07
0.7450000000031027	-1.262316993155821e-07
0.7460000000031068	-1.2801058568712165e-07
0.747000000003111	-1.2956763528748638e-07
0.7480000000031153	-1.308979471481564e-07
0.7490000000031194	-1.3200262372059512e-07
0.7500000000031235	-1.3287430933317523e-07
0.7510000000031276	-1.335151769144005e-07
0.7520000000031319	-1.3391996089850977e-07
0.753000000003136	-1.3408860577435178e-07
0.7540000000031402	-1.3402150145225278e-07
0.7550000000031445	-1.3371659512984024e-07
0.7560000000031484	-1.3317338165563797e-07
0.7570000000031525	-1.323929403884705e-07
0.7580000000031566	-1.313772357569576e-07
0.7590000000031609	-1.301315266655223e-07
0.760000000003165	-1.2865292275954232e-07
0.7610000000031691	-1.2694751116981706e-07
0.7620000000031735	-1.2502451185447683e-07
0.7630000000031776	-1.2287752526596307e-07
0.7640000000031817	-1.2053480435980646e-07
0.7650000000031858	-1.1796735766012034e-07
0.7660000000031901	-1.1522214493631111e-07
0.7670000000031942	-1.1227457719087397e-07
0.7680000000031983	-1.0915419190737907e-07
0.7690000000032027	-1.0585957355147002e-07
0.7700000000032068	-1.0240640868630635e-07
0.7710000000032109	-9.88033193038973e-08
0.772000000003215	-9.506579567997164e-08
0.7730000000032193	-9.120240518356582e-08
0.7740000000032234	-8.72338186130861e-08
0.7750000000032276	-8.316310928790926e-08
0.7760000000032319	-7.901932597143002e-08
0.777000000003236	-7.480779329327447e-08
0.7780000000032401	-7.05533926836921e-08
0.7790000000032442	-6.626841164703023e-08
0.7800000000032485	-6.197620994186082e-08
0.7810000000032526	-5.769352862117216e-08
0.7820000000032568	-5.3442613445753295e-08
0.7830000000032611	-4.92424492293253e-08
0.7840000000032652	-4.511641504834074e-08
0.7850000000032693	-4.108078321962694e-08
0.7860000000032734	-3.7160707178074404e-08
0.7870000000032777	-3.33742415925542e-08
0.7880000000032816	-2.9739426921082668e-08
0.7890000000032857	-2.6277699349819272e-08
0.7900000000032901	-2.300902512963887e-08
0.7910000000032942	-1.9947224316752e-08
0.7920000000032983	-1.7112692374254834e-08
0.7930000000033024	-1.452042375227336e-08
0.7940000000033067	-1.2191285980733824e-08
0.7950000000033108	-1.0122907623255628e-08
0.796000000003315	-8.351242586357444e-09
0.7970000000033193	-6.873519531325201e-09
0.7980000000033234	-5.703418182179121e-09
0.7990000000033275	-4.8527013518651074e-09
0.8000000000033316	-4.337140646626381e-09
0.8010000000033359	-4.153337673784563e-09
0.80200000000334	-4.321389024397604e-09
0.8030000000033441	-4.846983481243683e-09
0.8040000000033485	-5.721181528528518e-09
0.8050000000033526	-6.965981569351243e-09
0.8060000000033567	-8.56813153760072e-09
0.8070000000033608	-1.0527756000300315e-08
0.8080000000033651	-1.2848092367789832e-08
0.8090000000033692	-1.5516676166171806e-08
0.8100000000033734	-1.85329152024849e-08
0.8110000000033777	-2.188218406473652e-08
0.8120000000033818	-2.5561805117035874e-08
0.8130000000033859	-2.955468803023109e-08
0.81400000000339	-3.384717439658402e-08
0.8150000000033943	-3.843235085732033e-08
0.8160000000033985	-4.328841662903926e-08
0.8170000000034026	-4.8403394847795767e-08
0.8180000000034067	-5.375909895022346e-08
0.8190000000034108	-5.933960833814922e-08
0.8200000000034149	-6.512275563252956e-08
0.821000000003419	-7.109838340291219e-08
0.8220000000034233	-7.724025041788707e-08
0.8230000000034274	-8.353434122199133e-08
0.8240000000034315	-8.996015576911986e-08
0.8250000000034359	-9.64991648810809e-08
0.82600000000344	-1.0313574994036401e-07
0.8270000000034441	-1.0984770182353998e-07
0.8280000000034482	-1.1661844601107418e-07
0.8290000000034525	-1.2342721600333562e-07
0.8300000000034566	-1.3025644429731642e-07
0.8310000000034607	-1.3708508417309417e-07
0.8320000000034651	-1.4389429203731652e-07
0.8330000000034692	-1.5066517855544248e-07
0.8340000000034733	-1.5737722480757554e-07
0.8350000000034774	-1.6401231306417685e-07
0.8360000000034817	-1.7055199807991528e-07
0.8370000000034858	-1.769785109573263e-07
0.83800000000349	-1.8327534578865823e-07
0.8390000000034943	-1.894246426381585e-07
0.8400000000034984	-1.9541338236450656e-07
0.8410000000035025	-2.0122529154065205e-07
0.8420000000035066	-2.0684754309385767e-07
0.8430000000035109	-2.1226917779060273e-07
0.844000000003515	-2.174795223908177e-07
0.8450000000035192	-2.224640389680843e-07
0.8460000000035233	-2.2721815917670085e-07
0.8470000000035276	-2.3173111496355148e-07
0.8480000000035317	-2.3599419085584827e-07
0.8490000000035356	-2.400122323109599e-07
0.8500000000035399	-2.4375899321249506e-07
0.851000000003544	-2.4725856007101754e-07
0.8520000000035481	-2.5047922291854263e-07
0.8530000000035523	-2.5344304277474805e-07
0.8540000000035566	-2.5612965792731757e-07
0.8550000000035607	-2.585431766455315e-07
0.8560000000035648	-2.606835609597624e-07
0.8570000000035691	-2.6254112928114637e-07
0.8580000000035732	-2.641192016206162e-07
0.8590000000035773	-2.6540973330213546e-07
0.8600000000035815	-2.6641220118861497e-07
0.8610000000035858	-2.6711956091496347e-07
0.8620000000035899	-2.6753704185367155e-07
0.863000000003594	-2.676505461707279e-07
0.8640000000035983	-2.674664316693054e-07
0.8650000000036024	-2.669753087491955e-07
0.8660000000036066	-2.6617139337048457e-07
0.8670000000036107	-2.650498212020125e-07
0.868000000003615	-2.636213920492736e-07
0.8690000000036191	-2.618655421393612e-07
0.8700000000036232	-2.598015138577381e-07
0.8710000000036275	-2.574210267169974e-07
0.8720000000036316	-2.547296547028566e-07
0.8730000000036358	-2.517342363450581e-07
0.8740000000036399	-2.4844081258912354e-07
0.8750000000036442	-2.448525435738702e-07
0.8760000000036483	-2.409906021405561e-07
0.8770000000036524	-2.3684564975923195e-07
0.8780000000036567	-2.3244735380956172e-07
0.8790000000036609	-2.2779151409579868e-07
0.8800000000036647	-2.229032463052505e-07
0.8810000000036688	-2.177794007351963e-07
0.8820000000036732	-2.1244981240897687e-07
0.8830000000036773	-2.0691223112656587e-07
0.8840000000036814	-2.0119177213118178e-07
0.8850000000036857	-1.9529365902215545e-07
0.8860000000036898	-1.892366563449599e-07
0.887000000003694	-1.8303096016580866e-07
0.888000000003698	-1.7669140262022154e-07
0.8890000000037024	-1.7023200360455348e-07
0.8900000000037065	-1.6366639399301164e-07
0.8910000000037106	-1.5700884459235454e-07
0.8920000000037149	-1.502742115189193e-07
0.893000000003719	-1.4347729448971336e-07
0.8940000000037231	-1.3663318410017666e-07
0.8950000000037273	-1.2975720253827205e-07
0.8960000000037316	-1.2286626294155667e-07
0.8970000000037357	-1.159751119583774e-07
0.8980000000037398	-1.0910360903615413e-07
0.8990000000037441	-1.0226584001848948e-07
0.9000000000037482	-9.54823375920455e-08
0.9010000000037524	-8.877060908574208e-08
0.9020000000037565	-8.214958757690738e-08
0.9030000000037608	-7.563712656200039e-08
0.9040000000037649	-6.925443285510369e-08
0.905000000003769	-6.301556587651191e-08
0.9060000000037733	-5.6941753090455904e-08
0.9070000000037775	-5.104595302007908e-08
0.9080000000037816	-4.534710673631537e-08
0.9090000000037857	-3.985666574557456e-08
0.91000000000379	-3.458654873611522e-08
0.9110000000037939	-2.9550153435309312e-08
0.912000000003798	-2.4752829119734088e-08
0.9130000000038023	-2.0212926221674365e-08
0.9140000000038064	-1.592191756216721e-08
0.9150000000038105	-1.1897032692331777e-08
0.9160000000038147	-8.133176576663459e-09
0.917000000003819	-4.640261952459923e-09
0.9180000000038231	-1.4085097532756663e-09
0.9190000000038272	1.5516152807037997e-09
0.9200000000038315	4.258470465146047e-09
0.9210000000038356	6.6914591645428345e-09
0.9220000000038397	8.885251312484854e-09
0.9230000000038439	1.0808554273822324e-08
0.9240000000038482	1.2502810564640754e-08
0.9250000000038523	1.3945473886778359e-08
0.9260000000038564	1.5164977384962697e-08
0.9270000000038607	1.6151480375370397e-08
0.9280000000038648	1.6928278112615658e-08
0.929000000003869	1.7485238590353447e-08
0.9300000000038731	1.7849156375149278e-08
0.9310000000038774	1.8010100855114786e-08
0.9320000000038815	1.79900567776059e-08
0.9330000000038856	1.7781982108999728e-08
0.9340000000038899	1.741399102694885e-08
0.935000000003894	1.687367900959913e-08
0.9360000000038982	1.6185855766792656e-08
0.9370000000039023	1.5350661297652834e-08
0.9380000000039066	1.4382836699411428e-08
0.9390000000039107	1.3286048261562655e-08
0.9400000000039148	1.2076056710164096e-08
0.9410000000039191	1.075347066947785e-08
0.942000000003923	9.335003547938925e-09
0.9430000000039271	7.821731040635882e-09
0.9440000000039312	6.2284744029028616e-09
0.9450000000039356	4.556076294015554e-09
0.9460000000039397	2.8168914978365933e-09
0.9470000000039438	1.0128423655331176e-09
0.9480000000039481	-8.482812230425907e-10
0.9490000000039522	-2.762032158543093e-09
0.9500000000039563	-4.72284789054811e-09
0.9510000000039605	-6.725858536782425e-09
0.9520000000039648	-8.766270598314918e-09
0.9530000000039689	-1.0838712594107847e-08
0.954000000003973	-1.2937561688630694e-08
0.9550000000039773	-1.505740310214776e-08
0.9560000000039814	-1.719216924378486e-08
0.9570000000039856	-1.9334881695698414e-08
0.9580000000039897	-2.1481143974710903e-08
0.959000000003994	-2.362160733682117e-08
0.9600000000039981	-2.5753692289853802e-08
0.9610000000040022	-2.7867631535727355e-08
0.9620000000040065	-2.996054448978214e-08
0.9630000000040106	-3.2025195828566666e-08
0.9640000000040148	-3.405713600024285e-08
0.9650000000040189	-3.605161991160344e-08
0.9660000000040232	-3.800430081746242e-08
0.9670000000040273	-3.9910869720216624e-08
0.9680000000040314	-4.176717260939711e-08
0.9690000000040357	-4.3569479801774946e-08
0.9700000000040399	-4.5313722996098704e-08
0.9710000000040437	-4.6995920488512866e-08
0.9720000000040478	-4.861298363856292e-08
0.9730000000040522	-5.0160391618092603e-08
0.9740000000040563	-5.1634877484829644e-08
0.9750000000040604	-5.3032011226861187e-08
0.9760000000040647	-5.434867778042474e-08
0.9770000000040688	-5.558119697823827e-08
0.978000000004073	-5.672667713341184e-08
0.979000000004077	-5.7781716522598003e-08
0.9800000000040812	-5.8744678010924645e-08
0.9810000000040855	-5.961334581527922e-08
0.9820000000040896	-6.038743216585374e-08
0.9830000000040937	-6.106688532625526e-08
0.984000000004098	-6.165140575831174e-08
0.9850000000041004	-6.214325187769987e-08
0.9860000000041018	-6.2543088930056e-08
0.987000000004103	-6.285799059035924e-08
0.9880000000041045	-6.30846936910956e-08
0.9890000000041059	-6.32362557873023e-08
0.9900000000041072	-6.330658797182309e-08
0.9910000000041086	-6.331292912165054e-08
0.99200000000411	-6.325167123399922e-08
0.9930000000041115	-6.313155553883121e-08
0.9940000000041127	-6.296071575206952e-08
0.9950000000041141	-6.274291552976763e-08
0.9960000000041156	-6.248574746514635e-08
0.997000000004117	-6.219741033319792e-08
0.9980000000041185	-6.188434342746518e-08
0.9990000000041197	-6.155582710221097e-08
1.0000000000041211	-6.122075202341648e-08
1.001000000004117	-6.088758564004593e-08
1.002000000004113	-6.056703671930563e-08
1.0030000000041086	-6.026776211420781e-08
1.0040000000041045	-5.999978003323747e-08
1.0050000000041002	-5.977233374920843e-08
1.006000000004096	-5.959273163824719e-08
1.007000000004092	-5.947232573078054e-08
1.0080000000040878	-5.9416179087889986e-08
1.0090000000040837	-5.943344549841356e-08
1.0100000000040794	-5.952787662799608e-08
1.0110000000040753	-5.970700378554739e-08
1.012000000004071	-5.99744975904315e-08
1.0130000000040669	-6.033454225118362e-08
1.0140000000040628	-6.078966618972004e-08
1.0150000000040587	-6.134397301238437e-08
1.0160000000040534	-6.199773183723778e-08
1.0170000000040464	-6.275472363981294e-08
1.0180000000040397	-6.361308302338387e-08
1.0190000000040325	-6.457420242966805e-08
1.0200000000040257	-6.563632681810816e-08
1.021000000004019	-6.679893416183802e-08
1.0220000000040117	-6.805657615238658e-08
1.023000000004005	-6.941186958542289e-08
1.0240000000039977	-7.085001851869777e-08
1.025000000003991	-7.237996135778246e-08
1.026000000003984	-7.39860723797392e-08
1.027000000003977	-7.566887938459388e-08
1.0280000000039702	-7.742231233898167e-08
1.0290000000039632	-7.923980271939968e-08
1.0300000000039562	-8.111947691347154e-08
1.0310000000039494	-8.305608978353973e-08
1.0320000000039424	-8.504486403992928e-08
1.0330000000039354	-8.708587873051954e-08
1.0340000000039287	-8.917387761542273e-08
1.0350000000039217	-9.131018319230577e-08
1.0360000000039147	-9.349171636863218e-08
1.0370000000039077	-9.571954029397034e-08
1.0380000000039007	-9.799127886900294e-08
1.039000000003894	-1.0030867469978944e-07
1.0400000000038867	-1.026705005457984e-07
1.04100000000388	-1.0507450109997762e-07
1.0420000000038732	-1.0752108425826634e-07
1.043000000003866	-1.1000733146637742e-07
1.0440000000038592	-1.1253080911544089e-07
1.0450000000038522	-1.15088111707351e-07
1.0460000000038452	-1.1767589902511588e-07
1.0470000000038384	-1.202894406304722e-07
1.0480000000038314	-1.2292299156335673e-07
1.0490000000038244	-1.2557164241755459e-07
1.0500000000038174	-1.28227928719582e-07
1.0510000000038104	-1.3088582617726274e-07
1.0520000000038037	-1.335367132426768e-07
1.0530000000037967	-1.361745236572176e-07
1.0540000000037897	-1.3878962090707603e-07
1.055000000003783	-1.413786336890155e-07
1.056000000003776	-1.4392910752114574e-07
1.057000000003769	-1.4644157819709847e-07
1.0580000000037622	-1.4890650001930794e-07
1.059000000003755	-1.5132077457735704e-07
1.0600000000037482	-1.5368211947475174e-07
1.0610000000037412	-1.5598613822831453e-07
1.0620000000037342	-1.582329574034702e-07
1.0630000000037274	-1.604219872497481e-07
1.0640000000037202	-1.6255298240785976e-07
1.0650000000037134	-1.6462733798405793e-07
1.0660000000037064	-1.6664722113368668e-07
1.0670000000036994	-1.6861482876606715e-07
1.0680000000036927	-1.7053254297572096e-07
1.0690000000036857	-1.7240414229569012e-07
1.0700000000036787	-1.7423275577854724e-07
1.071000000003672	-1.7602127511118226e-07
1.072000000003665	-1.777736151620246e-07
1.073000000003658	-1.7949273090067663e-07
1.0740000000036511	-1.8118246147835748e-07
1.075000000003644	-1.828459788022485e-07
1.0760000000036372	-1.8448492489220314e-07
1.0770000000036304	-1.8610378482719625e-07
1.0780000000036232	-1.8770227883102564e-07
1.0790000000036164	-1.8928314915456212e-07
1.0800000000036092	-1.9084763658305803e-07
1.0810000000036024	-1.923949850546336e-07
1.0820000000035954	-1.9392624839298378e-07
1.0830000000035884	-1.9544026907958312e-07
1.0840000000035817	-1.9693619557337172e-07
1.0850000000035747	-1.9841264342623788e-07
1.0860000000035677	-1.998675251968507e-07
1.087000000003561	-2.0129956923575776e-07
1.088000000003554	-2.0270637746122588e-07
1.089000000003547	-2.0408569367802443e-07
1.0900000000035401	-2.0543660994576385e-07
1.091000000003533	-2.067569195851604e-07
1.0920000000035262	-2.0804549505371028e-07
1.0930000000035192	-2.0930194155610593e-07
1.0940000000035122	-2.105249994333036e-07
1.0950000000035054	-2.1171516650930755e-07
1.0960000000034982	-2.128718992189249e-07
1.0970000000034914	-2.1399510252706477e-07
1.0980000000034844	-2.1508498959654787e-07
1.0990000000034774	-2.1614074086073742e-07
1.1000000000034706	-2.1716415288253188e-07
1.1010000000034637	-2.1815264883429109e-07
1.1020000000034567	-2.1910829084426098e-07
1.1030000000034499	-2.2002884980665272e-07
1.104000000003443	-2.2091433860005338e-07
1.105000000003436	-2.21763225116689e-07
1.106000000003429	-2.225738024996815e-07
1.107000000003422	-2.233442899512994e-07
1.1080000000034151	-2.2407108746236304e-07
1.1090000000034081	-2.2475093830465198e-07
1.1100000000034012	-2.2537867327976358e-07
1.1110000000033944	-2.2594930237929134e-07
1.1120000000033872	-2.2645568420465167e-07
1.1130000000033804	-2.2689117762375588e-07
1.1140000000033736	-2.2724666992601783e-07
1.1150000000033664	-2.2751597783532418e-07
1.1160000000033596	-2.2768772689474304e-07
1.1170000000033526	-2.2775478836223328e-07
1.1180000000033457	-2.2770438157238004e-07
1.1190000000033387	-2.2753477812997858e-07
1.1200000000033317	-2.2722952941478525e-07
1.121000000003325	-2.2678888811356046e-07
1.122000000003318	-2.261976776996022e-07
1.123000000003311	-2.254602688989138e-07
1.1240000000033041	-2.2455947901178774e-07
1.1250000000032971	-2.234992106942002e-07
1.1260000000032901	-2.2227069784719333e-07
1.1270000000032834	-2.2087318307661974e-07
1.1280000000032764	-2.1930399807246204e-07
1.1290000000032694	-2.1756153545382517e-07
1.1300000000032626	-2.156448739576433e-07
1.1310000000032554	-2.1355439594472614e-07
1.1320000000032486	-2.112913068952338e-07
1.1330000000032414	-2.0885528484448912e-07
1.1340000000032346	-2.0624848118266925e-07
1.1350000000032279	-2.0347151696853416e-07
1.1360000000032207	-2.005278258998544e-07
1.1370000000032139	-1.9742013956935978e-07
1.138000000003207	-1.9414989238519809e-07
1.1390000000032	-1.9072229595629153e-07
1.1400000000031931	-1.8714106664319274e-07
1.1410000000031861	-1.834125920030516e-07
1.1420000000031791	-1.7953555642158392e-07
1.1430000000031724	-1.7552810849252865e-07
1.1440000000031654	-1.7138268115779454e-07
1.1450000000031584	-1.6711551587000884e-07
1.1460000000031516	-1.6273222280815958e-07
1.1470000000031444	-1.5823835597394975e-07
1.1480000000031376	-1.5364361560799011e-07
1.1490000000031304	-1.4895566047279374e-07
1.1500000000031236	-1.4418497418233756e-07
1.1510000000031169	-1.393389967851988e-07
1.1520000000031096	-1.3442992030654466e-07
1.1530000000031029	-1.2946618865861126e-07
1.1540000000030959	-1.2445974184593922e-07
1.155000000003089	-1.1942055233582494e-07
1.1560000000030821	-1.1436226898808854e-07
1.1570000000030751	-1.092951014136645e-07
1.1580000000030681	-1.0423373231205346e-07
1.1590000000030614	-9.918892884819286e-08
1.1600000000030544	-9.417553958890323e-08
1.1610000000030474	-8.920305738513434e-08
1.1620000000030404	-8.428643205604658e-08
1.1630000000030334	-7.943335811333441e-08
1.1640000000030266	-7.465368145886941e-08
1.1650000000030196	-6.99554949523673e-08
1.1660000000030126	-6.534345931008545e-08
1.1670000000030059	-6.082397518980542e-08
1.1680000000029986	-5.6401749048973215e-08
1.1690000000029919	-5.207813424945584e-08
1.1700000000029849	-4.7857066309831e-08
1.1710000000029779	-4.373830120307787e-08
1.172000000002971	-3.972224060788676e-08
1.1730000000029641	-3.5810562959426306e-08
1.1740000000029571	-3.200172482564767e-08
1.1750000000029501	-2.830062051373261e-08
1.1760000000029431	-2.470070659121859e-08
1.1770000000029364	-2.1211387091213396e-08
1.1780000000029294	-1.7825121600978378e-08
1.1790000000029224	-1.4547290039246263e-08
1.1800000000029156	-1.1372556230071496e-08
1.1810000000029086	-8.302293519335535e-09
1.1820000000029016	-5.3321209669832115e-09
1.1830000000028948	-2.4608926008085064e-09
1.1840000000028876	3.1681712808762086e-10
1.1850000000028809	3.003299831050299e-09
1.186000000002874	5.6010254212424115e-09
1.1870000000028669	8.118124394940196e-09
1.18800000000286	1.0553930951395785e-08
1.1890000000028529	1.2917186098526656e-08
1.1900000000028461	1.5208587167414578e-08
1.1910000000028391	1.7433042898140627e-08
1.1920000000028321	1.9592574451721134e-08
1.1930000000028254	2.1689101958877188e-08
1.1940000000028184	2.3722522279889802e-08
1.1950000000028114	2.569419266240658e-08
1.1960000000028046	2.7603555108335343e-08
1.1970000000027976	2.9449561456118545e-08
1.1980000000027906	3.1230634633949705e-08
1.1990000000027838	3.2946453676352405e-08
1.2000000000027768	3.459584163589824e-08
1.2010000000027699	3.617684285472933e-08
1.2020000000027629	3.7692359788898955e-08
1.2030000000027559	3.914059565346406e-08
1.204000000002749	4.052173996349495e-08
1.2050000000027419	4.184155166786496e-08
1.206000000002735	4.309520917900045e-08
1.2070000000027283	4.429133371175453e-08
1.2080000000027211	4.54284593276455e-08
1.2090000000027143	4.6510436169100444e-08
1.2100000000027074	4.754053151145854e-08
1.2110000000027004	4.851954371609679e-08
1.2120000000026936	4.94521301686035e-08
1.2130000000026866	5.033838268442281e-08
1.2140000000026796	5.118010304450138e-08
1.2150000000026726	5.197885355467946e-08
1.2160000000026656	5.273276215689293e-08
1.2170000000026588	5.344359998993298e-08
1.2180000000026519	5.4108069025282646e-08
1.2190000000026449	5.47254147553744e-08
1.220000000002638	5.529218072286568e-08
1.2210000000026309	5.580626805112843e-08
1.222000000002624	5.6262429493081356e-08
1.2230000000026173	5.665750391070645e-08
1.2240000000026101	5.698681670995853e-08
1.2250000000026033	5.7247530271808955e-08
1.2260000000025963	5.7434340505757575e-08
1.2270000000025894	5.7545442744277864e-08
1.2280000000025826	5.757680410223287e-08
1.2290000000025754	5.752732390451598e-08
1.2300000000025686	5.7394673902422255e-08
1.2310000000025616	5.7179277090924074e-08
1.2320000000025546	5.6879113086161226e-08
1.2330000000025478	5.649636936055913e-08
1.2340000000025408	5.6027881001341484e-08
1.2350000000025338	5.547587367260576e-08
1.236000000002527	5.483968501529546e-08
1.23700000000252	5.411838865931884e-08
1.238000000002513	5.331205410463724e-08
1.2390000000025063	5.24194792017596e-08
1.240000000002499	5.143820280828493e-08
1.2410000000024923	5.036587169549023e-08
1.2420000000024853	4.919886786858285e-08
1.2430000000024783	4.7937342095849544e-08
1.2440000000024716	4.6573503165170393e-08
1.2450000000024644	4.510957052339393e-08
1.2460000000024576	4.354039562226575e-08
1.2470000000024506	4.1866257016742736e-08
1.2480000000024436	4.008527876298018e-08
1.2490000000024368	3.81969250673464e-08
1.2500000000024298	3.620152788652575e-08
1.2510000000024228	3.409988247327078e-08
1.252000000002416	3.189276809312247e-08
1.253000000002409	2.9581792349020475e-08
1.254000000002402	2.7170047212088377e-08
1.2550000000023953	2.466116799659801e-08
1.256000000002388	2.2059141513430802e-08
1.2570000000023813	1.9371508841459217e-08
1.2580000000023743	1.6603454833230558e-08
1.2590000000023673	1.3760645956040207e-08
1.2600000000023606	1.0851116449828169e-08
1.2610000000023533	7.879645269603941e-09
1.2620000000023466	4.852306667579853e-09
1.2630000000023396	1.7752465053533228e-09
1.2640000000023326	-1.3482843730372451e-09
1.2650000000023258	-4.511170104137818e-09
1.2660000000023188	-7.712396055126192e-09
1.2670000000023118	-1.0946616058049585e-08
1.268000000002305	-1.4211206877945415e-08
1.269000000002298	-1.7505152882790753e-08
1.270000000002291	-2.082610239817484e-08
1.271000000002284	-2.4170885515317764e-08
1.272000000002277	-2.7538771041335508e-08
1.2730000000022703	-3.092537448345922e-08
1.2740000000022633	-3.432830819605215e-08
1.2750000000022563	-3.7743032033077384e-08
1.2760000000022496	-4.1164371467061756e-08
1.2770000000022423	-4.4586769387677805e-08
1.2780000000022356	-4.800273245564313e-08
1.2790000000022288	-5.140590508823095e-08
1.2800000000022216	-5.4787275383105793e-08
1.2810000000022148	-5.814123893443934e-08
1.2820000000022078	-6.145770403698236e-08
1.2830000000022008	-6.473340774526548e-08
1.2840000000021938	-6.795617135679777e-08
1.2850000000021868	-7.112650690643818e-08
1.28600000000218	-7.423267911477183e-08
1.287000000002173	-7.727662798551194e-08
1.288000000002166	-8.02505035757406e-08
1.2890000000021593	-8.31546034252284e-08
1.2900000000021523	-8.598491851863344e-08
1.2910000000021453	-8.874234969091788e-08
1.2920000000021385	-9.142472201517649e-08
1.2930000000021313	-9.403452549960889e-08
1.2940000000021246	-9.656873389829457e-08
1.2950000000021178	-9.903177122794204e-08
1.2960000000021106	-1.0142123851863971e-07
1.2970000000021038	-1.0373991377043978e-07
1.2980000000020966	-1.059907153155848e-07
1.2990000000020898	-1.0816937701108031e-07
1.3000000000020828	-1.1028414226288419e-07
1.3010000000020758	-1.1232968710750413e-07
1.302000000002069	-1.1431160729102885e-07
1.303000000002062	-1.1622768414376594e-07
1.304000000002055	-1.1808073741015335e-07
1.3050000000020483	-1.198697141546745e-07
1.3060000000020413	-1.2159588091975593e-07
1.3070000000020343	-1.232575024268101e-07
1.3080000000020275	-1.2485363232173086e-07
1.3090000000020205	-1.2638438207090985e-07
1.3100000000020136	-1.2784757297268357e-07
1.3110000000020068	-1.2924330272667817e-07
1.3120000000019996	-1.305698966724833e-07
1.3130000000019928	-1.3182755709273408e-07
1.3140000000019856	-1.3301533630105666e-07
1.3150000000019788	-1.3413489385882826e-07
1.316000000001972	-1.351856806497409e-07
1.3170000000019648	-1.3616910199409915e-07
1.318000000001958	-1.3708648838317572e-07
1.319000000001951	-1.3793825037744512e-07
1.320000000001944	-1.3872428095140776e-07
1.3210000000019373	-1.3944442200930496e-07
1.3220000000019303	-1.4009745918919236e-07
1.3230000000019233	-1.4067924447580538e-07
1.3240000000019165	-1.4119080304908493e-07
1.3250000000019095	-1.4162540029616366e-07
1.3260000000019025	-1.419808106639664e-07
1.3270000000018956	-1.4225197020323321e-07
1.3280000000018886	-1.424350772882832e-07
1.3290000000018818	-1.4252785462964823e-07
1.3300000000018748	-1.425233893126432e-07
1.3310000000018678	-1.4242284951393458e-07
1.332000000001861	-1.4221980770834364e-07
1.3330000000018538	-1.4191437092136994e-07
1.334000000001847	-1.415076262833992e-07
1.33500000000184	-1.4099319622928874e-07
1.336000000001833	-1.4037858075965914e-07
1.3370000000018263	-1.396613955595427e-07
1.3380000000018193	-1.3884391858454137e-07
1.3390000000018123	-1.3793026232278294e-07
1.3400000000018053	-1.3692164047007793e-07
1.3410000000017983	-1.3581808566698328e-07
1.3420000000017915	-1.3462168757527593e-07
1.3430000000017845	-1.3332976589452983e-07
1.3440000000017776	-1.3194155723539325e-07
1.3450000000017708	-1.3045437885494948e-07
1.3460000000017638	-1.2886241229637108e-07
1.3470000000017568	-1.2716226760467464e-07
1.34800000000175	-1.253469488204928e-07
1.3490000000017428	-1.234125306392997e-07
1.350000000001736	-1.2135265392565486e-07
1.3510000000017293	-1.1916446518434043e-07
1.352000000001722	-1.1683831790954002e-07
1.3530000000017153	-1.1437599312102975e-07
1.354000000001708	-1.117666477146173e-07
1.3550000000017013	-1.0901753344505494e-07
1.3560000000016943	-1.0611826217754583e-07
1.3570000000016873	-1.0307416609123266e-07
1.3580000000016805	-9.988729932075557e-08
1.3590000000016735	-9.655685273557424e-08
1.3600000000016665	-9.309557214010056e-08
1.3610000000016598	-8.950022478693143e-08
1.3620000000016528	-8.578809174153434e-08
1.3630000000016458	-8.196146139560767e-08
1.364000000001639	-7.803284063356841e-08
1.3650000000016318	-7.401192592126904e-08
1.366000000001625	-6.990781908911003e-08
1.367000000001618	-6.573128286113672e-08
1.368000000001611	-6.149481590611572e-08
1.3690000000016043	-5.720983620172149e-08
1.370000000001597	-5.2888189383537565e-08
1.3710000000015903	-4.854385027286412e-08
1.3720000000015833	-4.418933619021459e-08
1.3730000000015763	-3.9838805587777415e-08
1.3740000000015695	-3.550658500550696e-08
1.3750000000015625	-3.121013159024244e-08
1.3760000000015555	-2.6961567201055914e-08
1.3770000000015488	-2.2780638264663366e-08
1.3780000000015418	-1.8675177626548134e-08
1.3790000000015348	-1.4660108016428808e-08
1.3800000000015278	-1.073967292875011e-08
1.3810000000015208	-6.91748902603706e-09
1.382000000001514	-3.1936409072841343e-09
1.383000000001507	4.3668513249883745e-10
1.3840000000015	3.97895449921748e-09
1.3850000000014933	7.4449224563011285e-09
1.386000000001486	1.0843904441060204e-08
1.3870000000014793	1.4186630759027707e-08
1.3880000000014725	1.7487874037769302e-08
1.3890000000014653	2.07551684727747e-08
1.3900000000014585	2.4001548304397602e-08
1.3910000000014515	2.7235476540710124e-08
1.3920000000014445	3.0465138411983617e-08
1.3930000000014378	3.3697418189149175e-08
1.3940000000014305	3.693726302600453e-08
1.3950000000014238	4.018647670189779e-08
1.3960000000014168	4.344551074453307e-08
1.3970000000014098	4.671110742648921e-08
1.398000000001403	4.99775090201382e-08
1.399000000001396	5.323752960695316e-08
1.400000000001389	5.648015966031039e-08
1.4010000000013823	5.969567395958109e-08
1.4020000000013753	6.287110376756999e-08
1.4030000000013683	6.599704349685709e-08
1.4040000000013615	6.90631112298945e-08
1.4050000000013543	7.205857588399311e-08
1.4060000000013475	7.497521503641025e-08
1.4070000000013405	7.780158717274333e-08
1.4080000000013335	8.053290012632885e-08
1.4090000000013267	8.315569044459181e-08
1.4100000000013195	8.566867704118408e-08
1.4110000000013128	8.805941131839745e-08
1.4120000000013058	9.032607795056435e-08
1.4130000000012988	9.24686818226661e-08
1.414000000001292	9.448209259410589e-08
1.415000000001285	9.637314180022116e-08
1.416000000001278	9.814529977614228e-08
1.4170000000012712	9.980794157815609e-08
1.4180000000012642	1.0137222794526224e-07
1.4190000000012573	1.0284654006209593e-07
1.4200000000012505	1.0424609298009813e-07
1.4210000000012433	1.0558001117821902e-07
1.4220000000012365	1.0685397278109576e-07
1.4230000000012293	1.0808244355065e-07
1.4240000000012225	1.0926526394783309e-07
1.4250000000012157	1.1040798975070487e-07
1.4260000000012085	1.115123818840047e-07
1.4270000000012018	1.1257664900288233e-07
1.4280000000011948	1.1359779561459504e-07
1.4290000000011878	1.1457188675567664e-07
1.430000000001181	1.1549294953727696e-07
1.431000000001174	1.1635274821397701e-07
1.432000000001167	1.1714172876153839e-07
1.4330000000011602	1.1784721742902349e-07
1.4340000000011532	1.1845540281996136e-07
1.4350000000011462	1.1895128171346414e-07
1.4360000000011393	1.1932148724635994e-07
1.4370000000011323	1.1954912149114705e-07
1.4380000000011255	1.196219041599278e-07
1.4390000000011185	1.1953179157586646e-07
1.4400000000011115	1.1926545706586467e-07
1.4410000000011047	1.188186898870569e-07
1.4420000000010975	1.1817821043980103e-07
1.4430000000010907	1.173427175427122e-07
1.4440000000010837	1.1629919960398638e-07
1.4450000000010768	1.1505140129486335e-07
1.44600000000107	1.1359373819352925e-07
1.447000000001063	1.1192941584692306e-07
1.448000000001056	1.100597324388275e-07
1.449000000001049	1.0799867322663914e-07
1.450000000001042	1.0574293274334678e-07
1.4510000000010352	1.0331647426475854e-07
1.4520000000010282	1.0070998146538557e-07
1.4530000000010213	9.79512504439839e-08
1.4540000000010145	9.503788878095776e-08
1.4550000000010075	9.198525163789384e-08
1.4560000000010005	8.879804502814892e-08
1.4570000000009937	8.548471730485119e-08
1.4580000000009865	8.20550364322159e-08
1.4590000000009797	7.851387651136577e-08
1.460000000000973	7.487061970401498e-08
1.4610000000009657	7.113495847921314e-08
1.462000000000959	6.731529811343506e-08
1.4630000000009518	6.342237224288283e-08
1.464000000000945	5.946812031698556e-08
1.465000000000938	5.5462239467729546e-08
1.466000000000931	5.141830328181385e-08
1.4670000000009242	4.7344327125387053e-08
1.4680000000009172	4.325326596887891e-08
1.4690000000009102	3.9152917130635956e-08
1.4700000000009035	3.505344825516232e-08
1.4710000000008965	3.096171730110342e-08
1.4720000000008895	2.6884950488081927e-08
1.4730000000008827	2.2827922663282152e-08
1.4740000000008757	1.879437705465392e-08
1.4750000000008687	1.4787841506880284e-08
1.476000000000862	1.0808481221147304e-08
1.4770000000008547	6.858273726706443e-09
1.478000000000848	2.9363282916250455e-09
1.4790000000008408	-9.572005410518614e-10
1.480000000000834	-4.821913313080017e-09
1.4810000000008272	-8.65781712988678e-09
1.48200000000082	-1.24644228272075e-08
1.4830000000008132	-1.6239441347210004e-08
1.4840000000008062	-1.9980610055370107e-08
1.4850000000007992	-2.3686468342276612e-08
1.4860000000007925	-2.735335224990365e-08
1.4870000000007855	-3.097972967047724e-08
1.4880000000007785	-3.456491803888184e-08
1.4890000000007717	-3.810559334738173e-08
1.4900000000007645	-4.1599794720070804e-08
1.4910000000007577	-4.5050738251006806e-08
1.4920000000007507	-4.8450180312187285e-08
1.4930000000007437	-5.1805659095904844e-08
1.494000000000737	-5.511065492846967e-08
1.49500000000073	-5.8366068866888554e-08
1.496000000000723	-6.156765253173546e-08
1.497000000000716	-6.471694846688081e-08
1.498000000000709	-6.780798389449672e-08
1.4990000000007022	-7.08406737714995e-08
1.5000000000006952	-7.381215216817338e-08
1.5010000000006882	-7.67224968001301e-08
1.5020000000006815	-7.956893921523545e-08
1.5030000000006745	-8.23526644655459e-08
1.5040000000006675	-8.506978588229686e-08
1.5050000000006605	-8.772062076722875e-08
1.5060000000006535	-9.030249525920908e-08
1.5070000000006467	-9.281372337355265e-08
1.5080000000006397	-9.525214172967367e-08
1.5090000000006327	-9.761270614028206e-08
1.5100000000006257	-9.989265725707241e-08
1.5110000000006187	-1.0208683209889102e-07
1.512000000000612	-1.041923323175098e-07
1.513000000000605	-1.0620201318367606e-07
1.514000000000598	-1.0811357387119358e-07
1.5150000000005912	-1.0991936116866441e-07
1.5160000000005842	-1.1161673896253888e-07
1.5170000000005772	-1.1320373238810078e-07
1.5180000000005702	-1.1466857774422579e-07
1.5190000000005632	-1.1601697491592233e-07
1.5200000000005565	-1.1724168080817776e-07
1.5210000000005495	-1.1833633561941781e-07
1.5220000000005425	-1.1931036114631866e-07
1.5230000000005357	-1.20148712534629e-07
1.5240000000005285	-1.2086269807198846e-07
1.5250000000005217	-1.2144227268251484e-07
1.5260000000005147	-1.219018668230376e-07
1.5270000000005077	-1.2223139123079818e-07
1.528000000000501	-1.2244614699952194e-07
1.529000000000494	-1.2254198100691838e-07
1.530000000000487	-1.225282626471369e-07
1.53100000000048	-1.224101895402896e-07
1.532000000000473	-1.221915779670013e-07
1.5330000000004662	-1.218812404335523e-07
1.5340000000004592	-1.2148393757627218e-07
1.5350000000004522	-1.2100538748782697e-07
1.5360000000004455	-1.2044767383478927e-07
1.5370000000004385	-1.1981728764709487e-07
1.5380000000004315	-1.191148435442102e-07
1.5390000000004245	-1.1834147994882471e-07
1.5400000000004175	-1.1750142725475143e-07
1.5410000000004107	-1.1659107768124954e-07
1.5420000000004037	-1.1561276758165207e-07
1.5430000000003967	-1.1456429382938893e-07
1.5440000000003897	-1.1344141270797081e-07
1.5450000000003827	-1.1224489959715811e-07
1.546000000000376	-1.1096448604419606e-07
1.547000000000369	-1.0960603913368061e-07
1.548000000000362	-1.081544578340754e-07
1.549000000000355	-1.0661221261365483e-07
1.5500000000003482	-1.0497627433991852e-07
1.5510000000003412	-1.0323476207219073e-07
1.5520000000003342	-1.0139200146142002e-07
1.5530000000003272	-9.944190293431632e-08
1.5540000000003205	-9.73822342764663e-08
1.5550000000003135	-9.521474875207048e-08
1.5560000000003065	-9.293690905742835e-08
1.5570000000002997	-9.055001637392479e-08
1.5580000000002925	-8.805916418275217e-08
1.5590000000002857	-8.546545582355236e-08
1.5600000000002787	-8.277741936346672e-08
1.5610000000002717	-8.00012791568605e-08
1.5620000000002647	-7.714496885746769e-08
1.5630000000002577	-7.422137349166746e-08
1.564000000000251	-7.12367449473561e-08
1.565000000000244	-6.820144626829006e-08
1.566000000000237	-6.512569927785705e-08
1.5670000000002302	-6.201641045144868e-08
1.5680000000002232	-5.888248066909796e-08
1.5690000000002162	-5.573046157891781e-08
1.5700000000002092	-5.256728519142939e-08
1.5710000000002025	-4.93978071780532e-08
1.5720000000001955	-4.622828031486392e-08
1.5730000000001885	-4.3063186128122766e-08
1.5740000000001815	-3.9907741333777835e-08
1.5750000000001747	-3.6765165578600545e-08
1.5760000000001675	-3.364086520463161e-08
1.5770000000001607	-3.0536851713947044e-08
1.5780000000001537	-2.7459014395603276e-08
1.5790000000001467	-2.4407984078322897e-08
1.58000000000014	-2.138863819389769e-08
1.581000000000133	-1.8402278589846333e-08
1.582000000000126	-1.5450477564016296e-08
1.583000000000119	-1.253646941812292e-08
1.584000000000112	-9.659259170291534e-09
1.5850000000001052	-6.822381326543336e-09
1.5860000000000982	-4.024258482004939e-09
1.5870000000000912	-1.26929267096898e-09
1.5880000000000845	1.4427158356866698e-09
1.5890000000000775	4.110787044098174e-09
1.5900000000000705	6.734426127863458e-09
1.5910000000000635	9.312742133005258e-09
1.5920000000000565	1.1847302694434347e-08
1.5930000000000497	1.4340669096668535e-08
1.5940000000000427	1.67944184115143e-08
1.5950000000000357	1.9214244417753434e-08
1.5960000000000287	2.1603079214393972e-08
1.5970000000000217	2.3967917872624867e-08
1.598000000000015	2.6312565348796113e-08
1.599000000000008	2.8642568983272554e-08
1.600000000000001	3.0962598041028855e-08
1.6009999999999942	3.3276156052863826e-08
1.6019999999999872	3.5586521063279974e-08
1.6029999999999802	3.789561575651135e-08
1.6039999999999732	4.0203902762492305e-08
1.6049999999999662	4.251161556112493e-08
1.6059999999999595	4.481740867312567e-08
1.6069999999999525	4.711936685275475e-08
1.6079999999999455	4.941487008469636e-08
1.6089999999999387	5.170090067174726e-08
1.6099999999999315	5.3974308800164295e-08
1.6109999999999247	5.623103738194857e-08
1.6119999999999177	5.846710449119996e-08
1.6129999999999107	6.067730717873587e-08
1.6139999999999037	6.285728082477959e-08
1.614999999999897	6.500063387537836e-08
1.61599999999989	6.710007649513017e-08
1.616999999999883	6.915229877613172e-08
1.617999999999876	7.11471161984889e-08
1.6189999999998692	7.308165361763486e-08
1.6199999999998622	7.494582132672178e-08
1.6209999999998552	7.673611590597318e-08
1.6219999999998485	7.844369021015041e-08
1.6229999999998415	8.006399809801223e-08
1.6239999999998345	8.158942044200757e-08
1.6249999999998275	8.301442144809101e-08
1.6259999999998205	8.433497233895082e-08
1.6269999999998137	8.554671493410382e-08
1.6279999999998067	8.665082784631295e-08
1.6289999999997997	8.764745051959011e-08
1.6299999999997927	8.853411881393214e-08
1.6309999999997857	8.931301409553782e-08
1.631999999999779	8.998439637863953e-08
1.632999999999772	9.05461436939703e-08
1.633999999999765	9.099976971960189e-08
1.634999999999758	9.134171963243176e-08
1.6359999999997512	9.157505487245032e-08
1.6369999999997442	9.16944611351056e-08
1.6379999999997372	9.170026615823446e-08
1.6389999999997302	9.159595448782198e-08
1.6399999999997235	9.137658252278413e-08
1.6409999999997165	9.105056875124973e-08
1.6419999999997095	9.061813655009132e-08
1.6429999999997025	9.007914125724881e-08
1.6439999999996955	8.943852625176163e-08
1.6449999999996887	8.869840417702335e-08
1.6459999999996817	8.785351712781164e-08
1.6469999999996747	8.690752739681784e-08
1.6479999999996677	8.585558042284447e-08
1.6489999999996607	8.469338597105747e-08
1.649999999999654	8.341956025947894e-08
1.650999999999647	8.203163082143305e-08
1.65199999999964	8.052806832470338e-08
1.6529999999996332	7.891457576292282e-08
1.6539999999996262	7.718604300155363e-08
1.6549999999996192	7.535703161476448e-08
1.6559999999996122	7.343095576040071e-08
1.6569999999996052	7.141273028477002e-08
1.6579999999995985	6.931364837647891e-08
1.6589999999995915	6.713656830470427e-08
1.6599999999995845	6.489023829381324e-08
1.6609999999995777	6.257578988311252e-08
1.6619999999995705	6.01976228864487e-08
1.6629999999995637	5.775478173486448e-08
1.6639999999995567	5.5246899943739436e-08
1.6649999999995497	5.267257541241577e-08
1.665999999999543	5.002686542798784e-08
1.666999999999536	4.730860114765534e-08
1.667999999999529	4.4514803954065485e-08
1.668999999999522	4.164330991152099e-08
1.669999999999515	3.868985476440656e-08
1.6709999999995082	3.5659183161840247e-08
1.6719999999995012	3.254947911202066e-08
1.6729999999994942	2.9369439769055816e-08
1.6739999999994875	2.6119153062609257e-08
1.6749999999994805	2.28068746110921e-08
1.6759999999994735	1.9436003917405742e-08
1.6769999999994665	1.601091392799958e-08
1.6779999999994595	1.2535680271597016e-08
1.6789999999994527	9.014829771558652e-09
1.6799999999994457	5.4539600613523476e-09
1.6809999999994387	1.8541368440594397e-09
1.6819999999994317	-1.7799146601049642e-09
1.6829999999994247	-5.4451683162426434e-09
1.683999999999418	-9.137923528967917e-09
1.684999999999411	-1.2855824849111741e-08
1.685999999999404	-1.659728643410574e-08
1.6869999999993972	-2.036025992246948e-08
1.6879999999993902	-2.4144298116368645e-08
1.6889999999993832	-2.7948572123293047e-08
1.6899999999993762	-3.1773810027502236e-08
1.6909999999993692	-3.561803074703107e-08
1.6919999999993625	-3.9481367064553297e-08
1.6929999999993555	-4.3359551726851464e-08
1.6939999999993485	-4.7250638512963405e-08
1.6949999999993415	-5.1150189861459694e-08
1.6959999999993345	-5.5051478486944916e-08
1.6969999999993277	-5.895022403556993e-08
1.6979999999993207	-6.283849218746695e-08
1.6989999999993137	-6.671029728622102e-08
1.6999999999993067	-7.055773787456587e-08
1.7009999999993	-7.437254767594936e-08
1.701999999999293	-7.814838021147352e-08
1.702999999999286	-8.187828770545025e-08
1.703999999999279	-8.555327246639877e-08
1.7049999999992722	-8.917073790470909e-08
1.7059999999992652	-9.271768686147652e-08
1.7069999999992582	-9.619203900079754e-08
1.7079999999992515	-9.958939184429028e-08
1.7089999999992442	-1.0290656105027551e-07
1.7099999999992375	-1.0614000478526009e-07
1.7109999999992305	-1.0929751503852003e-07
1.7119999999992235	-1.1237164154742629e-07
1.7129999999992167	-1.1536813326884499e-07
1.7139999999992095	-1.1828587087592268e-07
1.7149999999992027	-1.2112191360991176e-07
1.7159999999991957	-1.2388053605150162e-07
1.7169999999991887	-1.265617526335916e-07
1.717999999999182	-1.2916707281540596e-07
1.718999999999175	-1.316956523833568e-07
1.719999999999168	-1.341474789029462e-07
1.720999999999161	-1.3652104935424347e-07
1.721999999999154	-1.3880596982929205e-07
1.7229999999991472	-1.410005110447088e-07
1.7239999999991402	-1.4309223872466248e-07
1.7249999999991332	-1.450774906874841e-07
1.7259999999991265	-1.4695003724973787e-07
1.7269999999991195	-1.487053473692157e-07
1.7279999999991125	-1.5033841438416573e-07
1.7289999999991055	-1.5184770640885858e-07
1.7299999999990985	-1.5322389623761978e-07
1.7309999999990917	-1.5447191326067866e-07
1.7319999999990847	-1.5558031307705278e-07
1.7329999999990777	-1.5656641405570326e-07
1.7339999999990707	-1.5742401426876995e-07
1.7349999999990655	-1.581643824799528e-07
1.7359999999990614	-1.5879506110039188e-07
1.7369999999990573	-1.5931837271665472e-07
1.7379999999990532	-1.5974632594506488e-07
1.7389999999990489	-1.6007780812010708e-07
1.7399999999990448	-1.603253030335594e-07
1.7409999999990406	-1.6048339435137393e-07
1.7419999999990363	-1.6056510321327266e-07
1.7429999999990322	-1.6056462159852458e-07
1.743999999999028	-1.6048985163052976e-07
1.744999999999024	-1.603335491040525e-07
1.74599999999902	-1.6010141923317178e-07
1.7469999999990156	-1.5979120560061233e-07
1.7479999999990115	-1.5940560493810096e-07
1.7489999999990071	-1.5894788485404376e-07
1.749999999999003	-1.5841332223764937e-07
1.7509999999990045	-1.578148216552222e-07
1.751999999999006	-1.5714450185555506e-07
1.7529999999990071	-1.5640624972945716e-07
1.7539999999990086	-1.556024507021192e-07
1.75499999999901	-1.5472880221523155e-07
1.7559999999990115	-1.537864580125614e-07
1.756999999999013	-1.5276860487745125e-07
1.7579999999990141	-1.5167535871718485e-07
1.7589999999990156	-1.505009212809938e-07
1.759999999999017	-1.4924341074085135e-07
1.7609999999990182	-1.4789812197157914e-07
1.7619999999990197	-1.4646553392339e-07
1.7629999999990211	-1.449428763677929e-07
1.7639999999990226	-1.4332812670048156e-07
1.7649999999990238	-1.4162052552890714e-07
1.7659999999990263	-1.3982208368901183e-07
1.7669999999990305	-1.37933646282562e-07
1.7679999999990346	-1.359579717696846e-07
1.7689999999990387	-1.3389826092335966e-07
1.769999999999043	-1.317547320134338e-07
1.7709999999990471	-1.2953560935002884e-07
1.7719999999990512	-1.272356910941852e-07
1.7729999999990556	-1.2486193101679532e-07
1.7739999999990597	-1.224093377771851e-07
1.7749999999990638	-1.1988295800513527e-07
1.7759999999990679	-1.1728065762994788e-07
1.776999999999072	-1.146006893826268e-07
1.7779999999990763	-1.1184241377470983e-07
1.7789999999990804	-1.0900410085668e-07
1.7799999999990845	-1.0608051814742225e-07
1.7809999999990886	-1.03077761215431e-07
1.781999999999093	-9.998947758660393e-08
1.782999999999097	-9.682008328404379e-08
1.7839999999991012	-9.356844676844389e-08
1.7849999999991053	-9.023404135000135e-08
1.7859999999991096	-8.682170049567617e-08
1.7869999999991137	-8.332547629663623e-08
1.7879999999991179	-7.975744376054195e-08
1.788999999999122	-7.611330365975277e-08
1.789999999999126	-7.239766852684681e-08
1.7909999999991304	-6.860876755609979e-08
1.7919999999991345	-6.475210745371385e-08
1.7929999999991386	-6.081920833622689e-08
1.7939999999991427	-5.681740455898421e-08
1.794999999999147	-5.2744038470109444e-08
1.7959999999991512	-4.859977864590803e-08
1.7969999999991553	-4.438917278193344e-08
1.7979999999991594	-4.011080756427532e-08
1.7989999999991637	-3.577092710926877e-08
1.7999999999991678	-3.136701853811985e-08
1.800999999999172	-2.6908814287907035e-08
1.801999999999176	-2.239435592521488e-08
1.8029999999991801	-1.78311099219286e-08
1.8039999999991845	-1.3223605765944058e-08
1.8049999999991886	-8.575417487222126e-09
1.8059999999991927	-3.892432598462392e-09
1.8069999999991968	8.22416024170991e-10
1.8079999999992011	5.567143412932296e-09
1.8089999999992052	1.0337996680931383e-08
1.8099999999992094	1.5130521280326548e-08
1.8109999999992135	1.9940473050539254e-08
1.8119999999992178	2.4757671690522898e-08
1.812999999999222	2.957843370232638e-08
1.813999999999226	3.4391645531428594e-08
1.8149999999992301	3.919181246203607e-08
1.8159999999992344	4.3967580021231356e-08
1.8169999999992386	4.871346370727281e-08
1.8179999999992427	5.342214648429433e-08
1.8189999999992468	5.808929093298332e-08
1.819999999999251	6.271077013231263e-08
1.8209999999992552	6.728864865301887e-08
1.8219999999992593	7.182043726405851e-08
1.8229999999992634	7.631195975132954e-08
1.8239999999992675	8.07620417209165e-08
1.8249999999992719	8.517417915410164e-08
1.825999999999276	8.954874686217806e-08
1.82699999999928	9.388464417003917e-08
1.8279999999992842	9.818106683212591e-08
1.8289999999992885	1.0243695225398142e-07
1.8299999999992926	1.0665170058210549e-07
1.8309999999992967	1.1082452333610604e-07
1.8319999999993009	1.1494993878979898e-07
1.8329999999993052	1.1902854024636866e-07
1.8339999999993093	1.2305490670883046e-07
1.8349999999993134	1.2702984064638656e-07
1.8359999999993175	1.3094210027375652e-07
1.8369999999993218	1.347930134176778e-07
1.837999999999326	1.3857504499448225e-07
1.83899999999933	1.4228735611965249e-07
1.8399999999993342	1.4592897890075562e-07
1.8409999999993385	1.4949939786124133e-07
1.8419999999993426	1.5299864031259602e-07
1.8429999999993467	1.564315534885452e-07
1.8439999999993508	1.597932868246943e-07
1.844999999999355	1.630830344101497e-07
1.8459999999993593	1.662934987489706e-07
1.8469999999993634	1.6941628000477493e-07
1.8479999999993675	1.7245006556088072e-07
1.8489999999993716	1.7538798435801084e-07
1.849999999999376	1.7823575548803205e-07
1.85099999999938	1.8098595711002474e-07
1.8519999999993841	1.8363173792668164e-07
1.8529999999993882	1.8617615404892263e-07
1.8539999999993926	1.8861578243711818e-07
1.8549999999993967	1.9094855963075474e-07
1.8559999999994008	1.9318191224471093e-07
1.856999999999405	1.9531229178415543e-07
1.857999999999409	1.9735477951865477e-07
1.8589999999994133	1.9930510797294687e-07
1.8599999999994175	2.0117611765346766e-07
1.8609999999994216	2.0296941638520138e-07
1.861999999999426	2.046892220164409e-07
1.86299999999943	2.0634510278227935e-07
1.863999999999434	2.0793174004829496e-07
1.8649999999994382	2.0945520506909787e-07
1.8659999999994423	2.1091487278912524e-07
1.8669999999994467	2.1231418623202103e-07
1.8679999999994508	2.1365091096292588e-07
1.8689999999994549	2.149234967774305e-07
1.869999999999459	2.1612439549123508e-07
1.870999999999463	2.1724977639081544e-07
1.8719999999994674	2.182898203306749e-07
1.8729999999994715	2.1923650717070586e-07
1.8739999999994756	2.2008559585895426e-07
1.87499999999948	2.2083593775867882e-07
1.875999999999484	2.2148383616027445e-07
1.8769999999994882	2.2203624205907602e-07
1.8779999999994923	2.224991600963122e-07
1.8789999999994964	2.2288088241673165e-07
1.8799999999995007	2.23200162796644e-07
1.8809999999995048	2.2346807859729978e-07
1.881999999999509	2.2369925845033833e-07
1.882999999999513	2.2390069942535007e-07
1.8839999999995174	2.2407880595487484e-07
1.8849999999995215	2.242347751924001e-07
1.8859999999995256	2.2436728619457114e-07
1.8869999999995297	2.2447063341424212e-07
1.887999999999534	2.24542331839217e-07
1.8889999999995382	2.2457722459456875e-07
1.8899999999995423	2.2457349213578226e-07
1.8909999999995464	2.2452648962278943e-07
1.8919999999995505	2.2443388159043565e-07
1.8929999999995548	2.2429202084506272e-07
1.893999999999559	2.2409740441098336e-07
1.894999999999563	2.2384671349851004e-07
1.8959999999995671	2.235365992309113e-07
1.8969999999995715	2.2316560621682413e-07
1.8979999999995756	2.227321090897405e-07
1.8989999999995797	2.222304757992788e-07
1.8999999999995838	2.2165490598524684e-07
1.9009999999995881	2.2100368501920542e-07
1.9019999999995922	2.2027573665095446e-07
1.9029999999995963	2.1946693684604668e-07
1.9039999999996005	2.1858145382580574e-07
1.9049999999996048	2.17618068343306e-07
1.905999999999609	2.1657559567955786e-07
1.906999999999613	2.1545673556389033e-07
1.9079999999996171	2.142618573675037e-07
1.9089999999996214	2.1299201313773608e-07
1.9099999999996256	2.1165124086675036e-07
1.9109999999996297	2.1024606011721403e-07
1.9119999999996338	2.0878741247010169e-07
1.9129999999996379	2.0728118754753666e-07
1.9139999999996422	2.0573228465270432e-07
1.9149999999996463	2.0414047885441988e-07
1.9159999999996504	2.0250761789686322e-07
1.9169999999996545	2.008321797752899e-07
1.9179999999996589	1.9911715254394835e-07
1.918999999999663	1.973656645892774e-07
1.919999999999667	1.9557702080064132e-07
1.9209999999996712	1.9375515736275162e-07
1.9219999999996755	1.9190278610636824e-07
1.9229999999996796	1.900244201991086e-07
1.9239999999996837	1.8813046065435657e-07
1.9249999999996878	1.8623139164120062e-07
1.9259999999996922	1.8433679016549576e-07
1.9269999999996963	1.8245638933045427e-07
1.9279999999997004	1.8059920670054908e-07
1.9289999999997045	1.787691117360879e-07
1.9299999999997088	1.7696762566465907e-07
1.930999999999713	1.75191200990632e-07
1.931999999999717	1.7343135849667846e-07
1.9329999999997212	1.7167632360148843e-07
1.9339999999997253	1.6991616724748582e-07
1.9349999999997296	1.681417600707391e-07
1.9359999999997337	1.6634734634202175e-07
1.9369999999997378	1.6452646511844193e-07
1.937999999999742	1.6267327784813546e-07
1.9389999999997463	1.6078673603647786e-07
1.9399999999997504	1.5886264059794541e-07
1.9409999999997545	1.569061939266092e-07
1.9419999999997586	1.5491990446037107e-07
1.942999999999763	1.529124504795476e-07
1.943999999999767	1.5089080007690825e-07
1.9449999999997711	1.4885965637922993e-07
1.9459999999997752	1.4681423943230243e-07
1.9469999999997794	1.4474911769202237e-07
1.9479999999997837	1.4266055314848813e-07
1.9489999999997878	1.4054634178695125e-07
1.949999999999792	1.384095263956553e-07
1.950999999999796	1.3625239791981159e-07
1.9519999999998003	1.3407350640814997e-07
1.9529999999998044	1.318757040236207e-07
1.9539999999998086	1.2966315188212008e-07
1.9549999999998127	1.274369725301483e-07
1.955999999999817	1.2519055547777214e-07
1.956999999999821	1.2291715756340693e-07
1.9579999999998252	1.2060777232481001e-07
1.9589999999998293	1.1826765178302168e-07
1.9599999999998337	1.159059019872899e-07
1.9609999999998378	1.135396885398876e-07
1.9619999999998419	1.1117008180683285e-07
1.962999999999846	1.0878460776631016e-07
1.9639999999998503	1.0636874125946605e-07
1.9649999999998544	1.0392094140776464e-07
1.9659999999998585	1.014487354122906e-07
1.9669999999998626	9.896713881740737e-08
1.9679999999998667	9.649008958501071e-08
1.968999999999871	9.402649259193652e-08
1.9699999999998752	9.158105418460849e-08
1.9709999999998793	8.916175109341395e-08
1.9719999999998834	8.677339635720926e-08
1.9729999999998877	8.439662013692839e-08
1.9739999999998918	8.200363021959589e-08
1.974999999999896	7.9570258271211e-08
1.9759999999999	7.71070847171984e-08
1.9769999999999044	7.463647000438556e-08
1.9779999999999085	7.218266384612093e-08
1.9789999999999126	6.975579402990206e-08
1.9799999999999167	6.733769875033602e-08
1.980999999999921	6.489962423028572e-08
1.9819999999999252	6.241444472365743e-08
1.9829999999999293	5.986494733267733e-08
1.9839999999999334	5.7259840424706e-08
1.9849999999999375	5.461999386113803e-08
1.9859999999999418	5.196393082496087e-08
1.986999999999946	4.929717500878894e-08
1.98799999999995	4.661767849523102e-08
1.9889999999999541	4.391510544099475e-08
1.9899999999999585	4.1183503718400516e-08
1.9909999999999626	3.84209747350539e-08
1.9919999999999667	3.561717454303448e-08
1.9929999999999708	3.2800865246152e-08
1.9939999999999751	2.9977035964634524e-08
1.9949999999999792	2.7138158498196674e-08
1.9959999999999833	2.4291582967350678e-08
1.9969999999999875	2.146206701247877e-08
1.9979999999999918	1.8652246192019106e-08
1.998999999999996	1.5938651176661267e-08
2.0	1.3326736381102933e-08
2.0010279404845495	1.0691611374014087e-08
2.0021217900815715	7.941223456597868e-09
2.0032857751923165	5.0295744236095175e-09
2.004524391841744	1.9192081257557447e-09
2.005842426366887	-1.366316615403207e-09
2.007244970197923	-4.919852081286535e-09
2.0087374418720856	-8.652847549583953e-09
2.0103256076664273	-1.2435364515894776e-08
2.0120156028936726	-1.617818523591552e-08
2.013813957200875	-1.9729539335600066e-08
2.0157276178435577	-2.3051146769148545e-08
2.0177639781367303	-2.6401326902458777e-08
2.019930905358886	-3.0269481587907876e-08
2.0222367711443985	-3.495068234826704e-08
2.024690484011897	-3.9749182612069944e-08
2.027301523572695	-4.445054102575341e-08
2.0300799770731848	-4.885942250787423e-08
2.033036578410754	-5.304142924877908e-08
2.036182751117039	-5.8068521546772445e-08
2.039530649180409	-6.45337272509039e-08
2.043093206833892	-7.169303994913889e-08
2.046884188175661	-7.77598962997672e-08
2.050918238233338	-8.267745066348198e-08
2.0552109433735133	-8.776356241746441e-08
2.059778886913171	-9.334646411396363e-08
2.0646397170403086	-9.873275996774566e-08
2.0698122132469665	-1.0276377770956913e-07
2.0753163565584574	-1.0419556017993159e-07
2.081173414838828	-1.0666322758368096e-07
2.0874060143976347	-1.0678649808859575e-07
2.094038234979271	-1.0413066053871489e-07
2.1010956980169606	-1.0214661605445485e-07
2.1086056699538682	-9.933727018740512e-08
2.116597165034399	-9.209277562760576e-08
2.125101056786564	-8.139636031856412e-08
2.1341501990307465	-7.08244793923285e-08
2.143779554474847	-6.175478661774036e-08
2.1540263207146424	-4.840649681092657e-08
2.1649300857539027	-3.761640088306706e-08
2.1765329774064615	-3.061262443537771e-08
2.1888798204423576	-2.3092257439571995e-08
2.2020183144046843	-1.7664635532099737e-08
2.2159992202680474	-1.078435074575168e-08
2.2308765524295735	-4.0582048832504825e-10
2.246707783705272	4.176776480235844e-09
2.263554079768369	1.3872769266676244e-08
2.2814805235907363	2.135382981549583e-08
2.3005563724108544	2.774634921820507e-08
2.320855322320133	3.1221546903381636e-08
2.3424557929209753	4.738422432204459e-08
2.3654412374910825	7.630536580371938e-08
2.389900455657507	1.1017776746502506e-07
2.41592795027163	1.434204979222642e-07
2.44362426638729	1.621800016504693e-07
2.473096411506492	1.7116000206041093e-07
2.5044582437089975	1.496407695533719e-07
2.537830924630887	1.1201091942858454e-07
2.5733433911797423	7.429770920719392e-08
2.611132843166974	1.1228307839061813e-08
2.6513452603475027	-5.22820919890421e-08
2.6941360153529494	-5.9168452359870116e-08
2.739670418177515	-5.530333457848258e-08
2.788124380079947	-7.659197676090912e-08
2.839685109337027	-6.813153152762652e-08
2.894551789617174	-3.125740222209572e-08
2.9529364084026577	-6.800746277235703e-08
3.0150645170164534	-8.366616954802453e-08
3.0811761422888653	-8.428552078498797e-08
3.1515266965252042	-3.764273426298814e-08
3.226387989377641	6.209218472719158e-09
3.30604919671757	8.000045192968486e-08
3.39081811677136	8.53100766695647e-08
3.4810222154328754	4.9315105998815056e-08
3.577010018652917	-2.7739291530437526e-08
3.6791523315125145	-7.467482188161512e-10
3.7878438030764574	1.1531449906065916e-08
3.9035043177534527	3.971777851052849e-08
4.02658072998157	-3.667596493173164e-08
4.157548527011607	-7.994666817445761e-08
4.296913682346355	4.0945474788500746e-08
4.445214635465608	-3.6058147578899025e-09
4.603024347307951	-2.524639852730104e-08
4.770952424745148	-7.582452932197725e-08
4.9496476786701376	-6.492483950459871e-08
5.139800459354712	7.3223944685452125e-09
5.342145448462832	-1.6320237605782495e-08
5.557464321076707	1.3409226951033304e-08
5.786588991858403	-6.217228953886433e-09
6.03040459644804	-2.7522233159160692e-08
6.289853138906711	-1.7442783439847176e-08
6.565936951835777	-3.91518595321827e-09
6.859722633511745	8.235047421756292e-09
7.172345245053396	1.8930736089828315e-08
7.505012494394354	1.0553043994221412e-08
7.859009576011049	-5.978768147230085e-09
8.23570422033976	1.115056103007106e-08
8.636551628113326	-1.3557687195131507e-08
9.063100564489073	-1.2291603290748299e-09
9.516998831091398	4.7420724014202165e-09
10.0	-6.717006284517879e-09
