0.0	1.0000000009421157
0.0010000000000041087	1.0000000009403818
0.0020000000000082174	1.0000000009360843
0.003000000000012548	1.0000000009288645
0.004000000000016657	1.0000000009188248
0.005000000000020766	1.0000000009055334
0.006000000000024874	1.0000000008890289
0.007000000000029205	1.0000000008689638
0.008000000000033314	1.0000000008450785
0.009000000000037423	1.0000000008171315
0.010000000000041753	1.0000000007846874
0.011000000000045862	1.0000000007473433
0.01200000000004997	1.0000000007047902
0.01300000000005408	1.0000000006563676
0.01400000000005841	1.0000000006016612
0.015000000000062519	1.0000000005401797
0.016000000000066406	1.0000000004710143
0.017000000000070736	1.000000000393866
0.018000000000074845	1.000000000307885
0.019000000000078954	1.0000000002122642
0.020000000000083062	1.0000000001062812
0.021000000000087393	0.9999999999892821
0.022000000000091502	0.9999999998598614
0.02300000000009561	0.9999999997182374
0.02400000000009972	0.9999999995619551
0.02500000000010405	0.9999999993914688
0.02600000000010816	0.9999999992049452
0.027000000000112268	0.9999999990016778
0.0280000000001166	0.9999999987803396
0.029000000000120707	0.999999998540576
0.030000000000124816	0.9999999982803712
0.031000000000128924	0.9999999979991843
0.032000000000133255	0.9999999976962239
0.033000000000137364	0.9999999973695541
0.03400000000014147	0.9999999970188791
0.0350000000001458	0.9999999966429293
0.03600000000014991	0.999999996240174
0.03700000000015402	0.9999999958104987
0.03800000000015813	0.9999999953521338
0.03900000000016246	0.9999999948648396
0.04000000000016657	0.9999999943471628
0.04100000000017068	0.9999999937986316
0.04200000000017501	0.999999993218349
0.04300000000017912	0.9999999926058749
0.044000000000183226	0.9999999919609971
0.045000000000187335	0.9999999912822212
0.046000000000191665	0.9999999905703971
0.04700000000019555	0.9999999898249449
0.04800000000019966	0.999999989045422
0.04900000000020399	0.9999999882327064
0.0500000000002081	0.9999999873864707
0.05100000000021221	0.999999986507465
0.05200000000021632	0.999999985596055
0.05300000000022065	0.9999999846535358
0.05400000000022476	0.9999999836801173
0.055000000000228866	0.9999999826781907
0.0560000000002332	0.9999999816483797
0.057000000000237305	0.9999999805920241
0.058000000000241414	0.9999999795123691
0.05900000000024552	0.9999999784100544
0.060000000000249853	0.9999999772882369
0.06100000000025396	0.9999999761497382
0.06200000000025807	0.9999999749966373
0.0630000000002624	0.9999999738327482
0.06400000000026651	0.9999999726611702
0.06500000000027062	0.999999971485382
0.06600000000027473	0.9999999703094594
0.06700000000027906	0.9999999691372812
0.06800000000028317	0.9999999679737077
0.06900000000028728	0.999999966822285
0.0700000000002916	0.9999999656892703
0.07100000000029572	0.9999999645785098
0.07200000000029982	0.9999999634956378
0.07300000000030393	0.9999999624464481
0.07400000000030826	0.999999961436551
0.07500000000031237	0.9999999604709052
0.07600000000031648	0.9999999595578534
0.07700000000032081	0.9999999587010947
0.0780000000003247	0.9999999579082093
0.07900000000032881	0.9999999571867573
0.08000000000033292	0.9999999565414739
0.08100000000033725	0.9999999559813363
0.08200000000034136	0.9999999555112876
0.08300000000034546	0.9999999551400858
0.0840000000003498	0.9999999548740719
0.0850000000003539	0.9999999547213974
0.08600000000035801	0.9999999546873656
0.08700000000036212	0.9999999547819431
0.08800000000036645	0.9999999550096064
0.08900000000037056	0.9999999553818198
0.09000000000037467	0.999999955901632
0.091000000000379	0.9999999565794526
0.09200000000038311	0.9999999574197005
0.09300000000038722	0.9999999584327607
0.09400000000039133	0.9999999596195632
0.09500000000039566	0.9999999609960278
0.09600000000039977	0.9999999625587579
0.09700000000040387	0.999999964318454
0.0980000000004082	0.9999999662859861
0.09900000000041231	0.9999999684546944
0.10000000000041642	0.9999999708425001
0.10100000000042053	0.9999999734425485
0.10200000000042486	0.9999999762666743
0.10300000000042897	0.9999999793133012
0.10400000000043308	0.9999999825840054
0.10500000000043741	0.9999999860894805
0.10600000000044152	0.9999999898130022
0.10700000000044563	0.9999999937726941
0.10800000000044951	0.9999999979547307
0.10900000000045384	1.0000000023567128
0.11000000000045795	1.0000000069858943
0.11100000000046206	1.0000000118220906
0.1120000000004664	1.0000000168627228
0.1130000000004705	1.000000022101935
0.11400000000047461	1.00000002753
0.11500000000047872	1.000000033128763
0.11600000000048305	1.0000000388894286
0.11700000000048716	1.0000000447916304
0.11800000000049127	1.0000000508196334
0.1190000000004956	1.0000000569520022
0.12000000000049971	1.0000000631660215
0.12100000000050382	1.000000069436956
0.12200000000050792	1.0000000757378402
0.12300000000051226	1.0000000820390924
0.12400000000051636	1.0000000883094335
0.12500000000052047	1.0000000945148575
0.1260000000005248	1.0000001006201613
0.1270000000005289	1.0000001065866428
0.12800000000053302	1.0000001123754547
0.12900000000053713	1.000000117944814
0.13000000000054146	1.0000001232497946
0.13100000000054557	1.0000001282537105
0.13200000000054968	1.0000001328932386
0.133000000000554	1.0000001371442158
0.13400000000055812	1.0000001409445598
0.13500000000056223	1.000000144244051
0.13600000000056633	1.0000001470066238
0.13700000000057067	1.0000001491699213
0.13800000000057477	1.0000001507117227
0.13900000000057866	1.0000001515389605
0.140000000000583	1.0000001516644608
0.1410000000005871	1.0000001509846552
0.1420000000005912	1.0000001495205078
0.14300000000059532	1.0000001471643079
0.14400000000059965	1.0000001439442887
0.14500000000060376	1.0000001397799647
0.14600000000060787	1.0000001346629968
0.1470000000006122	1.0000001285588231
0.1480000000006163	1.0000001214618515
0.14900000000062041	1.000000113317434
0.15000000000062452	1.000000104159965
0.15100000000062885	1.0000000939386169
0.15200000000063296	1.0000000826824422
0.15300000000063707	1.0000000703774878
0.1540000000006414	1.000000057050029
0.1550000000006455	1.00000004268577
0.15600000000064962	1.0000000273411005
0.15700000000065373	1.0000000110130998
0.15800000000065806	0.9999999937552416
0.15900000000066217	0.9999999755895185
0.16000000000066628	0.9999999565782857
0.16100000000067038	0.999999936768728
0.16200000000067472	0.9999999162063136
0.16300000000067882	0.9999998949591733
0.16400000000068293	0.9999998731129193
0.16500000000068726	0.9999998507092979
0.16600000000069137	0.9999998278572491
0.16700000000069548	0.9999998046101397
0.1680000000006996	0.9999997810808846
0.16900000000070392	0.9999997573395302
0.1700000000007078	0.9999997334929157
0.17100000000071192	0.9999997096323923
0.17200000000071625	0.9999996858521055
0.17300000000072036	0.9999996622698433
0.17400000000072446	0.999999638964332
0.17500000000072857	0.9999996160577878
0.1760000000007329	0.9999995936558528
0.177000000000737	0.9999995718452052
0.17800000000074112	0.9999995507578957
0.17900000000074545	0.9999995304623445
0.18000000000074956	0.9999995111034768
0.18100000000075367	0.9999994927424395
0.18200000000075778	0.9999994755156184
0.1830000000007621	0.999999459468648
0.18400000000076622	0.9999994447655837
0.18500000000077033	0.9999994314338527
0.18600000000077466	0.999999419619048
0.18700000000077877	0.9999994093468457
0.18800000000078287	0.9999994007425977
0.18900000000078698	0.9999993938625733
0.1900000000007913	0.999999388749773
0.19100000000079542	0.999999385541834
0.19200000000079953	0.999999384209836
0.19300000000080386	0.999999384882618
0.19400000000080797	0.9999993875664573
0.19500000000081208	0.9999993923007796
0.1960000000008162	0.9999993991133586
0.19700000000082052	0.9999994080628105
0.19800000000082463	0.999999419144008
0.19900000000082874	0.999999432330867
0.20000000000083307	0.9999994476991942
0.20100000000083695	0.9999994651308114
0.20200000000084106	0.9999994847248523
0.20300000000084517	0.9999995063093574
0.2040000000008495	0.9999995299624173
0.2050000000008536	0.9999995555533214
0.20600000000085772	0.9999995830060291
0.20700000000086205	0.9999996122832844
0.20800000000086616	0.9999996432211944
0.20900000000087027	0.9999996757438654
0.21000000000087438	0.9999997096659844
0.2110000000008787	0.999999744884988
0.21200000000088282	0.9999997811923726
0.21300000000088692	0.9999998184021563
0.21400000000089126	0.9999998563069701
0.21500000000089536	0.9999998946654475
0.21600000000089947	0.9999999332287824
0.21700000000090358	0.9999999717216604
0.2180000000009079	1.0000000098491424
0.21900000000091202	1.00000004729199
0.22000000000091613	1.0000000837118415
0.22100000000092046	1.0000001187610832
0.22200000000092457	1.0000001520413329
0.22300000000092868	1.0000001831979726
0.2240000000009328	1.0000002117614717
0.22500000000093712	1.000000237378659
0.22600000000094123	1.0000002595471595
0.22700000000094533	1.0000002778277195
0.22800000000094967	1.0000002918168487
0.22900000000095377	1.0000003009858263
0.23000000000095788	1.000000304908235
0.23100000000096177	1.0000003031038505
0.2320000000009661	1.000000295136459
0.2330000000009702	1.0000002805139212
0.23400000000097432	1.0000002588740249
0.23500000000097865	1.00000022975972
0.23600000000098276	1.000000192886724
0.23700000000098687	1.00000014755465
0.23800000000099097	1.0000000941127325
0.2390000000009953	1.0000000315590374
0.24000000000099941	0.9999999601179543
0.24100000000100352	0.9999998796175146
0.24200000000100785	0.9999997894737772
0.24300000000101196	0.9999996904507638
0.24400000000101607	0.9999995817746006
0.24500000000102018	0.9999994641915337
0.2460000000010245	0.9999993373798317
0.24700000000102862	0.9999992019897528
0.24800000000103273	0.9999990581945625
0.24900000000103706	0.9999989065621276
0.25000000000104117	0.9999987476096938
0.2510000000010453	0.999998582102186
0.2520000000010494	0.9999984105962365
0.2530000000010537	0.9999982342507506
0.2540000000010578	0.9999980539496987
0.25500000000106193	0.9999978707742222
0.25600000000106626	0.9999976859776671
0.25700000000107037	0.999997500815572
0.2580000000010745	0.9999973168125755
0.2590000000010786	0.9999971352915282
0.2600000000010829	0.9999969581246824
0.26100000000108703	0.9999967867037971
0.2620000000010909	0.9999966229994827
0.26300000000109525	0.999996468698968
0.26400000000109936	0.9999963256799469
0.26500000000110346	0.9999961961678763
0.2660000000011076	0.9999960815000795
0.2670000000011119	0.9999959841880914
0.268000000001116	0.9999959058359932
0.2690000000011201	0.9999958488402655
0.27000000000112445	0.9999958145765346
0.27100000000112856	0.9999958049025839
0.27200000000113267	0.9999958221845944
0.2730000000011368	0.9999958670014901
0.2740000000011411	0.999995943085837
0.2750000000011452	0.9999960486732344
0.2760000000011493	0.9999961877162556
0.27700000000115366	0.9999963611403423
0.27800000000115777	0.999996567572155
0.2790000000011619	0.9999968107508739
0.280000000001166	0.9999970888624509
0.2810000000011703	0.9999974035851391
0.2820000000011744	0.999997753990124
0.28300000000117853	0.9999981408629384
0.28400000000118286	0.9999985624713978
0.28500000000118697	0.999999018879255
0.2860000000011911	0.9999995086512072
0.2870000000011952	1.0000000300237126
0.2880000000011995	1.000000582256686
0.2890000000012036	1.0000011621367375
0.29000000000120774	1.0000017679292985
0.29100000000121207	1.0000023973321681
0.2920000000012162	1.0000030467156855
0.29300000000122006	1.0000037134677064
0.29400000000122417	1.0000043941670294
0.2950000000012285	1.0000050849473041
0.2960000000012326	1.0000057820288402
0.2970000000012367	1.0000064814605951
0.29800000000124083	1.0000071789116054
0.29900000000124516	1.0000078701169026
0.30000000000124927	1.0000085506522036
0.3010000000012534	1.0000092158718368
0.3020000000012577	1.0000098613027737
0.3030000000012618	1.0000104822496176
0.3040000000012659	1.0000110744967934
0.30500000000127003	1.0000116332611535
0.30600000000127436	1.000012154156065
0.3070000000012785	1.0000126332410624
0.3080000000012826	1.000013066211895
0.3090000000012869	1.0000134489799213
0.310000000001291	1.0000137787386905
0.31100000000129513	1.0000140512770201
0.31200000000129924	1.0000142641059562
0.31300000000130357	1.0000144141398473
0.3140000000013077	1.0000144993094917
0.3150000000013118	1.0000145182376123
0.3160000000013161	1.0000144680762963
0.3170000000013202	1.000014348660176
0.31800000000132433	1.0000141599698231
0.31900000000132844	1.0000138996338623
0.3200000000013328	1.0000135701781387
0.3210000000013369	1.0000131714044878
0.322000000001341	1.0000127036175006
0.3230000000013453	1.0000121702280216
0.3240000000013492	1.0000115726408147
0.3250000000013533	1.0000109115360178
0.3260000000013574	1.000010193677623
0.32700000000136176	1.0000094187864406
0.32800000000136587	1.000008592595121
0.32900000000137	1.0000077187295977
0.3300000000013743	1.0000068026530649
0.3310000000013784	1.0000058473364655
0.3320000000013825	1.0000048593613606
0.33300000000138663	1.0000038442421237
0.33400000000139096	1.0000028064244921
0.33500000000139507	1.000001753212669
0.3360000000013992	1.0000006896044245
0.3370000000014035	0.9999996222447487
0.3380000000014076	0.9999985573579654
0.3390000000014117	0.9999975009805957
0.34000000000141584	0.9999964597713478
0.34100000000142017	0.9999954395765289
0.3420000000014243	0.9999944475551029
0.3430000000014284	0.9999934882535753
0.3440000000014327	0.9999925689731642
0.3450000000014368	0.999991695377099
0.34600000000144093	0.999990870961332
0.34700000000144504	0.9999901048460426
0.34800000000144937	0.999989396835091
0.3490000000014535	0.9999887559516775
0.3500000000014576	0.9999881841233375
0.3510000000014619	0.9999876845860888
0.35200000000146603	0.9999872627897051
0.35300000000147014	0.9999869190916547
0.35400000000147425	0.9999866567777118
0.35500000000147836	0.9999864776043131
0.35600000000148246	0.9999863824544989
0.3570000000014866	0.9999863721212653
0.3580000000014909	0.999986446280893
0.359000000001495	0.9999866051617651
0.3600000000014991	0.999986846726593
0.36100000000150323	0.9999871703522535
0.36200000000150756	0.9999875729170069
0.36300000000151167	0.999988052330143
0.3640000000015158	0.9999886060382932
0.3650000000015201	0.9999892294274733
0.3660000000015242	0.999989919148409
0.3670000000015283	0.9999906709071712
0.36800000000153243	0.9999914800990318
0.36900000000153677	0.9999923414029923
0.3700000000015409	0.9999932502450665
0.371000000001545	0.9999942007335684
0.3720000000015493	0.9999951883917345
0.3730000000015534	0.9999962057054361
0.37400000000155753	0.9999972497088927
0.37500000000156164	0.9999983125528359
0.37600000000156597	0.9999993902310922
0.3770000000015701	1.0000004764583388
0.3780000000015742	1.0000015664326054
0.3790000000015785	1.0000026547550382
0.3800000000015826	1.0000037366239456
0.38100000000158674	1.0000048075003842
0.38200000000159084	1.0000058626315849
0.3830000000015952	1.000006898471566
0.3840000000015993	1.0000079106857205
0.3850000000016034	1.0000088958813989
0.3860000000016075	1.0000098509425974
0.3870000000016116	1.0000107732966903
0.3880000000016157	1.0000116595888395
0.38900000000161983	1.0000125091098364
0.39000000000162416	1.0000133177704233
0.39100000000162827	1.000014085719865
0.3920000000016324	1.0000148103587605
0.3930000000016367	1.0000154910051537
0.3940000000016408	1.000016126187315
0.3950000000016449	1.000016715391122
0.39600000000164903	1.0000172565653838
0.39700000000165336	1.0000177501567673
0.3980000000016575	1.0000181941362902
0.3990000000016616	1.0000185885397848
0.4000000000016659	1.0000189304817961
0.40100000000167	1.0000192199249265
0.40200000000167413	1.0000194546976358
0.40300000000167824	1.00001963217041
0.40400000000168257	1.000019750027083
0.4050000000016867	1.0000198045381576
0.4060000000016908	1.0000197938402395
0.4070000000016951	1.0000197109429403
0.4080000000016992	1.0000195523842488
0.40900000000170333	1.0000193123735373
0.41000000000170744	1.0000189832061783
0.4110000000017118	1.0000185572368958
0.4120000000017159	1.0000180265374177
0.41300000000172	1.0000173805055377
0.4140000000017243	1.000016608405272
0.41500000000172843	1.0000156989980926
0.41600000000173254	1.0000146365696483
0.4170000000017364	1.0000134081490666
0.41800000000174076	1.0000119972048365
0.41900000000174487	1.0000103854037499
0.420000000001749	1.0000085537034336
0.4210000000017533	1.000006480514357
0.4220000000017574	1.0000041434975944
0.4230000000017615	1.0000015180303636
0.42400000000176563	0.9999985773220262
0.42500000000176996	0.9999952936229537
0.42600000000177407	0.9999916362563446
0.4270000000017782	0.9999875704232949
0.4280000000017825	0.9999830632283078
0.4290000000017866	0.9999780758008481
0.4300000000017907	0.9999725717314633
0.43100000000179484	0.9999664965560335
0.43200000000179917	0.9999598184054096
0.4330000000018033	0.9999524830488271
0.4340000000018074	0.999944431936057
0.4350000000018115	0.9999356150550245
0.4360000000018158	0.9999259677029206
0.43700000000181993	0.9999154347488315
0.43800000000182404	0.9999039366405831
0.43900000000182837	0.9998914100196445
0.4400000000018325	0.9998777676078748
0.4410000000018366	0.9998629211860877
0.4420000000018407	0.9998468163022171
0.44300000000184503	0.9998292904846751
0.44400000000184914	0.9998102974947364
0.44500000000185325	0.9997897213445944
0.4460000000018576	0.9997673955983508
0.4470000000018617	0.9997432545744486
0.4480000000018656	0.9997171288804173
0.4490000000018697	0.9996888582184736
0.450000000001874	0.9996583127117149
0.4510000000018781	0.9996253056419263
0.45200000000188223	0.9995896264524836
0.45300000000188656	0.9995511596718712
0.45400000000189067	0.9995095915400727
0.4550000000018948	0.9994647957453696
0.4560000000018989	0.9994164082998718
0.4570000000019032	0.999364305274522
0.4580000000019073	0.9993080769016213
0.45900000000191143	0.999247462799895
0.46000000000191577	0.9991821465477964
0.4610000000019199	0.9991117842521307
0.462000000001924	0.9990359592971046
0.4630000000019281	0.9989542911449001
0.4640000000019324	0.9988663290731128
0.46500000000193653	0.9987716046317074
0.46600000000194064	0.9986696073308418
0.46700000000194497	0.9985598502737797
0.4680000000019491	0.9984417232446774
0.4690000000019532	0.9983146205998075
0.4700000000019573	0.9981778986889367
0.4710000000019616	0.9980308698631136
0.47200000000196574	0.9978728104186265
0.47300000000196984	0.9977029228212702
0.4740000000019742	0.9975203547234512
0.4750000000019783	0.9973242722991722
0.4760000000019824	0.9971137245660776
0.4770000000019865	0.996887718518683
0.47800000000199083	0.996645178636014
0.4790000000019947	0.9963852234332973
0.48000000000199883	0.9961064050917102
0.48100000000200316	0.9958077455165248
0.48200000000200727	0.9954877227825331
0.4830000000020114	0.9951453968861025
0.4840000000020155	0.994778934212886
0.4850000000020198	0.994387167888517
0.4860000000020239	0.9939681711659941
0.48700000000202803	0.9935209161943778
0.48800000000203236	0.993043170739179
0.4890000000020365	0.9925336897668536
0.4900000000020406	0.9919903502172835
0.4910000000020447	0.9914112489050411
0.492000000002049	0.9907947607011426
0.49300000000205313	0.990138560683811
0.49400000000205724	0.9894406422143728
0.49500000000206157	0.98869861682132
0.4960000000020657	0.9879108272392259
0.4970000000020698	0.9870745272623916
0.4980000000020739	0.9861877777747643
0.4990000000020782	0.9852472500967012
0.5000000000020823	0.9842520272059334
0.5010000000020864	0.9831979569342957
0.5020000000020908	0.9820829732833789
0.5030000000020949	0.98090515049355
0.504000000002099	0.9796608299506889
0.5050000000021031	0.978347992978743
0.5060000000021074	0.9769634007458993
0.5070000000021115	0.9755043004933455
0.5080000000021156	0.9739677857629074
0.50900000000212	0.9723509457731092
0.5100000000021239	0.9706508677982749
0.511000000002128	0.9688646996294491
0.5120000000021321	0.9669894877129249
0.5130000000021364	0.9650216944824308
0.5140000000021405	0.9629590894743657
0.5150000000021446	0.9607989314533792
0.516000000002149	0.9585375234541293
0.5170000000021531	0.9561720357839684
0.5180000000021572	0.9536992524492033
0.5190000000021613	0.9511178078308066
0.5200000000021656	0.9484226980228645
0.5210000000021697	0.9456126319655375
0.5220000000021738	0.9426840123850438
0.5230000000021782	0.9396328315168109
0.5240000000021823	0.9364609703020306
0.5250000000021864	0.9331603979464118
0.5260000000021905	0.9297329853087385
0.5270000000021948	0.9261734123947434
0.5280000000021989	0.9224809024727345
0.529000000002203	0.9186527115950189
0.5300000000022074	0.9146872144404085
0.5310000000022115	0.9105820809960622
0.5320000000022156	0.906335148783349
0.5330000000022197	0.9019456012083765
0.534000000002224	0.8974149406271453
0.5350000000022281	0.8927318694068704
0.5360000000022322	0.8879109452622299
0.5370000000022366	0.8829326412748619
0.5380000000022407	0.877812852200562
0.5390000000022448	0.8725396770257989
0.5400000000022487	0.8671184905899937
0.541000000002253	0.8615445409803592
0.5420000000022571	0.8558232470594228
0.5430000000022612	0.8499478069864553
0.5440000000022656	0.8439259026939553
0.5450000000022697	0.8377499049918937
0.5460000000022738	0.8314281899911009
0.5470000000022779	0.8249548002443932
0.5480000000022822	0.8183357056474331
0.5490000000022863	0.811569730167226
0.5500000000022904	0.80465860446076
0.5510000000022948	0.7976040062228079
0.5520000000022989	0.7904082017864889
0.553000000002303	0.7830727634288199
0.5540000000023071	0.7756002124880219
0.5550000000023114	0.7679929817279672
0.5560000000023155	0.7602529369080882
0.5570000000023196	0.7523836118371973
0.558000000002324	0.7443880994286722
0.5590000000023281	0.7362693799723982
0.5600000000023322	0.728031123086077
0.5610000000023363	0.7196767590465021
0.5620000000023406	0.7112095558934931
0.5630000000023447	0.7026336206977645
0.5640000000023488	0.6939534255010846
0.5650000000023532	0.6851729409331321
0.5660000000023573	0.6762963194623309
0.5670000000023614	0.667328053854416
0.5680000000023655	0.6582727119398728
0.5690000000023698	0.6491351526394258
0.5700000000023739	0.6399202604804333
0.5710000000023778	0.6306330963467397
0.5720000000023819	0.6212787631107747
0.5730000000023863	0.6118622472377977
0.5740000000023904	0.6023887825572204
0.5750000000023945	0.5928638633989773
0.5760000000023988	0.5832929002570719
0.5770000000024029	0.5736812353670337
0.578000000002407	0.5640342922868932
0.5790000000024111	0.55435812398908
0.5800000000024155	0.544657820423637
0.5810000000024196	0.5349391721019401
0.5820000000024237	0.5252078916193137
0.583000000002428	0.5154694477990527
0.5840000000024321	0.5057294255804168
0.5850000000024362	0.4959938723566565
0.5860000000024403	0.48626768355290606
0.5870000000024447	0.47655709441713157
0.5880000000024488	0.4668669706796509
0.5890000000024529	0.4572033452462031
0.5900000000024572	0.4475711660979229
0.5910000000024613	0.43797601138541253
0.5920000000024654	0.42842269752180084
0.5930000000024696	0.41891714584998097
0.5940000000024739	0.4094637214663104
0.595000000002478	0.4000680453131942
0.5960000000024821	0.39073425968403974
0.5970000000024864	0.3814682749668037
0.5980000000024905	0.37227351371934336
0.5990000000024946	0.36315563388079397
0.6000000000024988	0.35411779541191235
0.6010000000025031	0.3451657311926495
0.602000000002507	0.33630290019568554
0.6030000000025111	0.3275322462396131
0.6040000000025154	0.31886014141513874
0.6050000000025195	0.3102869187292282
0.6060000000025236	0.3018198510777452
0.6070000000025277	0.2934585868287659
0.6080000000025321	0.28520914005392517
0.6090000000025362	0.2770722128765928
0.6100000000025403	0.2690528219292767
0.6110000000025446	0.2611518248014235
0.6120000000025487	0.25337205217470915
0.6130000000025528	0.245715870991276
0.614000000002557	0.2381858785596921
0.6150000000025613	0.23078358848414438
0.6160000000025654	0.22351073488491413
0.6170000000025695	0.2163687509174541
0.6180000000025738	0.20935939554697525
0.6190000000025779	0.2024840957323547
0.620000000002582	0.19574385284851437
0.6210000000025861	0.1891391035338994
0.6220000000025905	0.18267076093075363
0.6230000000025946	0.17633972042656443
0.6240000000025987	0.17014633340041596
0.625000000002603	0.16409051793826346
0.6260000000026071	0.15817290889430646
0.6270000000026112	0.15239218846692515
0.6280000000026154	0.14675064501162283
0.6290000000026197	0.14124593627270088
0.6300000000026238	0.13587926481118118
0.6310000000026279	0.13064798534288635
0.6320000000026322	0.12555318029245133
0.6330000000026361	0.1205935952931938
0.6340000000026402	0.11576861325752785
0.6350000000026443	0.11107667988737557
0.6360000000026487	0.10651719898107159
0.6370000000026528	0.10208830680990266
0.6380000000026569	0.09778970543263765
0.6390000000026612	0.09361940524820811
0.6400000000026653	0.08957607770627707
0.6410000000026694	0.08565765111717616
0.6420000000026735	0.08186358293652962
0.6430000000026779	0.0781911799995294
0.644000000002682	0.07463789876088611
0.6450000000026861	0.07120342276906255
0.6460000000026904	0.06788499260549252
0.6470000000026945	0.06468023095499942
0.6480000000026986	0.06158697061984775
0.6490000000027027	0.058604646174475916
0.6500000000027071	0.05572850275330621
0.6510000000027112	0.05295940774020502
0.6520000000027153	0.05029364567298267
0.6530000000027196	0.04772700651816375
0.6540000000027237	0.04526112811855154
0.6550000000027278	0.04288922635298431
0.656000000002732	0.0406136075898782
0.6570000000027363	0.03842819454543833
0.6580000000027404	0.036333687674413806
0.6590000000027445	0.03432473129913671
0.6600000000027488	0.032401935406467075
0.6610000000027529	0.030560611596024634
0.662000000002757	0.028800532018143365
0.6630000000027612	0.02711713366384716
0.6640000000027653	0.025510781332214405
0.6650000000027694	0.023976626720390137
0.6660000000027735	0.022514386621108495
0.6670000000027778	0.021120592278736305
0.6680000000027819	0.019793423388733244
0.669000000002786	0.018530910494536146
0.6700000000027901	0.01733039913952905
0.6710000000027945	0.01619019558207191
0.6720000000027986	0.015107881755532793
0.6730000000028027	0.014081689206430603
0.674000000002807	0.01310916572748666
0.6750000000028111	0.01218856039965499
0.6760000000028152	0.011317864419785995
0.6770000000028193	0.010495070156736896
0.6780000000028237	0.009718548440610597
0.6790000000028278	0.0089860903683191
0.6800000000028319	0.008295549922887169
0.6810000000028362	0.007646446523895012
0.6820000000028403	0.00703492510850201
0.6830000000028444	0.0064618369660933705
0.6840000000028486	0.005923040712782823
0.6850000000028529	0.00541929826475851
0.686000000002857	0.004946659265055553
0.6870000000028611	0.0045058847039501915
0.6880000000028654	0.004093469476511236
0.6890000000028695	0.003709857876623479
0.6900000000028736	0.0033518116769004624
0.6910000000028778	0.0030197968329305214
0.6920000000028821	0.0027107690100188764
0.6930000000028862	0.0024252832425544213
0.6940000000028901	0.0021604997080688637
0.6950000000028944	0.0019161433474634837
0.6960000000028985	0.0016909909413622692
0.6970000000029026	0.0014833868966769304
0.6980000000029067	0.0012931392199166947
0.6990000000029111	0.0011187061504627227
0.7000000000029152	0.0009590280605205059
0.7010000000029193	0.0008137470201419195
0.7020000000029236	0.0006812238579733121
0.7030000000029277	0.0005612532954937244
0.7040000000029318	0.0004525307116474142
0.705000000002936	0.00035459186122266395
0.7060000000029403	0.0002665840877311698
0.7070000000029444	0.0001878103435807299
0.7080000000029485	0.00011757326251060629
0.7090000000029526	5.530133051445674e-05
0.7100000000029569	3.5101692796857265e-07
0.711000000002961	-4.7833240351957684e-05
0.7120000000029651	-8.977527139086838e-05
0.7130000000029695	-0.00012601400729361778
0.7140000000029736	-0.0001570032617805861
0.7150000000029777	-0.00018323080943671854
0.7160000000029818	-0.00020509541863211744
0.7170000000029861	-0.0002230444332818049
0.7180000000029902	-0.00023735251097600774
0.7190000000029944	-0.00024848932571175375
0.7200000000029987	-0.00025664020849425206
0.7210000000030028	-0.0002622454659322315
0.7220000000030069	-0.0002655106055515777
0.723000000003011	-0.0002666806522038101
0.7240000000030153	-0.0002660525950417547
0.7250000000030195	-0.0002637898771342684
0.7260000000030233	-0.000260131617191961
0.7270000000030277	-0.0002552557594306393
0.7280000000030318	-0.0002493246185517606
0.7290000000030359	-0.00024252343534336696
0.73000000000304	-0.00023497189999432955
0.7310000000030443	-0.00022682143400021282
0.7320000000030484	-0.0002181883422796016
0.7330000000030525	-0.00020918556781657216
0.7340000000030569	-0.00019991062012869598
0.735000000003061	-0.00019046128783895
0.7360000000030651	-0.0001809146138254114
0.7370000000030692	-0.00017134729992895892
0.7380000000030735	-0.00016182270331333015
0.7390000000030776	-0.0001523991446616968
0.7400000000030817	-0.00014312725298037954
0.7410000000030861	-0.00013404799293370573
0.7420000000030902	-0.0001251985550325685
0.7430000000030943	-0.00011660852675454692
0.7440000000030984	-0.00010830087728885829
0.7450000000031027	-0.00010029394231692024
0.7460000000031068	-9.260192321192129e-05
0.747000000003111	-8.523059687726153e-05
0.7480000000031153	-7.818310433305165e-05
0.7490000000031194	-7.145767412897186e-05
0.7500000000031235	-6.505301109593908e-05
0.7510000000031276	-5.895574188463648e-05
0.7520000000031319	-5.316249354381242e-05
0.753000000003136	-4.7652587190194495e-05
0.7540000000031402	-4.241257978132573e-05
0.7550000000031445	-3.7427140008539084e-05
0.7560000000031484	-3.2675448024876985e-05
0.7570000000031525	-2.8141405621573412e-05
0.7580000000031566	-2.3803203119676652e-05
0.7590000000031609	-1.9641655036428673e-05
0.760000000003165	-1.5638952382657223e-05
0.7610000000031691	-1.1777142853608424e-05
0.7620000000031735	-8.038099779339447e-06
0.7630000000031776	-4.4083197283661946e-06
0.7640000000031817	-8.705102203521164e-07
0.7650000000031858	2.580389100170777e-06
0.7660000000031901	5.963703772593476e-06
0.7670000000031942	9.278075471463865e-06
0.7680000000031983	1.2536785115813132e-05
0.7690000000032027	1.5739643821288674e-05
0.7700000000032068	1.889166963553457e-05
0.7710000000032109	2.1992804787207554e-05
0.772000000003215	2.504409898107518e-05
0.7730000000032193	2.8043338563543685e-05
0.7740000000032234	3.0992168289278865e-05
0.7750000000032276	3.3882520275807515e-05
0.7760000000032319	3.67202135773681e-05
0.777000000003236	3.949674310022022e-05
0.7780000000032401	4.2215855347138564e-05
0.7790000000032442	4.487399784181001e-05
0.7800000000032485	4.747252854175876e-05
0.7810000000032526	5.001265909132524e-05
0.7820000000032568	5.249694737952115e-05
0.7830000000032611	5.492844622700943e-05
0.7840000000032652	5.7311256822067946e-05
0.7850000000032693	5.9652057632919586e-05
0.7860000000032734	6.19550721823181e-05
0.7870000000032777	6.422811225037517e-05
0.7880000000032816	6.647828641048736e-05
0.7890000000032857	6.871250992135369e-05
0.7900000000032901	7.093795000900904e-05
0.7910000000032942	7.316216282160504e-05
0.7920000000032983	7.539108777432357e-05
0.7930000000033024	7.763048602626998e-05
0.7940000000033067	7.988591698326886e-05
0.7950000000033108	8.215955571722056e-05
0.796000000003315	8.445549307201095e-05
0.7970000000033193	8.677402669021728e-05
0.7980000000033234	8.911464341831987e-05
0.7990000000033275	9.147607810133795e-05
0.8000000000033316	9.385497635550077e-05
0.8010000000033359	9.624677170072538e-05
0.80200000000334	9.864603544018635e-05
0.8030000000033441	0.0001010453189885796
0.8040000000033485	0.00010343724667005727
0.8050000000033526	0.00010581257312525238
0.8060000000033567	0.00010816200681085242
0.8070000000033608	0.00011047630981120271
0.8080000000033651	0.00011274405598693527
0.8090000000033692	0.00011495700022801092
0.8100000000033734	0.00011710315463997478
0.8110000000033777	0.0001191746077890965
0.8120000000033818	0.00012116155428276709
0.8130000000033859	0.00012305597921624667
0.81400000000339	0.00012485181647003962
0.8150000000033943	0.00012654053301031087
0.8160000000033985	0.0001281181963395106
0.8170000000034026	0.00012958070304236458
0.8180000000034067	0.00013092443009632415
0.8190000000034108	0.00013214825462348756
0.8200000000034149	0.0001332519487600159
0.821000000003419	0.00013423252843292044
0.8220000000034233	0.00013509637330266777
0.8230000000034274	0.00013584244492437225
0.8240000000034315	0.00013647591906584822
0.8250000000034359	0.0001370012311997515
0.82600000000344	0.00013742042458220194
0.8270000000034441	0.0001377418783541362
0.8280000000034482	0.00013796993697556825
0.8290000000034525	0.00013811112810468984
0.8300000000034566	0.0001381713777609539
0.8310000000034607	0.00013815767345870533
0.8320000000034651	0.0001380755247410992
0.8330000000034692	0.0001379323342151073
0.8340000000034733	0.00013773285274332192
0.8350000000034774	0.0001374834258305313
0.8360000000034817	0.00013718924816585876
0.8370000000034858	0.00013685526390405656
0.83800000000349	0.0001364860252355271
0.8390000000034943	0.0001360854742866735
0.8400000000034984	0.0001356575470782273
0.8410000000035025	0.00013520530527144636
0.8420000000035066	0.00013473181057654937
0.8430000000035109	0.00013423964846470682
0.844000000003515	0.00013373116864801027
0.8450000000035192	0.00013320834716723517
0.8460000000035233	0.0001326732674811204
0.8470000000035276	0.00013212757511649187
0.8480000000035317	0.00013157311610056954
0.8490000000035356	0.00013101168101492533
0.8500000000035399	0.00013044477004875432
0.851000000003544	0.00012987457090107846
0.8520000000035481	0.00012930261509858099
0.8530000000035523	0.00012873103023447463
0.8540000000035566	0.000128161807140037
0.8550000000035607	0.00012759713702192865
0.8560000000035648	0.00012703905458488762
0.8570000000035691	0.00012648981886997923
0.8580000000035732	0.00012595133457860008
0.8590000000035773	0.0001254259473082442
0.8600000000035815	0.00012491537662184804
0.8610000000035858	0.0001244214198097282
0.8620000000035899	0.00012394531406478837
0.863000000003594	0.00012348864300903983
0.8640000000035983	0.00012305163231352
0.8650000000036024	0.00012263496002273833
0.8660000000036066	0.00012223857978554964
0.8670000000036107	0.00012186208850073488
0.868000000003615	0.00012150376190300793
0.8690000000036191	0.0001211626086218276
0.8700000000036232	0.00012083582209532207
0.8710000000036275	0.0001205210353780739
0.8720000000036316	0.0001202147286964994
0.8730000000036358	0.00011991310367365227
0.8740000000036399	0.00011961186581310734
0.8750000000036442	0.00011930617166699964
0.8760000000036483	0.00011899120450953315
0.8770000000036524	0.00011866082156575253
0.8780000000036567	0.00011831015775287668
0.8790000000036609	0.00011793256947301156
0.8800000000036647	0.00011752325014224851
0.8810000000036688	0.00011707379984515764
0.8820000000036732	0.00011658146151882764
0.8830000000036773	0.00011603730845188842
0.8840000000036814	0.0001154380923920062
0.8850000000036857	0.00011477693490624663
0.8860000000036898	0.00011404949917326324
0.887000000003694	0.00011325138188644779
0.888000000003698	0.00011237747524828201
0.8890000000037024	0.00011142509829653591
0.8900000000037065	0.0001103909296625849
0.8910000000037106	0.00010927231360546852
0.8920000000037149	0.00010806698734966425
0.893000000003719	0.00010677397008707068
0.8940000000037231	0.00010539348948390703
0.8950000000037273	0.00010392218464971847
0.8960000000037316	0.00010236463416168906
0.8970000000037357	0.00010071816430434755
0.8980000000037398	9.898599011881615e-05
0.8990000000037441	9.717085087546096e-05
0.9000000000037482	9.527381845009231e-05
0.9010000000037524	9.329845919825441e-05
0.9020000000037565	9.124795577408751e-05
0.9030000000037608	8.912593883647624e-05
0.9040000000037649	8.693522136116183e-05
0.905000000003769	8.468175141551626e-05
0.9060000000037733	8.236834965147377e-05
0.9070000000037775	8.000042780109684e-05
0.9080000000037816	7.758140908287192e-05
0.9090000000037857	7.511651332725577e-05
0.91000000000379	7.26104311959963e-05
0.9110000000037939	7.006727847969074e-05
0.912000000003798	6.749204508704754e-05
0.9130000000038023	6.488802706272612e-05
0.9140000000038064	6.226116432850315e-05
0.9150000000038105	5.96141807929218e-05
0.9160000000038147	5.695202213795714e-05
0.917000000003819	5.427829668924744e-05
0.9180000000038231	5.159698205348118e-05
0.9190000000038272	4.891207421453547e-05
0.9200000000038315	4.622702567713688e-05
0.9210000000038356	4.354600617184623e-05
0.9220000000038397	4.087187776691259e-05
0.9230000000038439	3.820943379817532e-05
0.9240000000038482	3.556111159697117e-05
0.9250000000038523	3.293159055139938e-05
0.9260000000038564	3.032373503419894e-05
0.9270000000038607	2.774236984315337e-05
0.9280000000038648	2.519024709690676e-05
0.929000000003869	2.2672786610056228e-05
0.9300000000038731	2.0192297307319862e-05
0.9310000000038774	1.7755513922024235e-05
0.9320000000038815	1.536378575328623e-05
0.9330000000038856	1.3026073469535326e-05
0.9340000000038899	1.0741420451432226e-05
0.935000000003894	8.520300409986525e-06
0.9360000000038982	6.363433262657203e-06
0.9370000000039023	4.27797793423057e-06
0.9380000000039066	2.2680254073703665e-06
0.9390000000039107	3.397396605153702e-07
0.9400000000039148	-1.5050748967126992e-06
0.9410000000039191	-3.2560274541015843e-06
0.942000000003923	-4.916160321721819e-06
0.9430000000039271	-6.472174944649467e-06
0.9440000000039312	-7.927776105809414e-06
0.9450000000039356	-9.27212212364914e-06
0.9460000000039397	-1.0506865599113624e-05
0.9470000000039438	-1.162404393628691e-05
0.9480000000039481	-1.2622953166507855e-05
0.9490000000039522	-1.3499415983719842e-05
0.9500000000039563	-1.425120775255806e-05
0.9510000000039605	-1.4875591511254171e-05
0.9520000000039648	-1.5371525647678297e-05
0.9530000000039689	-1.573534172005786e-05
0.954000000003973	-1.5968590004966643e-05
0.9550000000039773	-1.6069984116073854e-05
0.9560000000039814	-1.603315611387046e-05
0.9570000000039856	-1.586974483225312e-05
0.9580000000039897	-1.5573232024612693e-05
0.959000000003994	-1.5132433798026312e-05
0.9600000000039981	-1.457975943952583e-05
0.9610000000040022	-1.3879622099643996e-05
0.9620000000040065	-1.3060666125719322e-05
0.9630000000040106	-1.2112735148228637e-05
0.9640000000040148	-1.1040125370787024e-05
0.9650000000040189	-9.848036617521316e-06
0.9660000000040232	-8.53681302870335e-06
0.9670000000040273	-7.112490009841821e-06
0.9680000000040314	-5.577314926785704e-06
0.9690000000040357	-3.9357804413331365e-06
0.9700000000040399	-2.1921120889611956e-06
0.9710000000040437	-3.513234261287579e-07
0.9720000000040478	1.5804292214927074e-06
0.9730000000040522	3.5986046350577894e-06
0.9740000000040563	5.697393416936869e-06
0.9750000000040604	7.870502498730225e-06
0.9760000000040647	1.0111403193624469e-05
0.9770000000040688	1.2413806915523296e-05
0.978000000004073	1.4770368299554804e-05
0.979000000004077	1.71751610058557e-05
0.9800000000040812	1.9620606603432122e-05
0.9810000000040855	2.210012592540611e-05
0.9820000000040896	2.4606432505347442e-05
0.9830000000040937	2.7132631468362867e-05
0.984000000004098	2.9671952698651083e-05
0.9850000000041004	3.2217964033853796e-05
0.9860000000041018	3.476354816611682e-05
0.987000000004103	3.7303368285446226e-05
0.9880000000041045	3.983072272384369e-05
0.9890000000041059	4.234130832714289e-05
0.9900000000041072	4.4826783157758676e-05
0.9910000000041086	4.728735570813658e-05
0.99200000000411	4.971415378041133e-05
0.9930000000041115	5.210402723421215e-05
0.9940000000041127	5.4455627218175096e-05
0.9950000000041141	5.6763098343792784e-05
0.9960000000041156	5.90246455940413e-05
0.997000000004117	6.123847793815251e-05
0.9980000000041185	6.340154237560736e-05
0.9990000000041197	6.551199112037054e-05
1.0000000000041211	6.757044803729073e-05
1.001000000004117	6.957508098714982e-05
1.002000000004113	7.152386527542465e-05
1.0030000000041086	7.341984115438738e-05
1.0040000000041045	7.526023158832551e-05
1.0050000000041002	7.704705005218138e-05
1.006000000004096	7.878187434062767e-05
1.007000000004092	8.04626604701264e-05
1.0080000000040878	8.209300812900278e-05
1.0090000000040837	8.367250315588493e-05
1.0100000000040794	8.520364134667613e-05
1.0110000000040753	8.668661586941351e-05
1.012000000004071	8.812293924354009e-05
1.0130000000040669	8.951354126884858e-05
1.0140000000040628	9.08600205382637e-05
1.0150000000040587	9.216280853763248e-05
1.0160000000040534	9.342301578529888e-05
1.0170000000040464	9.464068312681206e-05
1.0180000000040397	9.581703089422966e-05
1.0190000000040325	9.695149452471075e-05
1.0200000000040257	9.804461776807827e-05
1.021000000004019	9.909543688602085e-05
1.0220000000040117	0.00010010444297237076
1.023000000004005	0.00010106787591057653
1.0240000000039977	0.00010198907882008612
1.025000000003991	0.00010286226711242463
1.026000000003984	0.00010368800635918163
1.027000000003977	0.00010446361603821952
1.0280000000039702	0.00010518630982503385
1.0290000000039632	0.00010585478292945982
1.0300000000039562	0.00010646506208944473
1.0310000000039494	0.0001070137481476996
1.0320000000039424	0.00010750053217567501
1.0330000000039354	0.00010791785154062872
1.0340000000039287	0.00010826656293294601
1.0350000000039217	0.00010853978710101408
1.0360000000039147	0.00010873648286202631
1.0370000000039077	0.0001088507357164259
1.0380000000039007	0.0001088818698263827
1.039000000003894	0.00010882359641750661
1.0400000000038867	0.00010867241953849138
1.04100000000388	0.00010842833786539607
1.0420000000038732	0.00010808373844328756
1.043000000003866	0.00010763734790875112
1.0440000000038592	0.00010708605963416495
1.0450000000038522	0.00010642726087028986
1.0460000000038452	0.00010565776917159653
1.0470000000038384	0.00010477393310970307
1.0480000000038314	0.00010377808805850375
1.0490000000038244	0.00010266146601789483
1.0500000000038174	0.00010142904201981828
1.0510000000038104	0.00010007395678679476
1.0520000000038037	9.859890919483583e-05
1.0530000000037967	9.700224316455675e-05
1.0540000000037897	9.528247447920801e-05
1.055000000003783	9.344604303429538e-05
1.056000000003776	9.148133909930856e-05
1.057000000003769	8.940680320967953e-05
1.0580000000037622	8.721120041776942e-05
1.059000000003755	8.490209655487302e-05
1.0600000000037482	8.248472085592429e-05
1.0610000000037412	7.995778163460976e-05
1.0620000000037342	7.732828970286043e-05
1.0630000000037274	7.460171784434699e-05
1.0640000000037202	7.178159816190188e-05
1.0650000000037134	6.887377097186675e-05
1.0660000000037064	6.588556422948422e-05
1.0670000000036994	6.28228735648495e-05
1.0680000000036927	5.969311297648883e-05
1.0690000000036857	5.650391796807597e-05
1.0700000000036787	5.326367001123877e-05
1.071000000003672	4.998025503866188e-05
1.072000000003665	4.666240071193872e-05
1.073000000003658	4.331900431941982e-05
1.0740000000036511	3.9959020218027774e-05
1.075000000003644	3.6591319235723674e-05
1.0760000000036372	3.322604764655068e-05
1.0770000000036304	2.987102306051259e-05
1.0780000000036232	2.6535714375830466e-05
1.0790000000036164	2.323036639795273e-05
1.0800000000036092	1.9960466963730994e-05
1.0810000000036024	1.6738610700950396e-05
1.0820000000035954	1.3569671554636287e-05
1.0830000000035884	1.0462566740199186e-05
1.0840000000035817	7.4244869467943175e-06
1.0850000000035747	4.462979617758656e-06
1.0860000000035677	1.5835115276807699e-06
1.087000000003561	-1.2066646055686192e-06
1.088000000003554	-3.9031093601593625e-06
1.089000000003547	-6.498601029081286e-06
1.0900000000035401	-8.992818454567342e-06
1.091000000003533	-1.1376837875998191e-05
1.0920000000035262	-1.3649794835979279e-05
1.0930000000035192	-1.5808942106287915e-05
1.0940000000035122	-1.7848984997570483e-05
1.0950000000035054	-1.9770354451997818e-05
1.0960000000034982	-2.157099706057153e-05
1.0970000000034914	-2.324805671261032e-05
1.0980000000034844	-2.4801484622916092e-05
1.0990000000034774	-2.622901047200088e-05
1.1000000000034706	-2.7533525429834782e-05
1.1010000000034637	-2.8709952132333072e-05
1.1020000000034567	-2.9764772255580496e-05
1.1030000000034499	-3.0692805591092664e-05
1.104000000003443	-3.1497933131285905e-05
1.105000000003436	-3.218079667521856e-05
1.106000000003429	-3.274216322557422e-05
1.107000000003422	-3.318541625629834e-05
1.1080000000034151	-3.351073360713386e-05
1.1090000000034081	-3.372199556128663e-05
1.1100000000034012	-3.38211293204882e-05
1.1110000000033944	-3.381250999701102e-05
1.1120000000033872	-3.369900752514532e-05
1.1130000000033804	-3.3485079330208833e-05
1.1140000000033736	-3.317417198434036e-05
1.1150000000033664	-3.2772692256655134e-05
1.1160000000033596	-3.228440555558265e-05
1.1170000000033526	-3.1715213082872395e-05
1.1180000000033457	-3.106910418160247e-05
1.1190000000033387	-3.0356169332002025e-05
1.1200000000033317	-2.9578729386914304e-05
1.121000000003325	-2.874594435642308e-05
1.122000000003318	-2.786300899448868e-05
1.123000000003311	-2.6939447542062567e-05
1.1240000000033041	-2.597951909999452e-05
1.1250000000032971	-2.4993091391145583e-05
1.1260000000032901	-2.3986431646916273e-05
1.1270000000032834	-2.296752659125545e-05
1.1280000000032764	-2.1943854058958934e-05
1.1290000000032694	-2.092314657642369e-05
1.1300000000032626	-1.9912738901561866e-05
1.1310000000032554	-1.892010450377235e-05
1.1320000000032486	-1.7952424913092457e-05
1.1330000000032414	-1.7017006519903788e-05
1.1340000000032346	-1.612027715958142e-05
1.1350000000032279	-1.5269754239710664e-05
1.1360000000032207	-1.4471084611056284e-05
1.1370000000032139	-1.3729927653693963e-05
1.138000000003207	-1.305315056820966e-05
1.1390000000032	-1.244504691544357e-05
1.1400000000031931	-1.191110998499667e-05
1.1410000000031861	-1.1454188829862488e-05
1.1420000000031791	-1.108392755666543e-05
1.1430000000031724	-1.0795278847064438e-05
1.1440000000031654	-1.0599148482448584e-05
1.1450000000031584	-1.0495508322438951e-05
1.1460000000031516	-1.0484957868150957e-05
1.1470000000031444	-1.0571984617069319e-05
1.1480000000031376	-1.0755925478722617e-05
1.1490000000031304	-1.1039816718572126e-05
1.1500000000031236	-1.142177215451845e-05
1.1510000000031169	-1.1904882448288134e-05
1.1520000000031096	-1.2485477255408384e-05
1.1530000000031029	-1.3164431787560105e-05
1.1540000000030959	-1.3938480013742094e-05
1.155000000003089	-1.481034994643693e-05
1.1560000000030821	-1.577169567212877e-05
1.1570000000030751	-1.6825896949956842e-05
1.1580000000030681	-1.7966122105361748e-05
1.1590000000030614	-1.919037548137048e-05
1.1600000000030544	-2.04961491154787e-05
1.1610000000030474	-2.1876953058219684e-05
1.1620000000030404	-2.33322258440527e-05
1.1630000000030334	-2.4854378460004156e-05
1.1640000000030266	-2.643974908789204e-05
1.1650000000030196	-2.8083511763421498e-05
1.1660000000030126	-2.9778921010858994e-05
1.1670000000030059	-3.152188942179279e-05
1.1680000000029986	-3.330679995294794e-05
1.1690000000029919	-3.512705696695484e-05
1.1700000000029849	-3.697766314347817e-05
1.1710000000029779	-3.885231071487638e-05
1.172000000002971	-4.074497041628433e-05
1.1730000000029641	-4.264963175915071e-05
1.1740000000029571	-4.456036339717251e-05
1.1750000000029501	-4.647093148379966e-05
1.1760000000029431	-4.8375647741183414e-05
1.1770000000029364	-5.0267997190101e-05
1.1780000000029294	-5.2142803145471817e-05
1.1790000000029224	-5.399378430603896e-05
1.1800000000029156	-5.581561489953479e-05
1.1810000000029086	-5.760254153841515e-05
1.1820000000029016	-5.93497241307972e-05
1.1830000000028948	-6.105093590691446e-05
1.1840000000028876	-6.270180046819007e-05
1.1850000000028809	-6.429730491208652e-05
1.186000000002874	-6.583127751702555e-05
1.1870000000028669	-6.730251186759517e-05
1.18800000000286	-6.87022170935414e-05
1.1890000000028529	-7.003032698249534e-05
1.1900000000028461	-7.12803004470075e-05
1.1910000000028391	-7.245011702572413e-05
1.1920000000028321	-7.353653545760785e-05
1.1930000000028254	-7.453623339981341e-05
1.1940000000028184	-7.544672992176871e-05
1.1950000000028114	-7.626661395243595e-05
1.1960000000028046	-7.699408399997054e-05
1.1970000000027976	-7.762658529086863e-05
1.1980000000027906	-7.816433069063322e-05
1.1990000000027838	-7.860754977673245e-05
1.2000000000027768	-7.895438832572488e-05
1.2010000000027699	-7.920484352941237e-05
1.2020000000027629	-7.936242125650139e-05
1.2030000000027559	-7.942498303981083e-05
1.204000000002749	-7.939310878990469e-05
1.2050000000027419	-7.927406095431522e-05
1.206000000002735	-7.906125522105789e-05
1.2070000000027283	-7.876425165642686e-05
1.2080000000027211	-7.838137410787205e-05
1.2090000000027143	-7.791616827534931e-05
1.2100000000027074	-7.737315369804598e-05
1.2110000000027004	-7.67529808476386e-05
1.2120000000026936	-7.60623131406124e-05
1.2130000000026866	-7.530297146307596e-05
1.2140000000026796	-7.448001182353003e-05
1.2150000000026726	-7.359756652691729e-05
1.2160000000026656	-7.266005060846403e-05
1.2170000000026588	-7.167246461459165e-05
1.2180000000026519	-7.063956973052399e-05
1.2190000000026449	-6.956566630123007e-05
1.220000000002638	-6.84568705451305e-05
1.2210000000026309	-6.731825983119499e-05
1.222000000002624	-6.615406572629823e-05
1.2230000000026173	-6.497031564234312e-05
1.2240000000026101	-6.377196527607154e-05
1.2250000000026033	-6.256415846572771e-05
1.2260000000025963	-6.135171353194302e-05
1.2270000000025894	-6.013978304952872e-05
1.2280000000025826	-5.893298227666044e-05
1.2290000000025754	-5.77359405562472e-05
1.2300000000025686	-5.6553073076948124e-05
1.2310000000025616	-5.5388494184294146e-05
1.2320000000025546	-5.424642314655337e-05
1.2330000000025478	-5.3129874935109456e-05
1.2340000000025408	-5.204362677546648e-05
1.2350000000025338	-5.098990609608833e-05
1.236000000002527	-4.9971858647301914e-05
1.23700000000252	-4.899265861291191e-05
1.238000000002513	-4.805455289558225e-05
1.2390000000025063	-4.7159896622073205e-05
1.240000000002499	-4.631043755587427e-05
1.2410000000024923	-4.550832036076535e-05
1.2420000000024853	-4.4755695606246704e-05
1.2430000000024783	-4.4052044570808135e-05
1.2440000000024716	-4.340135913727394e-05
1.2450000000024644	-4.280275538559586e-05
1.2460000000024576	-4.2257560055602994e-05
1.2470000000024506	-4.176594467764083e-05
1.2480000000024436	-4.132890788799415e-05
1.2490000000024368	-4.0946686886256245e-05
1.2500000000024298	-4.061945879652029e-05
1.2510000000024228	-4.0347442151755786e-05
1.252000000002416	-4.013001500213775e-05
1.253000000002409	-3.9967639170468416e-05
1.254000000002402	-3.986008134826413e-05
1.2550000000023953	-3.980647091994527e-05
1.256000000002388	-3.9807227492305586e-05
1.2570000000023813	-3.986091466257058e-05
1.2580000000023743	-3.996700810326992e-05
1.2590000000023673	-4.01258412905392e-05
1.2600000000023606	-4.0335127098556356e-05
1.2610000000023533	-4.059515274645875e-05
1.2620000000023466	-4.0905315693784416e-05
1.2630000000023396	-4.1263013801806636e-05
1.2640000000023326	-4.166938638872075e-05
1.2650000000023258	-4.212139120407521e-05
1.2660000000023188	-4.261987874731865e-05
1.2670000000023118	-4.316221196454251e-05
1.268000000002305	-4.3747005041838705e-05
1.269000000002298	-4.437377863308889e-05
1.270000000002291	-4.5039965091975276e-05
1.271000000002284	-4.5744602619191e-05
1.272000000002277	-4.648615943558809e-05
1.2730000000022703	-4.7261376981300174e-05
1.2740000000022633	-4.8069989956323056e-05
1.2750000000022563	-4.890908426391505e-05
1.2760000000022496	-4.9776434174919615e-05
1.2770000000022423	-5.067026151328591e-05
1.2780000000022356	-5.1587684306131365e-05
1.2790000000022288	-5.2526224751270334e-05
1.2800000000022216	-5.348374012026369e-05
1.2810000000022148	-5.4457037231614436e-05
1.2820000000022078	-5.5443847122971235e-05
1.2830000000022008	-5.644085940748056e-05
1.2840000000021938	-5.744594521228663e-05
1.2850000000021868	-5.845539866600191e-05
1.28600000000218	-5.946705909987138e-05
1.287000000002173	-6.04774656347562e-05
1.288000000002166	-6.14838477985824e-05
1.2890000000021593	-6.248323717628068e-05
1.2900000000021523	-6.347258599381789e-05
1.2910000000021453	-6.444914465508766e-05
1.2920000000021385	-6.540964734313981e-05
1.2930000000021313	-6.635183397918354e-05
1.2940000000021246	-6.727195806077724e-05
1.2950000000021178	-6.81682011238749e-05
1.2960000000021106	-6.903715578054914e-05
1.2970000000021038	-6.987625877274972e-05
1.2980000000020966	-7.068394084108753e-05
1.2990000000020898	-7.145601474167762e-05
1.3000000000020828	-7.219212638887029e-05
1.3010000000020758	-7.288831728580192e-05
1.302000000002069	-7.35440353640815e-05
1.303000000002062	-7.415604780125484e-05
1.304000000002055	-7.472327679325375e-05
1.3050000000020483	-7.524393129898499e-05
1.3060000000020413	-7.571706901798869e-05
1.3070000000020343	-7.614095602281878e-05
1.3080000000020275	-7.651449374312946e-05
1.3090000000020205	-7.683786953949223e-05
1.3100000000020136	-7.710840961983045e-05
1.3110000000020068	-7.732743432109501e-05
1.3120000000019996	-7.749322416561455e-05
1.3130000000019928	-7.760652261334933e-05
1.3140000000019856	-7.766662823716075e-05
1.3150000000019788	-7.767468406516542e-05
1.316000000001972	-7.76300925893203e-05
1.3170000000019648	-7.753322470804846e-05
1.318000000001958	-7.738513685917603e-05
1.319000000001951	-7.718568887926658e-05
1.320000000001944	-7.693554475896036e-05
1.3210000000019373	-7.663522437417747e-05
1.3220000000019303	-7.628611397025864e-05
1.3230000000019233	-7.588628315313706e-05
1.3240000000019165	-7.543891974393091e-05
1.3250000000019095	-7.494278127850862e-05
1.3260000000019025	-7.439850195112285e-05
1.3270000000018956	-7.380644088406108e-05
1.3280000000018886	-7.316680003954801e-05
1.3290000000018818	-7.248053213926298e-05
1.3300000000018748	-7.174668240272908e-05
1.3310000000018678	-7.096699194408806e-05
1.332000000001861	-7.014041603836674e-05
1.3330000000018538	-6.926810003715644e-05
1.334000000001847	-6.835135215177424e-05
1.33500000000184	-6.73887074806867e-05
1.336000000001833	-6.638276828097034e-05
1.3370000000018263	-6.533318137935673e-05
1.3380000000018193	-6.424034892971164e-05
1.3390000000018123	-6.310693517996846e-05
1.3400000000018053	-6.193245963093119e-05
1.3410000000017983	-6.07185242982311e-05
1.3420000000017915	-5.946682276203319e-05
1.3430000000017845	-5.8177747962018245e-05
1.3440000000017776	-5.6853021591862785e-05
1.3450000000017708	-5.549418850359089e-05
1.3460000000017638	-5.410243012482496e-05
1.3470000000017568	-5.2679189505466795e-05
1.34800000000175	-5.122562516457485e-05
1.3490000000017428	-4.9743484935804716e-05
1.350000000001736	-4.823414126908787e-05
1.3510000000017293	-4.6699311385012265e-05
1.352000000001722	-4.513971485042845e-05
1.3530000000017153	-4.355791185250979e-05
1.354000000001708	-4.1954183715553484e-05
1.3550000000017013	-4.0331118102976404e-05
1.3560000000016943	-3.868932632911104e-05
1.3570000000016873	-3.703082495420951e-05
1.3580000000016805	-3.535706711743636e-05
1.3590000000016735	-3.3669388278534385e-05
1.3600000000016665	-3.196987456455247e-05
1.3610000000016598	-3.0259749324468288e-05
1.3620000000016528	-2.8541084638122882e-05
1.3630000000016458	-2.681557476025276e-05
1.364000000001639	-2.5085179631734178e-05
1.3650000000016318	-2.335189689661732e-05
1.366000000001625	-2.1617599932133302e-05
1.367000000001618	-1.988447927137038e-05
1.368000000001611	-1.815468228327788e-05
1.3690000000016043	-1.6430135691525294e-05
1.370000000001597	-1.4713339550498361e-05
1.3710000000015903	-1.3005948432676107e-05
1.3720000000015833	-1.1310541861986323e-05
1.3730000000015763	-9.628736366673607e-06
1.3740000000015695	-7.963024255763784e-06
1.3750000000015625	-6.315490950203895e-06
1.3760000000015555	-4.687482423104683e-06
1.3770000000015488	-3.082300165324625e-06
1.3780000000015418	-1.5006077047630129e-06
1.3790000000015348	5.426113192097404e-08
1.3800000000015278	1.5810143969563484e-06
1.3810000000015208	3.0770831586091063e-06
1.382000000001514	4.540409506259557e-06
1.383000000001507	5.968616297868934e-06
1.3840000000015	7.358927703537965e-06
1.3850000000014933	8.709408570117816e-06
1.386000000001486	1.0017375969728626e-05
1.3870000000014793	1.127958180102695e-05
1.3880000000014725	1.2494847114186136e-05
1.3890000000014653	1.3659042335967264e-05
1.3900000000014585	1.4770175349787529e-05
1.3910000000014515	1.5826635863636085e-05
1.3920000000014445	1.6823538034227425e-05
1.3930000000014378	1.7760904435060176e-05
1.3940000000014305	1.8634070406697845e-05
1.3950000000014238	1.9443873436220116e-05
1.3960000000014168	2.0185459634780578e-05
1.3970000000014098	2.0858699557368965e-05
1.398000000001403	2.146231976318802e-05
1.399000000001396	2.199310817529998e-05
1.400000000001389	2.2452477441259333e-05
1.4010000000013823	2.283787444634644e-05
1.4020000000013753	2.3149712332415362e-05
1.4030000000013683	2.3387125267060327e-05
1.4040000000013615	2.3550814001738196e-05
1.4050000000013543	2.3639942159481286e-05
1.4060000000013475	2.3655583706760908e-05
1.4070000000013405	2.3597313887457894e-05
1.4080000000013335	2.346800861685594e-05
1.4090000000013267	2.3265420169393813e-05
1.4100000000013195	2.2993679663851907e-05
1.4110000000013128	2.2651165350939806e-05
1.4120000000013058	2.224004405049218e-05
1.4130000000012988	2.1762265645874912e-05
1.414000000001292	2.121784742736832e-05
1.415000000001285	2.0609061695431308e-05
1.416000000001278	1.993647229214801e-05
1.4170000000012712	1.9200878816461042e-05
1.4180000000012642	1.840603968061849e-05
1.4190000000012573	1.7550376683383995e-05
1.4200000000012505	1.663820917985337e-05
1.4210000000012433	1.5670047794236197e-05
1.4220000000012365	1.4645196586782205e-05
1.4230000000012293	1.3570227403225665e-05
1.4240000000012225	1.2442948180702018e-05
1.4250000000012157	1.1266219012373568e-05
1.4260000000012085	1.0043160857509115e-05
1.4270000000012018	8.775061791088667e-06
1.4280000000011948	7.46341906632253e-06
1.4290000000011878	6.11186566878974e-06
1.430000000001181	4.7224563435310785e-06
1.431000000001174	3.2984795800272693e-06
1.432000000001167	1.8426423115114332e-06
1.4330000000011602	3.577507765584187e-07
1.4340000000011532	-1.1528347092504276e-06
1.4350000000011462	-2.685676826263972e-06
1.4360000000011393	-4.237778901794442e-06
1.4370000000011323	-5.805782266499193e-06
1.4380000000011255	-7.386002427667293e-06
1.4390000000011185	-8.97495747431698e-06
1.4400000000011115	-1.0569192655962567e-05
1.4410000000011047	-1.2165078938197738e-05
1.4420000000010975	-1.375905053224713e-05
1.4430000000010907	-1.534748706100153e-05
1.4440000000010837	-1.692663347130363e-05
1.4450000000010768	-1.849316022006775e-05
1.44600000000107	-2.0043369051592208e-05
1.447000000001063	-2.157349665377062e-05
1.448000000001056	-2.3080382618001494e-05
1.449000000001049	-2.456093900948808e-05
1.450000000001042	-2.601097324395063e-05
1.4510000000010352	-2.742860164062222e-05
1.4520000000010282	-2.8808953048464758e-05
1.4530000000010213	-3.0151772228981244e-05
1.4540000000010145	-3.1451868723220144e-05
1.4550000000010075	-3.2708728682884214e-05
1.4560000000010005	-3.391869392621594e-05
1.4570000000009937	-3.508021009679396e-05
1.4580000000009865	-3.619175650904083e-05
1.4590000000009797	-3.72506762165159e-05
1.460000000000973	-3.825485515118743e-05
1.4610000000009657	-3.9204206469189984e-05
1.462000000000959	-4.0096644655429614e-05
1.4630000000009518	-4.092947475475839e-05
1.464000000000945	-4.1704305468126535e-05
1.465000000000938	-4.2415757933733644e-05
1.466000000000931	-4.306802557652034e-05
1.4670000000009242	-4.365606519596277e-05
1.4680000000009172	-4.418164037511829e-05
1.4690000000009102	-4.4643361189589115e-05
1.4700000000009035	-4.504189728549157e-05
1.4710000000008965	-4.537432270801389e-05
1.4720000000008895	-4.564307942356294e-05
1.4730000000008827	-4.5846329088661264e-05
1.4740000000008757	-4.5984553384670335e-05
1.4750000000008687	-4.605690735659529e-05
1.476000000000862	-4.6065543297668654e-05
1.4770000000008547	-4.600758458650489e-05
1.478000000000848	-4.58874421673805e-05
1.4790000000008408	-4.570377380641588e-05
1.480000000000834	-4.545689531543218e-05
1.4810000000008272	-4.5149436845193236e-05
1.48200000000082	-4.478263169072072e-05
1.4830000000008132	-4.435648590406238e-05
1.4840000000008062	-4.387405987493764e-05
1.4850000000007992	-4.333738954609423e-05
1.4860000000007925	-4.274670015735893e-05
1.4870000000007855	-4.210391423775661e-05
1.4880000000007785	-4.141344602270891e-05
1.4890000000007717	-4.067430619514312e-05
1.4900000000007645	-3.988965792744992e-05
1.4910000000007577	-3.9063941247752254e-05
1.4920000000007507	-3.81941239115946e-05
1.4930000000007437	-3.7288098443610806e-05
1.494000000000737	-3.634443247002572e-05
1.49500000000073	-3.536698449080333e-05
1.496000000000723	-3.43564181028988e-05
1.497000000000716	-3.331727071564927e-05
1.498000000000709	-3.2249512936566305e-05
1.4990000000007022	-3.115626252325754e-05
1.5000000000006952	-3.0039241779800108e-05
1.5010000000006882	-2.890062202043353e-05
1.5020000000006815	-2.7741964139016417e-05
1.5030000000006745	-2.656576141601974e-05
1.5040000000006675	-2.5373079673540744e-05
1.5050000000006605	-2.4166258721036726e-05
1.5060000000006535	-2.2946421250447102e-05
1.5070000000006467	-2.1715575700742562e-05
1.5080000000006397	-2.0475152525456508e-05
1.5090000000006327	-1.9226381822612382e-05
1.5100000000006257	-1.7970902979058678e-05
1.5110000000006187	-1.6709847399098976e-05
1.512000000000612	-1.5444523367103002e-05
1.513000000000605	-1.417613285936703e-05
1.514000000000598	-1.2905793488338091e-05
1.5150000000005912	-1.1634724089271131e-05
1.5160000000005842	-1.0364121056261055e-05
1.5170000000005772	-9.09507385027375e-06
1.5180000000005702	-7.828915282948046e-06
1.5190000000005632	-6.566743308455969e-06
1.5200000000005565	-5.3098584906763335e-06
1.5210000000005495	-4.059795270849875e-06
1.5220000000005425	-2.817319363579429e-06
1.5230000000005357	-1.5842607410387899e-06
1.5240000000005285	-3.616328139166569e-07
1.5250000000005217	8.48883867088368e-07
1.5260000000005147	2.0468864383449414e-06
1.5270000000005077	3.2299469725494134e-06
1.528000000000501	4.39814333730304e-06
1.529000000000494	5.549555602835099e-06
1.530000000000487	6.683558753994845e-06
1.53100000000048	7.79944393825005e-06
1.532000000000473	8.895816413945212e-06
1.5330000000004662	9.972437719163452e-06
1.5340000000004592	1.1028933075252212e-05
1.5350000000004522	1.2064623480245729e-05
1.5360000000004455	1.307873205169674e-05
1.5370000000004385	1.407175624290602e-05
1.5380000000004315	1.5042892202887792e-05
1.5390000000004245	1.5991951971328078e-05
1.5400000000004175	1.6919515847813038e-05
1.5410000000004107	1.7824512587916175e-05
1.5420000000004037	1.8707426745034894e-05
1.5430000000003967	1.9568386596890974e-05
1.5440000000003897	2.040662087932077e-05
1.5450000000003827	2.1222964441292014e-05
1.546000000000376	2.201625028963594e-05
1.547000000000369	2.2788301810350298e-05
1.548000000000362	2.3536805865420618e-05
1.549000000000355	2.4263131108703817e-05
1.5500000000003482	2.4967112249085766e-05
1.5510000000003412	2.564755349376835e-05
1.5520000000003342	2.630561117400454e-05
1.5530000000003272	2.6940139679521025e-05
1.5540000000003205	2.7551056620112035e-05
1.5550000000003135	2.8138514320041885e-05
1.5560000000003065	2.870136697263881e-05
1.5570000000002997	2.9239466729835684e-05
1.5580000000002925	2.9751991982518433e-05
1.5590000000002857	3.023821647107905e-05
1.5600000000002787	3.0697457255812743e-05
1.5610000000002717	3.1128416547065996e-05
1.5620000000002647	3.1529783940165146e-05
1.5630000000002577	3.1901081422924804e-05
1.564000000000251	3.224052112038578e-05
1.565000000000244	3.254593837087594e-05
1.566000000000237	3.281697989676591e-05
1.5670000000002302	3.305034932787887e-05
1.5680000000002232	3.324506308355346e-05
1.5690000000002162	3.339905861188264e-05
1.5700000000002092	3.3510901206845745e-05
1.5710000000002025	3.357778217816243e-05
1.5720000000001955	3.359729748064755e-05
1.5730000000001885	3.3569108630171485e-05
1.5740000000001815	3.348920751511386e-05
1.5750000000001747	3.3357943141076873e-05
1.5760000000001675	3.3172094983102696e-05
1.5770000000001607	3.293141882931838e-05
1.5780000000001537	3.2632620369899e-05
1.5790000000001467	3.227742659650534e-05
1.58000000000014	3.186325970361281e-05
1.581000000000133	3.1390712036616364e-05
1.582000000000126	3.086015577258294e-05
1.583000000000119	3.0270014803379652e-05
1.584000000000112	2.9623172384085628e-05
1.5850000000001052	2.891835736518189e-05
1.5860000000000982	2.8159424065532512e-05
1.5870000000000912	2.7344363877079836e-05
1.5880000000000845	2.6476421072452183e-05
1.5890000000000775	2.5556521090930318e-05
1.5900000000000705	2.45870155133332e-05
1.5910000000000635	2.3568224248982084e-05
1.5920000000000565	2.2502639733246177e-05
1.5930000000000497	2.139173487980539e-05
1.5940000000000427	2.0235993400841146e-05
1.5950000000000357	1.9038204518206925e-05
1.5960000000000287	1.7797725416768273e-05
1.5970000000000217	1.6518049131164503e-05
1.598000000000015	1.5198544622396781e-05
1.599000000000008	1.3841247579748917e-05
1.600000000000001	1.2447863757425459e-05
1.6009999999999942	1.1018970485499047e-05
1.6019999999999872	9.556984257530488e-06
1.6029999999999802	8.063993909512845e-06
1.6039999999999732	6.5426117026312625e-06
1.6049999999999662	4.9945164140030585e-06
1.6059999999999595	3.423978493732882e-06
1.6069999999999525	1.8342516845404333e-06
1.6079999999999455	2.2856668890902654e-07
1.6089999999999387	-1.3880832503421203e-06
1.6099999999999315	-3.011644565065197e-06
1.6109999999999247	-4.637187274170174e-06
1.6119999999999177	-6.260000418700784e-06
1.6129999999999107	-7.874353501913234e-06
1.6139999999999037	-9.475732587693741e-06
1.614999999999897	-1.105868207629257e-05
1.61599999999989	-1.2617166913031497e-05
1.616999999999883	-1.414770150875988e-05
1.617999999999876	-1.564350267413417e-05
1.6189999999998692	-1.7101719691936523e-05
1.6199999999998622	-1.851670156449714e-05
1.6209999999998552	-1.988581823364477e-05
1.6219999999998485	-2.120504257918654e-05
1.6229999999998415	-2.247174101044358e-05
1.6239999999998345	-2.368358970805673e-05
1.6249999999998275	-2.4839069405535597e-05
1.6259999999998205	-2.5936920590163837e-05
1.6269999999998137	-2.6975621461255983e-05
1.6279999999998067	-2.795643902619993e-05
1.6289999999997997	-2.8879189492014845e-05
1.6299999999997927	-2.9743745765475893e-05
1.6309999999997857	-3.055197076906602e-05
1.631999999999779	-3.13046433670916e-05
1.632999999999772	-3.200265602498753e-05
1.633999999999765	-3.264735413344155e-05
1.634999999999758	-3.323953551359615e-05
1.6359999999997512	-3.378104001594551e-05
1.6369999999997442	-3.4270899404553745e-05
1.6379999999997372	-3.471024694556846e-05
1.6389999999997302	-3.510050609323301e-05
1.6399999999997235	-3.543857388565996e-05
1.6409999999997165	-3.572674498020234e-05
1.6419999999997095	-3.596406724559742e-05
1.6429999999997025	-3.6148424231274845e-05
1.6439999999996955	-3.628041378678226e-05
1.6449999999996887	-3.636023264874666e-05
1.6459999999996817	-3.63847179372101e-05
1.6469999999996747	-3.635625255760111e-05
1.6479999999996677	-3.6273106669870714e-05
1.6489999999996607	-3.613538273428141e-05
1.649999999999654	-3.594369858239688e-05
1.650999999999647	-3.569869850528207e-05
1.65199999999964	-3.5401180081606753e-05
1.6529999999996332	-3.505322339991679e-05
1.6539999999996262	-3.465414440695369e-05
1.6549999999996192	-3.4208298482107935e-05
1.6559999999996122	-3.371699345544599e-05
1.6569999999996052	-3.3181316792196824e-05
1.6579999999995985	-3.260485741862773e-05
1.6589999999995915	-3.198905982060296e-05
1.6599999999995845	-3.1337217597737776e-05
1.6609999999995777	-3.0650676597465676e-05
1.6619999999995705	-2.9932969733081904e-05
1.6629999999995637	-2.9185968283940156e-05
1.6639999999995567	-2.841299099487493e-05
1.6649999999995497	-2.761668590389732e-05
1.665999999999543	-2.6799286993783866e-05
1.666999999999536	-2.5964155166757763e-05
1.667999999999529	-2.5113970393286777e-05
1.668999999999522	-2.4251651633555582e-05
1.669999999999515	-2.3379889863672787e-05
1.6709999999995082	-2.2501822346532308e-05
1.6719999999995012	-2.161971817171704e-05
1.6729999999994942	-2.0736312730473827e-05
1.6739999999994875	-1.9853582801765413e-05
1.6749999999994805	-1.8973748757478148e-05
1.6759999999994735	-1.8098064901383992e-05
1.6769999999994665	-1.7228023572624096e-05
1.6779999999994595	-1.6364206456787045e-05
1.6789999999994527	-1.5506901967610176e-05
1.6799999999994457	-1.4655729117407645e-05
1.6809999999994387	-1.3809941711961926e-05
1.6819999999994317	-1.2968224645693027e-05
1.6829999999994247	-1.2128527556498625e-05
1.683999999999418	-1.1288560572086936e-05
1.684999999999411	-1.0445380478119048e-05
1.685999999999404	-9.595589574695751e-06
1.6869999999993972	-8.735919664104586e-06
1.6879999999993902	-7.862571034022992e-06
1.6889999999993832	-6.971693497170861e-06
1.6899999999993762	-6.0594381341427805e-06
1.6909999999993692	-5.122369204801913e-06
1.6919999999993625	-4.156621721929099e-06
1.6929999999993555	-3.1592574338823454e-06
1.6939999999993485	-2.1272509802550132e-06
1.6949999999993415	-1.0582577134599092e-06
1.6959999999993345	5.13009404956577e-08
1.6969999999993277	1.1998709793514806e-06
1.6979999999993207	2.391976688609354e-06
1.6989999999993137	3.626068470929944e-06
1.6999999999993067	4.902536345552377e-06
1.7009999999993	6.2225374133362266e-06
1.701999999999293	7.582328698352292e-06
1.702999999999286	8.982200638718574e-06
1.703999999999279	1.0419761126589933e-05
1.7049999999992722	1.1891333032809648e-05
1.7059999999992652	1.3396748261507163e-05
1.7069999999992582	1.4931012092822549e-05
1.7079999999992515	1.6491563282317045e-05
1.7089999999992442	1.8075656894933623e-05
1.7099999999992375	1.9680161548185637e-05
1.7109999999992305	2.1300618273878413e-05
1.7119999999992235	2.293510667739085e-05
1.7129999999992167	2.4579172512861902e-05
1.7139999999992095	2.623026105386117e-05
1.7149999999992027	2.7885027084950664e-05
1.7159999999991957	2.9540156541107976e-05
1.7169999999991887	3.1192691569814635e-05
1.717999999999182	3.283961091149479e-05
1.718999999999175	3.447741405071536e-05
1.719999999999168	3.610343136606353e-05
1.720999999999161	3.771469663471638e-05
1.721999999999154	3.9307717810799225e-05
1.7229999999991472	4.088046987582583e-05
1.7239999999991402	4.242944545440608e-05
1.7249999999991332	4.3953143262220884e-05
1.7259999999991265	4.544922073634883e-05
1.7269999999991195	4.691666391409832e-05
1.7279999999991125	4.835387975909988e-05
1.7289999999991055	4.976144602608645e-05
1.7299999999990985	5.1138923230831246e-05
1.7309999999990917	5.248710938421386e-05
1.7319999999990847	5.380599988746848e-05
1.7329999999990777	5.5099697487848154e-05
1.7339999999990707	5.6368029796249886e-05
1.7349999999990655	5.761380220248302e-05
1.7359999999990614	5.883994683297811e-05
1.7369999999990573	6.004851868834926e-05
1.7379999999990532	6.124291483666777e-05
1.7389999999990489	6.24247976381831e-05
1.7399999999990448	6.359776555764363e-05
1.7409999999990406	6.476365786267646e-05
1.7419999999990363	6.592534112381809e-05
1.7429999999990322	6.708510503694587e-05
1.743999999999028	6.824541554684149e-05
1.744999999999024	6.940866987381611e-05
1.74599999999902	7.057743520133553e-05
1.7469999999990156	7.175424916538997e-05
1.7479999999990115	7.294148589809257e-05
1.7489999999990071	7.414119004167663e-05
1.749999999999003	7.535722880480655e-05
1.7509999999990045	7.658944662414235e-05
1.751999999999006	7.784120123055516e-05
1.7529999999990071	7.911379976444088e-05
1.7539999999990086	8.040695429456512e-05
1.75499999999901	8.172190736632778e-05
1.7559999999990115	8.305718915990745e-05
1.756999999999013	8.441257470315211e-05
1.7579999999990141	8.57856451341732e-05
1.7589999999990156	8.71744966486343e-05
1.759999999999017	8.857661816208395e-05
1.7609999999990182	8.998955756900351e-05
1.7619999999990197	9.141030248627224e-05
1.7629999999990211	9.283647437741127e-05
1.7639999999990226	9.426575122128966e-05
1.7649999999990238	9.569592633518198e-05
1.7659999999990263	9.712527272009996e-05
1.7669999999990305	9.855225159038916e-05
1.7679999999990346	9.997559514784982e-05
1.7689999999990387	0.00010139416291365944
1.769999999999043	0.00010280644919868909
1.7709999999990471	0.00010421114735881254
1.7719999999990512	0.0001056057257666776
1.7729999999990556	0.00010698799917674418
1.7739999999990597	0.00010835336187919875
1.7749999999990638	0.00010969818590322866
1.7759999999990679	0.00011101701288862564
1.776999999999072	0.0001123034445007498
1.7779999999990763	0.00011355080392516648
1.7789999999990804	0.00011475274786532097
1.7799999999990845	0.0001158998156272073
1.7809999999990886	0.00011698725614195382
1.781999999999093	0.00011800548815477097
1.782999999999097	0.00011894737874107442
1.7839999999991012	0.00011980593354532498
1.7849999999991053	0.00012057256094688551
1.7859999999991096	0.00012124651315781332
1.7869999999991137	0.00012181349569551081
1.7879999999991179	0.00012227807955600412
1.788999999999122	0.00012263028149361865
1.789999999999126	0.0001228692815891108
1.7909999999991304	0.0001229902126295146
1.7919999999991345	0.00012299514501279418
1.7929999999991386	0.00012287610372929691
1.7939999999991427	0.00012263642172150035
1.794999999999147	0.00012227274269904775
1.7959999999991512	0.00012178381725103105
1.7969999999991553	0.00012117234801845012
1.7979999999991594	0.00012043848765264098
1.7989999999991637	0.00011958397991285175
1.7999999999991678	0.00011860745242220361
1.800999999999172	0.00011751620949129737
1.801999999999176	0.00011630333277556915
1.8029999999991801	0.0001149764952274035
1.8039999999991845	0.00011353282036496992
1.8049999999991886	0.00011197306476895541
1.8059999999991927	0.0001102977224686219
1.8069999999991968	0.00010850593438449518
1.8079999999992011	0.00010659442968785626
1.8089999999992052	0.00010456522753599096
1.8099999999992094	0.000102415736340844
1.8109999999992135	0.00010014477379372
1.8119999999992178	9.775743148565663e-05
1.812999999999222	9.525043180125259e-05
1.813999999999226	9.262966964396213e-05
1.8149999999992301	8.98927591009846e-05
1.8159999999992344	8.704694793770784e-05
1.8169999999992386	8.40974442338771e-05
1.8179999999992427	8.104764353156213e-05
1.8189999999992468	7.790456081990804e-05
1.819999999999251	7.467126814253433e-05
1.8209999999992552	7.136012050557028e-05
1.8219999999992593	6.796925869467785e-05
1.8229999999992634	6.451290014020117e-05
1.8239999999992675	6.099273726711818e-05
1.8249999999992719	5.741813446735744e-05
1.825999999999276	5.379790006154739e-05
1.82699999999928	5.013756368943412e-05
1.8279999999992842	4.6446923432363896e-05
1.8289999999992885	4.273314094216385e-05
1.8299999999992926	3.900519243993372e-05
1.8309999999992967	3.527067681807772e-05
1.8319999999993009	3.153758501517334e-05
1.8329999999993052	2.781319924105574e-05
1.8339999999993093	2.4105528952933497e-05
1.8349999999993134	2.0421389110847343e-05
1.8359999999993175	1.6769252092374565e-05
1.8369999999993218	1.3153550405320402e-05
1.837999999999326	9.58263730910236e-06
1.83899999999933	6.061144744995417e-06
1.8399999999993342	2.5942384062060952e-06
1.8409999999993385	-8.126383268525217e-07
1.8419999999993426	-4.1547649796136454e-06
1.8429999999993467	-7.429429106586838e-06
1.8439999999993508	-1.0627674128960152e-05
1.844999999999355	-1.3747708224487454e-05
1.8459999999993593	-1.6780814416472722e-05
1.8469999999993634	-1.9717495528981388e-05
1.8479999999993675	-2.255284045271644e-05
1.8489999999993716	-2.5275474899055794e-05
1.849999999999376	-2.7882457983796627e-05
1.85099999999938	-3.036373753451116e-05
1.8519999999993841	-3.270734099092287e-05
1.8529999999993882	-3.491284732670685e-05
1.8539999999993926	-3.697022447712861e-05
1.8549999999993967	-3.8875737599308735e-05
1.8559999999994008	-4.0629744119558e-05
1.856999999999405	-4.221960785821821e-05
1.857999999999409	-4.36611905487716e-05
1.8589999999994133	-4.493841254804565e-05
1.8599999999994175	-4.606637292603466e-05
1.8609999999994216	-4.703998692989764e-05
1.861999999999426	-4.786509527088256e-05
1.86299999999943	-4.8549668944186664e-05
1.863999999999434	-4.908988927443403e-05
1.8649999999994382	-4.949676795407143e-05
1.8659999999994423	-4.977058255750677e-05
1.8669999999994467	-4.991479092963935e-05
1.8679999999994508	-4.9934833256770617e-05
1.8689999999994549	-4.9833203489502154e-05
1.869999999999459	-4.96090479025213e-05
1.870999999999463	-4.927085416950305e-05
1.8719999999994674	-4.881533414713424e-05
1.8729999999994715	-4.824626398414189e-05
1.8739999999994756	-4.756717159115631e-05
1.87499999999948	-4.678254631906853e-05
1.875999999999484	-4.589213933581249e-05
1.8769999999994882	-4.490455621564138e-05
1.8779999999994923	-4.382513992085002e-05
1.8789999999994964	-4.2657411480018226e-05
1.8799999999995007	-4.1411037579486276e-05
1.8809999999995048	-4.009198335919173e-05
1.881999999999509	-3.87105955108602e-05
1.882999999999513	-3.7271446579278944e-05
1.8839999999995174	-3.578448976293558e-05
1.8849999999995215	-3.4257821349248374e-05
1.8859999999995256	-3.26979115470305e-05
1.8869999999995297	-3.1111568010278035e-05
1.887999999999534	-2.9505422151299143e-05
1.8889999999995382	-2.7884900821728564e-05
1.8899999999995423	-2.6254759761590307e-05
1.8909999999995464	-2.4619448582674508e-05
1.8919999999995505	-2.298231477415591e-05
1.8929999999995548	-2.134581536150648e-05
1.893999999999559	-1.9711496178409504e-05
1.894999999999563	-1.8079555746064457e-05
1.8959999999995671	-1.6450033732962055e-05
1.8969999999995715	-1.4821357465333307e-05
1.8979999999995756	-1.3192215474466806e-05
1.8989999999995797	-1.1560286370837503e-05
1.8999999999995838	-9.923151931490182e-06
1.9009999999995881	-8.278119748794666e-06
1.9019999999995922	-6.6222021448680835e-06
1.9029999999995963	-4.952829671722725e-06
1.9039999999996005	-3.2667843374856176e-06
1.9049999999996048	-1.5613028074845658e-06
1.905999999999609	1.661729646107446e-07
1.906999999999613	1.918623927066321e-06
1.9079999999996171	3.697891629017569e-06
1.9089999999996214	5.505974943087466e-06
1.9099999999996256	7.342955285816188e-06
1.9109999999996297	9.20941556892263e-06
1.9119999999996338	1.110343807786407e-05
1.9129999999996379	1.3023508720788612e-05
1.9139999999996422	1.4966650338621434e-05
1.9149999999996463	1.6930500831069395e-05
1.9159999999996504	1.891245439911149e-05
1.9169999999996545	2.091038208318352e-05
1.9179999999996589	2.2921650256968462e-05
1.918999999999663	2.4943988523040694e-05
1.919999999999667	2.6976305004478007e-05
1.9209999999996712	2.901676246458429e-05
1.9219999999996755	3.106425983101513e-05
1.9229999999996796	3.3117656134118434e-05
1.9239999999996837	3.517576223155405e-05
1.9249999999996878	3.723696799506904e-05
1.9259999999996922	3.9299781778412424e-05
1.9269999999996963	4.13617520247378e-05
1.9279999999997004	4.342007079438659e-05
1.9289999999997045	4.5472245994271354e-05
1.9299999999997088	4.751513237222227e-05
1.930999999999713	4.954634173370831e-05
1.931999999999717	5.1564213990662466e-05
1.9329999999997212	5.3568037505113963e-05
1.9339999999997253	5.555799705736497e-05
1.9349999999997296	5.753470201763644e-05
1.9359999999997337	5.94993210381034e-05
1.9369999999997378	6.145226493470268e-05
1.937999999999742	6.33933437519385e-05
1.9389999999997463	6.532222629540563e-05
1.9399999999997504	6.723688391818694e-05
1.9409999999997545	6.913598816526978e-05
1.9419999999997586	7.101711802648403e-05
1.942999999999763	7.287946223577535e-05
1.943999999999767	7.472095795835187e-05
1.9449999999997711	7.654196988848838e-05
1.9459999999997752	7.834159342023916e-05
1.9469999999997794	8.012083921760116e-05
1.9479999999997837	8.188011039378384e-05
1.9489999999997878	8.361912010745876e-05
1.949999999999792	8.533740491667441e-05
1.950999999999796	8.703548898503222e-05
1.9519999999998003	8.871123489029298e-05
1.9529999999998044	9.03623880976756e-05
1.9539999999998086	9.198793210807299e-05
1.9549999999998127	9.35848855091459e-05
1.955999999999817	9.514852267000773e-05
1.956999999999821	9.667615327346724e-05
1.9579999999998252	9.816046907407117e-05
1.9589999999998293	9.960036359124569e-05
1.9599999999998337	0.00010098834064531381
1.9609999999998378	0.0001023218429678785
1.9619999999998419	0.00010359560768091747
1.962999999999846	0.00010480638416632271
1.9639999999998503	0.00010595196175999799
1.9649999999998544	0.0001070311885673636
1.9659999999998585	0.00010803741781273413
1.9669999999998626	0.00010897215906380264
1.9679999999998667	0.00010983281445708926
1.968999999999871	0.00011061990083782725
1.9699999999998752	0.00011133249482031538
1.9709999999998793	0.00011197018037623074
1.9719999999998834	0.00011252724754862165
1.9729999999998877	0.00011301342277991733
1.9739999999998918	0.00011341824391053468
1.974999999999896	0.00011374543750664046
1.9759999999999	0.00011399578876192251
1.9769999999999044	0.00011416598154101454
1.9779999999999085	0.00011426231785416352
1.9789999999999126	0.00011427482206838313
1.9799999999999167	0.0001142102588327365
1.980999999999921	0.00011406775032973826
1.9819999999999252	0.0001138504068233237
1.9829999999999293	0.00011355760504616619
1.9839999999999334	0.00011319468788939524
1.9849999999999375	0.00011276183421315977
1.9859999999999418	0.00011226528204333341
1.986999999999946	0.00011171365989770532
1.98799999999995	0.00011110838767180997
1.9889999999999541	0.00011045489612160342
1.9899999999999585	0.00010975703711335605
1.9909999999999626	0.0001090187919916552
1.9919999999999667	0.00010823748911348297
1.9929999999999708	0.00010742037131650228
1.9939999999999751	0.00010656314792600874
1.9949999999999792	0.00010567463422517243
1.9959999999999833	0.00010475000027621029
1.9969999999999875	0.00010379387213654834
1.9979999999999918	0.00010280946168439442
1.998999999999996	0.00010178976941133122
2.0	0.00010074158443451608
2.0010279404845495	9.964343260016051e-05
2.0021217900815715	9.844220052979136e-05
2.0032857751923165	9.713787272669361e-05
2.004524391841744	9.572154376780162e-05
2.005842426366887	9.416672210504906e-05
2.007244970197923	9.246749210656269e-05
2.0087374418720856	9.059694623969605e-05
2.0103256076664273	8.852556967819947e-05
2.0120156028936726	8.622398156887812e-05
2.013813957200875	8.367599359559996e-05
2.0157276178435577	8.089958169321676e-05
2.0177639781367303	7.79137407405095e-05
2.019930905358886	7.477128400790178e-05
2.0222367711443985	7.151841646402257e-05
2.024690484011897	6.823430634073091e-05
2.027301523572695	6.48919462085118e-05
2.0300799770731848	6.151238779550372e-05
2.033036578410754	5.814343486854057e-05
2.036182751117039	5.481114759708916e-05
2.039530649180409	5.1699343773359274e-05
2.043093206833892	4.897740912945814e-05
2.046884188175661	4.676354711552477e-05
2.050918238233338	4.5183000691118025e-05
2.0552109433735133	4.407528761973811e-05
2.059778886913171	4.337683805122339e-05
2.0646397170403086	4.3052725420045235e-05
2.0698122132469665	4.3060919517223795e-05
2.0753163565584574	4.3201795867031656e-05
2.081173414838828	4.338807426218505e-05
2.0874060143976347	4.2689924449113015e-05
2.094038234979271	4.0638206382448416e-05
2.1010956980169606	3.69462794129749e-05
2.1086056699538682	3.1787310690867265e-05
2.116597165034399	2.5482388765984965e-05
2.125101056786564	1.7403676853766648e-05
2.1341501990307465	5.698338558124405e-06
2.143779554474847	-9.383750479763364e-06
2.1540263207146424	-2.8629469397856155e-05
2.1649300857539027	-4.498738154667947e-05
2.1765329774064615	-5.875729784965422e-05
2.1888798204423576	-7.140413049255834e-05
2.2020183144046843	-7.808143732557227e-05
2.2159992202680474	-6.737214796936897e-05
2.2308765524295735	-5.669140099273662e-05
2.246707783705272	-5.0993892848349986e-05
2.263554079768369	-5.106998780024519e-05
2.2814805235907363	-4.307680645054823e-05
2.3005563724108544	-2.018243179158219e-05
2.320855322320133	1.481342794562579e-05
2.3424557929209753	2.6587121415788673e-05
2.3654412374910825	2.3774726076286612e-05
2.389900455657507	1.9613958854969304e-05
2.41592795027163	2.5277364420595028e-05
2.44362426638729	3.17915464266294e-05
2.473096411506492	2.088671482558535e-05
2.5044582437089975	-2.056312087495016e-06
2.537830924630887	-1.2103056195478246e-05
2.5733433911797423	-4.10587384536143e-06
2.611132843166974	3.788461912634933e-05
2.6513452603475027	3.191329739749005e-05
2.6941360153529494	-1.8370638772635672e-05
2.739670418177515	-4.169000723974747e-05
2.788124380079947	-2.7998205223145334e-05
2.839685109337027	3.4273156784392356e-05
2.894551789617174	4.448250202737647e-05
2.9529364084026577	4.070033149539132e-05
3.0150645170164534	3.613820284698033e-05
3.0811761422888653	-1.2003505347468746e-06
3.1515266965252042	-1.9228643621360675e-05
3.226387989377641	-2.000005202962285e-05
3.30604919671757	-2.9810710619138092e-05
3.39081811677136	-4.80718836848304e-06
3.4810222154328754	2.3771630173197167e-06
3.577010018652917	-3.2217367966769217e-06
3.6791523315125145	-5.494236798120333e-05
3.7878438030764574	-7.046111809327904e-05
3.9035043177534527	-2.9616645645269557e-05
4.02658072998157	1.6959125527571395e-05
4.157548527011607	9.676714415540744e-06
4.296913682346355	-4.5857959319217656e-05
4.445214635465608	3.1593023908094153e-07
4.603024347307951	-5.045972663264564e-06
4.770952424745148	-2.4179667495571877e-05
4.9496476786701376	-2.098575095477173e-05
5.139800459354712	-4.584925693773556e-06
5.342145448462832	-5.975020565340827e-05
5.557464321076707	-2.9063307238175184e-05
5.786588991858403	-6.300867704256419e-06
6.03040459644804	-1.7980341218137852e-06
6.289853138906711	3.35587979083396e-06
6.565936951835777	-2.1972749341792053e-05
6.859722633511745	3.7090484423796255e-06
7.172345245053396	5.8377484674077e-06
7.505012494394354	-2.2535286374969488e-05
7.859009576011049	8.407450335257138e-06
8.23570422033976	1.9582083329749977e-05
8.636551628113326	-7.605613280059487e-06
9.063100564489073	4.173970436394114e-06
9.516998831091398	4.553245371852199e-07
10.0	-5.958482916401664e-06
