0.0	0.9999999992616977
0.0010000000000041087	0.9999999992606065
0.0020000000000082174	0.9999999992578072
0.003000000000012548	0.9999999992532089
0.004000000000016657	0.999999999246857
0.005000000000020766	0.9999999992385775
0.006000000000024874	0.9999999992284822
0.007000000000029205	0.9999999992164347
0.008000000000033314	0.9999999992024327
0.009000000000037423	0.999999999186461
0.010000000000041753	0.9999999991683817
0.011000000000045862	0.9999999991481872
0.01200000000004997	0.9999999991258224
0.01300000000005408	0.9999999991011363
0.01400000000005841	0.9999999990741449
0.015000000000062519	0.9999999990446999
0.016000000000066406	0.9999999990126245
0.017000000000070736	0.9999999989779598
0.018000000000074845	0.9999999989405187
0.019000000000078954	0.9999999989001159
0.020000000000083062	0.9999999988566801
0.021000000000087393	0.9999999988100324
0.022000000000091502	0.9999999987599736
0.02300000000009561	0.9999999987065403
0.02400000000009972	0.9999999986491586
0.02500000000010405	0.9999999985880152
0.02600000000010816	0.9999999985227168
0.027000000000112268	0.9999999984530032
0.0280000000001166	0.9999999983787067
0.029000000000120707	0.9999999982996417
0.030000000000124816	0.9999999982153208
0.031000000000128924	0.9999999981256196
0.032000000000133255	0.9999999980302725
0.033000000000137364	0.9999999979287719
0.03400000000014147	0.9999999978209345
0.0350000000001458	0.9999999977063074
0.03600000000014991	0.9999999975844323
0.03700000000015402	0.9999999974550765
0.03800000000015813	0.9999999973176413
0.03900000000016246	0.9999999971718374
0.04000000000016657	0.9999999970168767
0.04100000000017068	0.9999999968524003
0.04200000000017501	0.9999999966778517
0.04300000000017912	0.9999999964926489
0.044000000000183226	0.9999999962962137
0.045000000000187335	0.9999999960875172
0.046000000000191665	0.9999999958663885
0.04700000000019555	0.9999999956319032
0.04800000000019966	0.9999999953827313
0.04900000000020399	0.9999999951188691
0.0500000000002081	0.9999999948389587
0.05100000000021221	0.9999999945419973
0.05200000000021632	0.9999999942273385
0.05300000000022065	0.9999999938936797
0.05400000000022476	0.9999999935395213
0.055000000000228866	0.9999999931646931
0.0560000000002332	0.9999999927670552
0.057000000000237305	0.9999999923451892
0.058000000000241414	0.999999991898887
0.05900000000024552	0.9999999914252952
0.060000000000249853	0.9999999909231597
0.06100000000025396	0.9999999903919125
0.06200000000025807	0.9999999898278947
0.0630000000002624	0.9999999892306675
0.06400000000026651	0.9999999885982813
0.06500000000027062	0.9999999879282753
0.06600000000027473	0.9999999872179807
0.06700000000027906	0.9999999864655288
0.06800000000028317	0.9999999856683711
0.06900000000028728	0.9999999848252356
0.0700000000002916	0.9999999839300119
0.07100000000029572	0.9999999829837034
0.07200000000029982	0.999999981981436
0.07300000000030393	0.9999999809191281
0.07400000000030826	0.9999999797951036
0.07500000000031237	0.9999999786052055
0.07600000000031648	0.9999999773437711
0.07700000000032081	0.9999999760103525
0.0780000000003247	0.9999999745978664
0.07900000000032881	0.9999999731021388
0.08000000000033292	0.9999999715204216
0.08100000000033725	0.9999999698451175
0.08200000000034136	0.9999999680728239
0.08300000000034546	0.999999966197071
0.0840000000003498	0.9999999642132976
0.0850000000003539	0.9999999621136852
0.08600000000035801	0.9999999598933129
0.08700000000036212	0.9999999575430566
0.08800000000036645	0.9999999550577221
0.08900000000037056	0.9999999524274886
0.09000000000037467	0.9999999496470012
0.091000000000379	0.9999999467065371
0.09200000000038311	0.999999943596166
0.09300000000038722	0.9999999403080959
0.09400000000039133	0.9999999368330579
0.09500000000039566	0.9999999331546043
0.09600000000039977	0.9999999292725463
0.09700000000040387	0.999999925167264
0.0980000000004082	0.9999999208250986
0.09900000000041231	0.9999999162392957
0.10000000000041642	0.9999999113885346
0.10100000000042053	0.9999999062682827
0.10200000000042486	0.9999999008570617
0.10300000000042897	0.9999998951424428
0.10400000000043308	0.9999998891027586
0.10500000000043741	0.9999998827160566
0.10600000000044152	0.9999998759861135
0.10700000000044563	0.9999998688687359
0.10800000000044951	0.9999998613551094
0.10900000000045384	0.9999998534239626
0.11000000000045795	0.999999845036476
0.11100000000046206	0.9999998361970684
0.1120000000004664	0.9999998268655079
0.1130000000004705	0.9999998170136017
0.11400000000047461	0.9999998066136153
0.11500000000047872	0.9999997956400766
0.11600000000048305	0.999999784059716
0.11700000000048716	0.999999771843103
0.11800000000049127	0.999999758953503
0.1190000000004956	0.9999997453551538
0.12000000000049971	0.9999997310115025
0.12100000000050382	0.999999715886073
0.12200000000050792	0.9999996999321048
0.12300000000051226	0.9999996831103503
0.12400000000051636	0.999999665373102
0.12500000000052047	0.9999996466721849
0.1260000000005248	0.9999996269613314
0.1270000000005289	0.9999996061807798
0.12800000000053302	0.9999995842815701
0.12900000000053713	0.9999995612014067
0.13000000000054146	0.9999995368837755
0.13100000000054557	0.9999995112668486
0.13200000000054968	0.9999994842448224
0.133000000000554	0.9999994558211897
0.13400000000055812	0.9999994258879159
0.13500000000056223	0.9999993943058024
0.13600000000056633	0.9999993610825456
0.13700000000057067	0.9999993260982591
0.13800000000057477	0.9999992892878875
0.13900000000057866	0.9999992504790272
0.140000000000583	0.9999992096758975
0.1410000000005871	0.9999991666688904
0.1420000000005912	0.9999991214805413
0.14300000000059532	0.9999990738481972
0.14400000000059965	0.9999990238010878
0.14500000000060376	0.9999989711104408
0.14600000000060787	0.9999989156756135
0.1470000000006122	0.9999988573658605
0.1480000000006163	0.9999987960579136
0.14900000000062041	0.9999987315399299
0.15000000000062452	0.9999986637360803
0.15100000000062885	0.9999985923981528
0.15200000000063296	0.9999985174296274
0.15300000000063707	0.999998438609948
0.1540000000006414	0.9999983557979115
0.1550000000006455	0.9999982687077582
0.15600000000064962	0.9999981772141071
0.15700000000065373	0.9999980810592066
0.15800000000065806	0.9999979800478741
0.15900000000066217	0.9999978738876895
0.16000000000066628	0.9999977624003714
0.16100000000067038	0.9999976453712707
0.16200000000067472	0.9999975223738273
0.16300000000067882	0.9999973931341638
0.16400000000068293	0.9999972576206899
0.16500000000068726	0.9999971152634354
0.16600000000069137	0.9999969658942617
0.16700000000069548	0.9999968089177943
0.1680000000006996	0.9999966444001234
0.16900000000070392	0.9999964715398718
0.1700000000007078	0.9999962902531355
0.17100000000071192	0.9999961001538246
0.17200000000071625	0.9999959006724414
0.17300000000072036	0.999995691165823
0.17400000000072446	0.9999954718361547
0.17500000000072857	0.9999952416442709
0.1760000000007329	0.9999950000739672
0.177000000000737	0.9999947470773797
0.17800000000074112	0.9999944816214791
0.17900000000074545	0.9999942036192687
0.18000000000074956	0.9999939119375378
0.18100000000075367	0.9999936063849687
0.18200000000075778	0.9999932861123813
0.1830000000007621	0.9999929508270586
0.18400000000076622	0.9999925993296115
0.18500000000077033	0.999992231164268
0.18600000000077466	0.9999918453390562
0.18700000000077877	0.9999914416177437
0.18800000000078287	0.9999910184334563
0.18900000000078698	0.9999905754168904
0.1900000000007913	0.9999901120080175
0.19100000000079542	0.9999896263769786
0.19200000000079953	0.9999891185023582
0.19300000000080386	0.9999885865359565
0.19400000000080797	0.9999880297911706
0.19500000000081208	0.999987447605865
0.1960000000008162	0.9999868385783837
0.19700000000082052	0.9999862009784402
0.19800000000082463	0.9999855340537281
0.19900000000082874	0.999984836972883
0.20000000000083307	0.9999841074383645
0.20100000000083695	0.9999833450775062
0.20200000000084106	0.9999825473163745
0.20300000000084517	0.9999817144261212
0.2040000000008495	0.9999808428982685
0.2050000000008536	0.9999799319928858
0.20600000000085772	0.9999789805383043
0.20700000000086205	0.9999779857033506
0.20800000000086616	0.9999769467499885
0.20900000000087027	0.9999758608190347
0.21000000000087438	0.9999747271251358
0.2110000000008787	0.9999735424374923
0.21200000000088282	0.9999723051760394
0.21300000000088692	0.9999710135065599
0.21400000000089126	0.9999696644886333
0.21500000000089536	0.9999682564713466
0.21600000000089947	0.999966786263603
0.21700000000090358	0.9999652523176081
0.2180000000009079	0.9999636508988182
0.21900000000091202	0.9999619798129189
0.22000000000091613	0.9999602363594835
0.22100000000092046	0.9999584173929995
0.22200000000092457	0.9999565196658308
0.22300000000092868	0.9999545407013838
0.2240000000009328	0.9999524761145956
0.22500000000093712	0.9999503240959884
0.22600000000094123	0.9999480794592436
0.22700000000094533	0.9999457388225224
0.22800000000094967	0.9999432997071692
0.22900000000095377	0.9999407571414191
0.23000000000095788	0.9999381072105726
0.23100000000096177	0.9999353456281825
0.2320000000009661	0.9999324682240746
0.2330000000009702	0.9999294696895967
0.23400000000097432	0.9999263466411562
0.23500000000097865	0.9999230945972164
0.23600000000098276	0.9999197070852192
0.23700000000098687	0.9999161757569193
0.23800000000099097	0.9999125049712501
0.2390000000009953	0.9999086795142014
0.24000000000099941	0.9999046969921368
0.24100000000100352	0.9999005546745947
0.24200000000100785	0.9998962362565651
0.24300000000101196	0.9998917500226595
0.24400000000101607	0.9998870795448417
0.24500000000102018	0.9998822205450467
0.2460000000010245	0.9998771633007165
0.24700000000102862	0.9998719054343874
0.24800000000103273	0.9998664361882769
0.24900000000103706	0.9998607491534468
0.25000000000104117	0.9998548358283789
0.2510000000010453	0.999848688599367
0.2520000000010494	0.9998422934716994
0.2530000000010537	0.9998356483489167
0.2540000000010578	0.999828742873168
0.25500000000106193	0.9998215676793042
0.25600000000106626	0.9998141116627484
0.25700000000107037	0.9998063654197326
0.2580000000010745	0.9997983133416103
0.2590000000010786	0.9997899580398574
0.2600000000010829	0.9997812714841661
0.26100000000108703	0.9997722559187046
0.2620000000010909	0.9997628919316238
0.26300000000109525	0.9997531721246586
0.26400000000109936	0.999743081182259
0.26500000000110346	0.9997326035829389
0.2660000000011076	0.9997217323216008
0.2670000000011119	0.9997104528148814
0.268000000001116	0.9996987477487995
0.2690000000011201	0.9996865955127715
0.27000000000112445	0.9996739929711548
0.27100000000112856	0.9996609262209367
0.27200000000113267	0.9996473758522197
0.2730000000011368	0.9996333145672006
0.2740000000011411	0.9996187221658689
0.2750000000011452	0.9996036277818362
0.2760000000011493	0.9995879563678363
0.27700000000115366	0.9995716987409801
0.27800000000115777	0.9995548825854181
0.2790000000011619	0.9995374359099176
0.280000000001166	0.9995193582592352
0.2810000000011703	0.9995006306470696
0.2820000000011744	0.999481240334199
0.28300000000117853	0.9994611333382493
0.28400000000118286	0.9994403217797052
0.28500000000118697	0.999418770845165
0.2860000000011911	0.9993964507922735
0.2870000000011952	0.9993733479875366
0.2880000000011995	0.9993494146066644
0.2890000000012036	0.9993246546346981
0.29000000000120774	0.9992990359310845
0.29100000000121207	0.9992725089076215
0.2920000000012162	0.9992450667998634
0.29300000000122006	0.9992166807516146
0.29400000000122417	0.9991873064436401
0.2950000000012285	0.9991569177685569
0.2960000000012326	0.9991255005172084
0.2970000000012367	0.999093001981628
0.29800000000124083	0.9990593967100804
0.29900000000124516	0.999024659876124
0.30000000000124927	0.9989887473333038
0.3010000000012534	0.9989516228051704
0.3020000000012577	0.9989132537935285
0.3030000000012618	0.9988735977928078
0.3040000000012659	0.9988326329016172
0.30500000000127003	0.9987903049948287
0.30600000000127436	0.9987465704937918
0.3070000000012785	0.998701405721019
0.3080000000012826	0.9986547546974816
0.3090000000012869	0.9986065698597104
0.310000000001291	0.9985568309814724
0.31100000000129513	0.9985054718017222
0.31200000000129924	0.9984524503325499
0.31300000000130357	0.9983977116578421
0.3140000000013077	0.9983412221737052
0.3150000000013118	0.9982829376566744
0.3160000000013161	0.9982227852578891
0.3170000000013202	0.9981607345078876
0.31800000000132433	0.998096718951975
0.31900000000132844	0.9980306598328031
0.3200000000013328	0.9979625760410711
0.3210000000013369	0.9978923460671589
0.322000000001341	0.9978198885868228
0.3230000000013453	0.9977452478204711
0.3240000000013492	0.9976682966691888
0.3250000000013533	0.9975889029134601
0.3260000000013574	0.9975071648861502
0.32700000000136176	0.997422889355269
0.32800000000136587	0.9973360465448498
0.32900000000137	0.9972465739382014
0.3300000000013743	0.9971544519926488
0.3310000000013784	0.9970595028106738
0.3320000000013825	0.9969617122052277
0.33300000000138663	0.9968610676262376
0.33400000000139096	0.9967573584266911
0.33500000000139507	0.9966506271893998
0.3360000000013992	0.9965407627616015
0.3370000000014035	0.9964276276225973
0.3380000000014076	0.9963112328503739
0.3390000000014117	0.9961914361611638
0.34000000000141584	0.9960681890257772
0.34100000000142017	0.9959413674926964
0.3420000000014243	0.9958108585913232
0.3430000000014284	0.9956767287052117
0.3440000000014327	0.9955386763157836
0.3450000000014368	0.9953967009272625
0.34600000000144093	0.9952508269734173
0.34700000000144504	0.9951006916628743
0.34800000000144937	0.9949465229852381
0.3490000000014535	0.9947879405542851
0.3500000000014576	0.994624946526635
0.3510000000014619	0.9944575446138176
0.35200000000146603	0.9942854309776532
0.35300000000147014	0.994108631330894
0.35400000000147425	0.993927026385239
0.35500000000147836	0.9937404664212066
0.35600000000148246	0.9935488663347186
0.3570000000014866	0.9933521045742507
0.3580000000014909	0.9931500700926837
0.359000000001495	0.9929426301848413
0.3600000000014991	0.9927296823547008
0.36100000000150323	0.9925110832698518
0.36200000000150756	0.9922867684669703
0.36300000000151167	0.9920565707462539
0.3640000000015158	0.9918203080883259
0.3650000000015201	0.9915779420439708
0.3660000000015242	0.9913293332775995
0.3670000000015283	0.9910742907621841
0.36800000000153243	0.990812722578864
0.36900000000153677	0.9905445036642949
0.3700000000015409	0.9902694173792508
0.371000000001545	0.989987407113732
0.3720000000015493	0.9896982361219999
0.3730000000015534	0.9894020346601062
0.37400000000155753	0.989098228222461
0.37500000000156164	0.9887870734702415
0.37600000000156597	0.9884681222176323
0.3770000000015701	0.9881414031239283
0.3780000000015742	0.9878065899615884
0.3790000000015785	0.9874637261055355
0.3800000000015826	0.9871124975560098
0.38100000000158674	0.9867528440490183
0.38200000000159084	0.9863846533113046
0.3830000000015952	0.9860076533312253
0.3840000000015993	0.9856217519333988
0.3850000000016034	0.9852264633607987
0.3860000000016075	0.9848221163786252
0.3870000000016116	0.98440831773751
0.3880000000016157	0.9839848228060224
0.38900000000161983	0.9835517255896004
0.39000000000162416	0.9831083966742491
0.39100000000162827	0.9826550585948762
0.3920000000016324	0.9821913201940151
0.3930000000016367	0.9817171214622633
0.3940000000016408	0.9812322240350327
0.3950000000016449	0.980736486565265
0.39600000000164903	0.9802296679169593
0.39700000000165336	0.9797114549038405
0.3980000000016575	0.9791819605384916
0.3990000000016616	0.9786409298697178
0.4000000000016659	0.9780878146264995
0.40100000000167	0.9775228997965877
0.40200000000167413	0.9769457494078869
0.40300000000167824	0.9763561696202909
0.40400000000168257	0.9757539571912631
0.4050000000016867	0.9751389630204135
0.4060000000016908	0.9745110679271569
0.4070000000016951	0.9738697750616363
0.4080000000016992	0.9732152799436122
0.40900000000170333	0.9725471458675392
0.41000000000170744	0.9718651112724667
0.4110000000017118	0.9711693146103074
0.4120000000017159	0.9704588252820919
0.41300000000172	0.9697344061237525
0.4140000000017243	0.9689951821665175
0.41500000000172843	0.9682409564465299
0.41600000000173254	0.9674720572168497
0.4170000000017364	0.9666874475965297
0.41800000000174076	0.96588765647999
0.41900000000174487	0.9650721482402373
0.420000000001749	0.9642407334405778
0.4210000000017533	0.9633932131457769
0.4220000000017574	0.9625293735669842
0.4230000000017615	0.9616489721223059
0.42400000000176563	0.9607517754281772
0.42500000000176996	0.9598379599595384
0.42600000000177407	0.9589064474606082
0.4270000000017782	0.9579581223099888
0.4280000000017825	0.9569916427274722
0.4290000000017866	0.9560076495507353
0.4300000000017907	0.9550056257745072
0.43100000000179484	0.9539851894704062
0.43200000000179917	0.9529467771887824
0.4330000000018033	0.9518891309230993
0.4340000000018074	0.9508131935053059
0.4350000000018115	0.9497175534119978
0.4360000000018158	0.9486028662013931
0.43700000000181993	0.9474687614383162
0.43800000000182404	0.9463148274326069
0.43900000000182837	0.9451414100339727
0.4400000000018325	0.9439470492292749
0.4410000000018366	0.9427332944183472
0.4420000000018407	0.9414983772712654
0.44300000000184503	0.9402426605812086
0.44400000000184914	0.9389661627817624
0.44500000000185325	0.9376686805185418
0.4460000000018576	0.9363495072522292
0.4470000000018617	0.9350091327888252
0.4480000000018656	0.933647024587298
0.4490000000018697	0.9322627040529835
0.450000000001874	0.9308564833495993
0.4510000000018781	0.9294278924418704
0.45200000000188223	0.9279765251849968
0.45300000000188656	0.9265029184109078
0.45400000000189067	0.9250060730686385
0.4550000000018948	0.9234862898023632
0.4560000000018989	0.9219435113683838
0.4570000000019032	0.9203771382038027
0.4580000000019073	0.9187873203961083
0.45900000000191143	0.9171731866327834
0.46000000000191577	0.9155355804587997
0.4610000000019199	0.9138738814075892
0.462000000001924	0.9121879915130054
0.4630000000019281	0.9104776782711589
0.4640000000019324	0.9087427823290615
0.46500000000193653	0.9069830174981276
0.46600000000194064	0.9051984005670909
0.46700000000194497	0.9033889291558066
0.4680000000019491	0.9015542428308984
0.4690000000019532	0.8996942703303551
0.4700000000019573	0.8978088793412691
0.4710000000019616	0.8958979541618243
0.47200000000196574	0.8939613553244128
0.47300000000196984	0.8919989444421587
0.4740000000019742	0.8900106283535987
0.4750000000019783	0.8879963276587983
0.4760000000019824	0.88595589489364
0.4770000000019865	0.8838891142099974
0.47800000000199083	0.8817960068741539
0.4790000000019947	0.8796767442624484
0.48000000000199883	0.8775308060106966
0.48100000000200316	0.8753583363713139
0.48200000000200727	0.8731589845290582
0.4830000000020114	0.8709330690638193
0.4840000000020155	0.8686801724334697
0.4850000000020198	0.8664009591042738
0.4860000000020239	0.8640934966318277
0.48700000000202803	0.8617604239944334
0.48800000000203236	0.8593993197764718
0.4890000000020365	0.8570117098157608
0.4900000000020406	0.8545968636987997
0.4910000000020447	0.8521547405173395
0.492000000002049	0.8496860099489675
0.49300000000205313	0.8471889261800261
0.49400000000205724	0.844665863015004
0.49500000000206157	0.8421145012387985
0.4960000000020657	0.8395365672187358
0.4970000000020698	0.8369313518438573
0.4980000000020739	0.8342989422874687
0.4990000000020782	0.8316391873065786
0.5000000000020823	0.8289526459218243
0.5010000000020864	0.8262386379324547
0.5020000000020908	0.8234974599261681
0.5030000000020949	0.8207295026741008
0.504000000002099	0.8179344436106528
0.5050000000021031	0.8151124344652332
0.5060000000021074	0.8122635467758776
0.5070000000021115	0.8093878337535001
0.5080000000021156	0.8064853744101115
0.50900000000212	0.8035562622456799
0.5100000000021239	0.8006005998291386
0.511000000002128	0.79761849813574
0.5120000000021321	0.7946100179967588
0.5130000000021364	0.7915750968165052
0.5140000000021405	0.7885141914468637
0.5150000000021446	0.7854275927638305
0.516000000002149	0.7823149368978766
0.5170000000021531	0.7791762734500521
0.5180000000021572	0.7760120641175355
0.5190000000021613	0.7728226100943723
0.5200000000021656	0.7696077929512305
0.5210000000021697	0.7663680093834049
0.5220000000021738	0.7631030074112213
0.5230000000021782	0.7598130021635087
0.5240000000021823	0.7564990520103589
0.5250000000021864	0.7531603301813303
0.5260000000021905	0.7497976129031758
0.5270000000021948	0.7464108441923936
0.5280000000021989	0.7430002738722785
0.529000000002203	0.7395661841553651
0.5300000000022074	0.7361087639522765
0.5310000000022115	0.7326282000382162
0.5320000000022156	0.7291246856134206
0.5330000000022197	0.725598791446755
0.534000000002224	0.7220506857420024
0.5350000000022281	0.7184796884721694
0.5360000000022322	0.7148881937469794
0.5370000000022366	0.7112738525297888
0.5380000000022407	0.7076391582223636
0.5390000000022448	0.7039831225910465
0.5400000000022487	0.7003064219664862
0.541000000002253	0.6966092176649503
0.5420000000022571	0.6928922868979948
0.5430000000022612	0.6891551391625058
0.5440000000022656	0.6853989768217099
0.5450000000022697	0.6816232717103478
0.5460000000022738	0.6778291595973396
0.5470000000022779	0.6740162312264744
0.5480000000022822	0.670185374539608
0.5490000000022863	0.6663367643155624
0.5500000000022904	0.662470591332185
0.5510000000022948	0.6585874428361003
0.5520000000022989	0.6546876344442177
0.553000000002303	0.650771467659029
0.5540000000023071	0.6468393134337458
0.5550000000023114	0.6428915737995187
0.5560000000023155	0.6389286251819819
0.5570000000023196	0.634950852343936
0.558000000002324	0.6309586460690013
0.5590000000023281	0.626952421338721
0.5600000000023322	0.6229326002708695
0.5610000000023363	0.6188995801950442
0.5620000000023406	0.614853744606952
0.5630000000023447	0.6107955007889576
0.5640000000023488	0.6067252863276378
0.5650000000023532	0.6026435176106288
0.5660000000023573	0.59855061575063
0.5670000000023614	0.5944470233016588
0.5680000000023655	0.5903331681312767
0.5690000000023698	0.586209476608514
0.5700000000023739	0.5820763898727866
0.5710000000023778	0.5779343558794573
0.5720000000023819	0.5737838272734053
0.5730000000023863	0.5696252532897796
0.5740000000023904	0.5654590732617846
0.5750000000023945	0.5612857401700344
0.5760000000023988	0.5571057106283186
0.5770000000024029	0.5529194250295666
0.578000000002407	0.5487273220824387
0.5790000000024111	0.5445299786116287
0.5800000000024155	0.5403277561515334
0.5810000000024196	0.5361211145457904
0.5820000000024237	0.5319105700321644
0.583000000002428	0.5276966145521673
0.5840000000024321	0.5234795635422997
0.5850000000024362	0.5192599998094483
0.5860000000024403	0.5150384776225747
0.5870000000024447	0.5108152871831277
0.5880000000024488	0.5065910311956224
0.5890000000024529	0.502366129243609
0.5900000000024572	0.4981410411671706
0.5910000000024613	0.4939162731840082
0.5920000000024654	0.48969226707455404
0.5930000000024696	0.4854695211270872
0.5940000000024739	0.48124847710797436
0.595000000002478	0.47702963040804003
0.5960000000024821	0.4728134173884133
0.5970000000024864	0.4686003452471157
0.5980000000024905	0.46439083535138237
0.5990000000024946	0.46018539506379574
0.6000000000024988	0.4559845205875873
0.6010000000025031	0.4517885457781817
0.602000000002507	0.447598031624145
0.6030000000025111	0.44341344774700975
0.6040000000025154	0.43923520977869235
0.6050000000025195	0.43506379072271784
0.6060000000025236	0.4308996309910247
0.6070000000025277	0.4267431836678357
0.6080000000025321	0.4225949057211511
0.6090000000025362	0.41845523676204877
0.6100000000025403	0.4143246280069254
0.6110000000025446	0.4102034918167148
0.6120000000025487	0.4060922662174593
0.6130000000025528	0.4019914127142805
0.614000000002557	0.39790135967569784
0.6150000000025613	0.39382251827981596
0.6160000000025654	0.3897553089972752
0.6170000000025695	0.3857001468677381
0.6180000000025738	0.3816574457836005
0.6190000000025779	0.37762761932721267
0.620000000002582	0.37361107366120994
0.6210000000025861	0.36960820886636436
0.6220000000025905	0.3656194300335702
0.6230000000025946	0.36164513468463344
0.6240000000025987	0.35768571352018697
0.625000000002603	0.3537415460003257
0.6260000000026071	0.3498130121640023
0.6270000000026112	0.34590040268009203
0.6280000000026154	0.34200420266080966
0.6290000000026197	0.33812469137854717
0.6300000000026238	0.3342623256119652
0.6310000000026279	0.3304173321095434
0.6320000000026322	0.3265901739755108
0.6330000000026361	0.32278114803116587
0.6340000000026402	0.31899057722228974
0.6350000000026443	0.3152187956159125
0.6360000000026487	0.31146612194154244
0.6370000000026528	0.3077328805436941
0.6380000000026569	0.3040193920116857
0.6390000000026612	0.3003259731988174
0.6400000000026653	0.29665289134278294
0.6410000000026694	0.29300042091912815
0.6420000000026735	0.2893690722390334
0.6430000000026779	0.28575849721388913
0.644000000002682	0.2821699014498592
0.6450000000026861	0.2786029972529358
0.6460000000026904	0.27505793853370797
0.6470000000026945	0.2715352259862436
0.6480000000026986	0.2680349909228551
0.6490000000027027	0.2645576208756396
0.6500000000027071	0.26110319365322565
0.6510000000027112	0.25767203338756917
0.6520000000027153	0.2542644535729204
0.6530000000027196	0.2508803599620819
0.6540000000027237	0.24752036454978643
0.6550000000027278	0.24418424447684595
0.656000000002732	0.2408726246165307
0.6570000000027363	0.2375853041893965
0.6580000000027404	0.23432281798796284
0.6590000000027445	0.23108497811359496
0.6600000000027488	0.22787229535909492
0.6610000000027529	0.2246846202411522
0.662000000002757	0.22152242496674202
0.6630000000027612	0.21838560241376492
0.6640000000027653	0.21527459693378903
0.6650000000027694	0.212189076519954
0.6660000000027735	0.2091296386896161
0.6670000000027778	0.2060961272487245
0.6680000000027819	0.20308867123689245
0.669000000002786	0.2001075041107062
0.6700000000027901	0.19715261706720677
0.6710000000027945	0.19422417844068574
0.6720000000027986	0.19132221824534568
0.6730000000028027	0.1884468913748133
0.674000000002807	0.18559817461078176
0.6750000000028111	0.18277616877197023
0.6760000000028152	0.1799809831380932
0.6770000000028193	0.17721263334389303
0.6780000000028237	0.17447125032721023
0.6790000000028278	0.1717567098191688
0.6800000000028319	0.16906902638982646
0.6810000000028362	0.16640872785661187
0.6820000000028403	0.16377490143926599
0.6830000000028444	0.1611686260810259
0.6840000000028486	0.15858898305976188
0.6850000000028529	0.15603681995185892
0.686000000002857	0.15351124975371888
0.6870000000028611	0.15101327454878655
0.6880000000028654	0.14854176588382773
0.6890000000028695	0.14609774313140267
0.6900000000028736	0.14368024234174837
0.6910000000028778	0.14129012669348862
0.6920000000028821	0.13892641118424676
0.6930000000028862	0.1365903614391204
0.6940000000028901	0.13428041923906076
0.6950000000028944	0.13199753958372284
0.6960000000028985	0.12974163119893545
0.6970000000029026	0.12751166392493896
0.6980000000029067	0.12530892312023956
0.6990000000029111	0.12313267958460061
0.7000000000029152	0.12098250699833213
0.7010000000029193	0.11885910898132834
0.7020000000029236	0.1167615640741223
0.7030000000029277	0.11469056705379399
0.7040000000029318	0.11264539865521561
0.705000000002936	0.11062629964580117
0.7060000000029403	0.10863308475590172
0.7070000000029444	0.10666561312487055
0.7080000000029485	0.10472375941373713
0.7090000000029526	0.10280745102447852
0.7100000000029569	0.10091651660689949
0.711000000002961	0.09905088874283685
0.7120000000029651	0.09721042388678869
0.7130000000029695	0.09539496122007451
0.7140000000029736	0.09360444563186154
0.7150000000029777	0.09183863194980935
0.7160000000029818	0.09009741879106803
0.7170000000029861	0.08838054933781025
0.7180000000029902	0.08668814994307894
0.7190000000029944	0.08501958648495078
0.7200000000029987	0.08337549853084925
0.7210000000030028	0.08175473967881763
0.7220000000030069	0.08015762653762748
0.723000000003011	0.07858442614463867
0.7240000000030153	0.07703411291797402
0.7250000000030195	0.07550712550650074
0.7260000000030233	0.07400312182583146
0.7270000000030277	0.07252192308921734
0.7280000000030318	0.0710633557779985
0.7290000000030359	0.06962707228481635
0.73000000000304	0.06821315000490313
0.7310000000030443	0.06682137434495339
0.7320000000030484	0.06545132441422596
0.7330000000030525	0.06410285038508767
0.7340000000030569	0.06277614386917896
0.735000000003061	0.061470614684550284
0.7360000000030651	0.06018618006123222
0.7370000000030692	0.05892263610023274
0.7380000000030735	0.05767986053832308
0.7390000000030776	0.05645753261008324
0.7400000000030817	0.05525555326121645
0.7410000000030861	0.054073586889142655
0.7420000000030902	0.05291158301407828
0.7430000000030943	0.0517693181645138
0.7440000000030984	0.05064653707925493
0.7450000000031027	0.04954301929637828
0.7460000000031068	0.04845861599145396
0.747000000003111	0.04739309828448146
0.7480000000031153	0.04634623613170619
0.7490000000031194	0.04531782268857043
0.7500000000031235	0.044307715262765446
0.7510000000031276	0.043315467858978884
0.7520000000031319	0.042341259626051286
0.753000000003136	0.041384600544346006
0.7540000000031402	0.04044538140168741
0.7550000000031445	0.039523449290262636
0.7560000000031484	0.03861834534195585
0.7570000000031525	0.037730124723098224
0.7580000000031566	0.03685845968055346
0.7590000000031609	0.036003099793137316
0.760000000003165	0.03516392440917604
0.7610000000031691	0.03434078291414333
0.7620000000031735	0.03353325387318884
0.7630000000031776	0.03274137451424608
0.7640000000031817	0.03196456575997475
0.7650000000031858	0.031203393937034973
0.7660000000031901	0.030456478638139495
0.7670000000031942	0.029724840299944155
0.7680000000031983	0.029007285146300688
0.7690000000032027	0.028304181658879157
0.7700000000032068	0.02761513956584616
0.7710000000032109	0.026940066650849248
0.772000000003215	0.026278618898575967
0.7730000000032193	0.02563068558898718
0.7740000000032234	0.024995721940991866
0.7750000000032276	0.024374535282515764
0.7760000000032319	0.02376550367416619
0.777000000003236	0.023169628173210888
0.7780000000032401	0.02258603909427892
0.7790000000032442	0.022014786145438725
0.7800000000032485	0.02145567458939135
0.7810000000032526	0.020908486068124676
0.7820000000032568	0.02037299552396432
0.7830000000032611	0.01984905212266863
0.7840000000032652	0.01933653445756378
0.7850000000032693	0.018834940109007214
0.7860000000032734	0.018344558174209546
0.7870000000032777	0.017864994033477744
0.7880000000032816	0.017395775459251195
0.7890000000032857	0.016937201286391534
0.7900000000032901	0.01648882012594466
0.7910000000032942	0.016050749031865208
0.7920000000032983	0.0156222191277271
0.7930000000033024	0.015203539350433948
0.7940000000033067	0.01479462609558424
0.7950000000033108	0.014394762828573882
0.796000000003315	0.014004285060079003
0.7970000000033193	0.01362295567053784
0.7980000000033234	0.013250392569079894
0.7990000000033275	0.012886580822440652
0.8000000000033316	0.012531345486470724
0.8010000000033359	0.012184423213181916
0.80200000000334	0.011845867347931138
0.8030000000033441	0.0115154713631207
0.8040000000033485	0.011192713550538747
0.8050000000033526	0.010878012763815281
0.8060000000033567	0.010570828542666
0.8070000000033608	0.010271159964805099
0.8080000000033651	0.009978821905298085
0.8090000000033692	0.009693631976173012
0.8100000000033734	0.009415601843496213
0.8110000000033777	0.009144419565567219
0.8120000000033818	0.008880055417652022
0.8130000000033859	0.008622223954269703
0.81400000000339	0.008370957133171264
0.8150000000033943	0.008126031383549503
0.8160000000033985	0.007887422615640793
0.8170000000034026	0.007654845438737623
0.8180000000034067	0.007428193892300761
0.8190000000034108	0.007207446282668228
0.8200000000034149	0.006992375197281464
0.821000000003419	0.006783035325702458
0.8220000000034233	0.0065790467802595565
0.8230000000034274	0.006380491202415239
0.8240000000034315	0.006187115525820297
0.8250000000034359	0.005998930566349814
0.82600000000344	0.005815799423908752
0.8270000000034441	0.005637529913890549
0.8280000000034482	0.005464041825550936
0.8290000000034525	0.005295258722019969
0.8300000000034566	0.005131074914822453
0.8310000000034607	0.004971356561111917
0.8320000000034651	0.004816022293722022
0.8330000000034692	0.004664963470067618
0.8340000000034733	0.004518093085856156
0.8350000000034774	0.004375287951751461
0.8360000000034817	0.004236475674964768
0.8370000000034858	0.0041015622485601755
0.83800000000349	0.003970437499562607
0.8390000000034943	0.003843026135236016
0.8400000000034984	0.00371923467677715
0.8410000000035025	0.0035989834236560547
0.8420000000035066	0.0034821684981904966
0.8430000000035109	0.003368717778232888
0.844000000003515	0.003258551199768256
0.8450000000035192	0.0031515822252571324
0.8460000000035233	0.003047721844409712
0.8470000000035276	0.002946932285696424
0.8480000000035317	0.0028490831882141965
0.8490000000035356	0.0027541059017113234
0.8500000000035399	0.0026620445754381716
0.851000000003544	0.0025726125392927512
0.8520000000035481	0.00248590591063802
0.8530000000035523	0.002401777503936997
0.8540000000035566	0.0023202096797534377
0.8550000000035607	0.0022411297227324933
0.8560000000035648	0.0021644647378392667
0.8570000000035691	0.0020901333430060065
0.8580000000035732	0.0020180500944181334
0.8590000000035773	0.0019482269605233249
0.8600000000035815	0.0018805576873931473
0.8610000000035858	0.0018149875245238034
0.8620000000035899	0.0017514664944485725
0.863000000003594	0.001689962720446636
0.8640000000035983	0.0016303708555711616
0.8650000000036024	0.0015726498119121857
0.8660000000036066	0.0015167750253184398
0.8670000000036107	0.0014627068208216132
0.868000000003615	0.0014103464039402214
0.8690000000036191	0.0013596824981355615
0.8700000000036232	0.001310639226516086
0.8710000000036275	0.001263195356430824
0.8720000000036316	0.0012172942448098745
0.8730000000036358	0.0011728891736486613
0.8740000000036399	0.0011299535068718392
0.8750000000036442	0.0010884331335921926
0.8760000000036483	0.001048282329958794
0.8770000000036524	0.0010094857590382533
0.8780000000036567	0.0009719552835711909
0.8790000000036609	0.0009356881642771375
0.8800000000036647	0.0009006373743851714
0.8810000000036688	0.0008668035583123679
0.8820000000036732	0.0008340807824277485
0.8830000000036773	0.000802495681255011
0.8840000000036814	0.0007719810763986423
0.8850000000036857	0.000742521194578516
0.8860000000036898	0.0007140744373678176
0.887000000003694	0.0006866075060144583
0.888000000003698	0.0006601066549181134
0.8890000000037024	0.0006345285121500677
0.8900000000037065	0.0006098457369029253
0.8910000000037106	0.0005860294121420306
0.8920000000037149	0.0005630605272636258
0.893000000003719	0.0005409049500586516
0.8940000000037231	0.0005195320228813527
0.8950000000037273	0.0004989365632465104
0.8960000000037316	0.0004790657104863927
0.8970000000037357	0.00045992340079625826
0.8980000000037398	0.0004414712528172382
0.8990000000037441	0.0004236928301728504
0.9000000000037482	0.0004065635180534599
0.9010000000037524	0.000390060729466124
0.9020000000037565	0.0003741652854896138
0.9030000000037608	0.0003588563736753869
0.9040000000037649	0.0003441224239569829
0.905000000003769	0.0003299288181133342
0.9060000000037733	0.00031626749549484856
0.9070000000037775	0.0003031198504204191
0.9080000000037816	0.0002904719621620311
0.9090000000037857	0.0002783053241059985
0.91000000000379	0.00026659737786227655
0.9110000000037939	0.00025533524827603404
0.912000000003798	0.0002445035590982192
0.9130000000038023	0.00023409799020801536
0.9140000000038064	0.00022408458830835976
0.9150000000038105	0.00021446634242272555
0.9160000000038147	0.00020522078639273467
0.917000000003819	0.0001963349351654653
0.9180000000038231	0.0001878018174831242
0.9190000000038272	0.00017960475182365876
0.9200000000038315	0.00017172720176283907
0.9210000000038356	0.00016417453247097313
0.9220000000038397	0.0001569066488048554
0.9230000000038439	0.00014994746767360567
0.9240000000038482	0.00014325973952467042
0.9250000000038523	0.0001368438524824711
0.9260000000038564	0.00013068605448296466
0.9270000000038607	0.00012478420371664356
0.9280000000038648	0.00011911975860567914
0.929000000003869	0.00011369213130529854
0.9300000000038731	0.00010848430656118513
0.9310000000038774	0.0001034934592224479
0.9320000000038815	9.871218986623465e-05
0.9330000000038856	9.41316175966378e-05
0.9340000000038899	8.973984655114009e-05
0.935000000003894	8.553680570333455e-05
0.9360000000038982	8.150858304889486e-05
0.9370000000039023	7.765308854457142e-05
0.9380000000039066	7.396283347504973e-05
0.9390000000039107	7.043114519145188e-05
0.9400000000039148	6.704990514738718e-05
0.9410000000039191	6.381826003354352e-05
0.942000000003923	6.072159597492188e-05
0.9430000000039271	5.7765158609668354e-05
0.9440000000039312	5.4935443729364763e-05
0.9450000000039356	5.223238833018673e-05
0.9460000000039397	4.9647883148984384e-05
0.9470000000039438	4.717927339714656e-05
0.9480000000039481	4.4818861097861706e-05
0.9490000000039522	4.2566478835937005e-05
0.9500000000039563	4.0413521150139964e-05
0.9510000000039605	3.836073939522677e-05
0.9520000000039648	3.640020264772392e-05
0.9530000000039689	3.4529969057617294e-05
0.954000000003973	3.274373742467862e-05
0.9550000000039773	3.104088617345013e-05
0.9560000000039814	2.941951708723689e-05
0.9570000000039856	2.7869346824194174e-05
0.9580000000039897	2.6393937800683887e-05
0.959000000003994	2.499215846785141e-05
0.9600000000039981	2.3648936355313843e-05
0.9610000000040022	2.2375250528727797e-05
0.9620000000040065	2.1161209400211156e-05
0.9630000000040106	2.00048703820066e-05
0.9640000000040148	1.89053318448984e-05
0.9650000000040189	1.785881821125823e-05
0.9660000000040232	1.686454959271e-05
0.9670000000040273	1.5918071811116263e-05
0.9680000000040314	1.5018355843721132e-05
0.9690000000040357	1.416456855818371e-05
0.9700000000040399	1.3352788407750005e-05
0.9710000000040437	1.2582803399108222e-05
0.9720000000040478	1.1851032075238521e-05
0.9730000000040522	1.1156344616680691e-05
0.9740000000040563	1.0498294428895605e-05
0.9750000000040604	9.87365693572162e-06
0.9760000000040647	9.282225065798677e-06
0.9770000000040688	8.721487726237598e-06
0.978000000004073	8.189922611312461e-06
0.979000000004077	7.687282260970818e-06
0.9800000000040812	7.211090399916742e-06
0.9810000000040855	6.761254371712155e-06
0.9820000000040896	6.335443229810167e-06
0.9830000000040937	5.933238648392347e-06
0.984000000004098	5.5529873136395125e-06
0.9850000000041004	5.194139152120414e-06
0.9860000000041018	4.85576432562862e-06
0.987000000004103	4.535872041966371e-06
0.9880000000041045	4.234732851493561e-06
0.9890000000041059	3.950998801016681e-06
0.9900000000041072	3.6843876094483363e-06
0.9910000000041086	3.4322607670445038e-06
0.99200000000411	3.1958288748690222e-06
0.9930000000041115	2.974006621081493e-06
0.9940000000041127	2.765042646402094e-06
0.9950000000041141	2.569090284620934e-06
0.9960000000041156	2.3854781646681644e-06
0.997000000004117	2.21322926496903e-06
0.9980000000041185	2.0520430452641847e-06
0.9990000000041197	1.901459410813544e-06
1.0000000000041211	1.7604642144064542e-06
1.001000000004117	1.6288963571309267e-06
1.002000000004113	1.5063715546048684e-06
1.0030000000041086	1.391970717801172e-06
1.0040000000041045	1.28571626623053e-06
1.0050000000041002	1.1869859820601292e-06
1.006000000004096	1.0951694543459567e-06
1.007000000004092	1.0102554457436241e-06
1.0080000000040878	9.316458395858263e-07
1.0090000000040837	8.59052534885052e-07
1.0100000000040794	7.920688661622322e-07
1.0110000000040753	7.304477314118429e-07
1.012000000004071	6.738767315273009e-07
1.0130000000040669	6.220712203131029e-07
1.0140000000040628	5.747159785851608e-07
1.0150000000040587	5.315868686350811e-07
1.0160000000040534	4.924154911600809e-07
1.0170000000040464	4.5697917283593625e-07
1.0180000000040397	4.250129937988234e-07
1.0190000000040325	3.9635431625661965e-07
1.0200000000040257	3.7075241943185233e-07
1.021000000004019	3.480325155846842e-07
1.0220000000040117	3.280165727925777e-07
1.023000000004005	3.1058551352991515e-07
1.0240000000039977	2.954252090736631e-07
1.025000000003991	2.825216588453472e-07
1.026000000003984	2.71656577899293e-07
1.027000000003977	2.627087689610619e-07
1.0280000000039702	2.5553549709567136e-07
1.0290000000039632	2.4999380321411024e-07
1.0300000000039562	2.4600628145687864e-07
1.0310000000039494	2.4344130644671225e-07
1.0320000000039424	2.4214142646528103e-07
1.0330000000039354	2.420862722507522e-07
1.0340000000039287	2.4311996749126763e-07
1.0350000000039217	2.451731455632711e-07
1.0360000000039147	2.481506409246492e-07
1.0370000000039077	2.519870774264632e-07
1.0380000000039007	2.5657552860103294e-07
1.039000000003894	2.6186487822599247e-07
1.0400000000038867	2.677839416875827e-07
1.04100000000388	2.7425129245362e-07
1.0420000000038732	2.812260280204981e-07
1.043000000003866	2.8863897139075334e-07
1.0440000000038592	2.964344162359467e-07
1.0450000000038522	3.0456032540371325e-07
1.0460000000038452	3.1297011238162753e-07
1.0470000000038384	3.2161744401015824e-07
1.0480000000038314	3.3045410186005597e-07
1.0490000000038244	3.3944573285538127e-07
1.0500000000038174	3.485476760545225e-07
1.0510000000038104	3.5772788065102645e-07
1.0520000000038037	3.669481626333848e-07
1.0530000000037967	3.761787890077528e-07
1.0540000000037897	3.8538784363773004e-07
1.055000000003783	3.945490057999379e-07
1.056000000003776	4.036306979759985e-07
1.057000000003769	4.126163570816743e-07
1.0580000000037622	4.2147410961312914e-07
1.059000000003755	4.301832412512141e-07
1.0600000000037482	4.3873020649787264e-07
1.0610000000037412	4.470869285899681e-07
1.0620000000037342	4.552376449140638e-07
1.0630000000037274	4.631709067393075e-07
1.0640000000037202	4.708619241178269e-07
1.0650000000037134	4.783039947442447e-07
1.0660000000037064	4.854793252961898e-07
1.0670000000036994	4.923755221319936e-07
1.0680000000036927	4.989864742510619e-07
1.0690000000036857	5.052895041268712e-07
1.0700000000036787	5.112860912426243e-07
1.071000000003672	5.169636037027914e-07
1.072000000003665	5.223127190756571e-07
1.073000000003658	5.273236273195536e-07
1.0740000000036511	5.319966374095486e-07
1.075000000003644	5.363183366302593e-07
1.0760000000036372	5.402783813668321e-07
1.0770000000036304	5.43897518245906e-07
1.0780000000036232	5.471419313174408e-07
1.0790000000036164	5.500147958192869e-07
1.0800000000036092	5.525284245688766e-07
1.0810000000036024	5.546593584426773e-07
1.0820000000035954	5.564174174743641e-07
1.0830000000035884	5.578017342466879e-07
1.0840000000035817	5.588056374294936e-07
1.0850000000035747	5.594333325475986e-07
1.0860000000035677	5.596812520103356e-07
1.087000000003561	5.595424982240971e-07
1.088000000003554	5.590337978089721e-07
1.089000000003547	5.581426367751163e-07
1.0900000000035401	5.568771226371894e-07
1.091000000003533	5.552395311303471e-07
1.0920000000035262	5.532268039232235e-07
1.0930000000035192	5.508447775692815e-07
1.0940000000035122	5.480961211556945e-07
1.0950000000035054	5.449821829373036e-07
1.0960000000034982	5.415105921446894e-07
1.0970000000034914	5.376843473792192e-07
1.0980000000034844	5.335046977528179e-07
1.0990000000034774	5.289765991900452e-07
1.1000000000034706	5.241076589390659e-07
1.1010000000034637	5.188976166525805e-07
1.1020000000034567	5.1336417161707e-07
1.1030000000034499	5.075014032351888e-07
1.104000000003443	5.01319038725967e-07
1.105000000003436	4.948244594071838e-07
1.106000000003429	4.880228134940268e-07
1.107000000003422	4.809245295334108e-07
1.1080000000034151	4.735332547189941e-07
1.1090000000034081	4.6585851487535024e-07
1.1100000000034012	4.5790774594323125e-07
1.1110000000033944	4.496899949080202e-07
1.1120000000033872	4.412123013608493e-07
1.1130000000033804	4.324848134062975e-07
1.1140000000033736	4.235138173491748e-07
1.1150000000033664	4.143113144783328e-07
1.1160000000033596	4.0488762220736163e-07
1.1170000000033526	3.952489808778381e-07
1.1180000000033457	3.8540325753011473e-07
1.1190000000033387	3.753716162346876e-07
1.1200000000033317	3.651527725745396e-07
1.121000000003325	3.5476225335173694e-07
1.122000000003318	3.4420777206278785e-07
1.123000000003311	3.3350743655624626e-07
1.1240000000033041	3.226626501540153e-07
1.1250000000032971	3.1169032821409814e-07
1.1260000000032901	3.006010703687778e-07
1.1270000000032834	2.894061112979074e-07
1.1280000000032764	2.781167690590891e-07
1.1290000000032694	2.667452889681954e-07
1.1300000000032626	2.5530365577175473e-07
1.1310000000032554	2.438034752971774e-07
1.1320000000032486	2.3225677681093515e-07
1.1330000000032414	2.2067597271746564e-07
1.1340000000032346	2.09073336865373e-07
1.1350000000032279	1.974606493870823e-07
1.1360000000032207	1.8585081185129582e-07
1.1370000000032139	1.742556203776502e-07
1.138000000003207	1.6268788394224742e-07
1.1390000000032	1.5116005247506337e-07
1.1400000000031931	1.3968341283643326e-07
1.1410000000031861	1.2827023021522166e-07
1.1420000000031791	1.1693668267032109e-07
1.1430000000031724	1.0568785424602822e-07
1.1440000000031654	9.454073790493567e-08
1.1450000000031584	8.350822744418451e-08
1.1460000000031516	7.259772560885835e-08
1.1470000000031444	6.182417444655641e-08
1.1480000000031376	5.1198355000003914e-08
1.1490000000031304	4.073313231156561e-08
1.1500000000031236	3.043747909270422e-08
1.1510000000031169	2.032546964070292e-08
1.1520000000031096	1.0405370454158458e-08
1.1530000000031029	6.880869207748219e-10
1.1540000000030959	-8.816677832257369e-09
1.155000000003089	-1.8090971387607624e-08
1.1560000000030821	-2.7135862445959447e-08
1.1570000000030751	-3.5934863307218734e-08
1.1580000000030681	-4.4480412242364764e-08
1.1590000000030614	-5.2762753721680156e-08
1.1600000000030544	-6.077137304494329e-08
1.1610000000030474	-6.85047527593241e-08
1.1620000000030404	-7.594414697109642e-08
1.1630000000030334	-8.308955123936812e-08
1.1640000000030266	-8.993002942325745e-08
1.1650000000030196	-9.645679988068423e-08
1.1660000000030126	-1.0266972316763656e-07
1.1670000000030059	-1.0855679444254918e-07
1.1680000000029986	-1.1410902467368089e-07
1.1690000000029919	-1.1932919896651129e-07
1.1700000000029849	-1.242061655748472e-07
1.1710000000029779	-1.287356752310842e-07
1.172000000002971	-1.3291461575803964e-07
1.1730000000029641	-1.3673777465861292e-07
1.1740000000029571	-1.4020752914234436e-07
1.1750000000029501	-1.4331003206358162e-07
1.1760000000029431	-1.4605123244137985e-07
1.1770000000029364	-1.484190172984512e-07
1.1780000000029294	-1.504254676376604e-07
1.1790000000029224	-1.5205940462337253e-07
1.1800000000029156	-1.5332349501129272e-07
1.1810000000029086	-1.5421727472819668e-07
1.1820000000029016	-1.5474422077055294e-07
1.1830000000028948	-1.5489609372920654e-07
1.1840000000028876	-1.5467827196857797e-07
1.1850000000028809	-1.5409155240675432e-07
1.186000000002874	-1.5313192602839365e-07
1.1870000000028669	-1.518210486217697e-07
1.18800000000286	-1.5013887266768222e-07
1.1890000000028529	-1.4810242054963396e-07
1.1900000000028461	-1.457095897272609e-07
1.1910000000028391	-1.429669533870026e-07
1.1920000000028321	-1.398792042195396e-07
1.1930000000028254	-1.364482560273217e-07
1.1940000000028184	-1.3267923693049966e-07
1.1950000000028114	-1.285818092000568e-07
1.1960000000028046	-1.2416084271826833e-07
1.1970000000027976	-1.1941707289686576e-07
1.1980000000027906	-1.1436435332079498e-07
1.1990000000027838	-1.0901005942365316e-07
1.2000000000027768	-1.0335390610016759e-07
1.2010000000027699	-9.740772566324551e-08
1.2020000000027629	-9.118797583695937e-08
1.2030000000027559	-8.468953072160446e-08
1.204000000002749	-7.792451395260969e-08
1.2050000000027419	-7.091602061137792e-08
1.206000000002735	-6.365047244827338e-08
1.2070000000027283	-5.61548454403038e-08
1.2080000000027211	-4.84310378467967e-08
1.2090000000027143	-4.0490656827429916e-08
1.2100000000027074	-3.234685075348409e-08
1.2110000000027004	-2.4004700893698327e-08
1.2120000000026936	-1.547998085271729e-08
1.2130000000026866	-6.780748629253708e-09
1.2140000000026796	2.0807715550574812e-09
1.2150000000026726	1.1094234531050517e-08
1.2160000000026656	2.0248994481164573e-08
1.2170000000026588	2.9531272871530234e-08
1.2180000000026519	3.893124800313785e-08
1.2190000000026449	4.8439990241178066e-08
1.220000000002638	5.804029679090661e-08
1.2210000000026309	6.77213933819587e-08
1.222000000002624	7.747552444037353e-08
1.2230000000026173	8.72892413905646e-08
1.2240000000026101	9.714941939797939e-08
1.2250000000026033	1.0704410002837506e-07
1.2260000000025963	1.1696328061638894e-07
1.2270000000025894	1.268938794041219e-07
1.2280000000025826	1.3682446364793321e-07
1.2290000000025754	1.467434684876423e-07
1.2300000000025686	1.5663924846087696e-07
1.2310000000025616	1.6650015122188222e-07
1.2320000000025546	1.7631496962433602e-07
1.2330000000025478	1.8607270901860318e-07
1.2340000000025408	1.957604164326554e-07
1.2350000000025338	2.0536933553749748e-07
1.236000000002527	2.1488810864056518e-07
1.23700000000252	2.2430444190923993e-07
1.238000000002513	2.3360804479732877e-07
1.2390000000025063	2.427897007883928e-07
1.240000000002499	2.51839465836845e-07
1.2410000000024923	2.607443967406198e-07
1.2420000000024853	2.694965459681953e-07
1.2430000000024783	2.7808923319661005e-07
1.2440000000024716	2.8650679329000894e-07
1.2450000000024644	2.9474259000128455e-07
1.2460000000024576	3.0278906648639747e-07
1.2470000000024506	3.106374952821511e-07
1.2480000000024436	3.18277800004374e-07
1.2490000000024368	3.257019637326053e-07
1.2500000000024298	3.3290191803203584e-07
1.2510000000024228	3.3986842218336477e-07
1.252000000002416	3.4659740222320323e-07
1.253000000002409	3.5308026624658595e-07
1.254000000002402	3.5930943764750367e-07
1.2550000000023953	3.6527901281502295e-07
1.256000000002388	3.7097906679939285e-07
1.2570000000023813	3.764094888003555e-07
1.2580000000023743	3.8156251014331843e-07
1.2590000000023673	3.864261524100243e-07
1.2600000000023606	3.910072712276502e-07
1.2610000000023533	3.952930427431056e-07
1.2620000000023466	3.9927499773106945e-07
1.2630000000023396	4.02960713907774e-07
1.2640000000023326	4.0633545761448175e-07
1.2650000000023258	4.094032002299741e-07
1.2660000000023188	4.1215325485843834e-07
1.2670000000023118	4.145874229477542e-07
1.268000000002305	4.1670409911542805e-07
1.269000000002298	4.18495955001319e-07
1.270000000002291	4.1996845856484555e-07
1.271000000002284	4.2111045450710094e-07
1.272000000002277	4.219209670530688e-07
1.2730000000022703	4.2241512265839276e-07
1.2740000000022633	4.225737293417353e-07
1.2750000000022563	4.2240038311547323e-07
1.2760000000022496	4.2189995141939107e-07
1.2770000000022423	4.2106729924995534e-07
1.2780000000022356	4.199054407516556e-07
1.2790000000022288	4.1841952058696563e-07
1.2800000000022216	4.1659824367989984e-07
1.2810000000022148	4.1445357390479387e-07
1.2820000000022078	4.1198177824774973e-07
1.2830000000022008	4.0919120758431404e-07
1.2840000000021938	4.0606659401642986e-07
1.2850000000021868	4.02641851748875e-07
1.28600000000218	3.9888921077313455e-07
1.287000000002173	3.9482435609805577e-07
1.288000000002166	3.9045004140980666e-07
1.2890000000021593	3.8577015404328563e-07
1.2900000000021523	3.8078605901770146e-07
1.2910000000021453	3.755043498365751e-07
1.2920000000021385	3.699263370071648e-07
1.2930000000021313	3.6406247194697983e-07
1.2940000000021246	3.579078529103441e-07
1.2950000000021178	3.5147797128320946e-07
1.2960000000021106	3.4476966026542044e-07
1.2970000000021038	3.377905628543232e-07
1.2980000000020966	3.3055218418009957e-07
1.2990000000020898	3.230499205919557e-07
1.3000000000020828	3.1530040289773353e-07
1.3010000000020758	3.073026353384023e-07
1.302000000002069	2.9906728349349265e-07
1.303000000002062	2.905985041490311e-07
1.304000000002055	2.8190109024883725e-07
1.3050000000020483	2.7298870841629963e-07
1.3060000000020413	2.6386248563881054e-07
1.3070000000020343	2.54530397425512e-07
1.3080000000020275	2.450028823153261e-07
1.3090000000020205	2.3529169923541815e-07
1.3100000000020136	2.2539245347896752e-07
1.3110000000020068	2.1532247340694255e-07
1.3120000000019996	2.050860002933419e-07
1.3130000000019928	1.9469278533801315e-07
1.3140000000019856	1.8415104319213782e-07
1.3150000000019788	1.7346923397720815e-07
1.316000000001972	1.6265458557818135e-07
1.3170000000019648	1.517162939723704e-07
1.318000000001958	1.406646651380683e-07
1.319000000001951	1.2950627681362903e-07
1.320000000001944	1.1825058221504037e-07
1.3210000000019373	1.0690702945126418e-07
1.3220000000019303	9.54842401812428e-08
1.3230000000019233	8.398900241957108e-08
1.3240000000019165	7.243345001572976e-08
1.3250000000019095	6.082499348636361e-08
1.3260000000019025	4.9172882876646895e-08
1.3270000000018956	3.748582144691426e-08
1.3280000000018886	2.5772743827978672e-08
1.3290000000018818	1.4043363805171794e-08
1.3300000000018748	2.3056793141407184e-09
1.3310000000018678	-9.430356495698788e-09
1.332000000001861	-2.1157107621405657e-08
1.3330000000018538	-3.2864595267412255e-08
1.334000000001847	-4.454471214110356e-08
1.33500000000184	-5.618890352998562e-08
1.336000000001833	-6.778823768982534e-08
1.3370000000018263	-7.93339138827065e-08
1.3380000000018193	-9.081706342506379e-08
1.3390000000018123	-1.0223131075015601e-07
1.3400000000018053	-1.1356775275750408e-07
1.3410000000017983	-1.2481485311965912e-07
1.3420000000017915	-1.3596892833867003e-07
1.3430000000017845	-1.4702113482201185e-07
1.3440000000017776	-1.579605815038576e-07
1.3450000000017708	-1.6878368924722054e-07
1.3460000000017638	-1.7948073760543082e-07
1.3470000000017568	-1.9004526863319882e-07
1.34800000000175	-2.0046902848847026e-07
1.3490000000017428	-2.1074505318630088e-07
1.350000000001736	-2.208674596548832e-07
1.3510000000017293	-2.308298552300414e-07
1.352000000001722	-2.4062252146350716e-07
1.3530000000017153	-2.5024448557786627e-07
1.354000000001708	-2.5968384576025016e-07
1.3550000000017013	-2.6894028803958747e-07
1.3560000000016943	-2.780031058691179e-07
1.3570000000016873	-2.868692783319915e-07
1.3580000000016805	-2.955340479005031e-07
1.3590000000016735	-3.039887266353958e-07
1.3600000000016665	-3.1223379459710543e-07
1.3610000000016598	-3.2025968033089214e-07
1.3620000000016528	-3.280637097535788e-07
1.3630000000016458	-3.3564104873207157e-07
1.364000000001639	-3.429885826466972e-07
1.3650000000016318	-3.5010557719594715e-07
1.366000000001625	-3.5698323208599447e-07
1.367000000001618	-3.636159640052483e-07
1.368000000001611	-3.700081347979278e-07
1.3690000000016043	-3.761542362035186e-07
1.370000000001597	-3.8204719698953227e-07
1.3710000000015903	-3.876930148027924e-07
1.3720000000015833	-3.9308063337628596e-07
1.3730000000015763	-3.982167073868226e-07
1.3740000000015695	-4.0309070525879065e-07
1.3750000000015625	-4.077062309981727e-07
1.3760000000015555	-4.120677485897062e-07
1.3770000000015488	-4.1615861201549365e-07
1.3780000000015418	-4.1999524391655996e-07
1.3790000000015348	-4.2356617147021325e-07
1.3800000000015278	-4.268737650026111e-07
1.3810000000015208	-4.2991761617372504e-07
1.382000000001514	-4.3270136673712045e-07
1.383000000001507	-4.352221063541606e-07
1.3840000000015	-4.374792421657503e-07
1.3850000000014933	-4.3947677208500124e-07
1.386000000001486	-4.412155008015617e-07
1.3870000000014793	-4.426943809310302e-07
1.3880000000014725	-4.439207994533234e-07
1.3890000000014653	-4.448882495733386e-07
1.3900000000014585	-4.456019531140498e-07
1.3910000000014515	-4.4607017102293867e-07
1.3920000000014445	-4.462850968778298e-07
1.3930000000014378	-4.462563181206747e-07
1.3940000000014305	-4.4598101589521377e-07
1.3950000000014238	-4.4546948596568825e-07
1.3960000000014168	-4.4471809723667377e-07
1.3970000000014098	-4.437334581997021e-07
1.398000000001403	-4.425208166569661e-07
1.399000000001396	-4.4107522234604346e-07
1.400000000001389	-4.3941481187026454e-07
1.4010000000013823	-4.375272490975135e-07
1.4020000000013753	-4.3543179817362443e-07
1.4030000000013683	-4.3311814890145683e-07
1.4040000000013615	-4.3060368315472886e-07
1.4050000000013543	-4.278853675820926e-07
1.4060000000013475	-4.249680702894665e-07
1.4070000000013405	-4.218580142989481e-07
1.4080000000013335	-4.185638087239596e-07
1.4090000000013267	-4.150827128679424e-07
1.4100000000013195	-4.114272358357596e-07
1.4110000000013128	-4.0759672970125393e-07
1.4120000000013058	-4.035999772167287e-07
1.4130000000012988	-3.994420398889531e-07
1.414000000001292	-3.951272102842296e-07
1.415000000001285	-3.90662586946533e-07
1.416000000001278	-3.8605132335334247e-07
1.4170000000012712	-3.812988800255823e-07
1.4180000000012642	-3.7641585093339813e-07
1.4190000000012573	-3.7140183284378736e-07
1.4200000000012505	-3.6626779187365344e-07
1.4210000000012433	-3.6101557676637697e-07
1.4220000000012365	-3.556490091316533e-07
1.4230000000012293	-3.501835090791161e-07
1.4240000000012225	-3.446172309740092e-07
1.4250000000012157	-3.3895516859949737e-07
1.4260000000012085	-3.332087596952249e-07
1.4270000000012018	-3.273808011350354e-07
1.4280000000011948	-3.214754697999922e-07
1.4290000000011878	-3.1550152335135806e-07
1.430000000001181	-3.09463740189031e-07
1.431000000001174	-3.033684092823563e-07
1.432000000001167	-2.972215087382324e-07
1.4330000000011602	-2.910276166723236e-07
1.4340000000011532	-2.8479319302832096e-07
1.4350000000011462	-2.7852479456136336e-07
1.4360000000011393	-2.722269889510187e-07
1.4370000000011323	-2.6590500934453587e-07
1.4380000000011255	-2.595651154013723e-07
1.4390000000011185	-2.532127927334926e-07
1.4400000000011115	-2.468533069066581e-07
1.4410000000011047	-2.404920436127611e-07
1.4420000000010975	-2.3413403504868313e-07
1.4430000000010907	-2.2778471864270955e-07
1.4440000000010837	-2.2144901268283945e-07
1.4450000000010768	-2.1513176107212928e-07
1.44600000000107	-2.0883819540351567e-07
1.447000000001063	-2.025730165833295e-07
1.448000000001056	-1.9634067438545344e-07
1.449000000001049	-1.9014571961406546e-07
1.450000000001042	-1.8399340517838425e-07
1.4510000000010352	-1.7788768458260051e-07
1.4520000000010282	-1.7183327294389983e-07
1.4530000000010213	-1.658327217768374e-07
1.4540000000010145	-1.5989250745640504e-07
1.4550000000010075	-1.5401433373085638e-07
1.4560000000010005	-1.4820340710208768e-07
1.4570000000009937	-1.4246302826315116e-07
1.4580000000009865	-1.367962170206738e-07
1.4590000000009797	-1.3120733743932078e-07
1.460000000000973	-1.2570158092195527e-07
1.4610000000009657	-1.2027747642306963e-07
1.462000000000959	-1.1493978901988555e-07
1.4630000000009518	-1.0969480035427637e-07
1.464000000000945	-1.0453975995972087e-07
1.465000000000938	-9.948334245279966e-08
1.466000000000931	-9.452258464826002e-08
1.4670000000009242	-8.966371689567154e-08
1.4680000000009172	-8.49079422327037e-08
1.4690000000009102	-8.025585684912073e-08
1.4700000000009035	-7.571033511233338e-08
1.4710000000008965	-7.127579237931059e-08
1.4720000000008895	-6.695004017842621e-08
1.4730000000008827	-6.27367509054011e-08
1.4740000000008757	-5.8636951738577636e-08
1.4750000000008687	-5.465261754267203e-08
1.476000000000862	-5.0783605320958713e-08
1.4770000000008547	-4.7034237615761754e-08
1.478000000000848	-4.339967984989812e-08
1.4790000000008408	-3.988531815934948e-08
1.480000000000834	-3.64918182338414e-08
1.4810000000008272	-3.3217739892066334e-08
1.48200000000082	-3.006366333657695e-08
1.4830000000008132	-2.703276646975894e-08
1.4840000000008062	-2.412177790844794e-08
1.4850000000007992	-2.13304158780403e-08
1.4860000000007925	-1.8661870937464187e-08
1.4870000000007855	-1.6115019985107892e-08
1.4880000000007785	-1.3686790145683858e-08
1.4890000000007717	-1.1380986819631289e-08
1.4900000000007645	-9.19513776231895e-09
1.4910000000007577	-7.124768330868392e-09
1.4920000000007507	-5.178688144980015e-09
1.4930000000007437	-3.3462510540260837e-09
1.494000000000737	-1.6315437889602435e-09
1.49500000000073	-3.194844389042828e-11
1.496000000000723	1.4503029888146557e-09
1.497000000000716	2.8227065129726725e-09
1.498000000000709	4.081347482198794e-09
1.4990000000007022	5.228951382996172e-09
1.5000000000006952	6.267453445119031e-09
1.5010000000006882	7.1984644911538e-09
1.5020000000006815	8.022654429673537e-09
1.5030000000006745	8.74322059196686e-09
1.5040000000006675	9.36019861619286e-09
1.5050000000006605	9.8771800738362e-09
1.5060000000006535	1.0293663366134354e-08
1.5070000000006467	1.0613954493088329e-08
1.5080000000006397	1.0839760644643093e-08
1.5090000000006327	1.0970423125478135e-08
1.5100000000006257	1.1010993339333197e-08
1.5110000000006187	1.0962302066097607e-08
1.512000000000612	1.0827184593331651e-08
1.513000000000605	1.0608738332251733e-08
1.514000000000598	1.0307509290541361e-08
1.5150000000005912	9.924764232671635e-09
1.5160000000005842	9.465885630888238e-09
1.5170000000005772	8.93146945291079e-09
1.5180000000005702	8.323948086363941e-09
1.5190000000005632	7.647807942490203e-09
1.5200000000005565	6.901821780758155e-09
1.5210000000005495	6.090019821769488e-09
1.5220000000005425	5.217800636003744e-09
1.5230000000005357	4.283933430215825e-09
1.5240000000005285	3.29157912037914e-09
1.5250000000005217	2.2442556701918193e-09
1.5260000000005147	1.14509546289554e-09
1.5270000000005077	-5.944134073843088e-12
1.528000000000501	-1.2033243290687778e-09
1.529000000000494	-2.4461861425351117e-09
1.530000000000487	-3.731783104754527e-09
1.53100000000048	-5.057405605413123e-09
1.532000000000473	-6.421288389901747e-09
1.5330000000004662	-7.819893177440917e-09
1.5340000000004592	-9.250545662808918e-09
1.5350000000004522	-1.071135868890849e-08
1.5360000000004455	-1.2200461751987746e-08
1.5370000000004385	-1.3714009483578593e-08
1.5380000000004315	-1.5250448237580372e-08
1.5390000000004245	-1.6807361280513078e-08
1.5400000000004175	-1.838174323864905e-08
1.5410000000004107	-1.997184662094753e-08
1.5420000000004037	-2.1575081277092067e-08
1.5430000000003967	-2.318884173568847e-08
1.5440000000003897	-2.4811362298038375e-08
1.5450000000003827	-2.6439943345835104e-08
1.546000000000376	-2.807256427317384e-08
1.547000000000369	-2.9706780813043565e-08
1.548000000000362	-3.1340731565521196e-08
1.549000000000355	-3.297194628437694e-08
1.5500000000003482	-3.459850606013504e-08
1.5510000000003412	-3.6218265275778094e-08
1.5520000000003342	-3.782931368156994e-08
1.5530000000003272	-3.9429424170123184e-08
1.5540000000003205	-4.101661610356189e-08
1.5550000000003135	-4.258933494760697e-08
1.5560000000003065	-4.414542664754606e-08
1.5570000000002997	-4.568286171569014e-08
1.5580000000002925	-4.720009494363353e-08
1.5590000000002857	-4.8695065757442535e-08
1.5600000000002787	-5.0166439891086156e-08
1.5610000000002717	-5.161235239192763e-08
1.5620000000002647	-5.3031025126770714e-08
1.5630000000002577	-5.442132233746122e-08
1.564000000000251	-5.578102957315423e-08
1.565000000000244	-5.710888584253837e-08
1.566000000000237	-5.84040731332891e-08
1.5670000000002302	-5.966412008895361e-08
1.5680000000002232	-6.088786896896181e-08
1.5690000000002162	-6.207461011875637e-08
1.5700000000002092	-6.3223140944757e-08
1.5710000000002025	-6.433130850247437e-08
1.5720000000001955	-6.539798680371689e-08
1.5730000000001885	-6.642309990922968e-08
1.5740000000001815	-6.740417535233689e-08
1.5750000000001747	-6.834213506223819e-08
1.5760000000001675	-6.92345372144132e-08
1.5770000000001607	-7.008028002353228e-08
1.5780000000001537	-7.087818199025264e-08
1.5790000000001467	-7.162877335709084e-08
1.58000000000014	-7.233056953381833e-08
1.581000000000133	-7.298280491063736e-08
1.582000000000126	-7.358507758681299e-08
1.583000000000119	-7.41356507294455e-08
1.584000000000112	-7.463495022008715e-08
1.5850000000001052	-7.508190380534074e-08
1.5860000000000982	-7.54774049926965e-08
1.5870000000000912	-7.58190401572989e-08
1.5880000000000845	-7.610673002922397e-08
1.5890000000000775	-7.634082299645684e-08
1.5900000000000705	-7.65212875286636e-08
1.5910000000000635	-7.664624690484345e-08
1.5920000000000565	-7.671697566102864e-08
1.5930000000000497	-7.673316959611043e-08
1.5940000000000427	-7.66936740781432e-08
1.5950000000000357	-7.659912149016179e-08
1.5960000000000287	-7.644889854496739e-08
1.5970000000000217	-7.624467368572141e-08
1.598000000000015	-7.59836000785441e-08
1.599000000000008	-7.566756266008667e-08
1.600000000000001	-7.529768764058531e-08
1.6009999999999942	-7.487181274967725e-08
1.6019999999999872	-7.439096050276817e-08
1.6029999999999802	-7.385602573961592e-08
1.6039999999999732	-7.326701179088957e-08
1.6049999999999662	-7.26232860515097e-08
1.6059999999999595	-7.192642059727916e-08
1.6069999999999525	-7.117655820287894e-08
1.6079999999999455	-7.037303140222662e-08
1.6089999999999387	-6.9517562373278e-08
1.6099999999999315	-6.86100800617595e-08
1.6109999999999247	-6.765197224645192e-08
1.6119999999999177	-6.664224194707913e-08
1.6129999999999107	-6.558145226875922e-08
1.6139999999999037	-6.447287814737024e-08
1.614999999999897	-6.331441593232512e-08
1.61599999999989	-6.21074651707687e-08
1.616999999999883	-6.08541674829155e-08
1.617999999999876	-5.955308091110112e-08
1.6189999999998692	-5.820639858988841e-08
1.6199999999998622	-5.6814426496742954e-08
1.6209999999998552	-5.537917524556235e-08
1.6219999999998485	-5.3898948415564973e-08
1.6229999999998415	-5.237784606038076e-08
1.6239999999998345	-5.081456588840183e-08
1.6249999999998275	-4.92099969662263e-08
1.6259999999998205	-4.756715643594589e-08
1.6269999999998137	-4.5884463339973536e-08
1.6279999999998067	-4.416505250404157e-08
1.6289999999997997	-4.240891438023198e-08
1.6299999999997927	-4.061675551447763e-08
1.6309999999997857	-3.8791046153008324e-08
1.631999999999779	-3.693180428143705e-08
1.632999999999772	-3.504026357958878e-08
1.633999999999765	-3.311758889346095e-08
1.634999999999758	-3.116509939005141e-08
1.6359999999997512	-2.918437091992132e-08
1.6369999999997442	-2.7175575345594893e-08
1.6379999999997372	-2.5140420190084e-08
1.6389999999997302	-2.3080664712793464e-08
1.6399999999997235	-2.0996351990376638e-08
1.6409999999997165	-1.8889469100002998e-08
1.6419999999997095	-1.676126970551195e-08
1.6429999999997025	-1.4612628662646898e-08
1.6439999999996955	-1.2444721697590921e-08
1.6449999999996887	-1.0259393334877132e-08
1.6459999999996817	-8.056932454536536e-09
1.6469999999996747	-5.839352557046595e-09
1.6479999999996677	-3.607684595507976e-09
1.6489999999996607	-1.3626844097558433e-09
1.649999999999654	8.940351792219303e-10
1.650999999999647	3.1610429829243003e-09
1.65199999999964	5.4374436064819065e-09
1.6529999999996332	7.721967620888393e-09
1.6539999999996262	1.0013632589789268e-08
1.6549999999996192	1.2310871988496785e-08
1.6559999999996122	1.4612589360751826e-08
1.6569999999996052	1.6917862111220927e-08
1.6579999999995985	1.922536263521124e-08
1.6589999999995915	2.153400857629606e-08
1.6599999999995845	2.3842557261843922e-08
1.6609999999995777	2.6149983511913888e-08
1.6619999999995705	2.8455165890228784e-08
1.6629999999995637	3.0757037028372736e-08
1.6639999999995567	3.305450535506793e-08
1.6649999999995497	3.5346548132864086e-08
1.665999999999543	3.763208611395896e-08
1.666999999999536	3.9910155624767185e-08
1.667999999999529	4.2179799542019225e-08
1.668999999999522	4.443996148850715e-08
1.669999999999515	4.6689655919252004e-08
1.6709999999995082	4.8928105678136546e-08
1.6719999999995012	5.115422563317651e-08
1.6729999999994942	5.336725572568923e-08
1.6739999999994875	5.556628712710676e-08
1.6749999999994805	5.7750415116686327e-08
1.6759999999994735	5.99189982075643e-08
1.6769999999994665	6.207093594667867e-08
1.6779999999994595	6.420566511788905e-08
1.6789999999994527	6.632245885818122e-08
1.6799999999994457	6.842085964464673e-08
1.6809999999994387	7.049971317840686e-08
1.6819999999994317	7.255831335761798e-08
1.6829999999994247	7.459625417371996e-08
1.683999999999418	7.661296574923426e-08
1.684999999999411	7.860764950073929e-08
1.685999999999404	8.05798220371301e-08
1.6869999999993972	8.252916983142455e-08
1.6879999999993902	8.445488419717151e-08
1.6889999999993832	8.63566782527414e-08
1.6899999999993762	8.823354780140846e-08
1.6909999999993692	9.008583012892757e-08
1.6919999999993625	9.19126854626029e-08
1.6929999999993555	9.371382247991278e-08
1.6939999999993485	9.548914614576631e-08
1.6949999999993415	9.723779159642731e-08
1.6959999999993345	9.89594981515296e-08
1.6969999999993277	1.006549659177125e-07
1.6979999999993207	1.0232292657619269e-07
1.6989999999993137	1.0396328709028069e-07
1.6999999999993067	1.0557595819804533e-07
1.7009999999993	1.0716037979197068e-07
1.701999999999293	1.0871739897222454e-07
1.702999999999286	1.1024605117704311e-07
1.703999999999279	1.1174609193531637e-07
1.7049999999992722	1.1321833381927604e-07
1.7059999999992652	1.1466154203887413e-07
1.7069999999992582	1.1607645222788676e-07
1.7079999999992515	1.1746313899330119e-07
1.7089999999992442	1.1882090833470471e-07
1.7099999999992375	1.2014980921293272e-07
1.7109999999992305	1.2145071870417468e-07
1.7119999999992235	1.2272245064615106e-07
1.7129999999992167	1.239663410812497e-07
1.7139999999992095	1.251818074754496e-07
1.7149999999992027	1.2636866653092937e-07
1.7159999999991957	1.275274399414883e-07
1.7169999999991887	1.2865832643704778e-07
1.717999999999182	1.297610818795647e-07
1.718999999999175	1.3083572203420601e-07
1.719999999999168	1.3188305936218114e-07
1.720999999999161	1.3290291811518529e-07
1.721999999999154	1.3389537556474096e-07
1.7229999999991472	1.3486089522896094e-07
1.7239999999991402	1.357992089889848e-07
1.7249999999991332	1.3671117549129974e-07
1.7259999999991265	1.375965957839398e-07
1.7269999999991195	1.3845580471016916e-07
1.7279999999991125	1.3928885689296067e-07
1.7289999999991055	1.4009660609382024e-07
1.7299999999990985	1.408788279366746e-07
1.7309999999990917	1.4163543271550338e-07
1.7319999999990847	1.4236683176793719e-07
1.7329999999990777	1.430746244812653e-07
1.7339999999990707	1.4375776402619778e-07
1.7349999999990655	1.4441657447683554e-07
1.7359999999990614	1.4505185685909083e-07
1.7369999999990573	1.4566309947117162e-07
1.7379999999990532	1.4625187783057214e-07
1.7389999999990489	1.468171551000097e-07
1.7399999999990448	1.4736007780680183e-07
1.7409999999990406	1.4788078728233955e-07
1.7419999999990363	1.4837942108325564e-07
1.7429999999990322	1.488561335305505e-07
1.743999999999028	1.493119508033658e-07
1.744999999999024	1.4974648254728606e-07
1.74599999999902	1.501598314579411e-07
1.7469999999990156	1.5055266466834638e-07
1.7479999999990115	1.5092580873954375e-07
1.7489999999990071	1.5127888797206168e-07
1.749999999999003	1.516114037647398e-07
1.7509999999990045	1.519253481907512e-07
1.751999999999006	1.522198466163971e-07
1.7529999999990071	1.524951664944041e-07
1.7539999999990086	1.527521283906097e-07
1.75499999999901	1.5299051692174714e-07
1.7559999999990115	1.5321091639819429e-07
1.756999999999013	1.5341312598060597e-07
1.7579999999990141	1.5359772598255717e-07
1.7589999999990156	1.5376468442962477e-07
1.759999999999017	1.5391445118417835e-07
1.7609999999990182	1.5404696562804077e-07
1.7619999999990197	1.5416293974723771e-07
1.7629999999990211	1.5426218291647587e-07
1.7639999999990226	1.54344739100587e-07
1.7649999999990238	1.544109604623145e-07
1.7659999999990263	1.5446086665260594e-07
1.7669999999990305	1.5449471657547065e-07
1.7679999999990346	1.545128613944513e-07
1.7689999999990387	1.5451552226597443e-07
1.769999999999043	1.5450239054803916e-07
1.7709999999990471	1.5447390233624958e-07
1.7719999999990512	1.5443002854276244e-07
1.7729999999990556	1.5437125955308773e-07
1.7739999999990597	1.5429694233404234e-07
1.7749999999990638	1.5420795995702008e-07
1.7759999999990679	1.5410423293005238e-07
1.776999999999072	1.5398553554479832e-07
1.7779999999990763	1.5385231999509585e-07
1.7789999999990804	1.537047730204577e-07
1.7799999999990845	1.535425215859476e-07
1.7809999999990886	1.5336616010497295e-07
1.781999999999093	1.531755025041548e-07
1.782999999999097	1.5297063060693006e-07
1.7839999999991012	1.5275166076467173e-07
1.7849999999991053	1.525186339446094e-07
1.7859999999991096	1.5227205762968765e-07
1.7869999999991137	1.5201117786745044e-07
1.7879999999991179	1.517369021541981e-07
1.788999999999122	1.5144887022255915e-07
1.789999999999126	1.5114720253173175e-07
1.7909999999991304	1.508318360210481e-07
1.7919999999991345	1.5050333290744788e-07
1.7929999999991386	1.5016116305943683e-07
1.7939999999991427	1.4980603391112624e-07
1.794999999999147	1.494376665744923e-07
1.7959999999991512	1.4905609657667185e-07
1.7969999999991553	1.486615744950015e-07
1.7979999999991594	1.4825420269204415e-07
1.7989999999991637	1.478341262739491e-07
1.7999999999991678	1.4740109721689265e-07
1.800999999999172	1.469556334399158e-07
1.801999999999176	1.464975393217216e-07
1.8029999999991801	1.46027235858881e-07
1.8039999999991845	1.4554451910342436e-07
1.8049999999991886	1.4505000600628648e-07
1.8059999999991927	1.4454304886335478e-07
1.8069999999991968	1.4402491255172123e-07
1.8079999999992011	1.4349440269345592e-07
1.8089999999992052	1.429526563789807e-07
1.8099999999992094	1.4239956280803767e-07
1.8109999999992135	1.418349928616891e-07
1.8119999999992178	1.4125974601153501e-07
1.812999999999222	1.406733437514518e-07
1.813999999999226	1.4007658344361573e-07
1.8149999999992301	1.394688511346942e-07
1.8159999999992344	1.3885114946710075e-07
1.8169999999992386	1.382234473545907e-07
1.8179999999992427	1.375858342811398e-07
1.8189999999992468	1.36938505868045e-07
1.819999999999251	1.3628175210556037e-07
1.8209999999992552	1.3561625822333667e-07
1.8219999999992593	1.3494140216341322e-07
1.8229999999992634	1.3425824640922457e-07
1.8239999999992675	1.3356666894726033e-07
1.8249999999992719	1.328667562638941e-07
1.825999999999276	1.3215935801280665e-07
1.82699999999928	1.3144427413180892e-07
1.8279999999992842	1.307221120239177e-07
1.8289999999992885	1.2999300946781034e-07
1.8299999999992926	1.292573164057842e-07
1.8309999999992967	1.2851546871139874e-07
1.8319999999993009	1.2776759628074785e-07
1.8329999999993052	1.270143604736873e-07
1.8339999999993093	1.262556268422088e-07
1.8349999999993134	1.2549233963099482e-07
1.8359999999993175	1.2472425314768998e-07
1.8369999999993218	1.2395233550677176e-07
1.837999999999326	1.2317656472582428e-07
1.83899999999933	1.223974943620476e-07
1.8399999999993342	1.2161545326350165e-07
1.8409999999993385	1.2083083955616303e-07
1.8419999999993426	1.2004402893950328e-07
1.8429999999993467	1.1925555087888284e-07
1.8439999999993508	1.1846568659379386e-07
1.844999999999355	1.176749622189277e-07
1.8459999999993593	1.1688370604723275e-07
1.8469999999993634	1.1609241123977654e-07
1.8479999999993675	1.1530152888017398e-07
1.8489999999993716	1.1451135872864171e-07
1.849999999999376	1.1372246611074388e-07
1.85099999999938	1.1293526791522623e-07
1.8519999999993841	1.121501214118581e-07
1.8529999999993882	1.1136752364748759e-07
1.8539999999993926	1.1058789184392737e-07
1.8549999999993967	1.0981164932921672e-07
1.8559999999994008	1.0903923153282591e-07
1.856999999999405	1.0827113394729082e-07
1.857999999999409	1.0750765389033745e-07
1.8589999999994133	1.0674926720355415e-07
1.8599999999994175	1.0599636068864271e-07
1.8609999999994216	1.0524939231260078e-07
1.861999999999426	1.0450869147859976e-07
1.86299999999943	1.037746882870394e-07
1.863999999999434	1.0304782416259428e-07
1.8649999999994382	1.0232827118983323e-07
1.8659999999994423	1.0161653851703534e-07
1.8669999999994467	1.0091304281090174e-07
1.8679999999994508	1.0021798546588911e-07
1.8689999999994549	9.953172774856966e-08
1.869999999999459	9.885474128168426e-08
1.870999999999463	9.818708690545463e-08
1.8719999999994674	9.75293052984938e-08
1.8729999999994715	9.688161450860377e-08
1.8739999999994756	9.624413876974103e-08
1.87499999999948	9.561726488360733e-08
1.875999999999484	9.500150888186454e-08
1.8769999999994882	9.439666670552072e-08
1.8779999999994923	9.380291632332671e-08
1.8789999999994964	9.322089022933966e-08
1.8799999999995007	9.265060596508334e-08
1.8809999999995048	9.209209972382837e-08
1.881999999999509	9.154547453427142e-08
1.882999999999513	9.101147080414762e-08
1.8839999999995174	9.048977622772014e-08
1.8849999999995215	8.998033973472985e-08
1.8859999999995256	8.948355290083754e-08
1.8869999999995297	8.899974701659374e-08
1.887999999999534	8.852866750785893e-08
1.8889999999995382	8.80703105998748e-08
1.8899999999995423	8.762500336434442e-08
1.8909999999995464	8.719282906799464e-08
1.8919999999995505	8.677358376285582e-08
1.8929999999995548	8.63675210238668e-08
1.893999999999559	8.597445089186806e-08
1.894999999999563	8.559444264477634e-08
1.8959999999995671	8.522763617069273e-08
1.8969999999995715	8.48738892500478e-08
1.8979999999995756	8.4533137822973e-08
1.8989999999995797	8.420533981201572e-08
1.8999999999995838	8.389034145128704e-08
1.9009999999995881	8.358850667189444e-08
1.9019999999995922	8.329942180473893e-08
1.9029999999995963	8.302283882599681e-08
1.9039999999996005	8.275909324506614e-08
1.9049999999996048	8.250788996466696e-08
1.905999999999609	8.22689915080943e-08
1.906999999999613	8.204254609012196e-08
1.9079999999996171	8.182833721726013e-08
1.9089999999996214	8.162622222585014e-08
1.9099999999996256	8.143585650266516e-08
1.9109999999996297	8.125741601805458e-08
1.9119999999996338	8.109059612682046e-08
1.9129999999996379	8.093530357022871e-08
1.9139999999996422	8.079128899218802e-08
1.9149999999996463	8.065830525705309e-08
1.9159999999996504	8.053635891513977e-08
1.9169999999996545	8.042532884111608e-08
1.9179999999996589	8.032484366538029e-08
1.918999999999663	8.023449016292261e-08
1.919999999999667	8.015454788790066e-08
1.9209999999996712	8.008468732612073e-08
1.9219999999996755	8.002455564870559e-08
1.9229999999996796	7.997403639325995e-08
1.9239999999996837	7.993293182906314e-08
1.9249999999996878	7.990077288688724e-08
1.9259999999996922	7.98777461952227e-08
1.9269999999996963	7.986344274790724e-08
1.9279999999997004	7.985759198358977e-08
1.9289999999997045	7.985988526026944e-08
1.9299999999997088	7.987025196776187e-08
1.930999999999713	7.988825501126229e-08
1.931999999999717	7.991394135320462e-08
1.9329999999997212	7.994669393163178e-08
1.9339999999997253	7.998651008200852e-08
1.9349999999997296	8.003310092430382e-08
1.9359999999997337	8.008604701625899e-08
1.9369999999997378	8.01452486598464e-08
1.937999999999742	8.021040565076021e-08
1.9389999999997463	8.02811164213324e-08
1.9399999999997504	8.035720966415028e-08
1.9409999999997545	8.043830135306962e-08
1.9419999999997586	8.052424171900441e-08
1.942999999999763	8.06145824538973e-08
1.943999999999767	8.070915746838381e-08
1.9449999999997711	8.080749380745544e-08
1.9459999999997752	8.090936665094972e-08
1.9469999999997794	8.101440163166274e-08
1.9479999999997837	8.112227378731518e-08
1.9489999999997878	8.123265216042341e-08
1.949999999999792	8.134517215374615e-08
1.950999999999796	8.145944474513556e-08
1.9519999999998003	8.157517106255341e-08
1.9529999999998044	8.169195508944682e-08
1.9539999999998086	8.180941279967158e-08
1.9549999999998127	8.192717038113528e-08
1.955999999999817	8.204485801854844e-08
1.956999999999821	8.216208535749558e-08
1.9579999999998252	8.227843328878492e-08
1.9589999999998293	8.239356696915223e-08
1.9599999999998337	8.25070535226402e-08
1.9609999999998378	8.261848361001967e-08
1.9619999999998419	8.272742602066785e-08
1.962999999999846	8.283345398485409e-08
1.9639999999998503	8.293620956667525e-08
1.9649999999998544	8.303526155550855e-08
1.9659999999998585	8.313008548199718e-08
1.9669999999998626	8.322035816021867e-08
1.9679999999998667	8.330555245628091e-08
1.968999999999871	8.338525270268349e-08
1.9699999999998752	8.345899804584889e-08
1.9709999999998793	8.352633240615859e-08
1.9719999999998834	8.35865892057086e-08
1.9729999999998877	8.363972459068947e-08
1.9739999999998918	8.368489856636074e-08
1.974999999999896	8.372170490211772e-08
1.9759999999999	8.374996862681172e-08
1.9769999999999044	8.376859339520593e-08
1.9779999999999085	8.377772686696261e-08
1.9789999999999126	8.377647187085557e-08
1.9799999999999167	8.376434224022233e-08
1.980999999999921	8.374097437702233e-08
1.9819999999999252	8.370611292995989e-08
1.9829999999999293	8.365888859440673e-08
1.9839999999999334	8.359875347530021e-08
1.9849999999999375	8.352509817122211e-08
1.9859999999999418	8.34376286951155e-08
1.986999999999946	8.333577383723423e-08
1.98799999999995	8.321900968333296e-08
1.9889999999999541	8.30874719026653e-08
1.9899999999999585	8.294025255484172e-08
1.9909999999999626	8.277707785886435e-08
1.9919999999999667	8.259708528246534e-08
1.9929999999999708	8.240062399078596e-08
1.9939999999999751	8.218631752932026e-08
1.9949999999999792	8.195584444425918e-08
1.9959999999999833	8.170684506758619e-08
1.9969999999999875	8.143944074667786e-08
1.9979999999999918	8.115389160678887e-08
1.998999999999996	8.08486725345503e-08
2.0	8.052491629051417e-08
2.0010279404845495	8.017235331170269e-08
2.0021217900815715	7.977355120925012e-08
2.0032857751923165	7.932347623196279e-08
2.004524391841744	7.88148020181012e-08
2.005842426366887	7.823852443689105e-08
2.007244970197923	7.758608799868227e-08
2.0087374418720856	7.684675873420588e-08
2.0103256076664273	7.600775453475705e-08
2.0120156028936726	7.505571986143877e-08
2.013813957200875	7.397346402093774e-08
2.0157276178435577	7.27448894455307e-08
2.0177639781367303	7.134866564229014e-08
2.019930905358886	6.976043753770256e-08
2.0222367711443985	6.795802620640501e-08
2.024690484011897	6.590296042219279e-08
2.027301523572695	6.356955462027969e-08
2.0300799770731848	6.091406878905303e-08
2.033036578410754	5.788776369364257e-08
2.036182751117039	5.444741757454352e-08
2.039530649180409	5.053597096349449e-08
2.043093206833892	4.609312409531441e-08
2.046884188175661	4.105427120482119e-08
2.050918238233338	3.533996018045826e-08
2.0552109433735133	2.8890299486050708e-08
2.059778886913171	2.161953738255562e-08
2.0646397170403086	1.3447679525491196e-08
2.0698122132469665	4.318677859771469e-09
2.0753163565584574	-5.8587434903500935e-09
2.081173414838828	-1.7094976323406286e-08
2.0874060143976347	-2.9380939015055674e-08
2.094038234979271	-4.26333028880066e-08
2.1010956980169606	-5.6677421644835135e-08
2.1086056699538682	-7.127052592537098e-08
2.116597165034399	-8.601040502043134e-08
2.125101056786564	-1.0025121288670391e-07
2.1341501990307465	-1.1344555828074476e-07
2.143779554474847	-1.2458693632311224e-07
2.1540263207146424	-1.3227781825442264e-07
2.1649300857539027	-1.3517022878772877e-07
2.1765329774064615	-1.31393638413968e-07
2.1888798204423576	-1.194115295533038e-07
2.2020183144046843	-9.818629154167979e-08
2.2159992202680474	-6.771183214127063e-08
2.2308765524295735	-3.0600783018641664e-08
2.246707783705272	9.592999283825066e-09
2.263554079768369	4.883093440710695e-08
2.2814805235907363	8.416312535786119e-08
2.3005563724108544	1.1066465743780896e-07
2.320855322320133	1.2246570202378848e-07
2.3424557929209753	1.1315897185948387e-07
2.3654412374910825	8.706611986930568e-08
2.389900455657507	5.309713291268281e-08
2.41592795027163	2.372384100279845e-08
2.44362426638729	4.41024083919217e-09
2.473096411506492	-8.775220106116421e-09
2.5044582437089975	-1.8092910059053224e-08
2.537830924630887	-1.4816359250602318e-08
2.5733433911797423	6.419227593923438e-09
2.611132843166974	3.147368632383518e-08
2.6513452603475027	1.1990708537190642e-08
2.6941360153529494	-3.375684798356815e-08
2.739670418177515	-3.468184028854182e-08
2.788124380079947	3.169142204217934e-08
2.839685109337027	1.0617466861262415e-07
2.894551789617174	1.1983269299076227e-07
2.9529364084026577	8.920336425077835e-08
3.0150645170164534	7.922002320803756e-08
3.0811761422888653	9.326941619036688e-08
3.1515266965252042	7.647992372739054e-08
3.226387989377641	2.7816310588235638e-08
3.30604919671757	-2.201013371561089e-09
3.39081811677136	1.0888216994686672e-08
3.4810222154328754	9.110955767610562e-09
3.577010018652917	-1.716018238617778e-08
3.6791523315125145	-6.608647851180649e-08
3.7878438030764574	-8.52348078783649e-08
3.9035043177534527	-5.492414767438447e-08
4.02658072998157	-7.81676035011003e-09
4.157548527011607	-1.2014762518219868e-09
4.296913682346355	-2.3445537733479682e-08
4.445214635465608	-9.06524633137451e-10
4.603024347307951	-1.8426178138852833e-08
4.770952424745148	-2.365155049588452e-08
4.9496476786701376	-5.285598181359319e-09
5.139800459354712	-2.6631222560524748e-08
5.342145448462832	-9.125241140495177e-08
5.557464321076707	-2.266862542121828e-08
5.786588991858403	-2.4696168443583133e-08
6.03040459644804	-1.2443592822819483e-08
6.289853138906711	9.238916742759784e-09
6.565936951835777	-3.600764131306278e-08
6.859722633511745	1.7891188974772376e-08
7.172345245053396	-1.0929426030870104e-08
7.505012494394354	-3.05525573729426e-08
7.859009576011049	8.160199405082835e-09
8.23570422033976	1.6679331249491725e-08
8.636551628113326	-2.4208955728965975e-08
9.063100564489073	-2.7041630712432152e-08
9.516998831091398	5.809229874920163e-09
10.0	3.211709698192067e-08
