0.0	0.7403579782546785
0.0010000000000041087	0.7403189845050859
0.0020000000000082174	0.7402209291752915
0.003000000000012548	0.740059090519971
0.004000000000016657	0.7398363499916929
0.005000000000020766	0.7395478007147436
0.006000000000024874	0.7391976464315497
0.007000000000029205	0.738783215874473
0.008000000000033314	0.7383056581480923
0.009000000000037423	0.7377656377226145
0.010000000000041753	0.7371615420048894
0.011000000000045862	0.7364945913054497
0.01200000000004997	0.7357656151219387
0.01300000000005408	0.7349727770735148
0.01400000000005841	0.7341183390890582
0.015000000000062519	0.7332017616057214
0.016000000000066406	0.7322215617036603
0.017000000000070736	0.7311807908323044
0.018000000000074845	0.7300784036640344
0.019000000000078954	0.7289138450298953
0.020000000000083062	0.7276883438079829
0.021000000000087393	0.72640196950849
0.022000000000091502	0.7250539739344327
0.02300000000009561	0.7236483211123221
0.02400000000009972	0.7221791232954267
0.02500000000010405	0.7206526329209151
0.02600000000010816	0.7190661006046912
0.027000000000112268	0.7174201332879405
0.0280000000001166	0.7157154079156666
0.029000000000120707	0.7139533956393842
0.030000000000124816	0.7121320860526612
0.031000000000128924	0.710253642604332
0.032000000000133255	0.7083188052269318
0.033000000000137364	0.7063262439436051
0.03400000000014147	0.7042780655017495
0.0350000000001458	0.7021738600973135
0.03600000000014991	0.7000137767714955
0.03700000000015402	0.6977995415604257
0.03800000000015813	0.6955303029615749
0.03900000000016246	0.6932079358368135
0.04000000000016657	0.6908313884236358
0.04100000000017068	0.6884020004810631
0.04200000000017501	0.6859201316188416
0.04300000000017912	0.6833866335256724
0.044000000000183226	0.6808022906681539
0.045000000000187335	0.6781660827348034
0.046000000000191665	0.6754805685700911
0.04700000000019555	0.6727457052647013
0.04800000000019966	0.6699606832862623
0.04900000000020399	0.6671283718503741
0.0500000000002081	0.6642479429106851
0.05100000000021221	0.6613201756294227
0.05200000000021632	0.658346149989279
0.05300000000022065	0.6553263148485351
0.05400000000022476	0.6522604986843106
0.055000000000228866	0.6491512714880469
0.0560000000002332	0.6459976754083514
0.057000000000237305	0.6428001564567262
0.058000000000241414	0.6395615694488552
0.05900000000024552	0.636280077726292
0.060000000000249853	0.6329573980326881
0.06100000000025396	0.6295954141225397
0.06200000000025807	0.6261924335910667
0.0630000000002624	0.6227511233255794
0.06400000000026651	0.6192718577581842
0.06500000000027062	0.615754998013446
0.06600000000027473	0.6122010614629911
0.06700000000027906	0.6086114354948542
0.06800000000028317	0.6049861987178904
0.06900000000028728	0.6013275931897599
0.0700000000002916	0.5976338269761958
0.07100000000029572	0.5939083485647836
0.07200000000029982	0.5901505991184339
0.07300000000030393	0.5863611838109386
0.07400000000030826	0.5825415815319293
0.07500000000031237	0.5786924509521176
0.07600000000031648	0.5748137831417944
0.07700000000032081	0.5709078059007251
0.0780000000003247	0.5669742655963713
0.07900000000032881	0.5630141104686543
0.08000000000033292	0.559028744760123
0.08100000000033725	0.5550182359207617
0.08200000000034136	0.5509840383469182
0.08300000000034546	0.546926588108646
0.0840000000003498	0.5428469990439672
0.0850000000003539	0.5387458035430459
0.08600000000035801	0.5346242656333733
0.08700000000036212	0.5304827065941541
0.08800000000036645	0.5263224021517894
0.08900000000037056	0.5221437765086139
0.09000000000037467	0.517948148190068
0.091000000000379	0.5137359692623527
0.09200000000038311	0.5095084155337638
0.09300000000038722	0.5052660026371578
0.09400000000039133	0.5010099685647554
0.09500000000039566	0.49674062532029206
0.09600000000039977	0.4924594341594267
0.09700000000040387	0.4881668329905653
0.0980000000004082	0.4838635449474302
0.09900000000041231	0.4795509056005506
0.10000000000041642	0.47522908099710703
0.10100000000042053	0.47089960626416183
0.10200000000042486	0.4665629400156983
0.10300000000042897	0.4622198843820151
0.10400000000043308	0.4578713929211162
0.10500000000043741	0.4535181018960728
0.10600000000044152	0.4491611821593733
0.10700000000044563	0.4448010615840591
0.10800000000044951	0.44043877334045356
0.10900000000045384	0.4360751131934719
0.11000000000045795	0.4317107287853539
0.11100000000046206	0.4273466140078772
0.1120000000004664	0.4229834187394853
0.1130000000004705	0.4186220089097725
0.11400000000047461	0.4142631184541514
0.11500000000047872	0.40990752421819
0.11600000000048305	0.4055560243724916
0.11700000000048716	0.4012093322826006
0.11800000000049127	0.3968682406230969
0.1190000000004956	0.39253349560076023
0.12000000000049971	0.3882058092193723
0.12100000000050382	0.3838859277399437
0.12200000000050792	0.3795745977052689
0.12300000000051226	0.37527249588077105
0.12400000000051636	0.37098034667802016
0.12500000000052047	0.36669885605863106
0.1260000000005248	0.36242868913051374
0.1270000000005289	0.35817058001345126
0.12800000000053302	0.353925151115166
0.12900000000053713	0.3496931073930257
0.13000000000054146	0.34547507144291767
0.13100000000054557	0.3412716015397611
0.13200000000054968	0.3370837100213324
0.133000000000554	0.3329114632923087
0.13400000000055812	0.32875572647846163
0.13500000000056223	0.3246174198661065
0.13600000000056633	0.3204967050392884
0.13700000000057067	0.3163943170233541
0.13800000000057477	0.31231059628069135
0.13900000000057866	0.3082468570703597
0.140000000000583	0.30420265104195954
0.1410000000005871	0.30017949290222024
0.1420000000005912	0.2961768367993233
0.14300000000059532	0.29219643233768233
0.14400000000059965	0.28823754859499895
0.14500000000060376	0.2843016536075823
0.14600000000060787	0.280388754102721
0.1470000000006122	0.2764994084882162
0.1480000000006163	0.2726339936573481
0.14900000000062041	0.2687933666595814
0.15000000000062452	0.2649773304576688
0.15100000000062885	0.26118695660648916
0.15200000000063296	0.2574221708482709
0.15300000000063707	0.2536835844382095
0.1540000000006414	0.24997134221337047
0.1550000000006455	0.2462863857359595
0.15600000000064962	0.24262848172702267
0.15700000000065373	0.23899836122169427
0.15800000000065806	0.23539612871043947
0.15900000000066217	0.23182247278213497
0.16000000000066628	0.22827726160922968
0.16100000000067038	0.2247607133922097
0.16200000000067472	0.22127388405247683
0.16300000000067882	0.21781677604435679
0.16400000000068293	0.21438867953690488
0.16500000000068726	0.21099122885016475
0.16600000000069137	0.20762357016440114
0.16700000000069548	0.20428719887537639
0.1680000000006996	0.2009806570221696
0.16900000000070392	0.19770597956248703
0.1700000000007078	0.19446200471072372
0.17100000000071192	0.19124908445155797
0.17200000000071625	0.18806781935071692
0.17300000000072036	0.18491899110071963
0.17400000000072446	0.18180080430569845
0.17500000000072857	0.17871520977637534
0.1760000000007329	0.17566197625696311
0.177000000000737	0.17264035684890966
0.17800000000074112	0.16965161490185232
0.17900000000074545	0.16669462635633525
0.18000000000074956	0.16377081801983817
0.18100000000075367	0.1608791610684488
0.18200000000075778	0.15802037497886545
0.1830000000007621	0.15519364600214758
0.18400000000076622	0.15240024708678224
0.18500000000077033	0.14963934721270655
0.18600000000077466	0.14691154725380584
0.18700000000077877	0.1442159965767229
0.18800000000078287	0.1415538538424833
0.18900000000078698	0.13892415084169418
0.1900000000007913	0.1363267053351025
0.19100000000079542	0.133762769016452
0.19200000000079953	0.13123082949100906
0.19300000000080386	0.12873202766092895
0.19400000000080797	0.12626579207062205
0.19500000000081208	0.12383174498123373
0.1960000000008162	0.12142999565432722
0.19700000000082052	0.11906102426671972
0.19800000000082463	0.11672424887616872
0.19900000000082874	0.11441920984418419
0.20000000000083307	0.11214675651847283
0.20100000000083695	0.10990566419009506
0.20200000000084106	0.10769706189357642
0.20300000000084517	0.10551916763117108
0.2040000000008495	0.10337351924784555
0.2050000000008536	0.10125913682902632
0.20600000000085772	0.09917565760394198
0.20700000000086205	0.09712373355123016
0.20800000000086616	0.09510232943983454
0.20900000000087027	0.09311197211432842
0.21000000000087438	0.09115171700217539
0.2110000000008787	0.08922218687438088
0.21200000000088282	0.0873227813677172
0.21300000000088692	0.08545318113396083
0.21400000000089126	0.08361353976254515
0.21500000000089536	0.08180322029326614
0.21600000000089947	0.0800224294336932
0.21700000000090358	0.07827050344339226
0.2180000000009079	0.07654769119174476
0.21900000000091202	0.074853500366722
0.22000000000091613	0.07318770927161711
0.22100000000092046	0.0715501010570263
0.22200000000092457	0.06994053502720576
0.22300000000092868	0.06835848843212977
0.2240000000009328	0.06680413217969605
0.22500000000093712	0.06527668964006017
0.22600000000094123	0.06377638931290441
0.22700000000094533	0.062302855525473544
0.22800000000094967	0.060855511085983305
0.22900000000095377	0.05943440866826899
0.23000000000095788	0.058039188069823444
0.23100000000096177	0.05666960294120438
0.2320000000009661	0.05532532431574333
0.2330000000009702	0.05400624126022757
0.23400000000097432	0.05271181437601202
0.23500000000097865	0.05144181652293345
0.23600000000098276	0.050196036645418385
0.23700000000098687	0.048974764662187864
0.23800000000099097	0.047776193726172256
0.2390000000009953	0.04660163221442537
0.24000000000099941	0.04545006300253163
0.24100000000100352	0.04432099702670833
0.24200000000100785	0.04321515541237553
0.24300000000101196	0.04213065306385533
0.24400000000101607	0.041068615974059086
0.24500000000102018	0.04002781717058146
0.2460000000010245	0.039008782441600554
0.24700000000102862	0.03801056033102945
0.24800000000103273	0.03703314786034273
0.24900000000103706	0.03607616416591908
0.25000000000104117	0.03513935688696401
0.2510000000010453	0.034222314499599116
0.2520000000010494	0.03332529267955264
0.2530000000010537	0.03244733078908146
0.2540000000010578	0.03158834336536609
0.25500000000106193	0.030748061128936355
0.25600000000106626	0.029926207993564935
0.25700000000107037	0.029122462390288595
0.2580000000010745	0.028336918507806508
0.2590000000010786	0.027568443919752883
0.2600000000010829	0.02681779088032188
0.26100000000108703	0.026083800711467875
0.2620000000010909	0.025366709187751746
0.26300000000109525	0.02466597063197662
0.26400000000109936	0.023981453087445148
0.26500000000110346	0.023312982443584596
0.2660000000011076	0.022659974097667845
0.2670000000011119	0.022022330207680407
0.268000000001116	0.02139977560182682
0.2690000000011201	0.020792292203186902
0.27000000000112445	0.020199191554489238
0.27100000000112856	0.01962027729368132
0.27200000000113267	0.019055473223399955
0.2730000000011368	0.018504450860457933
0.2740000000011411	0.017967317464312904
0.2750000000011452	0.017442681531461224
0.2760000000011493	0.01693162031090223
0.27700000000115366	0.01643346184897365
0.27800000000115777	0.015947239402299695
0.2790000000011619	0.015473774879536384
0.280000000001166	0.015012135233647528
0.2810000000011703	0.014562357527979408
0.2820000000011744	0.0141240038086613
0.28300000000117853	0.013697216324519035
0.28400000000118286	0.01328134511465684
0.28500000000118697	0.012876402008023313
0.2860000000011911	0.012482116684804478
0.2870000000011952	0.0120981621629912
0.2880000000011995	0.011724622490987269
0.2890000000012036	0.01136088489095688
0.29000000000120774	0.01100688180565379
0.29100000000121207	0.010662591883658479
0.2920000000012162	0.010327534727360366
0.29300000000122006	0.010001619439112597
0.29400000000122417	0.009684732924028161
0.2950000000012285	0.009376584730966364
0.2960000000012326	0.009076900536701515
0.2970000000012367	0.008785646564490768
0.29800000000124083	0.008502557151349066
0.29900000000124516	0.008227407814601628
0.30000000000124927	0.00796005643131581
0.3010000000012534	0.0077003397092647585
0.3020000000012577	0.007448054428597528
0.3030000000012618	0.007203039884672413
0.3040000000012659	0.0069650563455849746
0.30500000000127003	0.006734013088409263
0.30600000000127436	0.006509744458309097
0.3070000000012785	0.006292021131782066
0.3080000000012826	0.006080740094113857
0.3090000000012869	0.005875752241940035
0.310000000001291	0.005676815561678317
0.31100000000129513	0.00548386418142166
0.31200000000129924	0.005296719624998225
0.31300000000130357	0.005115257554837771
0.3140000000013077	0.004939294879910294
0.3150000000013118	0.004768671011896708
0.3160000000013161	0.0046033237637939095
0.3170000000013202	0.004443057204177259
0.31800000000132433	0.004287741049795013
0.31900000000132844	0.004137326665356822
0.3200000000013328	0.003991534908261762
0.3210000000013369	0.003850347529816167
0.322000000001341	0.003713687254975895
0.3230000000013453	0.0035812705067729267
0.3240000000013492	0.00345307414351792
0.3250000000013533	0.003329093981156328
0.3260000000013574	0.003208969774148973
0.32700000000136176	0.003092809502262872
0.32800000000136587	0.0029804002903055515
0.32900000000137	0.0028716683137894883
0.3300000000013743	0.0027664517852747927
0.3310000000013784	0.0026647459314915745
0.3320000000013825	0.0025664142818000446
0.33300000000138663	0.0024712953731373943
0.33400000000139096	0.0023794118438557055
0.33500000000139507	0.0022905685247247565
0.3360000000013992	0.002204719858240334
0.3370000000014035	0.002121801542209756
0.3380000000014076	0.0020416661368007905
0.3390000000014117	0.001964294155934576
0.34000000000141584	0.0018895461933123858
0.34100000000142017	0.0018173866752089207
0.3420000000014243	0.0017477510999028834
0.3430000000014284	0.0016804696535913655
0.3440000000014327	0.0016155907997439378
0.3450000000014368	0.001552982328586916
0.34600000000144093	0.001492523738613749
0.34700000000144504	0.0014342822818268486
0.34800000000144937	0.0013780217308605458
0.3490000000014535	0.0013238231550887214
0.3500000000014576	0.0012715595567115434
0.3510000000014619	0.0012211448565536687
0.35200000000146603	0.001172588857085266
0.35300000000147014	0.0011257742747403654
0.35400000000147425	0.001080662054624093
0.35500000000147836	0.0010372059869357964
0.35600000000148246	0.0009953423633498604
0.3570000000014866	0.0009550229539656563
0.3580000000014909	0.0009161945464192245
0.359000000001495	0.0008788125635070809
0.3600000000014991	0.000842823374561652
0.36100000000150323	0.0008081899532795811
0.36200000000150756	0.0007748507778826408
0.36300000000151167	0.000742770796914316
0.3640000000015158	0.0007119193585414241
0.3650000000015201	0.0006822367225133297
0.3660000000015242	0.000653687389979396
0.3670000000015283	0.0006262397675178555
0.36800000000153243	0.0005998504101361046
0.36900000000153677	0.0005744790274476719
0.3700000000015409	0.0005501015953258692
0.371000000001545	0.0005266726468096117
0.3720000000015493	0.0005041704549426651
0.3730000000015534	0.0004825296726107542
0.37400000000155753	0.0004617719689932187
0.37500000000156164	0.0004418166635933307
0.37600000000156597	0.00042266832495085893
0.3770000000015701	0.0004042809521113133
0.3780000000015742	0.0003866362101137
0.3790000000015785	0.0003696979467137096
0.3800000000015826	0.00035345124922014914
0.38100000000158674	0.00033785850993717226
0.38200000000159084	0.0003229044556921634
0.3830000000015952	0.00030855595506018574
0.3840000000015993	0.0002948033588734411
0.3850000000016034	0.00028162446303792166
0.3860000000016075	0.0002689839472247435
0.3870000000016116	0.0002568688840054456
0.3880000000016157	0.00024526428111759646
0.38900000000161983	0.0002341351933621283
0.39000000000162416	0.00022348673866079416
0.39100000000162827	0.0002132818966893435
0.3920000000016324	0.0002035117228572636
0.3930000000016367	0.00019415566913305593
0.3940000000016408	0.00018519930055393985
0.3950000000016449	0.0001766261583842077
0.39600000000164903	0.000168424761599395
0.39700000000165336	0.0001605783231661828
0.3980000000016575	0.0001530695750261435
0.3990000000016616	0.00014588561175177261
0.4000000000016659	0.00013902140857047218
0.40100000000167	0.00013245372297565616
0.40200000000167413	0.00012617555484906173
0.40300000000167824	0.00012017529902108581
0.40400000000168257	0.0001144421344466684
0.4050000000016867	0.00010896432771256848
0.4060000000016908	0.00010372838123662298
0.4070000000016951	9.873130211457415e-05
0.4080000000016992	9.395666801359503e-05
0.40900000000170333	8.939721443390614e-05
0.41000000000170744	8.504606276837912e-05
0.4110000000017118	8.089179878578712e-05
0.4120000000017159	7.692790684188378e-05
0.41300000000172	7.314609217901058e-05
0.4140000000017243	6.953753912375404e-05
0.41500000000172843	6.609478786767653e-05
0.41600000000173254	6.281324494106233e-05
0.4170000000017364	5.968440185533108e-05
0.41800000000174076	5.6700362322525955e-05
0.41900000000174487	5.3856697846521584e-05
0.420000000001749	5.114673109973822e-05
0.4210000000017533	4.8564694526853636e-05
0.4220000000017574	4.6104951303416186e-05
0.4230000000017615	4.3762199544494784e-05
0.42400000000176563	4.1531627764435086e-05
0.42500000000176996	3.9406783581052984e-05
0.42600000000177407	3.738459472701905e-05
0.4270000000017782	3.54600335774613e-05
0.4280000000017825	3.3628901023541324e-05
0.4290000000017866	3.1886035477102226e-05
0.4300000000017907	3.0227988362385716e-05
0.43100000000179484	2.865194793966186e-05
0.43200000000179917	2.7151993691965082e-05
0.4330000000018033	2.5726285019844752e-05
0.4340000000018074	2.4371298573355737e-05
0.4350000000018115	2.3083690926184453e-05
0.4360000000018158	2.1859993864059568e-05
0.43700000000181993	2.0697138832570516e-05
0.43800000000182404	1.9592845665328262e-05
0.43900000000182837	1.8543404715187783e-05
0.4400000000018325	1.754789145191893e-05
0.4410000000018366	1.660214973953078e-05
0.4420000000018407	1.5704378754310966e-05
0.44300000000184503	1.4853207461640316e-05
0.44400000000184914	1.4045179068666869e-05
0.44500000000185325	1.327826395958187e-05
0.4460000000018576	1.255154932466862e-05
0.4470000000018617	1.1861810484958824e-05
0.4480000000018656	1.120791239261898e-05
0.4490000000018697	1.0588430744529198e-05
0.450000000001874	1.0001031611528433e-05
0.4510000000018781	9.4445196594517e-06
0.45200000000188223	8.917603480096403e-06
0.45300000000188656	8.417957077844207e-06
0.45400000000189067	7.945147848520406e-06
0.4550000000018948	7.4972977444076605e-06
0.4560000000018989	7.073424606263146e-06
0.4570000000019032	6.671991310214231e-06
0.4580000000019073	6.292402101371053e-06
0.45900000000191143	5.933339415342687e-06
0.46000000000191577	5.593524316283016e-06
0.4610000000019199	5.27211758527546e-06
0.462000000001924	4.968219554313258e-06
0.4630000000019281	4.680917758626002e-06
0.4640000000019324	4.409374240510466e-06
0.46500000000193653	4.152842524196565e-06
0.46600000000194064	3.910441592980263e-06
0.46700000000194497	3.681404387889664e-06
0.4680000000019491	3.465118307399706e-06
0.4690000000019532	3.2608892391872146e-06
0.4700000000019573	3.068084968638196e-06
0.4710000000019616	2.886090295861621e-06
0.47200000000196574	2.714336998277389e-06
0.47300000000196984	2.5522942550537664e-06
0.4740000000019742	2.3994383961944976e-06
0.4750000000019783	2.255260146966087e-06
0.4760000000019824	2.119306583336922e-06
0.4770000000019865	1.9911671963468436e-06
0.47800000000199083	1.870390248903675e-06
0.4790000000019947	1.7565125808305382e-06
0.48000000000199883	1.6492671666146208e-06
0.48100000000200316	1.548227413494807e-06
0.48200000000200727	1.4531045146037869e-06
0.4830000000020114	1.3634886120161838e-06
0.4840000000020155	1.279167721301988e-06
0.4850000000020198	1.199762099224344e-06
0.4860000000020239	1.1251153794189506e-06
0.48700000000202803	1.0548405522392557e-06
0.48800000000203236	9.887627367977103e-07
0.4890000000020365	9.265864172602889e-07
0.4900000000020406	8.681482450700884e-07
0.4910000000020447	8.132305704400267e-07
0.492000000002049	7.61584592279263e-07
0.49300000000205313	7.130934701615743e-07
0.49400000000205724	6.675364604413758e-07
0.49500000000206157	6.247679928961247e-07
0.4960000000020657	5.845794257552939e-07
0.4970000000020698	5.468652063411739e-07
0.4980000000020739	5.114658714333586e-07
0.4990000000020782	4.782647600176659e-07
0.5000000000020823	4.470926089350513e-07
0.5010000000020864	4.178807369026316e-07
0.5020000000020908	3.90494290791743e-07
0.5030000000020949	3.6480510301473146e-07
0.504000000002099	3.4073902543951817e-07
0.5050000000021031	3.181880668945425e-07
0.5060000000021074	2.970637117405417e-07
0.5070000000021115	2.772824815311381e-07
0.5080000000021156	2.587631626749243e-07
0.50900000000212	2.414290207752856e-07
0.5100000000021239	2.252080365527931e-07
0.511000000002128	2.1003165839861282e-07
0.5120000000021321	1.9583707955295182e-07
0.5130000000021364	1.82570022988493e-07
0.5140000000021405	1.7016457198870683e-07
0.5150000000021446	1.5856464952168636e-07
0.516000000002149	1.477304356622966e-07
0.5170000000021531	1.3761533046441343e-07
0.5180000000021572	1.2816957384309546e-07
0.5190000000021613	1.1934721910744628e-07
0.5200000000021656	1.1111528908092083e-07
0.5210000000021697	1.0343371881216257e-07
0.5220000000021738	9.627299124570499e-08
0.5230000000021782	8.959848329936904e-08
0.5240000000021823	8.336777101991544e-08
0.5250000000021864	7.75665087715538e-08
0.5260000000021905	7.215906883129009e-08
0.5270000000021948	6.712328015634483e-08
0.5280000000021989	6.243520589421792e-08
0.529000000002203	5.806981584477455e-08
0.5300000000022074	5.400767688623631e-08
0.5310000000022115	5.0228029402354935e-08
0.5320000000022156	4.671417797030841e-08
0.5330000000022197	4.344350723606283e-08
0.534000000002224	4.040217826961623e-08
0.5350000000022281	3.757993571884555e-08
0.5360000000022322	3.4947669758089717e-08
0.5370000000022366	3.251191571518319e-08
0.5380000000022407	3.024099270998448e-08
0.5390000000022448	2.813531119194579e-08
0.5400000000022487	2.617755079370454e-08
0.541000000002253	2.4360315764582197e-08
0.5420000000022571	2.2670460619877986e-08
0.5430000000022612	2.110296748458751e-08
0.5440000000022656	1.9644564086540584e-08
0.5450000000022697	1.829168749800658e-08
0.5460000000022738	1.7032674159978e-08
0.5470000000022779	1.5863907965041335e-08
0.5480000000022822	1.4776327272869594e-08
0.5490000000022863	1.3764764217327752e-08
0.5500000000022904	1.2823715533905045e-08
0.5510000000022948	1.1947330569306303e-08
0.5520000000022989	1.1130631194511409e-08
0.553000000002303	1.036910290963533e-08
0.5540000000023071	9.658456257000125e-09
0.5550000000023114	8.994550992902361e-09
0.5560000000023155	8.373727489185967e-09
0.5570000000023196	7.792443690313178e-09
0.558000000002324	7.247441757840534e-09
0.5590000000023281	6.735687008152524e-09
0.5600000000023322	6.254352036272337e-09
0.5610000000023363	5.800903313257777e-09
0.5620000000023406	5.373042899492475e-09
0.5630000000023447	4.968563893648081e-09
0.5640000000023488	4.585352542108012e-09
0.5650000000023532	4.22155777002331e-09
0.5660000000023573	3.875493925775686e-09
0.5670000000023614	3.545563842521915e-09
0.5680000000023655	3.2303358876717425e-09
0.5690000000023698	2.9284998870338086e-09
0.5700000000023739	2.638838036972402e-09
0.5710000000023778	2.3602418908197365e-09
0.5720000000023819	2.091710138429903e-09
0.5730000000023863	1.8323493833349858e-09
0.5740000000023904	1.5813654830054702e-09
0.5750000000023945	1.33801469903716e-09
0.5760000000023988	1.1016372258865204e-09
0.5770000000024029	8.716761756843994e-10
0.578000000002407	6.476171821034882e-10
0.5790000000024111	4.289332222739972e-10
0.5800000000024155	2.1530477400943937e-10
0.5810000000024196	6.365907800898185e-12
0.5820000000024237	-1.9818013896610864e-10
0.583000000002428	-3.985940466577631e-10
0.5840000000024321	-5.950713255487017e-10
0.5850000000024362	-7.877625218810635e-10
0.5860000000024403	-9.768728048697994e-10
0.5870000000024447	-1.1624292639567102e-09
0.5880000000024488	-1.3445602409234425e-09
0.5890000000024529	-1.5232988204161302e-09
0.5900000000024572	-1.6986656525830313e-09
0.5910000000024613	-1.8706842741522678e-09
0.5920000000024654	-2.039335811332421e-09
0.5930000000024696	-2.2045809622284196e-09
0.5940000000024739	-2.3663941917106968e-09
0.595000000002478	-2.5247048895948865e-09
0.5960000000024821	-2.6794695351384235e-09
0.5970000000024864	-2.8305853216892274e-09
0.5980000000024905	-2.9780038435234246e-09
0.5990000000024946	-3.121613412204738e-09
0.6000000000024988	-3.2613471923070847e-09
0.6010000000025031	-3.397087056100645e-09
0.602000000002507	-3.5287444077880536e-09
0.6030000000025111	-3.6562661787087336e-09
0.6040000000025154	-3.7794698481974365e-09
0.6050000000025195	-3.898373845956371e-09
0.6060000000025236	-4.012780330242549e-09
0.6070000000025277	-4.1227072866689696e-09
0.6080000000025321	-4.227981298399186e-09
0.6090000000025362	-4.328601255210174e-09
0.6100000000025403	-4.424429933536089e-09
0.6110000000025446	-4.515464890886278e-09
0.6120000000025487	-4.6016297439166465e-09
0.6130000000025528	-4.682863208316235e-09
0.614000000002557	-4.7591222074316875e-09
0.6150000000025613	-4.830383204534883e-09
0.6160000000025654	-4.8966219967638835e-09
0.6170000000025695	-4.95782503939779e-09
0.6180000000025738	-5.013982340429379e-09
0.6190000000025779	-5.0650912353233934e-09
0.620000000002582	-5.111163714488498e-09
0.6210000000025861	-5.15222442487584e-09
0.6220000000025905	-5.1883002338826145e-09
0.6230000000025946	-5.219425336377981e-09
0.6240000000025987	-5.245647916041207e-09
0.625000000002603	-5.267026814692599e-09
0.6260000000026071	-5.283621540286276e-09
0.6270000000026112	-5.2955422269462815e-09
0.6280000000026154	-5.3028048618841694e-09
0.6290000000026197	-5.305553774093141e-09
0.6300000000026238	-5.303836481118651e-09
0.6310000000026279	-5.2978197384589976e-09
0.6320000000026322	-5.287562165889881e-09
0.6330000000026361	-5.273205871958453e-09
0.6340000000026402	-5.254871426885188e-09
0.6350000000026443	-5.23269605423593e-09
0.6360000000026487	-5.206814090996659e-09
0.6370000000026528	-5.177373640918859e-09
0.6380000000026569	-5.1445128157467934e-09
0.6390000000026612	-5.108388156926935e-09
0.6400000000026653	-5.069155317727336e-09
0.6410000000026694	-5.026990601564307e-09
0.6420000000026735	-4.982016577059767e-09
0.6430000000026779	-4.934442188186949e-09
0.644000000002682	-4.8844222000354875e-09
0.6450000000026861	-4.832103828178447e-09
0.6460000000026904	-4.777690687518543e-09
0.6470000000026945	-4.721347313108026e-09
0.6480000000026986	-4.663236907731516e-09
0.6490000000027027	-4.603535774805323e-09
0.6500000000027071	-4.542419995701152e-09
0.6510000000027112	-4.480055881828093e-09
0.6520000000027153	-4.416606413926161e-09
0.6530000000027196	-4.352268767604528e-09
0.6540000000027237	-4.2871781680275944e-09
0.6550000000027278	-4.22152801604625e-09
0.656000000002732	-4.155454647047918e-09
0.6570000000027363	-4.0891350305827245e-09
0.6580000000027404	-4.0227159381345245e-09
0.6590000000027445	-3.956354577283605e-09
0.6600000000027488	-3.890196387246192e-09
0.6610000000027529	-3.824384808837067e-09
0.662000000002757	-3.759064837183246e-09
0.6630000000027612	-3.694363037709536e-09
0.6640000000027653	-3.6304244055429535e-09
0.6650000000027694	-3.5673546339154427e-09
0.6660000000027735	-3.5052931668388965e-09
0.6670000000027778	-3.4443414786977655e-09
0.6680000000027819	-3.384612146106747e-09
0.669000000002786	-3.326213526833044e-09
0.6700000000027901	-3.2692379914323055e-09
0.6710000000027945	-3.2137843497537233e-09
0.6720000000027986	-3.1599347583011195e-09
0.6730000000028027	-3.10777559242581e-09
0.674000000002807	-3.0573725773308524e-09
0.6750000000028111	-3.0088012081819215e-09
0.6760000000028152	-2.962124323602211e-09
0.6770000000028193	-2.9173996551890014e-09
0.6780000000028237	-2.874688709297857e-09
0.6790000000028278	-2.8340201296828127e-09
0.6800000000028319	-2.7954272230346078e-09
0.6810000000028362	-2.758998807195212e-09
0.6820000000028403	-2.7246671585601234e-09
0.6830000000028444	-2.6925719431858397e-09
0.6840000000028486	-2.66262745185486e-09
0.6850000000028529	-2.634945373003461e-09
0.686000000002857	-2.6094275629162667e-09
0.6870000000028611	-2.5861961461259853e-09
0.6880000000028654	-2.565129442189118e-09
0.6890000000028695	-2.546333366382214e-09
0.6900000000028736	-2.5296931216445273e-09
0.6910000000028778	-2.5152979699072375e-09
0.6920000000028821	-2.5030157946304143e-09
0.6930000000028862	-2.492970274659001e-09
0.6940000000028901	-2.4849835522644526e-09
0.6950000000028944	-2.479121352649827e-09
0.6960000000028985	-2.475347260499916e-09
0.6970000000029026	-2.473541149683456e-09
0.6980000000029067	-2.473782956258219e-09
0.6990000000029111	-2.475966320858447e-09
0.7000000000029152	-2.4800257403256865e-09
0.7010000000029193	-2.4859849734326644e-09
0.7020000000029236	-2.49371323590708e-09
0.7030000000029277	-2.5032338424324507e-09
0.7040000000029318	-2.514437991152363e-09
0.705000000002936	-2.5273019232940896e-09
0.7060000000029403	-2.541760357743783e-09
0.7070000000029444	-2.5577533424581134e-09
0.7080000000029485	-2.5752195931261213e-09
0.7090000000029526	-2.594104930864205e-09
0.7100000000029569	-2.6143442966031216e-09
0.711000000002961	-2.6358775162549364e-09
0.7120000000029651	-2.6586439716425048e-09
0.7130000000029695	-2.68257527302751e-09
0.7140000000029736	-2.7076132447234613e-09
0.7150000000029777	-2.7336861663229683e-09
0.7160000000029818	-2.7607331976042815e-09
0.7170000000029861	-2.7886832842938247e-09
0.7180000000029902	-2.8174880206677244e-09
0.7190000000029944	-2.847057034571776e-09
0.7200000000029987	-2.8773612381627345e-09
0.7210000000030028	-2.9082976027439145e-09
0.7220000000030069	-2.939821275305121e-09
0.723000000003011	-2.9718794092303824e-09
0.7240000000030153	-3.004383408722333e-09
0.7250000000030195	-3.0372915293952474e-09
0.7260000000030233	-3.0705313847079196e-09
0.7270000000030277	-3.1040441328400448e-09
0.7280000000030318	-3.1377715981051324e-09
0.7290000000030359	-3.1716465009878902e-09
0.73000000000304	-3.2056184373630003e-09
0.7310000000030443	-3.239621682027405e-09
0.7320000000030484	-3.2736044985881563e-09
0.7330000000030525	-3.30750626886811e-09
0.7340000000030569	-3.341274146251294e-09
0.735000000003061	-3.374851953452662e-09
0.7360000000030651	-3.408188176123872e-09
0.7370000000030692	-3.4412290794705314e-09
0.7380000000030735	-3.473922927099693e-09
0.7390000000030776	-3.5062208691982732e-09
0.7400000000030817	-3.5380720575517444e-09
0.7410000000030861	-3.5694314171053065e-09
0.7420000000030902	-3.6002496539566664e-09
0.7430000000030943	-3.630481693051024e-09
0.7440000000030984	-3.6600842356904195e-09
0.7450000000031027	-3.689014427266102e-09
0.7460000000031068	-3.7172269706786665e-09
0.747000000003111	-3.744683674256066e-09
0.7480000000031153	-3.771345902237044e-09
0.7490000000031194	-3.797175907038763e-09
0.7500000000031235	-3.822131500186288e-09
0.7510000000031276	-3.8461906992637296e-09
0.7520000000031319	-3.869297104941438e-09
0.753000000003136	-3.891436950453908e-09
0.7540000000031402	-3.912570933906068e-09
0.7550000000031445	-3.9326617518042895e-09
0.7560000000031484	-3.951699190096747e-09
0.7570000000031525	-3.969635731237986e-09
0.7580000000031566	-3.986455388016452e-09
0.7590000000031609	-4.002133513480999e-09
0.760000000003165	-4.016646126814294e-09
0.7610000000031691	-4.029956146567315e-09
0.7620000000031735	-4.042069789989e-09
0.7630000000031776	-4.052937319087846e-09
0.7640000000031817	-4.062581826502765e-09
0.7650000000031858	-4.070912495990342e-09
0.7660000000031901	-4.078023030373856e-09
0.7670000000031942	-4.083778648578118e-09
0.7680000000031983	-4.088271721158776e-09
0.7690000000032027	-4.091423200236477e-09
0.7700000000032068	-4.093254402093294e-09
0.7710000000032109	-4.093736016841376e-09
0.772000000003215	-4.092879368755575e-09
0.7730000000032193	-4.090664695866053e-09
0.7740000000032234	-4.087139515718263e-09
0.7750000000032276	-4.082172599950695e-09
0.7760000000032319	-4.075936033132166e-09
0.777000000003236	-4.068279935154351e-09
0.7780000000032401	-4.059301339509602e-09
0.7790000000032442	-4.048960278169034e-09
0.7800000000032485	-4.037267853362891e-09
0.7810000000032526	-4.024235167321422e-09
0.7820000000032568	-4.009870213650402e-09
0.7830000000032611	-3.994180985955609e-09
0.7840000000032652	-3.977164153567969e-09
0.7850000000032693	-3.958878114218578e-09
0.7860000000032734	-3.9392755724065864e-09
0.7870000000032777	-3.9183976063839054e-09
0.7880000000032816	-3.896292399829804e-09
0.7890000000032857	-3.872929754678012e-09
0.7900000000032901	-3.848355412117144e-09
0.7910000000032942	-3.822560268318398e-09
0.7920000000032983	-3.7956267018302015e-09
0.7930000000033024	-3.7675338404596914e-09
0.7940000000033067	-3.7382883455450155e-09
0.7950000000033108	-3.7079923576044393e-09
0.796000000003315	-3.676598581137114e-09
0.7970000000033193	-3.6441636375172948e-09
0.7980000000033234	-3.610735266335041e-09
0.7990000000033275	-3.5763296768465125e-09
0.8000000000033316	-3.5409835064115214e-09
0.8010000000033359	-3.5047422741740775e-09
0.80200000000334	-3.467625964148624e-09
0.8030000000033441	-3.4296649964460357e-09
0.8040000000033485	-3.390953295934196e-09
0.8050000000033526	-3.35145955432381e-09
0.8060000000033567	-3.3112701469661943e-09
0.8070000000033608	-3.2704206009981363e-09
0.8080000000033651	-3.2289428908427453e-09
0.8090000000033692	-3.18690007716782e-09
0.8100000000033734	-3.144318139192137e-09
0.8110000000033777	-3.101262135984939e-09
0.8120000000033818	-3.057767372638409e-09
0.8130000000033859	-3.0138964657311362e-09
0.81400000000339	-2.9696782810617606e-09
0.8150000000033943	-2.9251880917513517e-09
0.8160000000033985	-2.8804532092863155e-09
0.8170000000034026	-2.835541579315759e-09
0.8180000000034067	-2.7905018296081607e-09
0.8190000000034108	-2.745372151835568e-09
0.8200000000034149	-2.700230483654309e-09
0.821000000003419	-2.65510413655079e-09
0.8220000000034233	-2.6100615002633276e-09
0.8230000000034274	-2.5651516466496105e-09
0.8240000000034315	-2.520420760987463e-09
0.8250000000034359	-2.4759350125691526e-09
0.82600000000344	-2.4317357016911956e-09
0.8270000000034441	-2.3878805599508723e-09
0.8280000000034482	-2.344416438759822e-09
0.8290000000034525	-2.3013979610908564e-09
0.8300000000034566	-2.2588753090246882e-09
0.8310000000034607	-2.216895556017562e-09
0.8320000000034651	-2.175512880953079e-09
0.8330000000034692	-2.13476925026157e-09
0.8340000000034733	-2.094715956246773e-09
0.8350000000034774	-2.055395409428229e-09
0.8360000000034817	-2.0168546832621814e-09
0.8370000000034858	-1.979137298491196e-09
0.83800000000349	-1.942283223144159e-09
0.8390000000034943	-1.9063366440974505e-09
0.8400000000034984	-1.8713313121310193e-09
0.8410000000035025	-1.8373111920766405e-09
0.8420000000035066	-1.8043049276883494e-09
0.8430000000035109	-1.7723489342813536e-09
0.844000000003515	-1.7414778508140216e-09
0.8450000000035192	-1.711722097397228e-09
0.8460000000035233	-1.683102102134626e-09
0.8470000000035276	-1.6556618298579906e-09
0.8480000000035317	-1.6294090521284943e-09
0.8490000000035356	-1.604355759354803e-09
0.8500000000035399	-1.5805889930220474e-09
0.851000000003544	-1.558018158931418e-09
0.8520000000035481	-1.5367476180472295e-09
0.8530000000035523	-1.516738734608225e-09
0.8540000000035566	-1.4980372498030192e-09
0.8550000000035607	-1.4806478265683154e-09
0.8560000000035648	-1.4645640256105708e-09
0.8570000000035691	-1.4497920641787232e-09
0.8580000000035732	-1.4363179534626624e-09
0.8590000000035773	-1.4241825496696947e-09
0.8600000000035815	-1.413352990198291e-09
0.8610000000035858	-1.4038290530038466e-09
0.8620000000035899	-1.395602744480584e-09
0.863000000003594	-1.3886849448141447e-09
0.8640000000035983	-1.3830292466820993e-09
0.8650000000036024	-1.3786363162182624e-09
0.8660000000036066	-1.375495051192388e-09
0.8670000000036107	-1.3736061177382908e-09
0.868000000003615	-1.3729117842586902e-09
0.8690000000036191	-1.373412716887401e-09
0.8700000000036232	-1.3750722782646108e-09
0.8710000000036275	-1.3778784779816533e-09
0.8720000000036316	-1.3817924582326668e-09
0.8730000000036358	-1.3867893500218997e-09
0.8740000000036399	-1.3928376230154527e-09
0.8750000000036442	-1.3999075232362657e-09
0.8760000000036483	-1.4079559740309833e-09
0.8770000000036524	-1.4169692086341001e-09
0.8780000000036567	-1.4268755066382255e-09
0.8790000000036609	-1.4376615453670638e-09
0.8800000000036647	-1.4492753663830626e-09
0.8810000000036688	-1.4617098642588644e-09
0.8820000000036732	-1.4748695598143513e-09
0.8830000000036773	-1.4887624466553007e-09
0.8840000000036814	-1.503315916195902e-09
0.8850000000036857	-1.5185031010389594e-09
0.8860000000036898	-1.5342733750145499e-09
0.887000000003694	-1.5505812189786639e-09
0.888000000003698	-1.5673928821513528e-09
0.8890000000037024	-1.5846552958720395e-09
0.8900000000037065	-1.602326937799603e-09
0.8910000000037106	-1.6203640651468731e-09
0.8920000000037149	-1.638728042152593e-09
0.893000000003719	-1.6573686867360493e-09
0.8940000000037231	-1.6762440324669114e-09
0.8950000000037273	-1.6953189962976012e-09
0.8960000000037316	-1.7145431741028005e-09
0.8970000000037357	-1.733882815102561e-09
0.8980000000037398	-1.7532966190003663e-09
0.8990000000037441	-1.7727403989198365e-09
0.9000000000037482	-1.792183068616282e-09
0.9010000000037524	-1.8115839939270018e-09
0.9020000000037565	-1.830906315447578e-09
0.9030000000037608	-1.850116726487272e-09
0.9040000000037649	-1.8691808101323204e-09
0.905000000003769	-1.888069478539478e-09
0.9060000000037733	-1.906749425018006e-09
0.9070000000037775	-1.925193338081499e-09
0.9080000000037816	-1.943369909440662e-09
0.9090000000037857	-1.9612551582781634e-09
0.91000000000379	-1.9788246596874615e-09
0.9110000000037939	-1.996055543074249e-09
0.912000000003798	-2.0129278244240822e-09
0.9130000000038023	-2.0294097513584575e-09
0.9140000000038064	-2.0455035443234237e-09
0.9150000000038105	-2.0611747864052177e-09
0.9160000000038147	-2.0764161501318767e-09
0.917000000003819	-2.0912145348717104e-09
0.9180000000038231	-2.105553509323954e-09
0.9190000000038272	-2.119424191704411e-09
0.9200000000038315	-2.132829468592945e-09
0.9210000000038356	-2.145731592406719e-09
0.9220000000038397	-2.1581745279775078e-09
0.9230000000038439	-2.170092772146859e-09
0.9240000000038482	-2.1815345085940407e-09
0.9250000000038523	-2.1924730919664626e-09
0.9260000000038564	-2.2029202906281853e-09
0.9270000000038607	-2.2128616716798888e-09
0.9280000000038648	-2.222318329359041e-09
0.929000000003869	-2.2312784953015807e-09
0.9300000000038731	-2.2397617094327416e-09
0.9310000000038774	-2.247759756102141e-09
0.9320000000038815	-2.255288844565939e-09
0.9330000000038856	-2.2623452000658517e-09
0.9340000000038899	-2.2689587986235438e-09
0.935000000003894	-2.2751143191612755e-09
0.9360000000038982	-2.2808424038345265e-09
0.9370000000039023	-2.286142164464877e-09
0.9380000000039066	-2.2910278119070426e-09
0.9390000000039107	-2.295511114525084e-09
0.9400000000039148	-2.2996113901996296e-09
0.9410000000039191	-2.3033253082616056e-09
0.942000000003923	-2.3066932808291085e-09
0.9430000000039271	-2.309697988422954e-09
0.9440000000039312	-2.312378066804399e-09
0.9450000000039356	-2.3147312955273946e-09
0.9460000000039397	-2.316782765632297e-09
0.9470000000039438	-2.3185382502788343e-09
0.9480000000039481	-2.3200190657490793e-09
0.9490000000039522	-2.3212354260948587e-09
0.9500000000039563	-2.3222039846615417e-09
0.9510000000039605	-2.3229331791441155e-09
0.9520000000039648	-2.3234418833339987e-09
0.9530000000039689	-2.3237394231045982e-09
0.954000000003973	-2.323843339979703e-09
0.9550000000039773	-2.32376384801114e-09
0.9560000000039814	-2.3235042778679826e-09
0.9570000000039856	-2.3230954937503157e-09
0.9580000000039897	-2.3225332768106455e-09
0.959000000003994	-2.3218218458964657e-09
0.9600000000039981	-2.3209998367690332e-09
0.9610000000040022	-2.320043934744831e-09
0.9620000000040065	-2.3189823394886844e-09
0.9630000000040106	-2.3178172714466427e-09
0.9640000000040148	-2.316554281733829e-09
0.9650000000040189	-2.3152053607589096e-09
0.9660000000040232	-2.3137691762542545e-09
0.9670000000040273	-2.3122581627177397e-09
0.9680000000040314	-2.310672320149365e-09
0.9690000000040357	-2.3090149792182046e-09
0.9700000000040399	-2.3072921351285913e-09
0.9710000000040437	-2.305504231969735e-09
0.9720000000040478	-2.3036539342768947e-09
0.9730000000040522	-2.3017425743177e-09
0.9740000000040563	-2.2997663773338672e-09
0.9750000000040604	-2.29772911808368e-09
0.9760000000040647	-2.2956272438534597e-09
0.9770000000040688	-2.2934605325986013e-09
0.978000000004073	-2.2912258756946358e-09
0.979000000004077	-2.2889188322494647e-09
0.9800000000040812	-2.2865376259062486e-09
0.9810000000040855	-2.28407515123763e-09
0.9820000000040896	-2.2815296318867695e-09
0.9830000000040937	-2.2788930742478897e-09
0.984000000004098	-2.2761623696965216e-09
0.9850000000041004	-2.2733286364484684e-09
0.9860000000041018	-2.2703841029425575e-09
0.987000000004103	-2.2673274369111596e-09
0.9880000000041045	-2.264144871588769e-09
0.9890000000041059	-2.2608324101724975e-09
0.9900000000041072	-2.257373843406185e-09
0.9910000000041086	-2.253778719207844e-09
0.99200000000411	-2.250020392224883e-09
0.9930000000041115	-2.2460937554313887e-09
0.9940000000041127	-2.242000141094991e-09
0.9950000000041141	-2.2377213415580854e-09
0.9960000000041156	-2.23325047343792e-09
0.997000000004117	-2.2285808753963465e-09
0.9980000000041185	-2.2237005570246993e-09
0.9990000000041197	-2.218597749958917e-09
1.0000000000041211	-2.2132746746450493e-09
1.001000000004117	-2.2077148997823315e-09
1.002000000004113	-2.2019039924714434e-09
1.0030000000041086	-2.1958503904073723e-09
1.0040000000041045	-2.1895296686835763e-09
1.0050000000041002	-2.182940495032426e-09
1.006000000004096	-2.1760846458107608e-09
1.007000000004092	-2.1689379181566437e-09
1.0080000000040878	-2.161506085229803e-09
1.0090000000040837	-2.1537764904877577e-09
1.0100000000040794	-2.145748911885903e-09
1.0110000000040753	-2.137414911729252e-09
1.012000000004071	-2.128768272768866e-09
1.0130000000040669	-2.1198038879788328e-09
1.0140000000040628	-2.1105219794037566e-09
1.0150000000040587	-2.1009145534378604e-09
1.0160000000040534	-2.090981165991934e-09
1.0170000000040464	-2.08071648799546e-09
1.0180000000040397	-2.0701225178498817e-09
1.0190000000040325	-2.0591939264846815e-09
1.0200000000040257	-2.0479324902566987e-09
1.021000000004019	-2.036335766675279e-09
1.0220000000040117	-2.0244077525433113e-09
1.023000000004005	-2.0121337929168703e-09
1.0240000000039977	-1.999541199282362e-09
1.025000000003991	-1.9866086553577134e-09
1.026000000003984	-1.97334948381922e-09
1.027000000003977	-1.959763240577672e-09
1.0280000000039702	-1.945851924034514e-09
1.0290000000039632	-1.9316253041523623e-09
1.0300000000039562	-1.917078273905304e-09
1.0310000000039494	-1.9022163844084616e-09
1.0320000000039424	-1.887059619676279e-09
1.0330000000039354	-1.871589994095757e-09
1.0340000000039287	-1.8558323766626472e-09
1.0350000000039217	-1.8397825485294561e-09
1.0360000000039147	-1.8234531662386644e-09
1.0370000000039077	-1.8068440077456671e-09
1.0380000000039007	-1.7899732807080682e-09
1.039000000003894	-1.7728392087690281e-09
1.0400000000038867	-1.7554517839357686e-09
1.04100000000388	-1.7378272154644492e-09
1.0420000000038732	-1.719962172685996e-09
1.043000000003866	-1.7018726428119635e-09
1.0440000000038592	-1.6835650651358947e-09
1.0450000000038522	-1.6650512080218505e-09
1.0460000000038452	-1.6463392871202132e-09
1.0470000000038384	-1.6274368519475502e-09
1.0480000000038314	-1.608359889715416e-09
1.0490000000038244	-1.5891088445130208e-09
1.0500000000038174	-1.569702368087178e-09
1.0510000000038104	-1.5501437911069615e-09
1.0520000000038037	-1.5304484346501113e-09
1.0530000000037967	-1.510622960054775e-09
1.0540000000037897	-1.490677581372779e-09
1.055000000003783	-1.4706271755926537e-09
1.056000000003776	-1.4504701884021642e-09
1.057000000003769	-1.4302314887970624e-09
1.0580000000037622	-1.4099081901974841e-09
1.059000000003755	-1.3895142814135397e-09
1.0600000000037482	-1.3690628630769197e-09
1.0610000000037412	-1.3485581540351177e-09
1.0620000000037342	-1.3280114785629848e-09
1.0630000000037274	-1.3074341609353723e-09
1.0640000000037202	-1.2868264231968851e-09
1.0650000000037134	-1.266212246164855e-09
1.0660000000037064	-1.2455858566795541e-09
1.0670000000036994	-1.2249563585697842e-09
1.0680000000036927	-1.204342625626964e-09
1.0690000000036857	-1.1837379965129458e-09
1.0700000000036787	-1.1631591245730988e-09
1.071000000003672	-1.1426086743426822e-09
1.072000000003665	-1.122092641026029e-09
1.073000000003658	-1.1016196843627313e-09
1.0740000000036511	-1.0811942452448875e-09
1.075000000003644	-1.0608187661631518e-09
1.0760000000036372	-1.0405021289017213e-09
1.0770000000036304	-1.0202456657282255e-09
1.0780000000036232	-1.000056482070022e-09
1.0790000000036164	-9.7993635428395e-10
1.0800000000036092	-9.59888168949874e-10
1.0810000000036024	-9.399172551383117e-10
1.0820000000035954	-9.200231687600535e-10
1.0830000000035884	-9.002096845733831e-10
1.0840000000035817	-8.80475470310671e-10
1.0850000000035747	-8.608300738899288e-10
1.0860000000035677	-8.412595065010464e-10
1.087000000003561	-8.217824198908374e-10
1.088000000003554	-8.023817166247227e-10
1.089000000003547	-7.830707193789976e-10
1.0900000000035401	-7.638341070759225e-10
1.091000000003533	-7.446876448824469e-10
1.0920000000035262	-7.256173439884606e-10
1.0930000000035192	-7.066225382601488e-10
1.0940000000035122	-6.877103331248691e-10
1.0950000000035054	-6.688667397725112e-10
1.0960000000034982	-6.500899818462358e-10
1.0970000000034914	-6.313860545503758e-10
1.0980000000034844	-6.127438556546849e-10
1.0990000000034774	-5.94158056088645e-10
1.1000000000034706	-5.756322085659349e-10
1.1010000000034637	-5.571538785886787e-10
1.1020000000034567	-5.387221779784568e-10
1.1030000000034499	-5.20331555620146e-10
1.104000000003443	-5.019764603986232e-10
1.105000000003436	-4.836524514217899e-10
1.106000000003429	-4.6535175712847376e-10
1.107000000003422	-4.470712688942058e-10
1.1080000000034151	-4.288032151578136e-10
1.1090000000034081	-4.105427109379889e-10
1.1100000000034012	-3.9228309489658386e-10
1.1110000000033944	-3.740179277400557e-10
1.1120000000033872	-3.5574121426407146e-10
1.1130000000033804	-3.374465151750883e-10
1.1140000000033736	-3.191269470903535e-10
1.1150000000033664	-3.00776958894744e-10
1.1160000000033596	-2.823918876515563e-10
1.1170000000033526	-2.6396240748738364e-10
1.1180000000033457	-2.454807468410536e-10
1.1190000000033387	-2.269491261586154e-10
1.1200000000033317	-2.083517802731194e-10
1.121000000003325	-1.896895973629853e-10
1.122000000003318	-1.7095014293033728e-10
1.123000000003311	-1.5213785786727385e-10
1.1240000000033041	-1.332376431406601e-10
1.1250000000032971	-1.1424994283970591e-10
1.1260000000032901	-9.516876176007827e-11
1.1270000000032834	-7.598943696507376e-11
1.1280000000032764	-5.670641733956927e-11
1.1290000000032694	-3.731770448212046e-11
1.1300000000032626	-1.7820189768258388e-11
1.1310000000032554	1.7915668948376151e-12
1.1320000000032486	2.1519341864006947e-11
1.1330000000032414	4.136424536227423e-11
1.1340000000032346	6.132905294720103e-11
1.1350000000032279	8.141709528786123e-11
1.1360000000032207	1.0162581887129818e-10
1.1370000000032139	1.2195733312125867e-10
1.138000000003207	1.4241585688523628e-10
1.1390000000032	1.6299361860205863e-10
1.1400000000031931	1.8369239462856513e-10
1.1410000000031861	2.04512962120873e-10
1.1420000000031791	2.2545454392286501e-10
1.1430000000031724	2.4650581575969e-10
1.1440000000031654	2.6767177363495875e-10
1.1450000000031584	2.8894842074578264e-10
1.1460000000031516	3.1032665326335973e-10
1.1470000000031444	3.318044727862457e-10
1.1480000000031376	3.533748849093854e-10
1.1490000000031304	3.750341148744951e-10
1.1500000000031236	3.9677150454053844e-10
1.1510000000031169	4.1858394528304643e-10
1.1520000000031096	4.4046055691637775e-10
1.1530000000031029	4.623933458347551e-10
1.1540000000030959	4.843714318525372e-10
1.155000000003089	5.063883756761811e-10
1.1560000000030821	5.284289672502496e-10
1.1570000000030751	5.504868783035022e-10
1.1580000000030681	5.725464546912917e-10
1.1590000000030614	5.945987036071188e-10
1.1600000000030544	6.16628192950941e-10
1.1610000000030474	6.386220441356727e-10
1.1620000000030404	6.605663793735062e-10
1.1630000000030334	6.824485421219606e-10
1.1640000000030266	7.042504357457346e-10
1.1650000000030196	7.259591816577426e-10
1.1660000000030126	7.475580154903128e-10
1.1670000000030059	7.69030616964983e-10
1.1680000000029986	7.903568910450076e-10
1.1690000000029919	8.11526845723165e-10
1.1700000000029849	8.325169442713332e-10
1.1710000000029779	8.533111994779574e-10
1.172000000002971	8.73891181640829e-10
1.1730000000029641	8.942402374145786e-10
1.1740000000029571	9.143381607401579e-10
1.1750000000029501	9.341669660045682e-10
1.1760000000029431	9.53705225903434e-10
1.1770000000029364	9.729341776676392e-10
1.1780000000029294	9.918398324870736e-10
1.1790000000029224	1.0103972103436831e-09
1.1800000000029156	1.0285897689144008e-09
1.1810000000029086	1.0463991895193203e-09
1.1820000000029016	1.0638095959691896e-09
1.1830000000028948	1.0807933437106954e-09
1.1840000000028876	1.0973351116660979e-09
1.1850000000028809	1.1134169142223982e-09
1.186000000002874	1.1290141044284496e-09
1.1870000000028669	1.144130234997931e-09
1.18800000000286	1.1587181214522957e-09
1.1890000000028529	1.1727819826390373e-09
1.1900000000028461	1.1862921756033984e-09
1.1910000000028391	1.1992404846949967e-09
1.1920000000028321	1.2116111447468825e-09
1.1930000000028254	1.2233838386777052e-09
1.1940000000028184	1.2345422462090028e-09
1.1950000000028114	1.2450804831587448e-09
1.1960000000028046	1.2549822292484691e-09
1.1970000000027976	1.2642238367277514e-09
1.1980000000027906	1.272805416618894e-09
1.1990000000027838	1.2807204186060517e-09
1.2000000000027768	1.2879414201805162e-09
1.2010000000027699	1.2944632032940717e-09
1.2020000000027629	1.300298646533804e-09
1.2030000000027559	1.3054141101420669e-09
1.204000000002749	1.3097969375763796e-09
1.2050000000027419	1.3134852094864868e-09
1.206000000002735	1.3164163092937997e-09
1.2070000000027283	1.3186305380941121e-09
1.2080000000027211	1.3200993631556912e-09
1.2090000000027143	1.3208247828799813e-09
1.2100000000027074	1.320819675854068e-09
1.2110000000027004	1.3200602833052244e-09
1.2120000000026936	1.3185691427608504e-09
1.2130000000026866	1.3163345968791873e-09
1.2140000000026796	1.31336452824371e-09
1.2150000000026726	1.3096570494752768e-09
1.2160000000026656	1.3052238179156461e-09
1.2170000000026588	1.3000625020964662e-09
1.2180000000026519	1.2941914206976435e-09
1.2190000000026449	1.2875875921025681e-09
1.220000000002638	1.280292982741571e-09
1.2210000000026309	1.2723146980420097e-09
1.222000000002624	1.2636337531901631e-09
1.2230000000026173	1.2542746841148755e-09
1.2240000000026101	1.2442542551838187e-09
1.2250000000026033	1.2335885646308498e-09
1.2260000000025963	1.2222687306717717e-09
1.2270000000025894	1.2103245072836444e-09
1.2280000000025826	1.1977656644290846e-09
1.2290000000025754	1.184605302739783e-09
1.2300000000025686	1.1708567448920348e-09
1.2310000000025616	1.15653575605279e-09
1.2320000000025546	1.1416607659242572e-09
1.2330000000025478	1.126249871141738e-09
1.2340000000025408	1.1103024055714172e-09
1.2350000000025338	1.0938575600860645e-09
1.236000000002527	1.0769212188677102e-09
1.23700000000252	1.0595092581056065e-09
1.238000000002513	1.0416418838588015e-09
1.2390000000025063	1.0233340841381278e-09
1.240000000002499	1.0046118381623614e-09
1.2410000000024923	9.854819182919528e-10
1.2420000000024853	9.659625321845056e-10
1.2430000000024783	9.460878747091783e-10
1.2440000000024716	9.25853615996175e-10
1.2450000000024644	9.052880667326235e-10
1.2460000000024576	8.844097676430351e-10
1.2470000000024506	8.632357051396866e-10
1.2480000000024436	8.417799790549907e-10
1.2490000000024368	8.200601309127364e-10
1.2500000000024298	7.980935912144105e-10
1.2510000000024228	7.758953479708453e-10
1.252000000002416	7.534858292856939e-10
1.253000000002409	7.308763594338075e-10
1.254000000002402	7.080823705152284e-10
1.2550000000023953	6.851222922321654e-10
1.256000000002388	6.620038961457908e-10
1.2570000000023813	6.387491646719923e-10
1.2580000000023743	6.15367756751084e-10
1.2590000000023673	5.918684431449606e-10
1.2600000000023606	5.682740944479292e-10
1.2610000000023533	5.445883743959712e-10
1.2620000000023466	5.208212749963081e-10
1.2630000000023396	4.969926692410809e-10
1.2640000000023326	4.731056657547583e-10
1.2650000000023258	4.49173587213636e-10
1.2660000000023188	4.2520154064362714e-10
1.2670000000023118	4.0120273769872483e-10
1.268000000002305	3.7718406176168173e-10
1.269000000002298	3.531523962152505e-10
1.270000000002291	3.2911462444218387e-10
1.271000000002284	3.050784069813517e-10
1.272000000002277	2.81046630412618e-10
1.2730000000022703	2.570273993640626e-10
1.2740000000022633	2.3302315632633963e-10
1.2750000000022563	2.0903967445917715e-10
1.2760000000022496	1.850803954539515e-10
1.2770000000022423	1.6114809486822423e-10
1.2780000000022356	1.3724410496962491e-10
1.2790000000022288	1.133747540293939e-10
1.2800000000022216	8.953304764247605e-11
1.2810000000022148	6.573230848516687e-11
1.2820000000022078	4.1960213081893016e-11
1.2830000000022008	1.8228640819017983e-11
1.2840000000021938	-5.473177466797097e-12
1.2850000000021868	-2.913647101365768e-11
1.28600000000218	-5.2768678315828765e-11
1.287000000002173	-7.636780097186602e-11
1.288000000002166	-9.993628147242362e-11
1.2890000000021593	-1.234772284419705e-10
1.2900000000021523	-1.4699286232655595e-10
1.2910000000021453	-1.704845153938095e-10
1.2920000000021385	-1.93955518312805e-10
1.2930000000021313	-2.1740942379722128e-10
1.2940000000021246	-2.408504506945519e-10
1.2950000000021178	-2.642803753616363e-10
1.2960000000021106	-2.8770585913662217e-10
1.2970000000021038	-3.1112978859937357e-10
1.2980000000020966	-3.345541621513348e-10
1.2990000000020898	-3.579867513536783e-10
1.3000000000020828	-3.814308868754779e-10
1.3010000000020758	-4.0489012143041236e-10
1.302000000002069	-4.283682297767655e-10
1.303000000002062	-4.518811991260918e-10
1.304000000002055	-4.754143745344663e-10
1.3050000000020483	-4.989932911314554e-10
1.3060000000020413	-5.226084009990473e-10
1.3070000000020343	-5.462752472595866e-10
1.3080000000020275	-5.699940519576785e-10
1.3090000000020205	-5.937659253163474e-10
1.3100000000020136	-6.176081868147776e-10
1.3110000000020068	-6.415155073824508e-10
1.3120000000019996	-6.65499655383428e-10
1.3130000000019928	-6.895619630853389e-10
1.3140000000019856	-7.137110902277755e-10
1.3150000000019788	-7.379503674798116e-10
1.316000000001972	-7.622855680011753e-10
1.3170000000019648	-7.867213547285701e-10
1.318000000001958	-8.112626126433042e-10
1.319000000001951	-8.35914670815896e-10
1.320000000001944	-8.606821921830488e-10
1.3210000000019373	-8.855689515030463e-10
1.3220000000019303	-9.105758369543082e-10
1.3230000000019233	-9.3571661530234e-10
1.3240000000019165	-9.60984181119784e-10
1.3250000000019095	-9.86387416190837e-10
1.3260000000019025	-1.0119287630061535e-09
1.3270000000018956	-1.0376113301902024e-09
1.3280000000018886	-1.0634391145458721e-09
1.3290000000018818	-1.089408785404089e-09
1.3300000000018748	-1.115529002504445e-09
1.3310000000018678	-1.1417955469994467e-09
1.332000000001861	-1.1682139700042171e-09
1.3330000000018538	-1.1947842715187562e-09
1.334000000001847	-1.2214993461157064e-09
1.33500000000184	-1.2483707401145239e-09
1.336000000001833	-1.2753875733295672e-09
1.3370000000018263	-1.3025516221176758e-09
1.3380000000018193	-1.3298646628356892e-09
1.3390000000018123	-1.3573135948519166e-09
1.3400000000018053	-1.3849157376455423e-09
1.3410000000017983	-1.4126415592841113e-09
1.3420000000017915	-1.440504382443919e-09
1.3430000000017845	-1.4684979898760275e-09
1.3440000000017776	-1.4966077266365119e-09
1.3450000000017708	-1.5248369233944459e-09
1.3460000000017638	-1.5531744779195833e-09
1.3470000000017568	-1.581612174561542e-09
1.34800000000175	-1.6101453503836183e-09
1.3490000000017428	-1.6387629031555662e-09
1.350000000001736	-1.6674559510931886e-09
1.3510000000017293	-1.6962136140108441e-09
1.352000000001722	-1.7250303407934098e-09
1.3530000000017153	-1.7538872576494668e-09
1.354000000001708	-1.7827799236869168e-09
1.3550000000017013	-1.8116894651143411e-09
1.3560000000016943	-1.8406098867274068e-09
1.3570000000016873	-1.8695209824670656e-09
1.3580000000016805	-1.898412538281491e-09
1.3590000000016735	-1.9272703433159677e-09
1.3600000000016665	-1.9560779662697314e-09
1.3610000000016598	-1.9848198640204373e-09
1.3620000000016528	-2.0134804934457406e-09
1.3630000000016458	-2.042043645289482e-09
1.364000000001639	-2.0704935543847114e-09
1.3650000000016318	-2.09881312329685e-09
1.366000000001625	-2.126985254591318e-09
1.367000000001618	-2.154990186298278e-09
1.368000000001611	-2.1828119312061744e-09
1.3690000000016043	-2.210435612326478e-09
1.370000000001597	-2.2378370267972514e-09
1.3710000000015903	-2.2650057385220634e-09
1.3720000000015833	-2.2919162123713477e-09
1.3730000000015763	-2.3185584563378825e-09
1.3740000000015695	-2.344908933693546e-09
1.3750000000015625	-2.370948548602314e-09
1.3760000000015555	-2.3966686413245952e-09
1.3770000000015488	-2.4220381256156998e-09
1.3780000000015418	-2.4470536708065538e-09
1.3790000000015348	-2.4716855229200974e-09
1.3800000000015278	-2.495923689949109e-09
1.3810000000015208	-2.51974796583454e-09
1.382000000001514	-2.543143251543256e-09
1.383000000001507	-2.5660928937298877e-09
1.3840000000015	-2.5885773524692013e-09
1.3850000000014933	-2.6105830830402965e-09
1.386000000001486	-2.6320943202762237e-09
1.3870000000014793	-2.6530944108316135e-09
1.3880000000014725	-2.6735751390560836e-09
1.3890000000014653	-2.693506528927969e-09
1.3900000000014585	-2.7128839175105668e-09
1.3910000000014515	-2.7316988671088893e-09
1.3920000000014445	-2.749917626942988e-09
1.3930000000014378	-2.767543527681937e-09
1.3940000000014305	-2.784547925571701e-09
1.3950000000014238	-2.8009343733259584e-09
1.3960000000014168	-2.8166724508338348e-09
1.3970000000014098	-2.831755940846392e-09
1.398000000001403	-2.8461764056686434e-09
1.399000000001396	-2.8599007606544546e-09
1.400000000001389	-2.8729447709707756e-09
1.4010000000013823	-2.8852726874362133e-09
1.4020000000013753	-2.896887174586027e-09
1.4030000000013683	-2.907759366621576e-09
1.4040000000013615	-2.9178970351040334e-09
1.4050000000013543	-2.927275977171462e-09
1.4060000000013475	-2.9358835362813807e-09
1.4070000000013405	-2.943710386560383e-09
1.4080000000013335	-2.9507636334358267e-09
1.4090000000013267	-2.9569982018529117e-09
1.4100000000013195	-2.9624367403613405e-09
1.4110000000013128	-2.9670486068056334e-09
1.4120000000013058	-2.9708282500706673e-09
1.4130000000012988	-2.9737776685578865e-09
1.414000000001292	-2.9758768782528477e-09
1.415000000001285	-2.9771243248433166e-09
1.416000000001278	-2.977502022716294e-09
1.4170000000012712	-2.976996205106275e-09
1.4180000000012642	-2.9756321850982204e-09
1.4190000000012573	-2.9733608908344422e-09
1.4200000000012505	-2.97021340855963e-09
1.4210000000012433	-2.9661590961183038e-09
1.4220000000012365	-2.9611721963362925e-09
1.4230000000012293	-2.9553159919259997e-09
1.4240000000012225	-2.9485256458627873e-09
1.4250000000012157	-2.9408007140574455e-09
1.4260000000012085	-2.9321727268438735e-09
1.4270000000012018	-2.9226181474939494e-09
1.4280000000011948	-2.912114105413366e-09
1.4290000000011878	-2.900686579820899e-09
1.430000000001181	-2.8883202496388094e-09
1.431000000001174	-2.8750237746066887e-09
1.432000000001167	-2.8607993751705862e-09
1.4330000000011602	-2.845626845271454e-09
1.4340000000011532	-2.8295166210057232e-09
1.4350000000011462	-2.812490018655467e-09
1.4360000000011393	-2.794529718741501e-09
1.4370000000011323	-2.775627061524233e-09
1.4380000000011255	-2.7558102466684886e-09
1.4390000000011185	-2.7350781639512434e-09
1.4400000000011115	-2.713431479506312e-09
1.4410000000011047	-2.6908895112143227e-09
1.4420000000010975	-2.667440046622005e-09
1.4430000000010907	-2.643110841304974e-09
1.4440000000010837	-2.6179018952632305e-09
1.4450000000010768	-2.5918429624738337e-09
1.44600000000107	-2.5649176116360195e-09
1.447000000001063	-2.5371655887340694e-09
1.448000000001056	-2.508591334660082e-09
1.449000000001049	-2.479225047480327e-09
1.450000000001042	-2.4490565131429776e-09
1.4510000000010352	-2.41812747603376e-09
1.4520000000010282	-2.3864372700188596e-09
1.4530000000010213	-2.354045625097001e-09
1.4540000000010145	-2.320923231380334e-09
1.4550000000010075	-2.2871389226963856e-09
1.4560000000010005	-2.2526878140638473e-09
1.4570000000009937	-2.2176043223964825e-09
1.4580000000009865	-2.1819208662066103e-09
1.4590000000009797	-2.145656541330254e-09
1.460000000000973	-2.1088217838638457e-09
1.4610000000009657	-2.0714847615010967e-09
1.462000000000959	-2.03365191353555e-09
1.4630000000009518	-1.9953361185542917e-09
1.464000000000945	-1.956609319009317e-09
1.465000000000938	-1.9174473120386892e-09
1.466000000000931	-1.877933808458465e-09
1.4670000000009242	-1.8380654775995708e-09
1.4680000000009172	-1.7978856181599667e-09
1.4690000000009102	-1.7574295352318359e-09
1.4700000000009035	-1.7167265387030284e-09
1.4710000000008965	-1.675800831435481e-09
1.4720000000008895	-1.634699930974648e-09
1.4730000000008827	-1.5934455976918116e-09
1.4740000000008757	-1.5520742469021798e-09
1.4750000000008687	-1.510622515965565e-09
1.476000000000862	-1.469121491126657e-09
1.4770000000008547	-1.4275978177380466e-09
1.478000000000848	-1.3860992353897927e-09
1.4790000000008408	-1.344647504453178e-09
1.480000000000834	-1.3032814827340644e-09
1.4810000000008272	-1.2620351430570054e-09
1.48200000000082	-1.2209413480235298e-09
1.4830000000008132	-1.180032072056747e-09
1.4840000000008062	-1.1393446186502842e-09
1.4850000000007992	-1.0989049670229178e-09
1.4860000000007925	-1.0587535292927441e-09
1.4870000000007855	-1.0189247223735265e-09
1.4880000000007785	-9.794411948149673e-10
1.4890000000007717	-9.403473555380515e-10
1.4900000000007645	-9.016696278507652e-10
1.4910000000007577	-8.634255532768975e-10
1.4920000000007507	-8.256859640454195e-10
1.4930000000007437	-7.88436427257011e-10
1.494000000000737	-7.517300115722492e-10
1.49500000000073	-7.155924741653052e-10
1.496000000000723	-6.800648932880904e-10
1.497000000000716	-6.451470468959997e-10
1.498000000000709	-6.108946681848693e-10
1.4990000000007022	-5.773233002770439e-10
1.5000000000006952	-5.444606987481393e-10
1.5010000000006882	-5.123308444154873e-10
1.5020000000006815	-4.809692644158758e-10
1.5030000000006745	-4.503835082658725e-10
1.5040000000006675	-4.206153203512031e-10
1.5050000000006605	-3.916738045006696e-10
1.5060000000006535	-3.636018153230225e-10
1.5070000000006467	-3.364033496211505e-10
1.5080000000006397	-3.1009794732028695e-10
1.5090000000006327	-2.847273528061578e-10
1.5100000000006257	-2.602902338111335e-10
1.5110000000006187	-2.3681367977701484e-10
1.512000000000612	-2.143119015585171e-10
1.513000000000605	-1.9279466911825693e-10
1.514000000000598	-1.7229195847789924e-10
1.5150000000005912	-1.52836410194368e-10
1.5160000000005842	-1.3440182300428205e-10
1.5170000000005772	-1.170228358660097e-10
1.5180000000005702	-1.0072076506162375e-10
1.5190000000005632	-8.547673679970558e-11
1.5200000000005565	-7.134337565162241e-11
1.5210000000005495	-5.83237902418432e-11
1.5220000000005425	-4.6375125961617414e-11
1.5230000000005357	-3.5569769352150615e-11
1.5240000000005285	-2.58970622724064e-11
1.5250000000005217	-1.73661085511867e-11
1.5260000000005147	-9.943157408542902e-12
1.5270000000005077	-3.707922857643098e-12
1.528000000000501	1.411093464298574e-12
1.529000000000494	5.363487431964131e-12
1.530000000000487	8.164358078488476e-12
1.53100000000048	9.819589585902122e-12
1.532000000000473	1.0290213126040726e-11
1.5330000000004662	9.61253299180953e-12
1.5340000000004592	7.794653811288299e-12
1.5350000000004522	4.8263615326504805e-12
1.5360000000004455	6.895595205946847e-13
1.5370000000004385	-4.570122058566994e-12
1.5380000000004315	-1.0976108910654148e-11
1.5390000000004245	-1.8524293210475662e-11
1.5400000000004175	-2.7169599903231756e-11
1.5410000000004107	-3.6948444304130135e-11
1.5420000000004037	-4.783395901597487e-11
1.5430000000003967	-5.979350348184198e-11
1.5440000000003897	-7.285794190181605e-11
1.5450000000003827	-8.698264331030714e-11
1.546000000000376	-1.0218004220519106e-10
1.547000000000369	-1.183817488481509e-10
1.548000000000362	-1.35645938925677e-10
1.549000000000355	-1.539097738145756e-10
1.5500000000003482	-1.7315748834789702e-10
1.5510000000003412	-1.9340617996022047e-10
1.5520000000003342	-2.1458457233336503e-10
1.5530000000003272	-2.3672064308755125e-10
1.5540000000003205	-2.5977642259533695e-10
1.5550000000003135	-2.8370394922205833e-10
1.5560000000003065	-3.085336430785901e-10
1.5570000000002997	-3.341948939805661e-10
1.5580000000002925	-3.6069969233665233e-10
1.5590000000002857	-3.8801273305466566e-10
1.5600000000002787	-4.160995992208427e-10
1.5610000000002717	-4.44944081579024e-10
1.5620000000002647	-4.745255299809514e-10
1.5630000000002577	-5.048002016394548e-10
1.564000000000251	-5.357578825027076e-10
1.565000000000244	-5.673710390396991e-10
1.566000000000237	-5.995970386862837e-10
1.5670000000002302	-6.324325507733874e-10
1.5680000000002232	-6.658384954505436e-10
1.5690000000002162	-6.997851187406923e-10
1.5700000000002092	-7.342362273732306e-10
1.5710000000002025	-7.691807191179123e-10
1.5720000000001955	-8.045899502207021e-10
1.5730000000001885	-8.404181794929855e-10
1.5740000000001815	-8.766602999088491e-10
1.5750000000001747	-9.132623546292962e-10
1.5760000000001675	-9.502230113866972e-10
1.5770000000001607	-9.874911999219194e-10
1.5780000000001537	-1.025066032056543e-09
1.5790000000001467	-1.0628928848177566e-09
1.58000000000014	-1.1009584355292645e-09
1.581000000000133	-1.1392340404370316e-09
1.582000000000126	-1.1776875030733436e-09
1.583000000000119	-1.2162990614683622e-09
1.584000000000112	-1.2550358530205585e-09
1.5850000000001052	-1.2938747850910204e-09
1.5860000000000982	-1.3327809966767745e-09
1.5870000000000912	-1.3717391667000811e-09
1.5880000000000845	-1.4107151002917817e-09
1.5890000000000775	-1.4496848166345444e-09
1.5900000000000705	-1.4886187837959142e-09
1.5910000000000635	-1.527496573672238e-09
1.5920000000000565	-1.5662837693497522e-09
1.5930000000000497	-1.6049588325017794e-09
1.5940000000000427	-1.6434928973296792e-09
1.5950000000000357	-1.681860872793095e-09
1.5960000000000287	-1.7200338930933867e-09
1.5970000000000217	-1.7579850908333583e-09
1.598000000000015	-1.795686932481999e-09
1.599000000000008	-1.8331092199730392e-09
1.600000000000001	-1.870232857470455e-09
1.6009999999999942	-1.9070196533022e-09
1.6019999999999872	-1.9434431841602873e-09
1.6029999999999802	-1.979480357405805e-09
1.6039999999999732	-2.0151016411062983e-09
1.6049999999999662	-2.0502675113220903e-09
1.6059999999999595	-2.084960648573997e-09
1.6069999999999525	-2.1191537413756123e-09
1.6079999999999455	-2.1527997162706924e-09
1.6089999999999387	-2.185884140359917e-09
1.6099999999999315	-2.2183770376216216e-09
1.6109999999999247	-2.250244879320462e-09
1.6119999999999177	-2.281457245345564e-09
1.6129999999999107	-2.3119717251773864e-09
1.6139999999999037	-2.3417874306375097e-09
1.614999999999897	-2.37085728826969e-09
1.61599999999989	-2.399145992981744e-09
1.616999999999883	-2.4266475495693385e-09
1.617999999999876	-2.4533017839445392e-09
1.6189999999998692	-2.4791051433936673e-09
1.6199999999998622	-2.5040141071741573e-09
1.6209999999998552	-2.5280162407881335e-09
1.6219999999998485	-2.5510800139016965e-09
1.6229999999998415	-2.573164792352145e-09
1.6239999999998345	-2.5942610282214673e-09
1.6249999999998275	-2.6143476272721955e-09
1.6259999999998205	-2.6333868419214923e-09
1.6269999999998137	-2.6513553574858406e-09
1.6279999999998067	-2.6682505094299813e-09
1.6289999999997997	-2.684037658795546e-09
1.6299999999997927	-2.6986863854716603e-09
1.6309999999997857	-2.712204905108706e-09
1.631999999999779	-2.724559022837525e-09
1.632999999999772	-2.7357325294019574e-09
1.633999999999765	-2.7457085494120292e-09
1.634999999999758	-2.7544799774403828e-09
1.6359999999997512	-2.7620459253085983e-09
1.6369999999997442	-2.7683575432035923e-09
1.6379999999997372	-2.773425933355611e-09
1.6389999999997302	-2.7772668609316042e-09
1.6399999999997235	-2.7798081614349712e-09
1.6409999999997165	-2.7810893588053887e-09
1.6419999999997095	-2.7811020153478694e-09
1.6429999999997025	-2.7798128243716747e-09
1.6439999999996955	-2.7772273369919276e-09
1.6449999999996887	-2.773369756070565e-09
1.6459999999996817	-2.7681787972966276e-09
1.6469999999996747	-2.7617008679925448e-09
1.6479999999996677	-2.7539144298316387e-09
1.6489999999996607	-2.7448077144498484e-09
1.649999999999654	-2.7343876052299265e-09
1.650999999999647	-2.722666314625144e-09
1.65199999999964	-2.7096387356095875e-09
1.6529999999996332	-2.69531041929838e-09
1.6539999999996262	-2.6796529439820915e-09
1.6549999999996192	-2.6627151594738052e-09
1.6559999999996122	-2.6444963996397064e-09
1.6569999999996052	-2.6249724616178582e-09
1.6579999999995985	-2.604171767117691e-09
1.6589999999995915	-2.5820960924960445e-09
1.6599999999995845	-2.558764089499732e-09
1.6609999999995777	-2.5341504450437924e-09
1.6619999999995705	-2.508303786896704e-09
1.6629999999995637	-2.4812012444641596e-09
1.6639999999995567	-2.452876346481503e-09
1.6649999999995497	-2.4233366424653013e-09
1.665999999999543	-2.392579467880296e-09
1.666999999999536	-2.3606379073726202e-09
1.667999999999529	-2.3275157357005583e-09
1.668999999999522	-2.293233825056973e-09
1.669999999999515	-2.2577821834346423e-09
1.6709999999995082	-2.2212234274121556e-09
1.6719999999995012	-2.1835224739419345e-09
1.6729999999994942	-2.1447486009407157e-09
1.6739999999994875	-2.1048822684832658e-09
1.6749999999994805	-2.0639530085020397e-09
1.6759999999994735	-2.022001233115134e-09
1.6769999999994665	-1.9790109551109936e-09
1.6779999999994595	-1.9350225866077153e-09
1.6789999999994527	-1.890053891173693e-09
1.6799999999994457	-1.844145502971628e-09
1.6809999999994387	-1.7972994204029646e-09
1.6819999999994317	-1.7495276338763688e-09
1.6829999999994247	-1.7008741082236156e-09
1.683999999999418	-1.6513603817713829e-09
1.684999999999411	-1.6010019976420153e-09
1.685999999999404	-1.5498242689204744e-09
1.6869999999993972	-1.4978667195464368e-09
1.6879999999993902	-1.4451495555789506e-09
1.6889999999993832	-1.3916681140813125e-09
1.6899999999993762	-1.3374987783976167e-09
1.6909999999993692	-1.2826368855911596e-09
1.6919999999993625	-1.2271077487469029e-09
1.6929999999993555	-1.1709575531426708e-09
1.6939999999993485	-1.114202508034623e-09
1.6949999999993415	-1.0568630415264124e-09
1.6959999999993345	-9.989638005691859e-10
1.6969999999993277	-9.405716205890258e-10
1.6979999999993207	-8.816445351556013e-10
1.6989999999993137	-8.222875713670419e-10
1.6999999999993067	-7.624605391498562e-10
1.7009999999993	-7.022191716998805e-10
1.701999999999293	-6.416085440719144e-10
1.702999999999286	-5.806244374184644e-10
1.703999999999279	-5.193032670547382e-10
1.7049999999992722	-4.5769099621395526e-10
1.7059999999992652	-3.957829619594122e-10
1.7069999999992582	-3.336304565948467e-10
1.7079999999992515	-2.7125435231312167e-10
1.7089999999992442	-2.0867507721789025e-10
1.7099999999992375	-1.4591883257253357e-10
1.7109999999992305	-8.302780685198741e-11
1.7119999999992235	-2.0006440948350246e-11
1.7129999999992167	4.309541612457224e-11
1.7139999999992095	1.0626655111423133e-10
1.7149999999992027	1.6947199199535135e-10
1.7159999999991957	2.3268686977218067e-10
1.7169999999991887	2.958822076237766e-10
1.717999999999182	3.5902736339465946e-10
1.718999999999175	4.2209424844230625e-10
1.719999999999168	4.850539969680767e-10
1.720999999999161	5.478804077085897e-10
1.721999999999154	6.105362881925203e-10
1.7229999999991472	6.729994339593759e-10
1.7239999999991402	7.352352060507883e-10
1.7249999999991332	7.972107418652286e-10
1.7259999999991265	8.589061684105559e-10
1.7269999999991195	9.20280851524069e-10
1.7279999999991125	9.813092560762016e-10
1.7289999999991055	1.041960517866869e-09
1.7299999999990985	1.102212987547091e-09
1.7309999999990917	1.1620244766419319e-09
1.7319999999990847	1.2213594580146037e-09
1.7329999999990777	1.2802232607356245e-09
1.7339999999990707	1.3385681452149356e-09
1.7349999999990655	1.3963563638696996e-09
1.7359999999990614	1.4535778136703925e-09
1.7369999999990573	1.510197411569436e-09
1.7379999999990532	1.5662060537380285e-09
1.7389999999990489	1.6215514486717097e-09
1.7399999999990448	1.6762368160172514e-09
1.7409999999990406	1.7302267396601678e-09
1.7419999999990363	1.7835042331881823e-09
1.7429999999990322	1.8360355458213462e-09
1.743999999999028	1.88781978938124e-09
1.744999999999024	1.938815108459835e-09
1.74599999999902	1.9889995206412436e-09
1.7469999999990156	2.0383582599592387e-09
1.7479999999990115	2.086891104369215e-09
1.7489999999990071	2.134561638555965e-09
1.749999999999003	2.1813081341193197e-09
1.7509999999990045	2.227190210035701e-09
1.751999999999006	2.272134813630089e-09
1.7529999999990071	2.3161208506650155e-09
1.7539999999990086	2.359163975285128e-09
1.75499999999901	2.401209897584522e-09
1.7559999999990115	2.4422617261876667e-09
1.756999999999013	2.4822939259649957e-09
1.7579999999990141	2.521275077604912e-09
1.7589999999990156	2.559211731423261e-09
1.759999999999017	2.5960700256177915e-09
1.7609999999990182	2.631830087196363e-09
1.7619999999990197	2.666504905768363e-09
1.7629999999990211	2.7000568447732576e-09
1.7639999999990226	2.7324670304196275e-09
1.7649999999990238	2.763736017818985e-09
1.7659999999990263	2.7938392710424864e-09
1.7669999999990305	2.8227699067073786e-09
1.7679999999990346	2.85053280979497e-09
1.7689999999990387	2.8771226512347425e-09
1.769999999999043	2.902501239354649e-09
1.7709999999990471	2.926693665195046e-09
1.7719999999990512	2.949673727492552e-09
1.7729999999990556	2.9714704030681105e-09
1.7739999999990597	2.9920211863654345e-09
1.7749999999990638	3.0113869176062735e-09
1.7759999999990679	3.0295478348207894e-09
1.776999999999072	3.04649483418018e-09
1.7779999999990763	3.0622424596060682e-09
1.7789999999990804	3.0768112502244094e-09
1.7799999999990845	3.0901625702739466e-09
1.7809999999990886	3.102349266370652e-09
1.781999999999093	3.113355129258366e-09
1.782999999999097	3.123187819475959e-09
1.7839999999991012	3.1318587723205837e-09
1.7849999999991053	3.1393700972159877e-09
1.7859999999991096	3.145775639978865e-09
1.7869999999991137	3.151004679402547e-09
1.7879999999991179	3.155144923105979e-09
1.788999999999122	3.1581702808480827e-09
1.789999999999126	3.1600969618850172e-09
1.7909999999991304	3.1609239670160605e-09
1.7919999999991345	3.160697037429827e-09
1.7929999999991386	3.1593871963053743e-09
1.7939999999991427	3.1570410730097365e-09
1.794999999999147	3.1536504518925312e-09
1.7959999999991512	3.1492217722473015e-09
1.7969999999991553	3.143772464575534e-09
1.7979999999991594	3.1373177389326656e-09
1.7989999999991637	3.129873249463344e-09
1.7999999999991678	3.1214298923387673e-09
1.800999999999172	3.1120233057180258e-09
1.801999999999176	3.1016303969622072e-09
1.8029999999991801	3.0903026804196543e-09
1.8039999999991845	3.0780186177636892e-09
1.8049999999991886	3.0648155124879395e-09
1.8059999999991927	3.0506795978268997e-09
1.8069999999991968	3.035651729987876e-09
1.8079999999992011	3.0196939393434263e-09
1.8089999999992052	3.002863957490831e-09
1.8099999999992094	2.9851588978502264e-09
1.8109999999992135	2.9665722101057668e-09
1.8119999999992178	2.947158517230264e-09
1.812999999999222	2.9268928392056637e-09
1.813999999999226	2.9058170314399945e-09
1.8149999999992301	2.8839054477813875e-09
1.8159999999992344	2.8612163749386355e-09
1.8169999999992386	2.8377518113131828e-09
1.8179999999992427	2.813520749711529e-09
1.8189999999992468	2.7885410647243702e-09
1.819999999999251	2.7628235255150457e-09
1.8209999999992552	2.7364279731045826e-09
1.8219999999992593	2.7092987853194472e-09
1.8229999999992634	2.6815196729756963e-09
1.8239999999992675	2.653073205571843e-09
1.8249999999992719	2.6239728168064858e-09
1.825999999999276	2.5942716863625037e-09
1.82699999999928	2.5639497192031513e-09
1.8279999999992842	2.533053322650858e-09
1.8289999999992885	2.5015876037315365e-09
1.8299999999992926	2.4695738787272603e-09
1.8309999999992967	2.4370434559273235e-09
1.8319999999993009	2.40399200546193e-09
1.8329999999993052	2.3704675999880465e-09
1.8339999999993093	2.336457693985494e-09
1.8349999999993134	2.3020124695349864e-09
1.8359999999993175	2.267119714183252e-09
1.8369999999993218	2.23184382086572e-09
1.837999999999326	2.196166914991693e-09
1.83899999999933	2.160134293660576e-09
1.8399999999993342	2.1237543945673565e-09
1.8409999999993385	2.0870565275998842e-09
1.8419999999993426	2.050059566549578e-09
1.8429999999993467	2.012795263794942e-09
1.8439999999993508	1.975276497923062e-09
1.844999999999355	1.9375409054944726e-09
1.8459999999993593	1.8996036965646113e-09
1.8469999999993634	1.861489851151532e-09
1.8479999999993675	1.8232285681207827e-09
1.8489999999993716	1.784836611840035e-09
1.849999999999376	1.7463480661561448e-09
1.85099999999938	1.7077866898418392e-09
1.8519999999993841	1.6691693582870926e-09
1.8529999999993882	1.6305283789819214e-09
1.8539999999993926	1.591884957186096e-09
1.8549999999993967	1.5532655162076026e-09
1.8559999999994008	1.5146902621054892e-09
1.856999999999405	1.4761849520539272e-09
1.857999999999409	1.4377790069630692e-09
1.8589999999994133	1.3994776448811308e-09
1.8599999999994175	1.3613214999708134e-09
1.8609999999994216	1.3233232287745977e-09
1.861999999999426	1.2855038145076492e-09
1.86299999999943	1.2478851285635528e-09
1.863999999999434	1.2104915958488505e-09
1.8649999999994382	1.1733333193930662e-09
1.8659999999994423	1.1364343910358343e-09
1.8669999999994467	1.099815238880808e-09
1.8679999999994508	1.0634886304927704e-09
1.8689999999994549	1.0274682216149245e-09
1.869999999999459	9.917784371538119e-10
1.870999999999463	9.564259384475804e-10
1.8719999999994674	9.214290441761364e-10
1.8729999999994715	8.868030754172196e-10
1.8739999999994756	8.525518069291138e-10
1.87499999999948	8.186948896593549e-10
1.875999999999484	7.852444250389112e-10
1.8769999999994882	7.52204520892974e-10
1.8779999999994923	7.195806173143637e-10
1.8789999999994964	6.873911440052893e-10
1.8799999999995007	6.55645759906065e-10
1.8809999999995048	6.243455752397153e-10
1.881999999999509	5.934950308983389e-10
1.882999999999513	5.631206612122241e-10
1.8839999999995174	5.332266850288647e-10
1.8849999999995215	5.038049977201808e-10
1.8859999999995256	4.748765825013379e-10
1.8869999999995297	4.4646308872131613e-10
1.887999999999534	4.1855574561822095e-10
1.8889999999995382	3.9116065941868783e-10
1.8899999999995423	3.642933732450615e-10
1.8909999999995464	3.3797298293336553e-10
1.8919999999995505	3.1219515861380387e-10
1.8929999999995548	2.869735560295794e-10
1.893999999999559	2.62308619269902e-10
1.894999999999563	2.3820723171752434e-10
1.8959999999995671	2.1468660182932808e-10
1.8969999999995715	1.9174040133407289e-10
1.8979999999995756	1.6937273805694986e-10
1.8989999999995797	1.475921607152486e-10
1.8999999999995838	1.2638112778518007e-10
1.9009999999995881	1.0578304898700708e-10
1.9019999999995922	8.57603987824973e-11
1.9029999999995963	6.632216997815021e-11
1.9039999999996005	4.7488235566106596e-11
1.9049999999996048	2.9243718557836473e-11
1.905999999999609	1.157951512453792e-11
1.906999999999613	-5.4924953474255744e-12
1.9079999999996171	-2.197575454943035e-11
1.9089999999996214	-3.7872149860618265e-11
1.9099999999996256	-5.318900875295185e-11
1.9109999999996297	-6.791456286237008e-11
1.9119999999996338	-8.205924828530442e-11
1.9129999999996379	-9.561773595123668e-11
1.9139999999996422	-1.0859735333212939e-10
1.9149999999996463	-1.2100742630138939e-10
1.9159999999996504	-1.328428478331034e-10
1.9169999999996545	-1.4409651249991384e-10
1.9179999999996589	-1.5478285320114082e-10
1.918999999999663	-1.649218539512276e-10
1.919999999999667	-1.744853150853487e-10
1.9209999999996712	-1.8348966790426857e-10
1.9219999999996755	-1.9194867917349256e-10
1.9229999999996796	-1.998563536886877e-10
1.9239999999996837	-2.0721757643116234e-10
1.9249999999996878	-2.140565502628533e-10
1.9259999999996922	-2.2035084867866317e-10
1.9269999999996963	-2.2612178796066473e-10
1.9279999999997004	-2.313684799304383e-10
1.9289999999997045	-2.3610247090743997e-10
1.9299999999997088	-2.403215404456205e-10
1.930999999999713	-2.4404056553350983e-10
1.931999999999717	-2.4724289282573864e-10
1.9329999999997212	-2.4995228109503387e-10
1.9339999999997253	-2.521665098953463e-10
1.9349999999997296	-2.538824706022069e-10
1.9359999999997337	-2.5511681656098517e-10
1.9369999999997378	-2.5586710528102685e-10
1.937999999999742	-2.561382217436403e-10
1.9389999999997463	-2.5594260044670136e-10
1.9399999999997504	-2.552786870779755e-10
1.9409999999997545	-2.541573618231041e-10
1.9419999999997586	-2.525677444964458e-10
1.942999999999763	-2.5053759067361625e-10
1.943999999999767	-2.48050469053851e-10
1.9449999999997711	-2.4513457930197546e-10
1.9459999999997752	-2.41786146659706e-10
1.9469999999997794	-2.380204922047824e-10
1.9479999999997837	-2.338444993199573e-10
1.9489999999997878	-2.2926571752179825e-10
1.949999999999792	-2.2429169632687262e-10
1.950999999999796	-2.1894397406185817e-10
1.9519999999998003	-2.132189980130761e-10
1.9529999999998044	-2.0712631609853815e-10
1.9539999999998086	-2.0067836281612017e-10
1.9549999999998127	-1.93884464039229e-10
1.955999999999817	-1.867410670541858e-10
1.956999999999821	-1.7926971018766835e-10
1.9579999999998252	-1.7145840303101068e-10
1.9589999999998293	-1.633428947656057e-10
1.9599999999998337	-1.5490608795687422e-10
1.9609999999998378	-1.461639698163708e-10
1.9619999999998419	-1.3711720647791026e-10
1.962999999999846	-1.277775663055536e-10
1.9639999999998503	-1.1815348699428796e-10
1.9649999999998544	-1.0825895735422364e-10
1.9659999999998585	-9.808953649326213e-11
1.9669999999998626	-8.766387615821714e-11
1.9679999999998667	-7.698375270592805e-11
1.968999999999871	-6.606071245585099e-11
1.9699999999998752	-5.4905191504417417e-11
1.9709999999998793	-4.352740390345389e-11
1.9719999999998834	-3.1927571697565327e-11
1.9729999999998877	-2.0140111800515115e-11
1.9739999999998918	-8.1512574467979e-12
1.974999999999896	4.015454635464266e-12
1.9759999999999	1.6343926212414317e-11
1.9769999999999044	2.8836044663194116e-11
1.9779999999999085	4.146250009995356e-11
1.9789999999999126	5.422085003203847e-11
1.9799999999999167	6.709122146730806e-11
1.980999999999921	8.00591815064422e-11
1.9819999999999252	9.310685555874443e-11
1.9829999999999293	1.062219201486414e-10
1.9839999999999334	1.1938394717248002e-10
1.9849999999999375	1.3257550612877367e-10
1.9859999999999418	1.4577694606998648e-10
1.986999999999946	1.5896928218239736e-10
1.98799999999995	1.721345288530074e-10
1.9889999999999541	1.8525525558032996e-10
1.9899999999999585	1.983171404873474e-10
1.9909999999999626	2.1130319716178292e-10
1.9919999999999667	2.242023233733903e-10
1.9929999999999708	2.370007523566642e-10
1.9939999999999751	2.4968549450221644e-10
1.9949999999999792	2.622595474122136e-10
1.9959999999999833	2.747027050276074e-10
1.9969999999999875	2.870056414749911e-10
1.9979999999999918	2.991777936500739e-10
1.998999999999996	3.1118907450888855e-10
2.0	3.230566925083167e-10
2.0010279404845495	3.35107497306808e-10
2.0021217900815715	3.477388377248758e-10
2.0032857751923165	3.6097425049064213e-10
2.004524391841744	3.748328314401306e-10
2.005842426366887	3.8929670598264465e-10
2.007244970197923	4.043870793779547e-10
2.0087374418720856	4.201138326109799e-10
2.0103256076664273	4.364610894924681e-10
2.0120156028936726	4.534317366022833e-10
2.013813957200875	4.709854728446317e-10
2.0157276178435577	4.891357319181111e-10
2.0177639781367303	5.07811792616053e-10
2.019930905358886	5.269432667986962e-10
2.0222367711443985	5.464986241321412e-10
2.024690484011897	5.662650348625675e-10
2.027301523572695	5.8619087361933e-10
2.0300799770731848	6.05993477620359e-10
2.033036578410754	6.253263462596692e-10
2.036182751117039	6.438993782609259e-10
2.039530649180409	6.611897696018332e-10
2.043093206833892	6.767637561466699e-10
2.046884188175661	6.901575977380503e-10
2.050918238233338	7.004941071642179e-10
2.0552109433735133	7.073635011067836e-10
2.059778886913171	7.101205179438352e-10
2.0646397170403086	7.081359942873178e-10
2.0698122132469665	7.014847591690909e-10
2.0753163565584574	6.897658000326601e-10
2.081173414838828	6.736020630171424e-10
2.0874060143976347	6.542802966080785e-10
2.094038234979271	6.327611767886765e-10
2.1010956980169606	6.117177875353264e-10
2.1086056699538682	5.950486769989993e-10
2.116597165034399	5.877622832883844e-10
2.125101056786564	5.915501422038005e-10
2.1341501990307465	6.037979005668603e-10
2.143779554474847	6.239661010098985e-10
2.1540263207146424	6.569729205097019e-10
2.1649300857539027	6.93255008954452e-10
2.1765329774064615	7.26238180703831e-10
2.1888798204423576	7.497242826559614e-10
2.2020183144046843	7.722941175458686e-10
2.2159992202680474	7.948166569349269e-10
2.2308765524295735	7.796241430213513e-10
2.246707783705272	6.789407924756574e-10
2.263554079768369	5.473860253957241e-10
2.2814805235907363	3.636829726261226e-10
2.3005563724108544	1.6370815814070738e-10
2.320855322320133	-1.274005345663909e-10
2.3424557929209753	-3.607119047899232e-10
2.3654412374910825	-5.110600831415013e-10
2.389900455657507	-5.456719520680053e-10
2.41592795027163	-4.5628389955254534e-10
2.44362426638729	-1.8600965212556275e-10
2.473096411506492	2.5931323754946334e-10
2.5044582437089975	7.766145504461974e-10
2.537830924630887	1.1487735207538208e-09
2.5733433911797423	1.3878447280291084e-09
2.611132843166974	1.083360512410536e-09
2.6513452603475027	5.596354490933209e-10
2.6941360153529494	7.984768402025111e-11
2.739670418177515	-1.8860779604779054e-10
2.788124380079947	2.6323943025374774e-11
2.839685109337027	6.608025238108439e-10
2.894551789617174	1.0996011878816603e-09
2.9529364084026577	1.0049894250130365e-09
3.0150645170164534	5.381225465228567e-10
3.0811761422888653	-4.1799008698717444e-10
3.1515266965252042	-1.0554814799945689e-09
3.226387989377641	-1.0623368851270243e-10
3.30604919671757	1.4881145204981294e-09
3.39081811677136	1.863690757275549e-09
3.4810222154328754	1.6174718231454221e-09
3.577010018652917	1.2954348704852237e-09
3.6791523315125145	1.1384121423319016e-09
3.7878438030764574	6.110488781629897e-10
3.9035043177534527	3.3577762792447174e-10
4.02658072998157	5.7728710700644115e-11
4.157548527011607	8.38384917045687e-12
4.296913682346355	3.9438874388508793e-10
4.445214635465608	-6.620251014055611e-10
4.603024347307951	-2.8804181262387374e-10
4.770952424745148	8.370248938405211e-11
4.9496476786701376	-8.101830317741587e-10
5.139800459354712	-8.705167697797833e-10
5.342145448462832	-1.1701528634944225e-10
5.557464321076707	6.776970096211699e-10
5.786588991858403	-2.694371392664152e-10
6.03040459644804	-3.0406166473539997e-10
6.289853138906711	1.174742525478223e-10
6.565936951835777	2.3775847957097085e-10
6.859722633511745	4.3932857352046994e-11
7.172345245053396	-7.960432313325327e-11
7.505012494394354	7.247891176120902e-11
7.859009576011049	-6.652989270605758e-11
8.23570422033976	3.5734748493609914e-11
8.636551628113326	-1.5560197574870926e-10
9.063100564489073	-1.6994117224555794e-10
9.516998831091398	-3.1090685581602884e-11
10.0	3.934950143502647e-10
