0.0	0.8711392759218715
0.0010000000000041087	0.8710730829458315
0.0020000000000082174	0.8709094652254767
0.003000000000012548	0.8706378480652142
0.004000000000016657	0.870265061341527
0.005000000000020766	0.8697812933889242
0.006000000000024874	0.8691944028348909
0.007000000000029205	0.8684997479725445
0.008000000000033314	0.8676987486502676
0.009000000000037423	0.8667924424777971
0.010000000000041753	0.8657790178119561
0.011000000000045862	0.8646588408372486
0.01200000000004997	0.8634343226584549
0.01300000000005408	0.8621020550569236
0.01400000000005841	0.8606648071443521
0.015000000000062519	0.8591226791675683
0.016000000000066406	0.8574726661238369
0.017000000000070736	0.8557192426882492
0.018000000000074845	0.8538605901854956
0.019000000000078954	0.8518959257946628
0.020000000000083062	0.8498268975436456
0.021000000000087393	0.847654007366011
0.022000000000091502	0.8453743856026188
0.02300000000009561	0.8429957711464031
0.02400000000009972	0.8405076036550153
0.02500000000010405	0.8379204794319256
0.02600000000010816	0.8352285951641387
0.027000000000112268	0.8324344210936166
0.0280000000001166	0.8295370915188249
0.029000000000120707	0.8265403726576716
0.030000000000124816	0.8234399399821761
0.031000000000128924	0.8202392883005154
0.032000000000133255	0.8169398803485292
0.033000000000137364	0.8135386091871606
0.03400000000014147	0.810039560661339
0.0350000000001458	0.8064420548014516
0.03600000000014991	0.8027452994340751
0.03700000000015402	0.798952988650146
0.03800000000015813	0.7950630679736439
0.03900000000016246	0.7910785696252276
0.04000000000016657	0.7869982839527104
0.04100000000017068	0.7828241630944993
0.04200000000017501	0.7785564956678811
0.04300000000017912	0.7741968031740173
0.044000000000183226	0.7697467835131424
0.045000000000187335	0.7652045652237983
0.046000000000191665	0.7605743387668306
0.04700000000019555	0.7558560549304796
0.04800000000019966	0.7510496953701246
0.04900000000020399	0.7461585445854124
0.0500000000002081	0.741182157195285
0.05100000000021221	0.7361225356742481
0.05200000000021632	0.730980364179547
0.05300000000022065	0.7257581920865234
0.05400000000022476	0.7204552180175599
0.055000000000228866	0.7150760242289432
0.0560000000002332	0.7096199100942902
0.057000000000237305	0.7040873002864555
0.058000000000241414	0.6984837171965793
0.05900000000024552	0.6928066198318326
0.060000000000249853	0.6870592262823516
0.06100000000025396	0.6812452134191904
0.06200000000025807	0.6753623586549903
0.0630000000002624	0.6694155337778882
0.06400000000026651	0.6634058949286266
0.06500000000027062	0.6573345125729722
0.06600000000027473	0.6512034612215634
0.06700000000027906	0.6450156476477751
0.06800000000028317	0.6387711067698123
0.06900000000028728	0.632474876641707
0.0700000000002916	0.6261250027329135
0.07100000000029572	0.6197272481964325
0.07200000000029982	0.6132817382449123
0.07300000000030393	0.6067907682509461
0.07400000000030826	0.6002568600506921
0.07500000000031237	0.5936824145806543
0.07600000000031648	0.5870684544035034
0.07700000000032081	0.5804187953091083
0.0780000000003247	0.573734689438808
0.07900000000032881	0.567018429241346
0.08000000000033292	0.5602727842675381
0.08100000000033725	0.5534995231736368
0.08200000000034136	0.5467014964592669
0.08300000000034546	0.5398806104748198
0.0840000000003498	0.5330394148941155
0.0850000000003539	0.5261801105119135
0.08600000000035801	0.519305347639115
0.08700000000036212	0.5124171043850225
0.08800000000036645	0.505518108456015
0.08900000000037056	0.49861039729364
0.09000000000037467	0.4916966555046399
0.091000000000379	0.4847789786755038
0.09200000000038311	0.47786005676117327
0.09300000000038722	0.47094182724070954
0.09400000000039133	0.4640269637391844
0.09500000000039566	0.45711781110988847
0.09600000000039977	0.45021630306434557
0.09700000000040387	0.44332510782865997
0.0980000000004082	0.4364466956010892
0.09900000000041231	0.4295826340711306
0.10000000000041642	0.42273606640426764
0.10100000000042053	0.4159083776695418
0.10200000000042486	0.4091025089576231
0.10300000000042897	0.4023200376493319
0.10400000000043308	0.3955632053033299
0.10500000000043741	0.38883516539294183
0.10600000000044152	0.38213581606611635
0.10700000000044563	0.3754696895400098
0.10800000000044951	0.36883721859361585
0.10900000000045384	0.36224026577081525
0.11000000000045795	0.3556828286779664
0.11100000000046206	0.34916434664047746
0.1120000000004664	0.3426872705107997
0.1130000000004705	0.3362541864412749
0.11400000000047461	0.3298670041337921
0.11500000000047872	0.32352630989182596
0.11600000000048305	0.3172349732740518
0.11700000000048716	0.3109936033764046
0.11800000000049127	0.3048045588573528
0.1190000000004956	0.2986691479228907
0.12000000000049971	0.2925887851909532
0.12100000000050382	0.2865649144025548
0.12200000000050792	0.280599313131213
0.12300000000051226	0.2746928052322932
0.12400000000051636	0.26884685402099073
0.12500000000052047	0.26306280574051577
0.1260000000005248	0.2573415828861976
0.1270000000005289	0.25168476836144316
0.12800000000053302	0.2460929331191064
0.12900000000053713	0.24056739536890115
0.13000000000054146	0.23510920210843678
0.13100000000054557	0.2297180611631916
0.13200000000054968	0.22439779258758108
0.133000000000554	0.21914517302153624
0.13400000000055812	0.21396377684477086
0.13500000000056223	0.20885415767208282
0.13600000000056633	0.20381537611601264
0.13700000000057067	0.1988497841277418
0.13800000000057477	0.19395523866609576
0.13900000000057866	0.1891368675320999
0.140000000000583	0.18438929893570088
0.1410000000005871	0.17971863157459167
0.1420000000005912	0.1751193213550375
0.14300000000059532	0.17059777411260513
0.14400000000059965	0.16614840482783977
0.14500000000060376	0.16177557414912203
0.14600000000060787	0.15747734053856777
0.1470000000006122	0.15325443514122372
0.1480000000006163	0.14910580357599534
0.14900000000062041	0.14503388351597013
0.15000000000062452	0.14103534896227976
0.15100000000062885	0.13711303092994642
0.15200000000063296	0.133264616039795
0.15300000000063707	0.12949101640022131
0.1540000000006414	0.12579080594225567
0.1550000000006455	0.12216572125575575
0.15600000000064962	0.1186129300188068
0.15700000000065373	0.11513415263413485
0.15800000000065806	0.11172749033496743
0.15900000000066217	0.10839386256228367
0.16000000000066628	0.10513138840974068
0.16100000000067038	0.10193972803556528
0.16200000000067472	0.09881943438516194
0.16300000000067882	0.0957697355206143
0.16400000000068293	0.09278760912506845
0.16500000000068726	0.08987628588488139
0.16600000000069137	0.08703092900544995
0.16700000000069548	0.0842554621153333
0.1680000000006996	0.08154392497512486
0.16900000000070392	0.07890087390639045
0.1700000000007078	0.0763213041619204
0.17100000000071192	0.07380605857490419
0.17200000000071625	0.07135412225958337
0.17300000000072036	0.06896658351554708
0.17400000000072446	0.0666381277007565
0.17500000000072857	0.06437232725475894
0.1760000000007329	0.0621665146739121
0.177000000000737	0.06001893418632742
0.17800000000074112	0.057930647024807325
0.17900000000074545	0.05589822810512701
0.18000000000074956	0.0539235009395721
0.18100000000075367	0.052003051724725635
0.18200000000075778	0.05013785491569023
0.1830000000007621	0.04832474137034748
0.18400000000076622	0.04656557283624441
0.18500000000077033	0.04485694134327978
0.18600000000077466	0.0431997667646411
0.18700000000077877	0.04159122766080203
0.18800000000078287	0.040031923831515215
0.18900000000078698	0.0385199631318921
0.1900000000007913	0.03705399716158442
0.19100000000079542	0.035634738092571894
0.19200000000079953	0.034259091885910364
0.19300000000080386	0.03292787632229477
0.19400000000080797	0.03163915291862607
0.19500000000081208	0.030391988423301486
0.1960000000008162	0.029185371521156522
0.19700000000082052	0.02801901491013492
0.19800000000082463	0.02689149774957711
0.19900000000082874	0.025801375061426435
0.20000000000083307	0.024749023619006216
0.20100000000083695	0.02373177935892634
0.20200000000084106	0.02275073428791896
0.20300000000084517	0.021802741996216124
0.2040000000008495	0.020888968408973585
0.2050000000008536	0.02000738398039692
0.20600000000085772	0.01915706475054979
0.20700000000086205	0.018338035182345558
0.20800000000086616	0.017548427225539842
0.20900000000087027	0.016788179085500454
0.21000000000087438	0.01605560441419951
0.2110000000008787	0.015350851189487758
0.21200000000088282	0.014672558053610785
0.21300000000088692	0.01401992358130133
0.21400000000089126	0.013392505493659779
0.21500000000089536	0.012789073740617107
0.21600000000089947	0.01220934355714931
0.21700000000090358	0.011652195311368296
0.2180000000009079	0.011117302665720086
0.21900000000091202	0.010603652213530324
0.22000000000091613	0.010110700354432178
0.22100000000092046	0.009637668701159896
0.22200000000092457	0.009184061454058812
0.22300000000092868	0.008748959889534391
0.2240000000009328	0.008332110592012443
0.22500000000093712	0.007932474799069222
0.22600000000094123	0.007549808009374548
0.22700000000094533	0.0071834152251992744
0.22800000000094967	0.006832542124750929
0.22900000000095377	0.006496873637300893
0.23000000000095788	0.006175743725999161
0.23100000000096177	0.005868666548206614
0.2320000000009661	0.005575085983801298
0.2330000000009702	0.005294591110469149
0.23400000000097432	0.0050265653569032676
0.23500000000097865	0.0047706082401673955
0.23600000000098276	0.004526178943607517
0.23700000000098687	0.0042932063734475445
0.23800000000099097	0.0040704623668312845
0.2390000000009953	0.0038584239717920354
0.24000000000099941	0.0036561062459842253
0.24100000000100352	0.0034632046064229094
0.24200000000100785	0.0032797269389562844
0.24300000000101196	0.0031045758904131304
0.24400000000101607	0.002938133250944497
0.24500000000102018	0.0027794760673038876
0.2460000000010245	0.0026287165347681496
0.24700000000102862	0.0024852161275256135
0.24800000000103273	0.002348825005925148
0.24900000000103706	0.0022191662581616534
0.25000000000104117	0.002095990188554442
0.2510000000010453	0.0019789276390307364
0.2520000000010494	0.0018679412528574968
0.2530000000010537	0.0017624873312155342
0.2540000000010578	0.0016624440918244776
0.25500000000106193	0.001567567208776155
0.25600000000106626	0.0014775995086070415
0.25700000000107037	0.0013922911495569679
0.2580000000010745	0.001311577140874598
0.2590000000010786	0.0012349725314194648
0.2600000000010829	0.001162603618168001
0.26100000000108703	0.0010939882082248165
0.2620000000010909	0.001029133525072945
0.26300000000109525	0.0009677567325645509
0.26400000000109936	0.0009097367160837422
0.26500000000110346	0.0008549373448305531
0.2660000000011076	0.000803113027100788
0.2670000000011119	0.0007541884893309536
0.268000000001116	0.0007079958427261834
0.2690000000011201	0.0006644296067823685
0.27000000000112445	0.0006232989424286295
0.27100000000112856	0.0005844980565862246
0.27200000000113267	0.0005479482527290802
0.2730000000011368	0.000513460405760835
0.2740000000011411	0.00048105430985478925
0.2750000000011452	0.00045042893790603333
0.2760000000011493	0.00042166506577157037
0.27700000000115366	0.00039461647184879656
0.27800000000115777	0.0003691033530774934
0.2790000000011619	0.00034517507767761746
0.280000000001166	0.00032264500263967655
0.2810000000011703	0.0003014942380974439
0.2820000000011744	0.0002816132088800938
0.28300000000117853	0.0002629676144643156
0.28400000000118286	0.00024544832776829395
0.28500000000118697	0.0002290222513270379
0.2860000000011911	0.00021361623627313975
0.2870000000011952	0.00019916356914295719
0.2880000000011995	0.00018563806264493277
0.2890000000012036	0.00017295164973929467
0.29000000000120774	0.00016107210288984763
0.29100000000121207	0.00014996277574463868
0.2920000000012162	0.00013955447817637356
0.29300000000122006	0.0001298230218371721
0.29400000000122417	0.00012072888224956557
0.2950000000012285	0.00011222602512139801
0.2960000000012326	0.00010427792342049269
0.2970000000012367	9.685994085706362e-05
0.29800000000124083	8.993403547141732e-05
0.29900000000124516	8.346985367546633e-05
0.30000000000124927	7.743905819590502e-05
0.3010000000012534	7.181710103798533e-05
0.3020000000012577	6.657700043699588e-05
0.3030000000012618	6.16952987606556e-05
0.3040000000012659	5.7146681028963364e-05
0.30500000000127003	5.2913357134531935e-05
0.30600000000127436	4.8974564194059766e-05
0.3070000000012785	4.530923668100151e-05
0.3080000000012826	4.1901889928697145e-05
0.3090000000012869	3.873585418956438e-05
0.310000000001291	3.579248885299258e-05
0.31100000000129513	3.306050731644028e-05
0.31200000000129924	3.052406690629006e-05
0.31300000000130357	2.8171104502594524e-05
0.3140000000013077	2.5988626847106566e-05
0.3150000000013118	2.396419404215866e-05
0.3160000000013161	2.208968438244252e-05
0.3170000000013202	2.0353006633500037e-05
0.31800000000132433	1.8743796918907485e-05
0.31900000000132844	1.725651475448231e-05
0.3200000000013328	1.5879247666439333e-05
0.3210000000013369	1.4605847926008053e-05
0.322000000001341	1.3429991115199158e-05
0.3230000000013453	1.2342466784054373e-05
0.3240000000013492	1.1338026502771825e-05
0.3250000000013533	1.0412800654613363e-05
0.3260000000013574	9.556732235460608e-06
0.32700000000136176	8.768995981567329e-06
0.32800000000136587	8.04237997087398e-06
0.32900000000137	7.3731667754595165e-06
0.3300000000013743	6.755907937083805e-06
0.3310000000013784	6.188770466208915e-06
0.3320000000013825	5.666948119653625e-06
0.33300000000138663	5.186166474380194e-06
0.33400000000139096	4.745332168210048e-06
0.33500000000139507	4.339595021884968e-06
0.3360000000013992	3.966990209325338e-06
0.3370000000014035	3.625480044844309e-06
0.3380000000014076	3.3115265022365392e-06
0.3390000000014117	3.0239798665121498e-06
0.34000000000141584	2.760162085113649e-06
0.34100000000142017	2.518458858125072e-06
0.3420000000014243	2.2973396981429417e-06
0.3430000000014284	2.0944665417577113e-06
0.3440000000014327	1.9091496926693097e-06
0.3450000000014368	1.7396037418349053e-06
0.34600000000144093	1.5842644598418332e-06
0.34700000000144504	1.4427999436295025e-06
0.34800000000144937	1.3129953762014424e-06
0.3490000000014535	1.1948337286238342e-06
0.3500000000014576	1.086833359531525e-06
0.3510000000014619	9.882036965391805e-07
0.35200000000146603	8.983687559416254e-07
0.35300000000147014	8.163229968660701e-07
0.35400000000147425	7.415355360862463e-07
0.35500000000147836	6.733673441061683e-07
0.35600000000148246	6.112323258644636e-07
0.3570000000014866	5.546185198879172e-07
0.3580000000014909	5.030267371530783e-07
0.359000000001495	4.5604789378206334e-07
0.3600000000014991	4.1323489541333913e-07
0.36100000000150323	3.74255944013413e-07
0.36200000000150756	3.3872745752727695e-07
0.36300000000151167	3.0636173264930733e-07
0.3640000000015158	2.768940534636499e-07
0.3650000000015201	2.500175293462803e-07
0.3660000000015242	2.2551932299386124e-07
0.3670000000015283	2.031797965429405e-07
0.36800000000153243	1.8280009683735443e-07
0.36900000000153677	1.6418510229154748e-07
0.3700000000015409	1.4718799268287341e-07
0.371000000001545	1.3164060519432752e-07
0.3720000000015493	1.174381579760464e-07
0.3730000000015534	1.043862427607678e-07
0.37400000000155753	9.246982357602462e-08
0.37500000000156164	8.14967497930752e-08
0.37600000000156597	7.144118052693216e-08
0.3770000000015701	6.217347303660858e-08
0.3780000000015742	5.365134225776558e-08
0.3790000000015785	4.5785543356657854e-08
0.3800000000015826	3.853013108567893e-08
0.38100000000158674	3.181476304625619e-08
0.38200000000159084	2.560755985037133e-08
0.3830000000015952	1.9850753152361733e-08
0.3840000000015993	1.4515851853857953e-08
0.3850000000016034	9.564836589426307e-09
0.3860000000016075	4.965578503934864e-09
0.3870000000016116	6.903759786069941e-10
0.3880000000016157	-3.2793643356399116e-09
0.38900000000161983	-6.97457958054315e-09
0.39000000000162416	-1.0399825001172758e-08
0.39100000000162827	-1.358280776742049e-08
0.3920000000016324	-1.6530839586081925e-08
0.3930000000016367	-1.9259356998091448e-08
0.3940000000016408	-2.1776944247875463e-08
0.3950000000016449	-2.4094992223666623e-08
0.39600000000164903	-2.6216901982678564e-08
0.39700000000165336	-2.815482136320213e-08
0.3980000000016575	-2.9911470855736866e-08
0.3990000000016616	-3.149515870326525e-08
0.4000000000016659	-3.2905783875492034e-08
0.40100000000167	-3.415218730040692e-08
0.40200000000167413	-3.523682345907275e-08
0.40300000000167824	-3.61622025657482e-08
0.40400000000168257	-3.693232764057086e-08
0.4050000000016867	-3.754978039616219e-08
0.4060000000016908	-3.802137427122432e-08
0.4070000000016951	-3.8345018049668056e-08
0.4080000000016992	-3.8527886880856954e-08
0.40900000000170333	-3.85731406815637e-08
0.41000000000170744	-3.848278473661537e-08
0.4110000000017118	-3.8261406265505116e-08
0.4120000000017159	-3.7913509887133046e-08
0.41300000000172	-3.744241294789674e-08
0.4140000000017243	-3.6853364360212026e-08
0.41500000000172843	-3.61510619217853e-08
0.41600000000173254	-3.533888826012799e-08
0.4170000000017364	-3.442363261108028e-08
0.41800000000174076	-3.3410043842607706e-08
0.41900000000174487	-3.23035336258215e-08
0.420000000001749	-3.110990554056059e-08
0.4210000000017533	-2.9835058201754805e-08
0.4220000000017574	-2.8485136027711633e-08
0.4230000000017615	-2.7066505481343484e-08
0.42400000000176563	-2.5585460194932352e-08
0.42500000000176996	-2.4048902869111544e-08
0.42600000000177407	-2.2463052751220403e-08
0.4270000000017782	-2.0834850511519676e-08
0.4280000000017825	-1.917128011896807e-08
0.4290000000017866	-1.747906930305021e-08
0.4300000000017907	-1.576531238889345e-08
0.43100000000179484	-1.4036654283344774e-08
0.43200000000179917	-1.2300493734684892e-08
0.4330000000018033	-1.0563270036456629e-08
0.4340000000018074	-8.832337972108917e-09
0.4350000000018115	-7.1143879676327515e-09
0.4360000000018158	-5.416247672584973e-09
0.43700000000181993	-3.744541343664309e-09
0.43800000000182404	-2.1060200250389016e-09
0.43900000000182837	-5.069968889159782e-10
0.4400000000018325	1.046025599471534e-09
0.4410000000018366	2.546414967774524e-09
0.4420000000018407	3.989961916417428e-09
0.44300000000184503	5.3676421085668835e-09
0.44400000000184914	6.676566077779e-09
0.44500000000185325	7.911154287221223e-09
0.4460000000018576	9.064039963035952e-09
0.4470000000018617	1.0133313077531625e-08
0.4480000000018656	1.1112902709164985e-08
0.4490000000018697	1.1998031457238767e-08
0.450000000001874	1.278615868738342e-08
0.4510000000018781	1.3472954418780603e-08
0.45200000000188223	1.405434990608967e-08
0.45300000000188656	1.4530725844785763e-08
0.45400000000189067	1.4895997657582427e-08
0.4550000000018948	1.5151697563275945e-08
0.4560000000018989	1.5292814681266975e-08
0.4570000000019032	1.5322441870857517e-08
0.4580000000019073	1.5236398587248345e-08
0.45900000000191143	1.5036232481335787e-08
0.46000000000191577	1.472268507107799e-08
0.4610000000019199	1.4296920425316273e-08
0.462000000001924	1.3759559935877519e-08
0.4630000000019281	1.3113249486274015e-08
0.4640000000019324	1.2360247603204755e-08
0.46500000000193653	1.150353667878079e-08
0.46600000000194064	1.0546803874689203e-08
0.46700000000194497	9.49444700637514e-09
0.4680000000019491	8.350674707280348e-09
0.4690000000019532	7.120453338060884e-09
0.4700000000019573	5.809362768616211e-09
0.4710000000019616	4.423272859099825e-09
0.47200000000196574	2.9684593672030246e-09
0.47300000000196984	1.4514256463371566e-09
0.4740000000019742	-1.2093948065228233e-10
0.4750000000019783	-1.7413044339775752e-09
0.4760000000019824	-3.402267800822756e-09
0.4770000000019865	-5.096260746739745e-09
0.47800000000199083	-6.815230824130936e-09
0.4790000000019947	-8.551265473499825e-09
0.48000000000199883	-1.0296543617727139e-08
0.48100000000200316	-1.2042876029738636e-08
0.48200000000200727	-1.3782210706025921e-08
0.4830000000020114	-1.5506798067832506e-08
0.4840000000020155	-1.7208609204288905e-08
0.4850000000020198	-1.8880091712247804e-08
0.4860000000020239	-2.05135854969285e-08
0.48700000000202803	-2.2102344177099553e-08
0.48800000000203236	-2.3638949908644236e-08
0.4890000000020365	-2.5117666835328123e-08
0.4900000000020406	-2.6531718599898113e-08
0.4910000000020447	-2.7875385999465152e-08
0.492000000002049	-2.914398922193584e-08
0.49300000000205313	-3.033219986292579e-08
0.49400000000205724	-3.143562565810498e-08
0.49500000000206157	-3.245033353138638e-08
0.4960000000020657	-3.3374073282743666e-08
0.4970000000020698	-3.4203253784781396e-08
0.4980000000020739	-3.493649325392312e-08
0.4990000000020782	-3.55706883947704e-08
0.5000000000020823	-3.610749588212059e-08
0.5010000000020864	-3.654368541106123e-08
0.5020000000020908	-3.688037897298102e-08
0.5030000000020949	-3.7119345375202784e-08
0.504000000002099	-3.7260190266508175e-08
0.5050000000021031	-3.7305732725201324e-08
0.5060000000021074	-3.7257482876640324e-08
0.5070000000021115	-3.711814189344409e-08
0.5080000000021156	-3.6890735577443934e-08
0.50900000000212	-3.657866942674559e-08
0.5100000000021239	-3.618574262453933e-08
0.511000000002128	-3.571612650077327e-08
0.5120000000021321	-3.51741666904104e-08
0.5130000000021364	-3.456406716395577e-08
0.5140000000021405	-3.389126912445306e-08
0.5150000000021446	-3.316070373848845e-08
0.516000000002149	-3.237700707536817e-08
0.5170000000021531	-3.154545691330668e-08
0.5180000000021572	-3.0671300388362965e-08
0.5190000000021613	-2.9760112152388274e-08
0.5200000000021656	-2.881637017893013e-08
0.5210000000021697	-2.7845751926491857e-08
0.5220000000021738	-2.6852727819104416e-08
0.5230000000021782	-2.5842556539146244e-08
0.5240000000021823	-2.4819857280533597e-08
0.5250000000021864	-2.378900032518061e-08
0.5260000000021905	-2.275419341835061e-08
0.5270000000021948	-2.171964430530693e-08
0.5280000000021989	-2.0688901258836268e-08
0.529000000002203	-1.966573082157197e-08
0.5300000000022074	-1.8653087074937957e-08
0.5310000000022115	-1.7654191886151693e-08
0.5320000000022156	-1.6671566349657496e-08
0.5330000000022197	-1.5707646738860603e-08
0.534000000002224	-1.4763944289342135e-08
0.5350000000022281	-1.3843832080695506e-08
0.5360000000022322	-1.2946306915395667e-08
0.5370000000022366	-1.207568223193789e-08
0.5380000000022407	-1.123018100734896e-08
0.5390000000022448	-1.0412428697037512e-08
0.5400000000022487	-9.622034502498877e-09
0.541000000002253	-8.860010280997699e-09
0.5420000000022571	-8.125653039314784e-09
0.5430000000022612	-7.420055680995574e-09
0.5440000000022656	-6.7418133298247085e-09
0.5450000000022697	-6.091998461243975e-09
0.5460000000022738	-5.46888689889613e-09
0.5470000000022779	-4.873144998640555e-09
0.5480000000022822	-4.3033645535928144e-09
0.5490000000022863	-3.759344835430056e-09
0.5500000000022904	-3.2403841832007174e-09
0.5510000000022948	-2.745813132420949e-09
0.5520000000022989	-2.274888055708857e-09
0.553000000002303	-1.8270278623333525e-09
0.5540000000023071	-1.4015730798178083e-09
0.5550000000023114	-9.979272963533958e-10
0.5560000000023155	-6.15666850833918e-10
0.5570000000023196	-2.541928889598921e-10
0.558000000002324	8.692913056052021e-11
0.5590000000023281	4.0802461409583657e-10
0.5600000000023322	7.094240750404879e-10
0.5610000000023363	9.913182497101047e-10
0.5620000000023406	1.2537793026012878e-09
0.5630000000023447	1.4968987160912661e-09
0.5640000000023488	1.7207539837471586e-09
0.5650000000023532	1.925247072875891e-09
0.5660000000023573	2.1102195546518487e-09
0.5670000000023614	2.275493016234975e-09
0.5680000000023655	2.4208445248419252e-09
0.5690000000023698	2.5460343833216825e-09
0.5700000000023739	2.6507900319217015e-09
0.5710000000023778	2.734844239959955e-09
0.5720000000023819	2.7979156769220026e-09
0.5730000000023863	2.839650625752199e-09
0.5740000000023904	2.859775749541882e-09
0.5750000000023945	2.858075776046576e-09
0.5760000000023988	2.8343928315521794e-09
0.5770000000024029	2.7884710096515164e-09
0.578000000002407	2.7201534358312074e-09
0.5790000000024111	2.6297394262186913e-09
0.5800000000024155	2.5169628603549654e-09
0.5810000000024196	2.3820889705206127e-09
0.5820000000024237	2.225347683904033e-09
0.583000000002428	2.0470851680443047e-09
0.5840000000024321	1.8476314922466486e-09
0.5850000000024362	1.627508572354941e-09
0.5860000000024403	1.3877299309683622e-09
0.5870000000024447	1.1285536949401376e-09
0.5880000000024488	8.512386351355872e-10
0.5890000000024529	5.566246352728399e-10
0.5900000000024572	2.457645198461478e-10
0.5910000000024613	-7.99247334981601e-11
0.5920000000024654	-4.192788338741593e-10
0.5930000000024696	-7.708031990460995e-10
0.5940000000024739	-1.1330831828360033e-09
0.595000000002478	-1.5043715162477156e-09
0.5960000000024821	-1.883120992474119e-09
0.5970000000024864	-2.267456888915831e-09
0.5980000000024905	-2.6556914445308166e-09
0.5990000000024946	-3.045811380886221e-09
0.6000000000024988	-3.436067652629049e-09
0.6010000000025031	-3.824402572405461e-09
0.602000000002507	-4.208907000702311e-09
0.6030000000025111	-4.587696889046811e-09
0.6040000000025154	-4.958644606034568e-09
0.6050000000025195	-5.320097695715731e-09
0.6060000000025236	-5.669793967655323e-09
0.6070000000025277	-6.006300568017764e-09
0.6080000000025321	-6.327468771161193e-09
0.6090000000025362	-6.631889704067362e-09
0.6100000000025403	-6.91759272086756e-09
0.6110000000025446	-7.183307282332407e-09
0.6120000000025487	-7.427549020277979e-09
0.6130000000025528	-7.648943922689e-09
0.614000000002557	-7.846200134054016e-09
0.6150000000025613	-8.018304242796148e-09
0.6160000000025654	-8.164316556147355e-09
0.6170000000025695	-8.283460362079609e-09
0.6180000000025738	-8.37502112105426e-09
0.6190000000025779	-8.438452159253984e-09
0.620000000002582	-8.473422408172837e-09
0.6210000000025861	-8.479833280006233e-09
0.6220000000025905	-8.45761349843599e-09
0.6230000000025946	-8.406826346174512e-09
0.6240000000025987	-8.327765144144905e-09
0.625000000002603	-8.220927938396017e-09
0.6260000000026071	-8.086807001816965e-09
0.6270000000026112	-7.926370670929828e-09
0.6280000000026154	-7.74001951420189e-09
0.6290000000026197	-7.529148193796686e-09
0.6300000000026238	-7.294586490402821e-09
0.6310000000026279	-7.037949778521124e-09
0.6320000000026322	-6.7602616837803e-09
0.6330000000026361	-6.463106494436488e-09
0.6340000000026402	-6.147938158562738e-09
0.6350000000026443	-5.816493953147983e-09
0.6360000000026487	-5.470350394887191e-09
0.6370000000026528	-5.11135134217966e-09
0.6380000000026569	-4.741147696663006e-09
0.6390000000026612	-4.3616472655827465e-09
0.6400000000026653	-3.9746190783063184e-09
0.6410000000026694	-3.5819864852015826e-09
0.6420000000026735	-3.18544923771924e-09
0.6430000000026779	-2.7869802021740497e-09
0.644000000002682	-2.388248931950443e-09
0.6450000000026861	-1.9910866289052365e-09
0.6460000000026904	-1.597134868802641e-09
0.6470000000026945	-1.2081124989293812e-09
0.6480000000026986	-8.254259498130523e-10
0.6490000000027027	-4.508386997059688e-10
0.6500000000027071	-8.540679274915419e-11
0.6510000000027112	2.691801226362145e-10
0.6520000000027153	6.118791029408044e-10
0.6530000000027196	9.41809075172273e-10
0.6540000000027237	1.2574873364812333e-09
0.6550000000027278	1.5586385515575785e-09
0.656000000002732	1.843801999967809e-09
0.6570000000027363	2.1129209493153667e-09
0.6580000000027404	2.3649268099390497e-09
0.6590000000027445	2.5999440378399186e-09
0.6600000000027488	2.8170972221630564e-09
0.6610000000027529	3.0166533715458854e-09
0.662000000002757	3.1980711412415985e-09
0.6630000000027612	3.36184080573787e-09
0.6640000000027653	3.507477863706754e-09
0.6650000000027694	3.6357792332353256e-09
0.6660000000027735	3.746558174810843e-09
0.6670000000027778	3.840481044292687e-09
0.6680000000027819	3.917897228866707e-09
0.669000000002786	3.979260476683066e-09
0.6700000000027901	4.025255018191842e-09
0.6710000000027945	4.056393443363504e-09
0.6720000000027986	4.073411385974168e-09
0.6730000000028027	4.0769383424787975e-09
0.674000000002807	4.067791881112726e-09
0.6750000000028111	4.04665356779077e-09
0.6760000000028152	4.0142775770135586e-09
0.6770000000028193	3.971439621608397e-09
0.6780000000028237	3.918822710780034e-09
0.6790000000028278	3.857246078098342e-09
0.6800000000028319	3.787462565796318e-09
0.6810000000028362	3.709921925221238e-09
0.6820000000028403	3.625648448135621e-09
0.6830000000028444	3.53479734371831e-09
0.6840000000028486	3.4383479396993266e-09
0.6850000000028529	3.3364180307415836e-09
0.686000000002857	3.2298205221437115e-09
0.6870000000028611	3.118587055261912e-09
0.6880000000028654	3.0033366904547165e-09
0.6890000000028695	2.8840247967565347e-09
0.6900000000028736	2.7611026798268767e-09
0.6910000000028778	2.6343807135731367e-09
0.6920000000028821	2.5041673179515556e-09
0.6930000000028862	2.370074581037329e-09
0.6940000000028901	2.2322931281237857e-09
0.6950000000028944	2.0904049602421537e-09
0.6960000000028985	1.9441654952601084e-09
0.6970000000029026	1.7933690088511867e-09
0.6980000000029067	1.6373675748582173e-09
0.6990000000029111	1.475788824478741e-09
0.7000000000029152	1.3082026573130179e-09
0.7010000000029193	1.1336951377671767e-09
0.7020000000029236	9.520342292290707e-10
0.7030000000029277	7.621363540266657e-10
0.7040000000029318	5.635943933768317e-10
0.705000000002936	3.554226912783065e-10
0.7060000000029403	1.369198088241319e-10
0.7070000000029444	-9.271650114328622e-11
0.7080000000029485	-3.3426417189730273e-10
0.7090000000029526	-5.886231502216788e-10
0.7100000000029569	-8.565461673271102e-10
0.711000000002961	-1.138862559812992e-09
0.7120000000029651	-1.436396335208201e-09
0.7130000000029695	-1.7498222870671043e-09
0.7140000000029736	-2.0799533206883325e-09
0.7150000000029777	-2.4273252297035697e-09
0.7160000000029818	-2.792678532870241e-09
0.7170000000029861	-3.176285234829379e-09
0.7180000000029902	-3.5792144803536985e-09
0.7190000000029944	-4.0011125523875535e-09
0.7200000000029987	-4.443268863951744e-09
0.7210000000030028	-4.904971984132089e-09
0.7220000000030069	-5.386779244886952e-09
0.723000000003011	-5.8891198584376525e-09
0.7240000000030153	-6.411217556845372e-09
0.7250000000030195	-6.953642328610954e-09
0.7260000000030233	-7.51570361501308e-09
0.7270000000030277	-8.097211123825332e-09
0.7280000000030318	-8.697879971819589e-09
0.7290000000030359	-9.316709848050664e-09
0.73000000000304	-9.953419422004117e-09
0.7310000000030443	-1.060707011113493e-08
0.7320000000030484	-1.1276676925575657e-08
0.7330000000030525	-1.1961340362631745e-08
0.7340000000030569	-1.2660119619312127e-08
0.735000000003061	-1.337157140568479e-08
0.7360000000030651	-1.409460037571364e-08
0.7370000000030692	-1.4827749694745762e-08
0.7380000000030735	-1.5569706857121446e-08
0.7390000000030776	-1.6318866702391688e-08
0.7400000000030817	-1.7073763958208588e-08
0.7410000000030861	-1.783268199773147e-08
0.7420000000030902	-1.8594010331440813e-08
0.7430000000030943	-1.9356010350080055e-08
0.7440000000030984	-2.0116948551418545e-08
0.7450000000031027	-2.0875046358170835e-08
0.7460000000031068	-2.1628492330449944e-08
0.747000000003111	-2.237549678874018e-08
0.7480000000031153	-2.311426183787546e-08
0.7490000000031194	-2.384302377755887e-08
0.7500000000031235	-2.4559837719095867e-08
0.7510000000031276	-2.5263174885381545e-08
0.7520000000031319	-2.595093051560582e-08
0.753000000003136	-2.6621715498720278e-08
0.7540000000031402	-2.7273819425133183e-08
0.7550000000031445	-2.790536468566529e-08
0.7560000000031484	-2.8515088734692995e-08
0.7570000000031525	-2.9101139720211222e-08
0.7580000000031566	-2.9662282408082774e-08
0.7590000000031609	-3.0197190081793224e-08
0.760000000003165	-3.070447140984811e-08
0.7610000000031691	-3.118258473655544e-08
0.7620000000031735	-3.1631125718689646e-08
0.7630000000031776	-3.2048020903729935e-08
0.7640000000031817	-3.24340363455633e-08
0.7650000000031858	-3.278525917416175e-08
0.7660000000031901	-3.310495588770834e-08
0.7670000000031942	-3.338832565979999e-08
0.7680000000031983	-3.3637990393131645e-08
0.7690000000032027	-3.3851364600323564e-08
0.7700000000032068	-3.40291088640754e-08
0.7710000000032109	-3.41701344996892e-08
0.772000000003215	-3.427489114748994e-08
0.7730000000032193	-3.434229078891349e-08
0.7740000000032234	-3.4374401103320906e-08
0.7750000000032276	-3.4366950840691857e-08
0.7760000000032319	-3.4325294606674106e-08
0.777000000003236	-3.424493622006253e-08
0.7780000000032401	-3.412935489777169e-08
0.7790000000032442	-3.397687620143586e-08
0.7800000000032485	-3.378849044999299e-08
0.7810000000032526	-3.356455979819373e-08
0.7820000000032568	-3.3305653790449696e-08
0.7830000000032611	-3.3012137912180606e-08
0.7840000000032652	-3.2684219997136665e-08
0.7850000000032693	-3.232375234141216e-08
0.7860000000032734	-3.19298516515687e-08
0.7870000000032777	-3.1503994746273634e-08
0.7880000000032816	-3.104723034219603e-08
0.7890000000032857	-3.055978292643147e-08
0.7900000000032901	-3.0042458298851216e-08
0.7910000000032942	-2.9496268538764525e-08
0.7920000000032983	-2.8922379158302647e-08
0.7930000000033024	-2.8321412992582395e-08
0.7940000000033067	-2.7693766613268167e-08
0.7950000000033108	-2.70421152137601e-08
0.796000000003315	-2.6365406746720055e-08
0.7970000000033193	-2.5665876535185816e-08
0.7980000000033234	-2.4944517562630608e-08
0.7990000000033275	-2.420214673115595e-08
0.8000000000033316	-2.3439903573674314e-08
0.8010000000033359	-2.26591809759924e-08
0.80200000000334	-2.1860832921660744e-08
0.8030000000033441	-2.1045799769581208e-08
0.8040000000033485	-2.0216384122306863e-08
0.8050000000033526	-1.9372430770658866e-08
0.8060000000033567	-1.8516160160686468e-08
0.8070000000033608	-1.7648704719874786e-08
0.8080000000033651	-1.677102967612143e-08
0.8090000000033692	-1.588495246451771e-08
0.8100000000033734	-1.499142587846336e-08
0.8110000000033777	-1.40921099234248e-08
0.8120000000033818	-1.3188245162609746e-08
0.8130000000033859	-1.2281369698996514e-08
0.81400000000339	-1.1372729646907942e-08
0.8150000000033943	-1.04639421572017e-08
0.8160000000033985	-9.556312186020932e-09
0.8170000000034026	-8.65131455363155e-09
0.8180000000034067	-7.750441177734047e-09
0.8190000000034108	-6.854958822799517e-09
0.8200000000034149	-5.966471983143151e-09
0.821000000003419	-5.086411958288295e-09
0.8220000000034233	-4.2160170909966155e-09
0.8230000000034274	-3.3568410273687732e-09
0.8240000000034315	-2.5101796197191106e-09
0.8250000000034359	-1.6772443434120987e-09
0.82600000000344	-8.597886846928304e-10
0.8270000000034441	-5.874190023291703e-11
0.8280000000034482	7.24533433249519e-10
0.8290000000034525	1.488767331636609e-09
0.8300000000034566	2.232760087927943e-09
0.8310000000034607	2.9554316771651656e-09
0.8320000000034651	3.65548513681091e-09
0.8330000000034692	4.3322512244259315e-09
0.8340000000034733	4.984315737921463e-09
0.8350000000034774	5.610960585045177e-09
0.8360000000034817	6.211261727173678e-09
0.8370000000034858	6.7844017070939344e-09
0.83800000000349	7.329653550769422e-09
0.8390000000034943	7.846187810578442e-09
0.8400000000034984	8.33360658258897e-09
0.8410000000035025	8.791082972692266e-09
0.8420000000035066	9.218338314909147e-09
0.8430000000035109	9.614964491255762e-09
0.844000000003515	9.98060079027141e-09
0.8450000000035192	1.0314743059680609e-08
0.8460000000035233	1.0617604018214877e-08
0.8470000000035276	1.0888585588730848e-08
0.8480000000035317	1.1127807009181367e-08
0.8490000000035356	1.1336053096222543e-08
0.8500000000035399	1.1511263831032181e-08
0.851000000003544	1.1656707488150175e-08
0.8520000000035481	1.1769794250326981e-08
0.8530000000035523	1.1852930414946172e-08
0.8540000000035566	1.1905098906694889e-08
0.8550000000035607	1.1927156706725839e-08
0.8560000000035648	1.1919988329722742e-08
0.8570000000035691	1.1883837025550292e-08
0.8580000000035732	1.1819730971751596e-08
0.8590000000035773	1.1727705251374232e-08
0.8600000000035815	1.1609080807772898e-08
0.8610000000035858	1.1464429072738369e-08
0.8620000000035899	1.1294988166987707e-08
0.863000000003594	1.110115699365366e-08
0.8640000000035983	1.0884683820933105e-08
0.8650000000036024	1.0646200920838567e-08
0.8660000000036066	1.0386830839870242e-08
0.8670000000036107	1.0107684578208875e-08
0.868000000003615	9.810436574220205e-09
0.8690000000036191	9.49587530829632e-09
0.8700000000036232	9.165780912034904e-09
0.8710000000036275	8.821227304167678e-09
0.8720000000036316	8.463780565293177e-09
0.8730000000036358	8.094843684247621e-09
0.8740000000036399	7.715941219288425e-09
0.8750000000036442	7.328494477931713e-09
0.8760000000036483	6.93418666930512e-09
0.8770000000036524	6.5343178645704825e-09
0.8780000000036567	6.130662311143453e-09
0.8790000000036609	5.724600571355154e-09
0.8800000000036647	5.317695839224257e-09
0.8810000000036688	4.911502982096749e-09
0.8820000000036732	4.507447415313948e-09
0.8830000000036773	4.107089335292358e-09
0.8840000000036814	3.711774776427035e-09
0.8850000000036857	3.3229796692069158e-09
0.8860000000036898	2.942051935406198e-09
0.887000000003694	2.57023313743332e-09
0.888000000003698	2.2089297058158763e-09
0.8890000000037024	1.859219778133081e-09
0.8900000000037065	1.5222471061449028e-09
0.8910000000037106	1.1991275750133923e-09
0.8920000000037149	8.908987991773643e-10
0.893000000003719	5.984518436363828e-10
0.8940000000037231	3.2242741809795916e-10
0.8950000000037273	6.423961362855835e-11
0.8960000000037316	-1.7623857928583675e-10
0.8970000000037357	-3.976943219186069e-10
0.8980000000037398	-5.998415097963061e-10
0.8990000000037441	-7.82518716491154e-10
0.9000000000037482	-9.449676596773315e-10
0.9010000000037524	-1.0871239464194105e-09
0.9020000000037565	-1.208761979398787e-09
0.9030000000037608	-1.3098129247879342e-09
0.9040000000037649	-1.389975468057969e-09
0.905000000003769	-1.449860675961645e-09
0.9060000000037733	-1.4891929911442503e-09
0.9070000000037775	-1.5085623861210706e-09
0.9080000000037816	-1.5079102411164058e-09
0.9090000000037857	-1.4878720477895513e-09
0.91000000000379	-1.4490082467233378e-09
0.9110000000037939	-1.391696535790743e-09
0.912000000003798	-1.316809328244517e-09
0.9130000000038023	-1.224382373266053e-09
0.9140000000038064	-1.116142289703248e-09
0.9150000000038105	-9.919758348075902e-10
0.9160000000038147	-8.531888529006437e-10
0.917000000003819	-7.004625768303185e-10
0.9180000000038231	-5.347506881747677e-10
0.9190000000038272	-3.569100570643968e-10
0.9200000000038315	-1.6831025462238358e-10
0.9210000000038356	3.089806188683042e-11
0.9220000000038397	2.385796005199836e-10
0.9230000000038439	4.550252397095278e-10
0.9240000000038482	6.781012418244359e-10
0.9250000000038523	9.075065143804295e-10
0.9260000000038564	1.141895245027058e-09
0.9270000000038607	1.3804758447477639e-09
0.9280000000038648	1.622100231912782e-09
0.929000000003869	1.8659580547364385e-09
0.9300000000038731	2.1109696213272855e-09
0.9310000000038774	2.356257078339752e-09
0.9320000000038815	2.6010109621665833e-09
0.9330000000038856	2.8441269339651853e-09
0.9340000000038899	3.08505010426785e-09
0.935000000003894	3.322682573525526e-09
0.9360000000038982	3.556465788534524e-09
0.9370000000039023	3.785529778532748e-09
0.9380000000039066	4.0092172914896196e-09
0.9390000000039107	4.2267785937966096e-09
0.9400000000039148	4.437811784718804e-09
0.9410000000039191	4.6413091148167496e-09
0.942000000003923	4.837331757379104e-09
0.9430000000039271	5.024675009401847e-09
0.9440000000039312	5.203523611996275e-09
0.9450000000039356	5.3729177773576e-09
0.9460000000039397	5.53292367477809e-09
0.9470000000039438	5.682847747934261e-09
0.9480000000039481	5.822611170991365e-09
0.9490000000039522	5.951871440146306e-09
0.9500000000039563	6.070423164139527e-09
0.9510000000039605	6.178056510819374e-09
0.9520000000039648	6.2747145257446846e-09
0.9530000000039689	6.360102666747025e-09
0.954000000003973	6.434399457688755e-09
0.9550000000039773	6.497527738069664e-09
0.9560000000039814	6.548976250186911e-09
0.9570000000039856	6.58979248946423e-09
0.9580000000039897	6.61944710156348e-09
0.959000000003994	6.637049687618912e-09
0.9600000000039981	6.645371586344595e-09
0.9610000000040022	6.641474370461253e-09
0.9620000000040065	6.627768334155348e-09
0.9630000000040106	6.603479985045624e-09
0.9640000000040148	6.568962485076213e-09
0.9650000000040189	6.524689677434026e-09
0.9660000000040232	6.47068176817811e-09
0.9670000000040273	6.407461672353065e-09
0.9680000000040314	6.33519392501114e-09
0.9690000000040357	6.2542220291561534e-09
0.9700000000040399	6.1648632865285435e-09
0.9710000000040437	6.06745809150766e-09
0.9720000000040478	5.962451421481774e-09
0.9730000000040522	5.850109618954491e-09
0.9740000000040563	5.730786734048365e-09
0.9750000000040604	5.604875008557997e-09
0.9760000000040647	5.472734598832574e-09
0.9770000000040688	5.334719110905439e-09
0.978000000004073	5.191235774582026e-09
0.979000000004077	5.042549933165219e-09
0.9800000000040812	4.889082472203654e-09
0.9810000000040855	4.73109529330884e-09
0.9820000000040896	4.568998068776864e-09
0.9830000000040937	4.4030656898286225e-09
0.984000000004098	4.233626893501707e-09
0.9850000000041004	4.060967007113447e-09
0.9860000000041018	3.88535237316745e-09
0.987000000004103	3.707178786171994e-09
0.9880000000041045	3.5265148579100014e-09
0.9890000000041059	3.3437930202495636e-09
0.9900000000041072	3.159072892167103e-09
0.9910000000041086	2.972787349619921e-09
0.99200000000411	2.7849863526441254e-09
0.9930000000041115	2.5959118188367825e-09
0.9940000000041127	2.405823984474864e-09
0.9950000000041141	2.214848748849363e-09
0.9960000000041156	2.0231821773464276e-09
0.997000000004117	1.8309886939960052e-09
0.9980000000041185	1.6384440471028938e-09
0.9990000000041197	1.4456937869056219e-09
1.0000000000041211	1.25290611219242e-09
1.001000000004117	1.0602174693730149e-09
1.002000000004113	8.677747409535641e-10
1.0030000000041086	6.757205905927322e-10
1.0040000000041045	4.841904654995233e-10
1.0050000000041002	2.933157050577506e-10
1.006000000004096	1.0321465904183924e-10
1.007000000004092	-8.594769340675157e-11
1.0080000000040878	-2.7407298652804e-10
1.0090000000040837	-4.6101722439573223e-10
1.0100000000040794	-6.466769342239331e-10
1.0110000000040753	-8.309082311086513e-10
1.012000000004071	-1.0135867700711287e-09
1.0130000000040669	-1.1945779920807809e-09
1.0140000000040628	-1.3737690984783058e-09
1.0150000000040587	-1.5510155382258972e-09
1.0160000000040534	-1.7261887474973037e-09
1.0170000000040464	-1.899132628935263e-09
1.0180000000040397	-2.0697406011294106e-09
1.0190000000040325	-2.23784057951093e-09
1.0200000000040257	-2.4033046663873847e-09
1.021000000004019	-2.5659572244762785e-09
1.0220000000040117	-2.7257125445601105e-09
1.023000000004005	-2.8821800501788175e-09
1.0240000000039977	-3.0355415958638332e-09
1.025000000003991	-3.185306685082878e-09
1.026000000003984	-3.3314386804761398e-09
1.027000000003977	-3.4737221987768407e-09
1.0280000000039702	-3.611911214562724e-09
1.0290000000039632	-3.745895371665142e-09
1.0300000000039562	-3.875369802841533e-09
1.0310000000039494	-4.000096920364626e-09
1.0320000000039424	-4.120049190703412e-09
1.0330000000039354	-4.234692596583045e-09
1.0340000000039287	-4.344101967035385e-09
1.0350000000039217	-4.447805457274967e-09
1.0360000000039147	-4.545739562544782e-09
1.0370000000039077	-4.63750216006531e-09
1.0380000000039007	-4.723059499056603e-09
1.039000000003894	-4.801980590940502e-09
1.0400000000038867	-4.8740260716328976e-09
1.04100000000388	-4.9392043788287765e-09
1.0420000000038732	-4.996968172576999e-09
1.043000000003866	-5.0472250823219156e-09
1.0440000000038592	-5.089735521934813e-09
1.0450000000038522	-5.124291879710086e-09
1.0460000000038452	-5.150631032790898e-09
1.0470000000038384	-5.1684414525965394e-09
1.0480000000038314	-5.177837936187757e-09
1.0490000000038244	-5.178098172464729e-09
1.0500000000038174	-5.169494610157699e-09
1.0510000000038104	-5.1514283949671835e-09
1.0520000000038037	-5.123940827189699e-09
1.0530000000037967	-5.086782106644705e-09
1.0540000000037897	-5.039638706350047e-09
1.055000000003783	-4.98283769800878e-09
1.056000000003776	-4.9151660519441975e-09
1.057000000003769	-4.8379302786116796e-09
1.0580000000037622	-4.749856286068166e-09
1.059000000003755	-4.651232954344664e-09
1.0600000000037482	-4.5422123839955475e-09
1.0610000000037412	-4.4222108197544685e-09
1.0620000000037342	-4.291424104962971e-09
1.0630000000037274	-4.14991152553057e-09
1.0640000000037202	-3.997453923432204e-09
1.0650000000037134	-3.834064843388774e-09
1.0660000000037064	-3.65986019268405e-09
1.0670000000036994	-3.4748397492734284e-09
1.0680000000036927	-3.2790650195124726e-09
1.0690000000036857	-3.0726285960014366e-09
1.0700000000036787	-2.855765179887726e-09
1.071000000003672	-2.6284843190893525e-09
1.072000000003665	-2.391112863264766e-09
1.073000000003658	-2.1437576158689353e-09
1.0740000000036511	-1.886731215705595e-09
1.075000000003644	-1.6204202424319192e-09
1.0760000000036372	-1.344751199283678e-09
1.0770000000036304	-1.0607810185803146e-09
1.0780000000036232	-7.681850711094285e-10
1.0790000000036164	-4.675628773043172e-10
1.0800000000036092	-1.5976375777881913e-10
1.0810000000036024	1.5547885201527833e-10
1.0820000000035954	4.771074646470197e-10
1.0830000000035884	8.048843813668327e-10
1.0840000000035817	1.1382338405141468e-09
1.0850000000035747	1.4766646794228677e-09
1.0860000000035677	1.8196179008000968e-09
1.087000000003561	2.1665034211082457e-09
1.088000000003554	2.5168176431833444e-09
1.089000000003547	2.869923743098468e-09
1.0900000000035401	3.2252985837644133e-09
1.091000000003533	3.582324770157186e-09
1.0920000000035262	3.940451964723479e-09
1.0930000000035192	4.299133049556758e-09
1.0940000000035122	4.6577239842804374e-09
1.0950000000035054	5.015712511990955e-09
1.0960000000034982	5.372554179317035e-09
1.0970000000034914	5.72765623818583e-09
1.0980000000034844	6.080501102623259e-09
1.0990000000034774	6.4305113456342156e-09
1.1000000000034706	6.7772547573952124e-09
1.1010000000034637	7.120061207288586e-09
1.1020000000034567	7.458614170730016e-09
1.1030000000034499	7.79224407221335e-09
1.104000000003443	8.120542349665527e-09
1.105000000003436	8.443025945048532e-09
1.106000000003429	8.759188929730044e-09
1.107000000003422	9.068660711264442e-09
1.1080000000034151	9.370896170146636e-09
1.1090000000034081	9.665533706737506e-09
1.1100000000034012	9.952102475452307e-09
1.1110000000033944	1.0230272740052726e-08
1.1120000000033872	1.0499613622982906e-08
1.1130000000033804	1.0759783175551263e-08
1.1140000000033736	1.1010365064123562e-08
1.1150000000033664	1.1251184539595727e-08
1.1160000000033596	1.1481787520750686e-08
1.1170000000033526	1.1701981716960574e-08
1.1180000000033457	1.1911178821044643e-08
1.1190000000033387	1.210976641186079e-08
1.1200000000033317	1.2296958784574485e-08
1.121000000003325	1.2472890276171711e-08
1.122000000003318	1.2637069057852557e-08
1.123000000003311	1.2789987513528445e-08
1.1240000000033041	1.293068785379603e-08
1.1250000000032971	1.305975694254613e-08
1.1260000000032901	1.3176812529991366e-08
1.1270000000032834	1.3281895583361347e-08
1.1280000000032764	1.3374982454905648e-08
1.1290000000032694	1.345610423086896e-08
1.1300000000032626	1.352533574028314e-08
1.1310000000032554	1.3582729829764162e-08
1.1320000000032486	1.3628388084718779e-08
1.1330000000032414	1.3662433961947329e-08
1.1340000000032346	1.368509727761591e-08
1.1350000000032279	1.3696358047710078e-08
1.1360000000032207	1.3696626499637432e-08
1.1370000000032139	1.3686151767444699e-08
1.138000000003207	1.3664988918193899e-08
1.1390000000032	1.363363333339862e-08
1.1400000000031931	1.3592281300489617e-08
1.1410000000031861	1.3541427312802057e-08
1.1420000000031791	1.3480905836082968e-08
1.1430000000031724	1.3411933119655828e-08
1.1440000000031654	1.3334147896948423e-08
1.1450000000031584	1.3248261154785723e-08
1.1460000000031516	1.3154831224326813e-08
1.1470000000031444	1.3054076819507543e-08
1.1480000000031376	1.2946612226727439e-08
1.1490000000031304	1.2832767626314023e-08
1.1500000000031236	1.2713167740763254e-08
1.1510000000031169	1.2588131537150105e-08
1.1520000000031096	1.2458325149289351e-08
1.1530000000031029	1.2324161691168456e-08
1.1540000000030959	1.2186201381325645e-08
1.155000000003089	1.2044803709976293e-08
1.1560000000030821	1.1900667451492097e-08
1.1570000000030751	1.1754091922000498e-08
1.1580000000030681	1.1605705285688828e-08
1.1590000000030614	1.1455905113422205e-08
1.1600000000030544	1.1305192115784735e-08
1.1610000000030474	1.1154007717451009e-08
1.1620000000030404	1.1002795563541667e-08
1.1630000000030334	1.0851965770442007e-08
1.1640000000030266	1.0701941111079805e-08
1.1650000000030196	1.0553103946264741e-08
1.1660000000030126	1.0405790451528674e-08
1.1670000000030059	1.026035811868553e-08
1.1680000000029986	1.0117147342114663e-08
1.1690000000029919	9.97640881017503e-09
1.1700000000029849	9.838444392507029e-09
1.1710000000029779	9.703485681633595e-09
1.172000000002971	9.571749504111438e-09
1.1730000000029641	9.443426485233886e-09
1.1740000000029571	9.318654958789807e-09
1.1750000000029501	9.197705042041093e-09
1.1760000000029431	9.08049135883715e-09
1.1770000000029364	8.967361853073896e-09
1.1780000000029294	8.858152100721384e-09
1.1790000000029224	8.753084812518352e-09
1.1800000000029156	8.652095595529374e-09
1.1810000000029086	8.55524895371218e-09
1.1820000000029016	8.462480716175946e-09
1.1830000000028948	8.373862381283459e-09
1.1840000000028876	8.289266606453793e-09
1.1850000000028809	8.2086640817991e-09
1.186000000002874	8.13205036642728e-09
1.1870000000028669	8.059154565920323e-09
1.18800000000286	7.990134998081544e-09
1.1890000000028529	7.924657818847436e-09
1.1900000000028461	7.862748230280658e-09
1.1910000000028391	7.804199841920934e-09
1.1920000000028321	7.74888953003483e-09
1.1930000000028254	7.696685955238536e-09
1.1940000000028184	7.64743401937551e-09
1.1950000000028114	7.600955420627997e-09
1.1960000000028046	7.557094727772551e-09
1.1970000000027976	7.515714273154117e-09
1.1980000000027906	7.476605112799461e-09
1.1990000000027838	7.4395853921771504e-09
1.2000000000027768	7.4045112263831925e-09
1.2010000000027699	7.37120509075595e-09
1.2020000000027629	7.339440610820702e-09
1.2030000000027559	7.309093219554086e-09
1.204000000002749	7.279979508112433e-09
1.2050000000027419	7.251866884772085e-09
1.206000000002735	7.2246643112450215e-09
1.2070000000027283	7.198128315621943e-09
1.2080000000027211	7.1721274474967345e-09
1.2090000000027143	7.146477409847307e-09
1.2100000000027074	7.1210209950933745e-09
1.2110000000027004	7.095596332717946e-09
1.2120000000026936	7.07005454181342e-09
1.2130000000026866	7.044243521825422e-09
1.2140000000026796	7.01802971292409e-09
1.2150000000026726	6.991276224610488e-09
1.2160000000026656	6.963863041775653e-09
1.2170000000026588	6.935671592600556e-09
1.2180000000026519	6.906610838797178e-09
1.2190000000026449	6.876549329959403e-09
1.220000000002638	6.845437661162634e-09
1.2210000000026309	6.813207664713161e-09
1.222000000002624	6.779753758401341e-09
1.2230000000026173	6.745049851986096e-09
1.2240000000026101	6.7090466515651315e-09
1.2250000000026033	6.671733832064319e-09
1.2260000000025963	6.633049776105793e-09
1.2270000000025894	6.59302101801984e-09
1.2280000000025826	6.551627129702808e-09
1.2290000000025754	6.508885985745394e-09
1.2300000000025686	6.46481035371238e-09
1.2310000000025616	6.419432208026876e-09
1.2320000000025546	6.3727840782235035e-09
1.2330000000025478	6.324927137590919e-09
1.2340000000025408	6.275869490757202e-09
1.2350000000025338	6.225706283835564e-09
1.236000000002527	6.174490030375068e-09
1.23700000000252	6.122271134501034e-09
1.238000000002513	6.069138747122338e-09
1.2390000000025063	6.015148046323304e-09
1.240000000002499	5.960399396265359e-09
1.2410000000024923	5.904951083657295e-09
1.2420000000024853	5.848875828107225e-09
1.2430000000024783	5.792281543293143e-09
1.2440000000024716	5.7352008697719725e-09
1.2450000000024644	5.6777412771324975e-09
1.2460000000024576	5.6199621623065354e-09
1.2470000000024506	5.561935467746082e-09
1.2480000000024436	5.5037265855872874e-09
1.2490000000024368	5.445393913561247e-09
1.2500000000024298	5.386998180867408e-09
1.2510000000024228	5.328594010478582e-09
1.252000000002416	5.270228364828711e-09
1.253000000002409	5.211944542615754e-09
1.254000000002402	5.1537817347124815e-09
1.2550000000023953	5.095773469854237e-09
1.256000000002388	5.037950723263407e-09
1.2570000000023813	4.980336365534299e-09
1.2580000000023743	4.922949048413727e-09
1.2590000000023673	4.8658073126262025e-09
1.2600000000023606	4.808921483245854e-09
1.2610000000023533	4.752297555477014e-09
1.2620000000023466	4.695942967813949e-09
1.2630000000023396	4.639851058918509e-09
1.2640000000023326	4.5840264917274e-09
1.2650000000023258	4.528453168006763e-09
1.2660000000023188	4.4731278681098274e-09
1.2670000000023118	4.418035826070366e-09
1.268000000002305	4.363157390940842e-09
1.269000000002298	4.308480683334892e-09
1.270000000002291	4.2539652911344206e-09
1.271000000002284	4.199613656830081e-09
1.272000000002277	4.145376819586488e-09
1.2730000000022703	4.091231353697822e-09
1.2740000000022633	4.037149614610769e-09
1.2750000000022563	3.983091190207233e-09
1.2760000000022496	3.929027214688574e-09
1.2770000000022423	3.8749129460669e-09
1.2780000000022356	3.820712746183119e-09
1.2790000000022288	3.76638997767742e-09
1.2800000000022216	3.711894569491392e-09
1.2810000000022148	3.657196434581067e-09
1.2820000000022078	3.6022393956613996e-09
1.2830000000022008	3.5470116843683286e-09
1.2840000000021938	3.4914243718375815e-09
1.2850000000021868	3.4354981082174163e-09
1.28600000000218	3.3791361930823882e-09
1.287000000002173	3.3223412909677563e-09
1.288000000002166	3.26505655845466e-09
1.2890000000021593	3.2072589029041865e-09
1.2900000000021523	3.1489080232205424e-09
1.2910000000021453	3.0899861558353336e-09
1.2920000000021385	3.0304513343182293e-09
1.2930000000021313	2.9702992287994334e-09
1.2940000000021246	2.909483765023424e-09
1.2950000000021178	2.8480106051276266e-09
1.2960000000021106	2.785843222774531e-09
1.2970000000021038	2.7229780652504587e-09
1.2980000000020966	2.659422460027372e-09
1.2990000000020898	2.5951398807677606e-09
1.3000000000020828	2.5301483130846236e-09
1.3010000000020758	2.464439097238369e-09
1.302000000002069	2.3980285535074586e-09
1.303000000002062	2.3308900365393015e-09
1.304000000002055	2.263065179697321e-09
1.3050000000020483	2.1945290029634634e-09
1.3060000000020413	2.1253290238831823e-09
1.3070000000020343	2.055437708925467e-09
1.3080000000020275	1.9848807042421868e-09
1.3090000000020205	1.913683211896e-09
1.3100000000020136	1.8418019331889468e-09
1.3110000000020068	1.7692804998858946e-09
1.3120000000019996	1.696089713121296e-09
1.3130000000019928	1.6222367893448109e-09
1.3140000000019856	1.5476936399139163e-09
1.3150000000019788	1.4724550467803965e-09
1.316000000001972	1.3964788214693158e-09
1.3170000000019648	1.3197246628848802e-09
1.318000000001958	1.2421643713622643e-09
1.319000000001951	1.1637248942264478e-09
1.320000000001944	1.084351830549224e-09
1.3210000000019373	1.003967686763474e-09
1.3220000000019303	9.225231689669044e-10
1.3230000000019233	8.398648443375123e-10
1.3240000000019165	7.559759485076256e-10
1.3250000000019095	6.707159272423269e-10
1.3260000000019025	5.839904115845229e-10
1.3270000000018956	4.956948185252941e-10
1.3280000000018886	4.0571890291829504e-10
1.3290000000018818	3.1398272870575283e-10
1.3300000000018748	2.2033186386494208e-10
1.3310000000018678	1.2470946497700197e-10
1.332000000001861	2.696631806742289e-11
1.3330000000018538	-7.299250093240062e-11
1.334000000001847	-1.7519719008873835e-10
1.33500000000184	-2.798681286719784e-10
1.336000000001833	-3.869886633367514e-10
1.3370000000018263	-4.967068978345424e-10
1.3380000000018193	-6.091556148390964e-10
1.3390000000018123	-7.24295068366132e-10
1.3400000000018053	-8.423337582996737e-10
1.3410000000017983	-9.633016606613864e-10
1.3420000000017915	-1.0872773792414137e-09
1.3430000000017845	-1.214391920356661e-09
1.3440000000017776	-1.3447281066447658e-09
1.3450000000017708	-1.4783285706698734e-09
1.3460000000017638	-1.6153274273733587e-09
1.3470000000017568	-1.755791068092094e-09
1.34800000000175	-1.899845836206282e-09
1.3490000000017428	-2.047537472904537e-09
1.350000000001736	-2.1989534637611996e-09
1.3510000000017293	-2.354116457325972e-09
1.352000000001722	-2.5132211867173737e-09
1.3530000000017153	-2.676121324540759e-09
1.354000000001708	-2.843068225288903e-09
1.3550000000017013	-3.013884697367075e-09
1.3560000000016943	-3.188734165604501e-09
1.3570000000016873	-3.367549128441283e-09
1.3580000000016805	-3.550260974094499e-09
1.3590000000016735	-3.736951414978762e-09
1.3600000000016665	-3.9273955199092825e-09
1.3610000000016598	-4.121653462973995e-09
1.3620000000016528	-4.319529178786752e-09
1.3630000000016458	-4.520944507646618e-09
1.364000000001639	-4.7257275870293824e-09
1.3650000000016318	-4.933665476158922e-09
1.366000000001625	-5.144665360390377e-09
1.367000000001618	-5.358556487422561e-09
1.368000000001611	-5.575049977224467e-09
1.3690000000016043	-5.793974411361091e-09
1.370000000001597	-6.015155706862174e-09
1.3710000000015903	-6.238280336745561e-09
1.3720000000015833	-6.463221069452629e-09
1.3730000000015763	-6.689684584060274e-09
1.3740000000015695	-6.917543426965267e-09
1.3750000000015625	-7.1465384721136616e-09
1.3760000000015555	-7.376469879361025e-09
1.3770000000015488	-7.607233509787648e-09
1.3780000000015418	-7.838608873100839e-09
1.3790000000015348	-8.070478063615383e-09
1.3800000000015278	-8.302711851371214e-09
1.3810000000015208	-8.535208984028486e-09
1.382000000001514	-8.767839787537923e-09
1.383000000001507	-9.000574063833255e-09
1.3840000000015	-9.233322106894093e-09
1.3850000000014933	-9.46601286244686e-09
1.386000000001486	-9.69861946309436e-09
1.3870000000014793	-9.931067079804734e-09
1.3880000000014725	-1.0163379027261499e-08
1.3890000000014653	-1.0395416527586576e-08
1.3900000000014585	-1.0627193347545472e-08
1.3910000000014515	-1.0858646426470386e-08
1.3920000000014445	-1.1089674512021475e-08
1.3930000000014378	-1.1320221648958295e-08
1.3940000000014305	-1.1550167933194189e-08
1.3950000000014238	-1.1779424546887185e-08
1.3960000000014168	-1.2007818517290048e-08
1.3970000000014098	-1.223521972626429e-08
1.398000000001403	-1.2461441656341776e-08
1.399000000001396	-1.2686279138307555e-08
1.400000000001389	-1.2909535440641662e-08
1.4010000000013823	-1.3130990739185222e-08
1.4020000000013753	-1.3350365923869845e-08
1.4030000000013683	-1.356743961622442e-08
1.4040000000013615	-1.3781959129488541e-08
1.4050000000013543	-1.3993640912701721e-08
1.4060000000013475	-1.4202202969215705e-08
1.4070000000013405	-1.440738106595063e-08
1.4080000000013335	-1.4608998677445584e-08
1.4090000000013267	-1.4806648573895131e-08
1.4100000000013195	-1.5000250153107686e-08
1.4110000000013128	-1.5189459912079428e-08
1.4120000000013058	-1.537404670237663e-08
1.4130000000012988	-1.5553943022439398e-08
1.414000000001292	-1.5728834901196365e-08
1.415000000001285	-1.589865195050777e-08
1.416000000001278	-1.60631816736867e-08
1.4170000000012712	-1.6222225784900957e-08
1.4180000000012642	-1.6375886424668806e-08
1.4190000000012573	-1.6523773460619395e-08
1.4200000000012505	-1.6666057423009306e-08
1.4210000000012433	-1.680252381675018e-08
1.4220000000012365	-1.6932835134042534e-08
1.4230000000012293	-1.7057434575917796e-08
1.4240000000012225	-1.7175757704990247e-08
1.4250000000012157	-1.7287802078769232e-08
1.4260000000012085	-1.7393597673276417e-08
1.4270000000012018	-1.749290312602625e-08
1.4280000000011948	-1.758545842278636e-08
1.4290000000011878	-1.767126533991359e-08
1.430000000001181	-1.7750089842394345e-08
1.431000000001174	-1.782179848142107e-08
1.432000000001167	-1.7886205627704044e-08
1.4330000000011602	-1.7943008634446755e-08
1.4340000000011532	-1.7992019429868833e-08
1.4350000000011462	-1.803311189263468e-08
1.4360000000011393	-1.8065993367955002e-08
1.4370000000011323	-1.809033189914544e-08
1.4380000000011255	-1.8106081745017377e-08
1.4390000000011185	-1.8113065713976084e-08
1.4400000000011115	-1.8111018906807885e-08
1.4410000000011047	-1.8099978627006408e-08
1.4420000000010975	-1.8079601815657043e-08
1.4430000000010907	-1.8050033911976016e-08
1.4440000000010837	-1.801099958065322e-08
1.4450000000010768	-1.7962758391831812e-08
1.44600000000107	-1.7905084526148585e-08
1.447000000001063	-1.7838178045792574e-08
1.448000000001056	-1.776211466797406e-08
1.449000000001049	-1.7677187935660754e-08
1.450000000001042	-1.7583267952758774e-08
1.4510000000010352	-1.7480954905835233e-08
1.4520000000010282	-1.737005672630687e-08
1.4530000000010213	-1.7251432282705537e-08
1.4540000000010145	-1.7124816675817556e-08
1.4550000000010075	-1.6991014595291176e-08
1.4560000000010005	-1.6850072670493432e-08
1.4570000000009937	-1.6702514260558132e-08
1.4580000000009865	-1.6548771686331065e-08
1.4590000000009797	-1.6389164914087928e-08
1.460000000000973	-1.6224037668877145e-08
1.4610000000009657	-1.605402988325011e-08
1.462000000000959	-1.5879407344598917e-08
1.4630000000009518	-1.5700539535146163e-08
1.464000000000945	-1.5518031526440268e-08
1.465000000000938	-1.533202698134062e-08
1.466000000000931	-1.5143242659831913e-08
1.4670000000009242	-1.49518295522455e-08
1.4680000000009172	-1.4758321009722408e-08
1.4690000000009102	-1.4563046324411744e-08
1.4700000000009035	-1.4366395850728964e-08
1.4710000000008965	-1.416866046710652e-08
1.4720000000008895	-1.3970258505580091e-08
1.4730000000008827	-1.377144709380218e-08
1.4740000000008757	-1.3572551749163608e-08
1.4750000000008687	-1.3373894436341516e-08
1.476000000000862	-1.3175716961910666e-08
1.4770000000008547	-1.297831242474956e-08
1.478000000000848	-1.2781950164963973e-08
1.4790000000008408	-1.258683512972425e-08
1.480000000000834	-1.2393275294897421e-08
1.4810000000008272	-1.2201457177951625e-08
1.48200000000082	-1.2011590166949304e-08
1.4830000000008132	-1.1823944268130049e-08
1.4840000000008062	-1.1638702890337527e-08
1.4850000000007992	-1.1456022352973605e-08
1.4860000000007925	-1.1276187983355612e-08
1.4870000000007855	-1.109940361843087e-08
1.4880000000007785	-1.0925730986599547e-08
1.4890000000007717	-1.0755531132389251e-08
1.4900000000007645	-1.0588987020554441e-08
1.4910000000007577	-1.0426009611208542e-08
1.4920000000007507	-1.0267337424707534e-08
1.4930000000007437	-1.0112574777565442e-08
1.494000000000737	-9.96227966787444e-09
1.49500000000073	-9.81648407005764e-09
1.496000000000723	-9.67556079700671e-09
1.497000000000716	-9.539353973408993e-09
1.498000000000709	-9.408356760332026e-09
1.4990000000007022	-9.282605351046413e-09
1.5000000000006952	-9.1623046927225e-09
1.5010000000006882	-9.047567584019589e-09
1.5020000000006815	-8.938670692515416e-09
1.5030000000006745	-8.835567832932156e-09
1.5040000000006675	-8.738621826154258e-09
1.5050000000006605	-8.64777849329812e-09
1.5060000000006535	-8.563337372535784e-09
1.5070000000006467	-8.485285585280167e-09
1.5080000000006397	-8.413677754504079e-09
1.5090000000006327	-8.348775226707517e-09
1.5100000000006257	-8.290479414085894e-09
1.5110000000006187	-8.238949966710152e-09
1.512000000000612	-8.194189771160154e-09
1.513000000000605	-8.156265662861983e-09
1.514000000000598	-8.125217165755316e-09
1.5150000000005912	-8.101236792512623e-09
1.5160000000005842	-8.084056091206548e-09
1.5170000000005772	-8.073794965923753e-09
1.5180000000005702	-8.070607293575449e-09
1.5190000000005632	-8.074200419372346e-09
1.5200000000005565	-8.084761082827185e-09
1.5210000000005495	-8.10233902193147e-09
1.5220000000005425	-8.126451067624885e-09
1.5230000000005357	-8.15753287142229e-09
1.5240000000005285	-8.195185863257848e-09
1.5250000000005217	-8.239572357737757e-09
1.5260000000005147	-8.290164776880715e-09
1.5270000000005077	-8.347377900008723e-09
1.528000000000501	-8.410549590109895e-09
1.529000000000494	-8.479912105840981e-09
1.530000000000487	-8.55513038189315e-09
1.53100000000048	-8.636000803363686e-09
1.532000000000473	-8.722565780772129e-09
1.5330000000004662	-8.81445161304839e-09
1.5340000000004592	-8.911510640530196e-09
1.5350000000004522	-9.013569002291888e-09
1.5360000000004455	-9.120550759078583e-09
1.5370000000004385	-9.232110187440412e-09
1.5380000000004315	-9.348187113289441e-09
1.5390000000004245	-9.468622108599334e-09
1.5400000000004175	-9.593116745421071e-09
1.5410000000004107	-9.721691451858305e-09
1.5420000000004037	-9.854107529960743e-09
1.5430000000003967	-9.990171134788284e-09
1.5440000000003897	-1.0129883598608558e-08
1.5450000000003827	-1.0272965811353174e-08
1.546000000000376	-1.041945418833734e-08
1.547000000000369	-1.0568960817636253e-08
1.548000000000362	-1.0721699750249059e-08
1.549000000000355	-1.0877347911275592e-08
1.5500000000003482	-1.1035778735291046e-08
1.5510000000003412	-1.1197035298948776e-08
1.5520000000003342	-1.1360833163109874e-08
1.5530000000003272	-1.1527138354949784e-08
1.5540000000003205	-1.1695801882538603e-08
1.5550000000003135	-1.1866621907330455e-08
1.5560000000003065	-1.2039524266427293e-08
1.5570000000002997	-1.2214285138867353e-08
1.5580000000002925	-1.2390737325063128e-08
1.5590000000002857	-1.2568675655799666e-08
1.5600000000002787	-1.274787031491087e-08
1.5610000000002717	-1.292809459485511e-08
1.5620000000002647	-1.3109134666677846e-08
1.5630000000002577	-1.3290671230237194e-08
1.564000000000251	-1.3472494231336896e-08
1.565000000000244	-1.3654303465671092e-08
1.566000000000237	-1.3835834478115316e-08
1.5670000000002302	-1.4016785954140687e-08
1.5680000000002232	-1.4196858799664369e-08
1.5690000000002162	-1.4375798773613724e-08
1.5700000000002092	-1.4553297678077115e-08
1.5710000000002025	-1.4729068853469585e-08
1.5720000000001955	-1.4902800327121213e-08
1.5730000000001885	-1.5074276049631408e-08
1.5740000000001815	-1.5243134310338746e-08
1.5750000000001747	-1.5409206799432695e-08
1.5760000000001675	-1.5572161338184287e-08
1.5770000000001607	-1.5731807412322496e-08
1.5780000000001537	-1.5887771542821838e-08
1.5790000000001467	-1.6040005990092254e-08
1.58000000000014	-1.6188154150498235e-08
1.581000000000133	-1.6332087682258134e-08
1.582000000000126	-1.6471644048721146e-08
1.583000000000119	-1.660651216539577e-08
1.584000000000112	-1.673671201629645e-08
1.5850000000001052	-1.6861935847600762e-08
1.5860000000000982	-1.6982305117707597e-08
1.5870000000000912	-1.7097424809264794e-08
1.5880000000000845	-1.7207367086768954e-08
1.5890000000000775	-1.7312045574868762e-08
1.5900000000000705	-1.7411458053118167e-08
1.5910000000000635	-1.7505487504010375e-08
1.5920000000000565	-1.7594172563306643e-08
1.5930000000000497	-1.7677553643125066e-08
1.5940000000000427	-1.77555115055128e-08
1.5950000000000357	-1.782823666474087e-08
1.5960000000000287	-1.7895523729549723e-08
1.5970000000000217	-1.7957655806810635e-08
1.598000000000015	-1.801443505478062e-08
1.599000000000008	-1.806593608044693e-08
1.600000000000001	-1.8112243038714837e-08
1.6009999999999942	-1.8153188952041432e-08
1.6019999999999872	-1.8188833106336233e-08
1.6029999999999802	-1.8219155073495585e-08
1.6039999999999732	-1.8244147304002922e-08
1.6049999999999662	-1.826355311429495e-08
1.6059999999999595	-1.8277512614517377e-08
1.6069999999999525	-1.828597828712475e-08
1.6079999999999455	-1.8288600189819704e-08
1.6089999999999387	-1.828556395189196e-08
1.6099999999999315	-1.8276703706021635e-08
1.6109999999999247	-1.8261886669534988e-08
1.6119999999999177	-1.8241001376040344e-08
1.6129999999999107	-1.8213926145094206e-08
1.6139999999999037	-1.8180720484650692e-08
1.614999999999897	-1.814111594278245e-08
1.61599999999989	-1.8094935327894746e-08
1.616999999999883	-1.8042312088795143e-08
1.617999999999876	-1.7982779709768693e-08
1.6189999999998692	-1.7916569339249122e-08
1.6199999999998622	-1.7843322375199477e-08
1.6209999999998552	-1.7763152282412875e-08
1.6219999999998485	-1.767583879264123e-08
1.6229999999998415	-1.7581372135921924e-08
1.6239999999998345	-1.7479685698873482e-08
1.6249999999998275	-1.7370740401645435e-08
1.6259999999998205	-1.7254546680334215e-08
1.6269999999998137	-1.7130955765054523e-08
1.6279999999998067	-1.7000178376136432e-08
1.6289999999997997	-1.686216699603449e-08
1.6299999999997927	-1.671687410720324e-08
1.6309999999997857	-1.656446602105177e-08
1.631999999999779	-1.6404997804642107e-08
1.632999999999772	-1.6238483446784358e-08
1.633999999999765	-1.6065042185431366e-08
1.634999999999758	-1.5884722204262403e-08
1.6359999999997512	-1.569776353349539e-08
1.6369999999997442	-1.5504005856925573e-08
1.6379999999997372	-1.5303645906072916e-08
1.6389999999997302	-1.509695701784608e-08
1.6399999999997235	-1.4883603904891629e-08
1.6409999999997165	-1.4664031988687043e-08
1.6419999999997095	-1.4438245488079815e-08
1.6429999999997025	-1.4206184451026616e-08
1.6439999999996955	-1.3968051604251741e-08
1.6449999999996887	-1.3724064773512623e-08
1.6459999999996817	-1.3474017457326681e-08
1.6469999999996747	-1.3218343308807334e-08
1.6479999999996677	-1.2956994810409128e-08
1.6489999999996607	-1.2690108297519487e-08
1.649999999999654	-1.2417876504855485e-08
1.650999999999647	-1.2140477512190273e-08
1.65199999999964	-1.1858064752345854e-08
1.6529999999996332	-1.1570915559033779e-08
1.6539999999996262	-1.127903992426127e-08
1.6549999999996192	-1.0982908804635372e-08
1.6559999999996122	-1.06826716361752e-08
1.6569999999996052	-1.0378469417204883e-08
1.6579999999995985	-1.0070629441472079e-08
1.6589999999995915	-9.759296926148409e-09
1.6599999999995845	-9.444770299182892e-09
1.6609999999995777	-9.127117506224636e-09
1.6619999999995705	-8.806632312285956e-09
1.6629999999995637	-8.483399094316724e-09
1.6639999999995567	-8.15765099915211e-09
1.6649999999995497	-7.829512371770875e-09
1.665999999999543	-7.499076026817875e-09
1.666999999999536	-7.166527371538223e-09
1.667999999999529	-6.831955667863099e-09
1.668999999999522	-6.495521009952654e-09
1.669999999999515	-6.157269583084712e-09
1.6709999999995082	-5.817429649113137e-09
1.6719999999995012	-5.4760243006768405e-09
1.6729999999994942	-5.133266034462736e-09
1.6739999999994875	-4.789214580469547e-09
1.6749999999994805	-4.444052681407129e-09
1.6759999999994735	-4.097859829244044e-09
1.6769999999994665	-3.750808996727528e-09
1.6779999999994595	-3.402945036867777e-09
1.6789999999994527	-3.054423602932843e-09
1.6799999999994457	-2.705413892911679e-09
1.6809999999994387	-2.355923456320852e-09
1.6819999999994317	-2.0060977323765883e-09
1.6829999999994247	-1.6560344207050548e-09
1.683999999999418	-1.3058083503381113e-09
1.684999999999411	-9.555207736156035e-10
1.685999999999404	-6.05247185703206e-10
1.6869999999993972	-2.550708533277657e-10
1.6879999999993902	9.490841446080367e-11
1.6889999999993832	4.446309986860797e-10
1.6899999999993762	7.939592316930089e-10
1.6909999999993692	1.1427910839856281e-09
1.6919999999993625	1.4910639389853486e-09
1.6929999999993555	1.8385009070698288e-09
1.6939999999993485	2.1851132014916175e-09
1.6949999999993415	2.5306633455457472e-09
1.6959999999993345	2.874874782676784e-09
1.6969999999993277	3.2177265296695623e-09
1.6979999999993207	3.5588703095612573e-09
1.6989999999993137	3.898104838917504e-09
1.6999999999993067	4.235257478057974e-09
1.7009999999993	4.56992799158229e-09
1.701999999999293	4.902014572039093e-09
1.702999999999286	5.231206579026093e-09
1.703999999999279	5.557184823423711e-09
1.7049999999992722	5.879866704638914e-09
1.7059999999992652	6.198788815581224e-09
1.7069999999992582	6.513861117163344e-09
1.7079999999992515	6.8249106366380374e-09
1.7089999999992442	7.131660706427567e-09
1.7099999999992375	7.433832660552753e-09
1.7109999999992305	7.731572271296727e-09
1.7119999999992235	8.024398701067526e-09
1.7129999999992167	8.312441512892121e-09
1.7139999999992095	8.595499312313848e-09
1.7149999999992027	8.873320633817627e-09
1.7159999999991957	9.14594111556255e-09
1.7169999999991887	9.413207768815823e-09
1.717999999999182	9.67492730374886e-09
1.718999999999175	9.930818722914125e-09
1.719999999999168	1.0180898457612386e-08
1.720999999999161	1.042495090253226e-08
1.721999999999154	1.0662635885339e-08
1.7229999999991472	1.0894007917983117e-08
1.7239999999991402	1.11186382323325e-08
1.7249999999991332	1.133658633634127e-08
1.7259999999991265	1.1547596545646854e-08
1.7269999999991195	1.1751667416959322e-08
1.7279999999991125	1.1948556588592396e-08
1.7289999999991055	1.2138432481378914e-08
1.7299999999990985	1.2321154096994746e-08
1.7309999999990917	1.2496735868339215e-08
1.7319999999990847	1.2664918669358372e-08
1.7329999999990777	1.2826414264033303e-08
1.7339999999990707	1.2980778452131858e-08
1.7349999999990655	1.3128228060210745e-08
1.7359999999990614	1.3269062404397403e-08
1.7369999999990573	1.3403226084562903e-08
1.7379999999990532	1.353119316593876e-08
1.7389999999990489	1.3652678654274553e-08
1.7399999999990448	1.3768242657086205e-08
1.7409999999990406	1.3877738958001373e-08
1.7419999999990363	1.3981526714168524e-08
1.7429999999990322	1.4079457599791567e-08
1.743999999999028	1.4171904205717567e-08
1.744999999999024	1.4258675129497078e-08
1.74599999999902	1.4339934129026233e-08
1.7469999999990156	1.4415738824880009e-08
1.7479999999990115	1.4486275179415031e-08
1.7489999999990071	1.4551572835586057e-08
1.749999999999003	1.4611386434104645e-08
1.7509999999990045	1.466639476532805e-08
1.751999999999006	1.4716184049134995e-08
1.7529999999990071	1.4760847544259548e-08
1.7539999999990086	1.4800648706625452e-08
1.75499999999901	1.4835310424565762e-08
1.7559999999990115	1.4865055297796914e-08
1.756999999999013	1.488961376416853e-08
1.7579999999990141	1.4909080636726912e-08
1.7589999999990156	1.492331025421123e-08
1.759999999999017	1.493222301363062e-08
1.7609999999990182	1.4935605197052837e-08
1.7619999999990197	1.493351919901187e-08
1.7629999999990211	1.492574930317403e-08
1.7639999999990226	1.4912131085509372e-08
1.7649999999990238	1.4892629907059529e-08
1.7659999999990263	1.486708711695428e-08
1.7669999999990305	1.48353437312565e-08
1.7679999999990346	1.4797309710878892e-08
1.7689999999990387	1.4752883470414702e-08
1.769999999999043	1.4701674655448471e-08
1.7709999999990471	1.4643847023876333e-08
1.7719999999990512	1.4578881657456577e-08
1.7729999999990556	1.4506946754977434e-08
1.7739999999990597	1.4427355754520477e-08
1.7749999999990638	1.4340411302882217e-08
1.7759999999990679	1.4245755464159515e-08
1.776999999999072	1.4143229587482153e-08
1.7779999999990763	1.4032734529934032e-08
1.7789999999990804	1.3914411733928489e-08
1.7799999999990845	1.3787919583840846e-08
1.7809999999990886	1.3653784769473987e-08
1.781999999999093	1.3511779028974047e-08
1.782999999999097	1.336216581826477e-08
1.7839999999991012	1.3205151860873343e-08
1.7849999999991053	1.304078067754233e-08
1.7859999999991096	1.286968165370439e-08
1.7869999999991137	1.2691411255261187e-08
1.7879999999991179	1.2506782165466745e-08
1.788999999999122	1.2315539699159217e-08
1.789999999999126	1.2117974401704146e-08
1.7909999999991304	1.1914058184459009e-08
1.7919999999991345	1.1704054392325247e-08
1.7929999999991386	1.1487672146870409e-08
1.7939999999991427	1.1265195998255706e-08
1.794999999999147	1.1036483282822473e-08
1.7959999999991512	1.0801518679492972e-08
1.7969999999991553	1.0560456287223019e-08
1.7979999999991594	1.0313284670715461e-08
1.7989999999991637	1.0060148269985802e-08
1.7999999999991678	9.801021882971384e-09
1.800999999999172	9.53630430178265e-09
1.801999999999176	9.26585297378324e-09
1.8029999999991801	8.990204802827861e-09
1.8039999999991845	8.709490906255724e-09
1.8049999999991886	8.424123620898172e-09
1.8059999999991927	8.134442786023044e-09
1.8069999999991968	7.841017612975065e-09
1.8079999999992011	7.544169178252957e-09
1.8089999999992052	7.244650435112021e-09
1.8099999999992094	6.943076558130201e-09
1.8109999999992135	6.640067606866751e-09
1.8119999999992178	6.336570157472465e-09
1.812999999999222	6.033158195251076e-09
1.813999999999226	5.730830143768628e-09
1.8149999999992301	5.430318195109862e-09
1.8159999999992344	5.132451130762661e-09
1.8169999999992386	4.837838352145241e-09
1.8179999999992427	4.547229592866131e-09
1.8189999999992468	4.261221708823371e-09
1.819999999999251	3.9803560447637665e-09
1.8209999999992552	3.7048127898842154e-09
1.8219999999992593	3.435413287178335e-09
1.8229999999992634	3.17203963096091e-09
1.8239999999992675	2.915357066868296e-09
1.8249999999992719	2.665496712239701e-09
1.825999999999276	2.4225152994716836e-09
1.82699999999928	2.186933079073583e-09
1.8279999999992842	1.9586994248754763e-09
1.8289999999992885	1.7381130978932902e-09
1.8299999999992926	1.525155224335606e-09
1.8309999999992967	1.3198149240167822e-09
1.8319999999993009	1.1225054219465846e-09
1.8329999999993052	9.328869898794778e-10
1.8339999999993093	7.512599431436229e-10
1.8349999999993134	5.773591604807393e-10
1.8359999999993175	4.1139136541801236e-10
1.8369999999993218	2.528548481706139e-10
1.837999999999326	1.0205680744945766e-10
1.83899999999933	-4.133227093916503e-11
1.8399999999993342	-1.7738299717962036e-10
1.8409999999993385	-3.061537690030036e-10
1.8419999999993426	-4.2774628283837046e-10
1.8429999999993467	-5.424130034015207e-10
1.8439999999993508	-6.498750426686684e-10
1.844999999999355	-7.50545847694184e-10
1.8459999999993593	-8.441971566242046e-10
1.8469999999993634	-9.307066228814165e-10
1.8479999999993675	-1.0102292336000573e-09
1.8489999999993716	-1.0825245144729934e-09
1.849999999999376	-1.1478216155325072e-09
1.85099999999938	-1.2058953835492048e-09
1.8519999999993841	-1.2564231877121301e-09
1.8529999999993882	-1.299627738760023e-09
1.8539999999993926	-1.3351484362544852e-09
1.8549999999993967	-1.3629235517953475e-09
1.8559999999994008	-1.382985725939534e-09
1.856999999999405	-1.3946599430880724e-09
1.857999999999409	-1.3986747315897219e-09
1.8589999999994133	-1.3940404386403316e-09
1.8599999999994175	-1.3813601373868778e-09
1.8609999999994216	-1.3601482162783896e-09
1.861999999999426	-1.3305003765395895e-09
1.86299999999943	-1.2925922554529734e-09
1.863999999999434	-1.2460210641052072e-09
1.8649999999994382	-1.1912677511105585e-09
1.8659999999994423	-1.1282308420845766e-09
1.8669999999994467	-1.0570275765786619e-09
1.8679999999994508	-9.780183329866077e-10
1.8689999999994549	-8.914042837204761e-10
1.869999999999459	-7.972682514179041e-10
1.870999999999463	-6.962987963987644e-10
1.8719999999994674	-5.884810416745268e-10
1.8729999999994715	-4.742739534435714e-10
1.8739999999994756	-3.5402547560181574e-10
1.87499999999948	-2.2815149769428444e-10
1.875999999999484	-9.669132161604921e-11
1.8769999999994882	3.9845349242284556e-11
1.8779999999994923	1.8125423384418582e-10
1.8789999999994964	3.274754911686273e-10
1.8799999999995007	4.781691709254687e-10
1.8809999999995048	6.332986357548975e-10
1.881999999999509	7.924927380997815e-10
1.882999999999513	9.558746016935515e-10
1.8839999999995174	1.1230886221014202e-09
1.8849999999995215	1.2939642690668052e-09
1.8859999999995256	1.468301258356064e-09
1.8869999999995297	1.6459379414968112e-09
1.887999999999534	1.826536144555746e-09
1.8889999999995382	2.0098250841371623e-09
1.8899999999995423	2.195549075878489e-09
1.8909999999995464	2.383423125529305e-09
1.8919999999995505	2.57309873408218e-09
1.8929999999995548	2.7642461652988004e-09
1.893999999999559	2.956476619075943e-09
1.894999999999563	3.1495215324639503e-09
1.8959999999995671	3.3429680135199646e-09
1.8969999999995715	3.5365096406891894e-09
1.8979999999995756	3.729796138607355e-09
1.8989999999995797	3.9224876680066245e-09
1.8999999999995838	4.114354523743202e-09
1.9009999999995881	4.305017342609574e-09
1.9019999999995922	4.494282945799455e-09
1.9029999999995963	4.681914966830902e-09
1.9039999999996005	4.867597103164201e-09
1.9049999999996048	5.05118824545292e-09
1.905999999999609	5.2324995447605716e-09
1.906999999999613	5.411318726444847e-09
1.9079999999996171	5.587521556549291e-09
1.9089999999996214	5.761078725186053e-09
1.9099999999996256	5.931963364957937e-09
1.9109999999996297	6.100223659544213e-09
1.9119999999996338	6.265999497045982e-09
1.9129999999996379	6.429432319876582e-09
1.9139999999996422	6.590680556861628e-09
1.9149999999996463	6.749907299763436e-09
1.9159999999996504	6.907231231423339e-09
1.9169999999996545	7.062674667324131e-09
1.9179999999996589	7.216370390139559e-09
1.918999999999663	7.36845129356567e-09
1.919999999999667	7.518823785801487e-09
1.9209999999996712	7.66764607362802e-09
1.9219999999996755	7.815049607451385e-09
1.9229999999996796	7.961125203514996e-09
1.9239999999996837	8.106120330531041e-09
1.9249999999996878	8.25029189410742e-09
1.9259999999996922	8.393872930057e-09
1.9269999999996963	8.537144102760408e-09
1.9279999999997004	8.680281937678558e-09
1.9289999999997045	8.823468178320582e-09
1.9299999999997088	8.966771103402493e-09
1.930999999999713	9.110136645062994e-09
1.931999999999717	9.253534494213511e-09
1.9329999999997212	9.396777134185186e-09
1.9339999999997253	9.53969014894085e-09
1.9349999999997296	9.682056045789977e-09
1.9359999999997337	9.823676094811162e-09
1.9369999999997378	9.964373215431976e-09
1.937999999999742	1.0103980541131818e-08
1.9389999999997463	1.0242457881837197e-08
1.9399999999997504	1.0379691328665785e-08
1.9409999999997545	1.0515661896803863e-08
1.9419999999997586	1.0650322512795185e-08
1.942999999999763	1.0783659853963456e-08
1.943999999999767	1.0915559456314838e-08
1.9449999999997711	1.1045964143363562e-08
1.9459999999997752	1.1174685177195443e-08
1.9469999999997794	1.1301611868574923e-08
1.9479999999997837	1.1426519730406426e-08
1.9489999999997878	1.1549167511226699e-08
1.949999999999792	1.1669302524275338e-08
1.950999999999796	1.1786888243214833e-08
1.9519999999998003	1.1901637009259503e-08
1.9529999999998044	1.201334198785986e-08
1.9539999999998086	1.2122027159833237e-08
1.9549999999998127	1.2227529322395014e-08
1.955999999999817	1.2329666398969152e-08
1.956999999999821	1.2428505336004037e-08
1.9579999999998252	1.2523821868448692e-08
1.9589999999998293	1.261586890510813e-08
1.9599999999998337	1.2704432506005503e-08
1.9609999999998378	1.2789653447420335e-08
1.9619999999998419	1.287147921580356e-08
1.962999999999846	1.2949986083476972e-08
1.9639999999998503	1.3025348910566947e-08
1.9649999999998544	1.3097755324764648e-08
1.9659999999998585	1.3167243961831332e-08
1.9669999999998626	1.3234175422205396e-08
1.9679999999998667	1.3298745438206083e-08
1.968999999999871	1.3361211914642013e-08
1.9699999999998752	1.3421700528759573e-08
1.9709999999998793	1.3480261795706383e-08
1.9719999999998834	1.3536701759520042e-08
1.9729999999998877	1.3591139991220302e-08
1.9739999999998918	1.3643129848084357e-08
1.974999999999896	1.3692551315003243e-08
1.9759999999999	1.3739255289024754e-08
1.9769999999999044	1.3782817664953484e-08
1.9779999999999085	1.3823113653721464e-08
1.9789999999999126	1.3859299818896886e-08
1.9799999999999167	1.3891229722062803e-08
1.980999999999921	1.391849513421306e-08
1.9819999999999252	1.394076931671151e-08
1.9829999999999293	1.3957621725069203e-08
1.9839999999999334	1.396873638981333e-08
1.9849999999999375	1.3973321277838124e-08
1.9859999999999418	1.3970975931698604e-08
1.986999999999946	1.3961670375373103e-08
1.98799999999995	1.3944651433561717e-08
1.9889999999999541	1.3919785213367675e-08
1.9899999999999585	1.388710746397237e-08
1.9909999999999626	1.3846816804274908e-08
1.9919999999999667	1.3798124198771688e-08
1.9929999999999708	1.374223967953725e-08
1.9939999999999751	1.3678322141608135e-08
1.9949999999999792	1.3608068005765972e-08
1.9959999999999833	1.3530618403478911e-08
1.9969999999999875	1.3447228774943198e-08
1.9979999999999918	1.3358831152388007e-08
1.998999999999996	1.3264948695024259e-08
2.0	1.316699183018244e-08
2.0010279404845495	1.3063385040368303e-08
2.0021217900815715	1.2948400462953202e-08
2.0032857751923165	1.282189521223387e-08
2.004524391841744	1.2682552452680795e-08
2.005842426366887	1.2527930248751318e-08
2.007244970197923	1.2358097878362173e-08
2.0087374418720856	1.2172570840185415e-08
2.0103256076664273	1.1969878865869532e-08
2.0120156028936726	1.1749124451121418e-08
2.013813957200875	1.150679629358109e-08
2.0157276178435577	1.1240274710999643e-08
2.0177639781367303	1.0941636152672629e-08
2.019930905358886	1.0602379640900494e-08
2.0222367711443985	1.0218729307176488e-08
2.024690484011897	9.787563204355365e-09
2.027301523572695	9.30355525952109e-09
2.0300799770731848	8.754895919338423e-09
2.033036578410754	8.125179418172479e-09
2.036182751117039	7.395289935985261e-09
2.039530649180409	6.559673471073779e-09
2.043093206833892	5.639243516597503e-09
2.046884188175661	4.673030074009432e-09
2.050918238233338	3.6571046191369305e-09
2.0552109433735133	2.5745403586796556e-09
2.059778886913171	1.421624262754051e-09
2.0646397170403086	2.3276691685225614e-10
2.0698122132469665	-9.497895803178835e-10
2.0753163565584574	-2.023525569327944e-09
2.081173414838828	-3.045766749920631e-09
2.0874060143976347	-3.924473634953074e-09
2.094038234979271	-4.696890432143164e-09
2.1010956980169606	-5.440522476973797e-09
2.1086056699538682	-5.99572436144058e-09
2.116597165034399	-6.161552601469111e-09
2.125101056786564	-6.0260305634329825e-09
2.1341501990307465	-5.852888840252035e-09
2.143779554474847	-5.9111588956994865e-09
2.1540263207146424	-5.798791447020335e-09
2.1649300857539027	-5.758518772935872e-09
2.1765329774064615	-6.105465466532678e-09
2.1888798204423576	-6.8238472650250515e-09
2.2020183144046843	-7.3211650075677426e-09
2.2159992202680474	-7.034007154516075e-09
2.2308765524295735	-6.676111885539626e-09
2.246707783705272	-7.13780456962354e-09
2.263554079768369	-6.911903938089381e-09
2.2814805235907363	-6.009729602851621e-09
2.3005563724108544	-4.741545600595032e-09
2.320855322320133	-4.2144292500267966e-09
2.3424557929209753	-2.3535973170396574e-09
2.3654412374910825	1.1189928983412756e-09
2.389900455657507	6.179790457139234e-09
2.41592795027163	1.1907795860466308e-08
2.44362426638729	1.5938361519474142e-08
2.473096411506492	1.9514475146920063e-08
2.5044582437089975	1.9660963190837322e-08
2.537830924630887	1.6935056357247902e-08
2.5733433911797423	1.2188032583182462e-08
2.611132843166974	2.651854291713107e-09
2.6513452603475027	-8.604535972622784e-09
2.6941360153529494	-1.0024773677841381e-08
2.739670418177515	-6.318023437756892e-09
2.788124380079947	-6.728916090992243e-09
2.839685109337027	-3.1740856609729917e-09
2.894551789617174	1.99836980296908e-09
2.9529364084026577	8.02589661397235e-10
3.0150645170164534	-1.4445658003126027e-09
3.0811761422888653	-4.416649268534911e-09
3.1515266965252042	-2.882166949547127e-09
3.226387989377641	-5.018985227422945e-11
3.30604919671757	7.561565151803507e-09
3.39081811677136	1.5877577697054335e-08
3.4810222154328754	1.3488345107504074e-08
3.577010018652917	4.7410431136540865e-09
3.6791523315125145	3.6198249953045547e-09
3.7878438030764574	4.980373113916414e-09
3.9035043177534527	4.397924469046188e-09
4.02658072998157	-1.4156742444981774e-10
4.157548527011607	-4.603185610463356e-09
4.296913682346355	-2.1170154518301842e-09
4.445214635465608	-1.3452177149986255e-09
4.603024347307951	1.0506608916216464e-09
4.770952424745148	-3.2618636680581403e-09
4.9496476786701376	-7.746926211638083e-09
5.139800459354712	-3.563577655185668e-09
5.342145448462832	-2.4142963184203836e-09
5.557464321076707	4.04366984341209e-09
5.786588991858403	-8.234233295212334e-10
6.03040459644804	-2.690518252634888e-09
6.289853138906711	-3.6435032768622477e-09
6.565936951835777	-3.771409851083263e-09
6.859722633511745	1.6973021876864891e-09
7.172345245053396	2.8240826344116954e-09
7.505012494394354	-8.171585630378786e-10
7.859009576011049	-2.1463164578960914e-10
8.23570422033976	-2.2754376161060463e-10
8.636551628113326	-4.4468739801573065e-10
9.063100564489073	1.0881535672524478e-09
9.516998831091398	-7.897262843670205e-10
10.0	4.776619100255175e-10
