0.0	1.0000030396051418
0.0010000000000041087	1.0000030268255622
0.0020000000000082174	1.0000029957151997
0.003000000000012548	1.0000029414441673
0.004000000000016657	1.0000028652785713
0.005000000000020766	1.0000027606718906
0.006000000000024874	1.0000026292726434
0.007000000000029205	1.0000024670912904
0.008000000000033314	1.000002275157029
0.009000000000037423	1.0000020534251004
0.010000000000041753	1.0000018033707483
0.011000000000045862	1.0000015264911573
0.01200000000004997	1.000001225740911
0.01300000000005408	1.0000009035518156
0.01400000000005841	1.0000005641569798
0.015000000000062519	1.0000002131459074
0.016000000000066406	0.9999998570732546
0.017000000000070736	0.9999995070311521
0.018000000000074845	0.9999991727529433
0.019000000000078954	0.9999988668960822
0.020000000000083062	0.9999986000543915
0.021000000000087393	0.9999983838595388
0.022000000000091502	0.9999982347077742
0.02300000000009561	0.9999981550097043
0.02400000000009972	0.9999981534813088
0.02500000000010405	0.9999982199073447
0.02600000000010816	0.999998354984931
0.027000000000112268	0.9999985488800839
0.0280000000001166	0.9999987997361581
0.029000000000120707	0.9999990955914713
0.030000000000124816	0.999999430742637
0.031000000000128924	0.999999785529093
0.032000000000133255	1.000000147844855
0.033000000000137364	1.0000005013302704
0.03400000000014147	1.0000008280889188
0.0350000000001458	1.0000011170668475
0.03600000000014991	1.00000135649432
0.03700000000015402	1.0000015416316284
0.03800000000015813	1.0000016689947238
0.03900000000016246	1.000001756620844
0.04000000000016657	1.0000018402928046
0.04100000000017068	1.000001954864058
0.04200000000017501	1.0000021113154076
0.04300000000017912	1.0000023011661754
0.044000000000183226	1.0000025075095103
0.045000000000187335	1.0000027331570907
0.046000000000191665	1.0000029902368377
0.04700000000019555	1.0000032885592764
0.04800000000019966	1.0000036467794193
0.04900000000020399	1.0000040539878199
0.0500000000002081	1.0000044969795647
0.05100000000021221	1.0000048638197427
0.05200000000021632	1.00000501082739
0.05300000000022065	1.0000048135728203
0.05400000000022476	1.0000042141616972
0.055000000000228866	1.0000030897804617
0.0560000000002332	1.0000013409664177
0.057000000000237305	0.999998927451946
0.058000000000241414	0.9999959542151596
0.05900000000024552	0.9999925379337843
0.060000000000249853	0.9999888795684689
0.06100000000025396	0.9999851979715599
0.06200000000025807	0.999981570754603
0.0630000000002624	0.9999782792585764
0.06400000000026651	0.9999755862385477
0.06500000000027062	0.9999740126028883
0.06600000000027473	0.9999736511827397
0.06700000000027906	0.9999746160635097
0.06800000000028317	0.9999768797586265
0.06900000000028728	0.9999806267673119
0.0700000000002916	0.9999853388876444
0.07100000000029572	0.9999914304746812
0.07200000000029982	0.9999978585453823
0.07300000000030393	1.0000046699923224
0.07400000000030826	1.0000108940064374
0.07500000000031237	1.0000158519639177
0.07600000000031648	1.000017332223539
0.07700000000032081	1.0000164142100576
0.0780000000003247	1.0000109497980154
0.07900000000032881	0.999999429839054
0.08000000000033292	0.9999818246799851
0.08100000000033725	0.9999554381274799
0.08200000000034136	0.9999199916282164
0.08300000000034546	0.9998734135056709
0.0840000000003498	0.9998131588812673
0.0850000000003539	0.9997387151924502
0.08600000000035801	0.9996451684670957
0.08700000000036212	0.9995281692423986
0.08800000000036645	0.9993827622616562
0.08900000000037056	0.999200171379786
0.09000000000037467	0.9989741717754616
0.091000000000379	0.9986889194034579
0.09200000000038311	0.9983383704828462
0.09300000000038722	0.9978961971046906
0.09400000000039133	0.9973640906268462
0.09500000000039566	0.9966941789729151
0.09600000000039977	0.9958930435047638
0.09700000000040387	0.994916406517405
0.0980000000004082	0.9937394533737754
0.09900000000041231	0.9923352007631093
0.10000000000041642	0.9906528309513991
0.10100000000042053	0.9886779073139632
0.10200000000042486	0.9863494367857075
0.10300000000042897	0.9836149631840652
0.10400000000043308	0.9804739707754051
0.10500000000043741	0.9767686404377168
0.10600000000044152	0.9725744590069498
0.10700000000044563	0.9677456626316778
0.10800000000044951	0.962239137396427
0.10900000000045384	0.9560621519268105
0.11000000000045795	0.9490156468588266
0.11100000000046206	0.9411625430783681
0.1120000000004664	0.9324099602385518
0.1130000000004705	0.9226902214282925
0.11400000000047461	0.9119531530323988
0.11500000000047872	0.9001797416689228
0.11600000000048305	0.8872904368514286
0.11700000000048716	0.873294999006186
0.11800000000049127	0.8581460434068131
0.1190000000004956	0.8418349099316574
0.12000000000049971	0.8243604620284658
0.12100000000050382	0.8057450596870273
0.12200000000050792	0.7859759829517416
0.12300000000051226	0.7651070122878045
0.12400000000051636	0.7431944817342861
0.12500000000052047	0.72028158557949
0.1260000000005248	0.6964495689733226
0.1270000000005289	0.6717668180729255
0.12800000000053302	0.6463415178298699
0.12900000000053713	0.6202846247984073
0.13000000000054146	0.5936801893687934
0.13100000000054557	0.5666773007674161
0.13200000000054968	0.5393656025902449
0.133000000000554	0.5119102531187525
0.13400000000055812	0.4843939085411242
0.13500000000056223	0.45699077160084156
0.13600000000056633	0.4297786757176256
0.13700000000057067	0.4029680198005755
0.13800000000057477	0.3765520932726534
0.13900000000057866	0.35078700683549147
0.140000000000583	0.32560927579243637
0.1410000000005871	0.3012751678437279
0.1420000000005912	0.2777600352542775
0.14300000000059532	0.2551878159290951
0.14400000000059965	0.23359072956166316
0.14500000000060376	0.21304120483078626
0.14600000000060787	0.1935732543540738
0.1470000000006122	0.17522263373242986
0.1480000000006163	0.15796035374989292
0.14900000000062041	0.1418621927786179
0.15000000000062452	0.12683615761656886
0.15100000000062885	0.1129326403853601
0.15200000000063296	0.10008715733438955
0.15300000000063707	0.08831715574480958
0.1540000000006414	0.07755837271300714
0.1550000000006455	0.06778449643259088
0.15600000000064962	0.058959539792485804
0.15700000000065373	0.05102170354959801
0.15800000000065806	0.043938077485218274
0.15900000000066217	0.037643103316006954
0.16000000000066628	0.032068744390551185
0.16100000000067038	0.027198847684147265
0.16200000000067472	0.022929385476432307
0.16300000000067882	0.019243932344229497
0.16400000000068293	0.016056978563775748
0.16500000000068726	0.01334037816677458
0.16600000000069137	0.011016123245583986
0.16700000000069548	0.009065157337668106
0.1680000000006996	0.007412103672190806
0.16900000000070392	0.006044694796152994
0.1700000000007078	0.004892455597821921
0.17100000000071192	0.003954839056133697
0.17200000000071625	0.00317695665581863
0.17300000000072036	0.002550723995751847
0.17400000000072446	0.002041933798811346
0.17500000000072857	0.0016337447064300736
0.1760000000007329	0.0013103993878346154
0.177000000000737	0.001056471577800977
0.17800000000074112	0.0008581508133185256
0.17900000000074545	0.0007054180194956405
0.18000000000074956	0.0005892876893434096
0.18100000000075367	0.0004976449602297484
0.18200000000075778	0.0004270434214770358
0.1830000000007621	0.0003691117225697038
0.18400000000076622	0.0003237598312814116
0.18500000000077033	0.0002865106727661937
0.18600000000077466	0.0002554518392998695
0.18700000000077877	0.00022686205358846134
0.18800000000078287	0.00020048904126668265
0.18900000000078698	0.00017670351303944454
0.1900000000007913	0.00015335096037771834
0.19100000000079542	0.00012994521396547665
0.19200000000079953	0.00010626541015845703
0.19300000000080386	8.218745621402235e-05
0.19400000000080797	5.750739125209847e-05
0.19500000000081208	3.2390639881141325e-05
0.1960000000008162	7.208269106939724e-06
0.19700000000082052	-1.7641954104030688e-05
0.19800000000082463	-4.0729371272529846e-05
0.19900000000082874	-6.061104750454405e-05
0.20000000000083307	-7.577702384464757e-05
0.20100000000083695	-8.594496270175611e-05
0.20200000000084106	-9.054227869431664e-05
0.20300000000084517	-8.915099234796386e-05
0.2040000000008495	-8.256979737741865e-05
0.2050000000008536	-7.179602488927017e-05
0.20600000000085772	-5.800910991538011e-05
0.20700000000086205	-4.232602788389883e-05
0.20800000000086616	-2.52130080693469e-05
0.20900000000087027	-7.126453764438878e-06
0.21000000000087438	1.1612916468117795e-05
0.2110000000008787	3.078107401177643e-05
0.21200000000088282	4.9707665630949194e-05
0.21300000000088692	6.762026758533324e-05
0.21400000000089126	8.35457464998246e-05
0.21500000000089536	9.6714249987917e-05
0.21600000000089947	0.00010685383910491453
0.21700000000090358	0.00011371855703312672
0.2180000000009079	0.0001171316946279033
0.21900000000091202	0.00011747597196287707
0.22000000000091613	0.00011508320318143195
0.22100000000092046	0.00011084074761635865
0.22200000000092457	0.00010563893319393003
0.22300000000092868	9.991615180793278e-05
0.2240000000009328	9.347678450510877e-05
0.22500000000093712	8.591569418880951e-05
0.22600000000094123	7.68061190697944e-05
0.22700000000094533	6.609695133297233e-05
0.22800000000094967	5.4212818625831716e-05
0.22900000000095377	4.178846401758918e-05
0.23000000000095788	2.9607711409584958e-05
0.23100000000096177	1.819247562762083e-05
0.2320000000009661	8.105407520830887e-06
0.2330000000009702	-4.686584078594791e-07
0.23400000000097432	-7.508603913297662e-06
0.23500000000097865	-1.3229592930263934e-05
0.23600000000098276	-1.7756263593904364e-05
0.23700000000098687	-2.0990419435928942e-05
0.23800000000099097	-2.302723471814261e-05
0.2390000000009953	-2.3537282659580328e-05
0.24000000000099941	-2.2631019682473053e-05
0.24100000000100352	-2.0192932037144118e-05
0.24200000000100785	-1.636676729788178e-05
0.24300000000101196	-1.1599568479958577e-05
0.24400000000101607	-6.199273306473074e-06
0.24500000000102018	-5.654161576718053e-07
0.2460000000010245	5.206041854055599e-06
0.24700000000102862	1.140718887604475e-05
0.24800000000103273	1.835255422044657e-05
0.24900000000103706	2.646889728918911e-05
0.25000000000104117	3.5781363004638855e-05
0.2510000000010453	4.626302959065409e-05
0.2520000000010494	5.740776536966585e-05
0.2530000000010537	6.87520749683701e-05
0.2540000000010578	7.978486348081404e-05
0.25500000000106193	9.010347856874823e-05
0.25600000000106626	9.934708939662862e-05
0.25700000000107037	0.00010711687694731076
0.2580000000010745	0.0001127796201400022
0.2590000000010786	0.00011596758704157661
0.2600000000010829	0.00011634690588857577
0.26100000000108703	0.00011396083441839178
0.2620000000010909	0.00010906915129993422
0.26300000000109525	0.00010218080468293866
0.26400000000109936	9.38332097352168e-05
0.26500000000110346	8.451782334317759e-05
0.2660000000011076	7.45812762492637e-05
0.2670000000011119	6.43090769213428e-05
0.268000000001116	5.374714905281852e-05
0.2690000000011201	4.3034205111425194e-05
0.27000000000112445	3.213376319388672e-05
0.27100000000112856	2.122926287573268e-05
0.27200000000113267	1.045915486752591e-05
0.2730000000011368	5.0817245078604856e-08
0.2740000000011411	-9.731550146385715e-06
0.2750000000011452	-1.8629721562302137e-05
0.2760000000011493	-2.6573570452548267e-05
0.27700000000115366	-3.3103775024301285e-05
0.27800000000115777	-3.831327775927207e-05
0.2790000000011619	-4.158609236326605e-05
0.280000000001166	-4.2841876118471234e-05
0.2810000000011703	-4.1658950161060915e-05
0.2820000000011744	-3.778725418479567e-05
0.28300000000117853	-3.125449571084182e-05
0.28400000000118286	-2.2326545562112443e-05
0.28500000000118697	-1.138812441481285e-05
0.2860000000011911	1.0344881623547408e-06
0.2870000000011952	1.4394857866806277e-05
0.2880000000011995	2.8133720197720535e-05
0.2890000000012036	4.1633790345940724e-05
0.29000000000120774	5.4520204466612654e-05
0.29100000000121207	6.624182722103633e-05
0.2920000000012162	7.653670826701653e-05
0.29300000000122006	8.509501684272891e-05
0.29400000000122417	9.165241972863836e-05
0.2950000000012285	9.611538782339224e-05
0.2960000000012326	9.838204279821738e-05
0.2970000000012367	9.853380450253191e-05
0.29800000000124083	9.67413667364303e-05
0.29900000000124516	9.31606474063873e-05
0.30000000000124927	8.79684412249393e-05
0.3010000000012534	8.137863337354112e-05
0.3020000000012577	7.353381802699399e-05
0.3030000000012618	6.458697877420594e-05
0.3040000000012659	5.471634176901219e-05
0.30500000000127003	4.406828272440766e-05
0.30600000000127436	3.28371791633586e-05
0.3070000000012785	2.1182723635271294e-05
0.3080000000012826	9.307864620389239e-06
0.3090000000012869	-2.5257423712510274e-06
0.310000000001291	-1.4089942237616171e-05
0.31100000000129513	-2.5106436470023752e-05
0.31200000000129924	-3.525552023830869e-05
0.31300000000130357	-4.430277631306545e-05
0.3140000000013077	-5.200019396633948e-05
0.3150000000013118	-5.823285114092691e-05
0.3160000000013161	-6.282288095227351e-05
0.3170000000013202	-6.575825332144625e-05
0.31800000000132433	-6.719922489883956e-05
0.31900000000132844	-6.700474332266282e-05
0.3200000000013328	-6.538478305939677e-05
0.3210000000013369	-6.237357490301854e-05
0.322000000001341	-5.7944476435256576e-05
0.3230000000013453	-5.236987359680256e-05
0.3240000000013492	-4.5708391320786745e-05
0.3250000000013533	-3.8157542373573605e-05
0.3260000000013574	-3.0096260336121006e-05
0.32700000000136176	-2.173296638274813e-05
0.32800000000136587	-1.3405501136265485e-05
0.32900000000137	-5.28625593210208e-06
0.3300000000013743	2.5235918721389083e-06
0.3310000000013784	9.994529730494861e-06
0.3320000000013825	1.72310433196321e-05
0.33300000000138663	2.4274270333690673e-05
0.33400000000139096	3.120532056377634e-05
0.33500000000139507	3.805418713009878e-05
0.3360000000013992	4.483151114464956e-05
0.3370000000014035	5.144806483525777e-05
0.3380000000014076	5.786578851119106e-05
0.3390000000014117	6.401695650160022e-05
0.34000000000141584	6.977593048218544e-05
0.34100000000142017	7.506228645981494e-05
0.3420000000014243	7.978521714901987e-05
0.3430000000014284	8.388236992495912e-05
0.3440000000014327	8.726828178795554e-05
0.3450000000014368	8.969832017269308e-05
0.34600000000144093	9.102555191931039e-05
0.34700000000144504	9.100289730623601e-05
0.34800000000144937	8.960128625590258e-05
0.3490000000014535	8.671746555122262e-05
0.3500000000014576	8.22971878621237e-05
0.3510000000014619	7.63981921009238e-05
0.35200000000146603	6.903948217140687e-05
0.35300000000147014	6.0424010846382714e-05
0.35400000000147425	5.074585862885339e-05
0.35500000000147836	4.028445885917442e-05
0.35600000000148246	2.9241876502883457e-05
0.3570000000014866	1.7941498073326123e-05
0.3580000000014909	6.6807124257106665e-06
0.359000000001495	-4.0307133029049425e-06
0.3600000000014991	-1.3825392835009609e-05
0.36100000000150323	-2.2470519590145344e-05
0.36200000000150756	-2.9560540750539488e-05
0.36300000000151167	-3.4942500529488996e-05
0.3640000000015158	-3.844116992102187e-05
0.3650000000015201	-3.976686682638508e-05
0.3660000000015242	-3.9006749376069294e-05
0.3670000000015283	-3.630619996197737e-05
0.36800000000153243	-3.1577028469120805e-05
0.36900000000153677	-2.5176623176470514e-05
0.3700000000015409	-1.7340784793429265e-05
0.371000000001545	-8.313338653032076e-06
0.3720000000015493	1.569714357385621e-06
0.3730000000015534	1.1970692008089756e-05
0.37400000000155753	2.2630374981513768e-05
0.37500000000156164	3.312470233962639e-05
0.37600000000156597	4.322905539577704e-05
0.3770000000015701	5.2649292745066134e-05
0.3780000000015742	6.112264683533208e-05
0.3790000000015785	6.851811164820809e-05
0.3800000000015826	7.474802997309293e-05
0.38100000000158674	7.977998848140988e-05
0.38200000000159084	8.36731873917751e-05
0.3830000000015952	8.640950265059733e-05
0.3840000000015993	8.805240246467783e-05
0.3850000000016034	8.854071618724646e-05
0.3860000000016075	8.783339609430563e-05
0.3870000000016116	8.5962675075546e-05
0.3880000000016157	8.295455233853222e-05
0.38900000000161983	7.889064029076298e-05
0.39000000000162416	7.389929239565163e-05
0.39100000000162827	6.811647329063586e-05
0.3920000000016324	6.163822462601498e-05
0.3930000000016367	5.466429034783893e-05
0.3940000000016408	4.732918638583605e-05
0.3950000000016449	3.989364183865085e-05
0.39600000000164903	3.257481999152656e-05
0.39700000000165336	2.5565651793568733e-05
0.3980000000016575	1.9104135773329034e-05
0.3990000000016616	1.334532347574413e-05
0.4000000000016659	8.441250070712059e-06
0.40100000000167	4.3825691288246205e-06
0.40200000000167413	1.2039549538434002e-06
0.40300000000167824	-1.1278343312604022e-06
0.40400000000168257	-2.66266002424409e-06
0.4050000000016867	-3.404473909007777e-06
0.4060000000016908	-3.4566045021833247e-06
0.4070000000016951	-2.8131297822309165e-06
0.4080000000016992	-1.5984509547095627e-06
0.40900000000170333	1.2547964134412837e-07
0.41000000000170744	2.2883721493283105e-06
0.4110000000017118	4.775090054809361e-06
0.4120000000017159	7.419523444185394e-06
0.41300000000172	1.00441233628068e-05
0.4140000000017243	1.2466583786174823e-05
0.41500000000172843	1.4534154206491401e-05
0.41600000000173254	1.6090378969657593e-05
0.4170000000017364	1.7061843045063085e-05
0.41800000000174076	1.7388320604716512e-05
0.41900000000174487	1.6917867495691574e-05
0.420000000001749	1.5624500477318115e-05
0.4210000000017533	1.3398450039003862e-05
0.4220000000017574	1.0146133488042608e-05
0.4230000000017615	5.973323446761825e-06
0.42400000000176563	9.277991336320568e-07
0.42500000000176996	-4.856615206882964e-06
0.42600000000177407	-1.120652021446844e-05
0.4270000000017782	-1.7964290709215902e-05
0.4280000000017825	-2.4935875265974516e-05
0.4290000000017866	-3.195660277199863e-05
0.4300000000017907	-3.883252174241569e-05
0.43100000000179484	-4.538923798724781e-05
0.43200000000179917	-5.141796441066049e-05
0.4330000000018033	-5.675513982339453e-05
0.4340000000018074	-6.131544422194324e-05
0.4350000000018115	-6.503967182736048e-05
0.4360000000018158	-6.79163151042772e-05
0.43700000000181993	-6.992416075624064e-05
0.43800000000182404	-7.10267453509772e-05
0.43900000000182837	-7.12494781458517e-05
0.4400000000018325	-7.063653290861893e-05
0.4410000000018366	-6.915097499593514e-05
0.4420000000018407	-6.698783226477545e-05
0.44300000000184503	-6.413548433648053e-05
0.44400000000184914	-6.0622995117221024e-05
0.44500000000185325	-5.645923270569675e-05
0.4460000000018576	-5.163132250851632e-05
0.4470000000018617	-4.6201464784401125e-05
0.4480000000018656	-4.0203891286338944e-05
0.4490000000018697	-3.36823795938912e-05
0.450000000001874	-2.6756663128457703e-05
0.4510000000018781	-1.9577961583694403e-05
0.45200000000188223	-1.231355975006565e-05
0.45300000000188656	-5.165213956992432e-06
0.45400000000189067	1.6706849370606847e-06
0.4550000000018948	8.06671073694254e-06
0.4560000000018989	1.3873810033704359e-05
0.4570000000019032	1.8972059670607777e-05
0.4580000000019073	2.3253917274201896e-05
0.45900000000191143	2.667427712754744e-05
0.46000000000191577	2.92609251117959e-05
0.4610000000019199	3.102045577563217e-05
0.462000000001924	3.202694565507258e-05
0.4630000000019281	3.231982946494405e-05
0.4640000000019324	3.197548668754102e-05
0.46500000000193653	3.1105873366410464e-05
0.46600000000194064	2.9850622841109953e-05
0.46700000000194497	2.832972932353961e-05
0.4680000000019491	2.6702124305444386e-05
0.4690000000019532	2.51427541931859e-05
0.4700000000019573	2.3785893907168898e-05
0.4710000000019616	2.272293316041285e-05
0.47200000000196574	2.200992430700932e-05
0.47300000000196984	2.1702899629216788e-05
0.4740000000019742	2.1799510780518006e-05
0.4750000000019783	2.2275255491144286e-05
0.4760000000019824	2.3096992505911018e-05
0.4770000000019865	2.4226704747665195e-05
0.47800000000199083	2.5643082808057827e-05
0.4790000000019947	2.7312851150651518e-05
0.48000000000199883	2.923383144814995e-05
0.48100000000200316	3.1368141725773846e-05
0.48200000000200727	3.3698657486258554e-05
0.4830000000020114	3.618268790506196e-05
0.4840000000020155	3.876581172190807e-05
0.4850000000020198	4.136235796159404e-05
0.4860000000020239	4.382662912383317e-05
0.48700000000202803	4.610834927643026e-05
0.48800000000203236	4.803073887615916e-05
0.4890000000020365	4.948796493831065e-05
0.4900000000020406	5.037724842260616e-05
0.4910000000020447	5.063844892394531e-05
0.492000000002049	5.022278740451913e-05
0.49300000000205313	4.911180331634846e-05
0.49400000000205724	4.735063318284105e-05
0.49500000000206157	4.4943593930590886e-05
0.4960000000020657	4.1949952051312245e-05
0.4970000000020698	3.8428511406118915e-05
0.4980000000020739	3.444899110616184e-05
0.4990000000020782	3.0055686293772865e-05
0.5000000000020823	2.5285250872641996e-05
0.5010000000020864	2.020889575882201e-05
0.5020000000020908	1.4890366384578968e-05
0.5030000000020949	9.404435753368467e-06
0.504000000002099	3.843180579665706e-06
0.5050000000021031	-1.7086495112117461e-06
0.5060000000021074	-7.1373181986800205e-06
0.5070000000021115	-1.2342243989049706e-05
0.5080000000021156	-1.7208587368866546e-05
0.50900000000212	-2.1619063576672204e-05
0.5100000000021239	-2.5518274187730228e-05
0.511000000002128	-2.888222427799292e-05
0.5120000000021321	-3.170743737679338e-05
0.5130000000021364	-3.395237289982589e-05
0.5140000000021405	-3.5601742440771744e-05
0.5150000000021446	-3.669877214163009e-05
0.516000000002149	-3.7262286594508254e-05
0.5170000000021531	-3.7346427859352715e-05
0.5180000000021572	-3.696773558803379e-05
0.5190000000021613	-3.6144148561900735e-05
0.5200000000021656	-3.487396502266371e-05
0.5210000000021697	-3.321785032106561e-05
0.5220000000021738	-3.119750604896332e-05
0.5230000000021782	-2.8879323591413097e-05
0.5240000000021823	-2.6339357315885437e-05
0.5250000000021864	-2.3608753459303244e-05
0.5260000000021905	-2.0776301697500443e-05
0.5270000000021948	-1.7861059957269276e-05
0.5280000000021989	-1.4930720093841998e-05
0.529000000002203	-1.1989818092583704e-05
0.5300000000022074	-9.065331115554187e-06
0.5310000000022115	-6.159937755212397e-06
0.5320000000022156	-3.2798724576288407e-06
0.5330000000022197	-4.1391204530505377e-07
0.534000000002224	2.443054887946161e-06
0.5350000000022281	5.29439770935447e-06
0.5360000000022322	8.13873633243034e-06
0.5370000000022366	1.0963486212212104e-05
0.5380000000022407	1.3764161598817104e-05
0.5390000000022448	1.6524355177627292e-05
0.5400000000022487	1.922537500287369e-05
0.541000000002253	2.1835952594528862e-05
0.5420000000022571	2.4343017307915105e-05
0.5430000000022612	2.6716263326731493e-05
0.5440000000022656	2.8951488864503716e-05
0.5450000000022697	3.1014930176542777e-05
0.5460000000022738	3.2905173889097306e-05
0.5470000000022779	3.4611243272975045e-05
0.5480000000022822	3.61203436176627e-05
0.5490000000022863	3.7450453370446724e-05
0.5500000000022904	3.861539903593503e-05
0.5510000000022948	3.964918058652067e-05
0.5520000000022989	4.059642441878175e-05
0.553000000002303	4.149374910256132e-05
0.5540000000023071	4.2383257597089496e-05
0.5550000000023114	4.326828415712747e-05
0.5560000000023155	4.41355787033082e-05
0.5570000000023196	4.49555983054184e-05
0.558000000002324	4.570928978420152e-05
0.5590000000023281	4.639122039651333e-05
0.5600000000023322	4.700903750887164e-05
0.5610000000023363	4.758207146404736e-05
0.5620000000023406	4.815223686172043e-05
0.5630000000023447	4.876506798456859e-05
0.5640000000023488	4.943573785132216e-05
0.5650000000023532	5.016661194212624e-05
0.5660000000023573	5.0933589536672486e-05
0.5670000000023614	5.169666896631675e-05
0.5680000000023655	5.243294918233499e-05
0.5690000000023698	5.3134244841213096e-05
0.5700000000023739	5.380574077196165e-05
0.5710000000023778	5.4464851358626554e-05
0.5720000000023819	5.5127364029239345e-05
0.5730000000023863	5.579770055785804e-05
0.5740000000023904	5.6456432433460435e-05
0.5750000000023945	5.706237231395406e-05
0.5760000000023988	5.756900469089388e-05
0.5770000000024029	5.7924133687992096e-05
0.578000000002407	5.809158203051723e-05
0.5790000000024111	5.804471561476898e-05
0.5800000000024155	5.776726774153751e-05
0.5810000000024196	5.725203594686423e-05
0.5820000000024237	5.647462767965905e-05
0.583000000002428	5.5449195772716564e-05
0.5840000000024321	5.419893843328083e-05
0.5850000000024362	5.2778560322264134e-05
0.5860000000024403	5.121917631323303e-05
0.5870000000024447	4.958022145085117e-05
0.5880000000024488	4.790334627979842e-05
0.5890000000024529	4.621284446626461e-05
0.5900000000024572	4.4551271540793635e-05
0.5910000000024613	4.292575131237264e-05
0.5920000000024654	4.134227496122023e-05
0.5930000000024696	3.9791352220097664e-05
0.5940000000024739	3.824719431644308e-05
0.595000000002478	3.66836600815823e-05
0.5960000000024821	3.507581073547428e-05
0.5970000000024864	3.3431123492966286e-05
0.5980000000024905	3.1774572497589304e-05
0.5990000000024946	3.0140774912146284e-05
0.6000000000024988	2.858030987307192e-05
0.6010000000025031	2.7122925821965183e-05
0.602000000002507	2.5817925491056215e-05
0.6030000000025111	2.4700526379262122e-05
0.6040000000025154	2.383147085460724e-05
0.6050000000025195	2.322546739319531e-05
0.6060000000025236	2.291155498901354e-05
0.6070000000025277	2.289220746387599e-05
0.6080000000025321	2.3153973448541976e-05
0.6090000000025362	2.3663287040731618e-05
0.6100000000025403	2.4458368503066374e-05
0.6110000000025446	2.55245598117515e-05
0.6120000000025487	2.688517275206692e-05
0.6130000000025528	2.8573996456726647e-05
0.614000000002557	3.0565316307740176e-05
0.6150000000025613	3.2827916206845664e-05
0.6160000000025654	3.533075464012825e-05
0.6170000000025695	3.8026269110758015e-05
0.6180000000025738	4.088299348969926e-05
0.6190000000025779	4.386800756361886e-05
0.620000000002582	4.6945287409672076e-05
0.6210000000025861	5.0088145389759475e-05
0.6220000000025905	5.326707609876191e-05
0.6230000000025946	5.645562391110026e-05
0.6240000000025987	5.962103078382963e-05
0.625000000002603	6.272537396201372e-05
0.6260000000026071	6.571559671986194e-05
0.6270000000026112	6.854016431501186e-05
0.6280000000026154	7.115180010819344e-05
0.6290000000026197	7.349939750256329e-05
0.6300000000026238	7.556027539523669e-05
0.6310000000026279	7.72807433835343e-05
0.6320000000026322	7.86381515185397e-05
0.6330000000026361	7.961862895489169e-05
0.6340000000026402	8.014768585784537e-05
0.6350000000026443	8.020768356231667e-05
0.6360000000026487	7.976393144248917e-05
0.6370000000026528	7.883279086651207e-05
0.6380000000026569	7.740490166019409e-05
0.6390000000026612	7.548646133437309e-05
0.6400000000026653	7.309244872255594e-05
0.6410000000026694	7.021818468011531e-05
0.6420000000026735	6.690915353591009e-05
0.6430000000026779	6.320838405993179e-05
0.644000000002682	5.917687153611517e-05
0.6450000000026861	5.487355115441073e-05
0.6460000000026904	5.034575589224488e-05
0.6470000000026945	4.562202649338598e-05
0.6480000000026986	4.072498669782654e-05
0.6490000000027027	3.566421895095928e-05
0.6500000000027071	3.0506384782413853e-05
0.6510000000027112	2.531541985995034e-05
0.6520000000027153	2.0234462698609512e-05
0.6530000000027196	1.5334860478333212e-05
0.6540000000027237	1.0712978628646397e-05
0.6550000000027278	6.4285516890860706e-06
0.656000000002732	2.5118312783067864e-06
0.6570000000027363	-1.0324246035864348e-06
0.6580000000027404	-4.1984011820428435e-06
0.6590000000027445	-7.012072160250682e-06
0.6600000000027488	-9.428131756639146e-06
0.6610000000027529	-1.1488539065407366e-05
0.662000000002757	-1.316466313117104e-05
0.6630000000027612	-1.4499622762897957e-05
0.6640000000027653	-1.549120659039005e-05
0.6650000000027694	-1.6153815675101768e-05
0.6660000000027735	-1.648414560961875e-05
0.6670000000027778	-1.6472347899920692e-05
0.6680000000027819	-1.6119949358905927e-05
0.669000000002786	-1.5410524528469693e-05
0.6700000000027901	-1.4358752322252144e-05
0.6710000000027945	-1.2952157835366407e-05
0.6720000000027986	-1.1189795643185008e-05
0.6730000000028027	-9.118107129557629e-06
0.674000000002807	-6.787665756124994e-06
0.6750000000028111	-4.223660044599953e-06
0.6760000000028152	-1.4413696742821003e-06
0.6770000000028193	1.5235063058893772e-06
0.6780000000028237	4.648889313507709e-06
0.6790000000028278	7.92931130266794e-06
0.6800000000028319	1.1332434335264985e-05
0.6810000000028362	1.4815653005539886e-05
0.6820000000028403	1.8340499023716816e-05
0.6830000000028444	2.1848724719997215e-05
0.6840000000028486	2.52989966027517e-05
0.6850000000028529	2.8628012953335613e-05
0.686000000002857	3.1808773866992546e-05
0.6870000000028611	3.481693924600737e-05
0.6880000000028654	3.766683810524363e-05
0.6890000000028695	4.035235193255993e-05
0.6900000000028736	4.287715295903105e-05
0.6910000000028778	4.522266885109705e-05
0.6920000000028821	4.740119313484392e-05
0.6930000000028862	4.937035352192698e-05
0.6940000000028901	5.1129374349256906e-05
0.6950000000028944	5.265691796618732e-05
0.6960000000028985	5.393510188600459e-05
0.6970000000029026	5.494952601625691e-05
0.6980000000029067	5.568409172007627e-05
0.6990000000029111	5.6128842906288945e-05
0.7000000000029152	5.627206502811788e-05
0.7010000000029193	5.609100400028044e-05
0.7020000000029236	5.563955841159096e-05
0.7030000000029277	5.487802552450738e-05
0.7040000000029318	5.385047743822202e-05
0.705000000002936	5.253545530559123e-05
0.7060000000029403	5.0920298835799294e-05
0.7070000000029444	4.900565132870405e-05
0.7080000000029485	4.676689570537462e-05
0.7090000000029526	4.422359241496032e-05
0.7100000000029569	4.1410661331786613e-05
0.711000000002961	3.8368294987378704e-05
0.7120000000029651	3.514719784369902e-05
0.7130000000029695	3.179834592437203e-05
0.7140000000029736	2.8359113081521947e-05
0.7150000000029777	2.4826912234043874e-05
0.7160000000029818	2.1218561017888327e-05
0.7170000000029861	1.7547523231242756e-05
0.7180000000029902	1.3837576056108247e-05
0.7190000000029944	1.0119474654346483e-05
0.7200000000029987	6.423552803891397e-06
0.7210000000030028	2.8015020527849543e-06
0.7220000000030069	-6.930997895615576e-07
0.723000000003011	-4.018932506122397e-06
0.7240000000030153	-7.126419280911733e-06
0.7250000000030195	-9.97084413034699e-06
0.7260000000030233	-1.2491714637574702e-05
0.7270000000030277	-1.4645344977637365e-05
0.7280000000030318	-1.6339123377839826e-05
0.7290000000030359	-1.7573534885295672e-05
0.73000000000304	-1.8309205501276793e-05
0.7310000000030443	-1.8561035209252452e-05
0.7320000000030484	-1.8405909253393915e-05
0.7330000000030525	-1.7839122580021183e-05
0.7340000000030569	-1.6952779020584785e-05
0.735000000003061	-1.5786782294302526e-05
0.7360000000030651	-1.4372007878682425e-05
0.7370000000030692	-1.2748600155543244e-05
0.7380000000030735	-1.0939879217630732e-05
0.7390000000030776	-8.93781419031292e-06
0.7400000000030817	-6.7232705645015045e-06
0.7410000000030861	-4.2908241573158534e-06
0.7420000000030902	-1.6443081614081478e-06
0.7430000000030943	1.1995453635949005e-06
0.7440000000030984	4.209203936178518e-06
0.7450000000031027	7.354210818100171e-06
0.7460000000031068	1.0610339726935258e-05
0.747000000003111	1.3957947553655536e-05
0.7480000000031153	1.737935767964771e-05
0.7490000000031194	2.0862938558074973e-05
0.7500000000031235	2.4392037365483787e-05
0.7510000000031276	2.7964016330095376e-05
0.7520000000031319	3.1580803166897375e-05
0.753000000003136	3.527285720139606e-05
0.7540000000031402	3.905870727782812e-05
0.7550000000031445	4.2926457711978117e-05
0.7560000000031484	4.687064473585245e-05
0.7570000000031525	5.0858638099393616e-05
0.7580000000031566	5.485202424704294e-05
0.7590000000031609	5.882111400401513e-05
0.760000000003165	6.272619426173076e-05
0.7610000000031691	6.651619931719033e-05
0.7620000000031735	7.017007278431464e-05
0.7630000000031776	7.363193069453988e-05
0.7640000000031817	7.692296745176463e-05
0.7650000000031858	7.996481618222084e-05
0.7660000000031901	8.282076133703242e-05
0.7670000000031942	8.542709833969653e-05
0.7680000000031983	8.77841193533957e-05
0.7690000000032027	8.986707032820895e-05
0.7700000000032068	9.168025244798983e-05
0.7710000000032109	9.322811733425418e-05
0.772000000003215	9.453808240489359e-05
0.7730000000032193	9.562556885067686e-05
0.7740000000032234	9.652295351503248e-05
0.7750000000032276	9.726059365666728e-05
0.7760000000032319	9.785426293884569e-05
0.777000000003236	9.832096229456244e-05
0.7780000000032401	9.865668620046009e-05
0.7790000000032442	9.884527313541724e-05
0.7800000000032485	9.886878324427695e-05
0.7810000000032526	9.868445330407649e-05
0.7820000000032568	9.830310458525116e-05
0.7830000000032611	9.771325800211894e-05
0.7840000000032652	9.691244108145369e-05
0.7850000000032693	9.589179316038532e-05
0.7860000000032734	9.464060270270025e-05
0.7870000000032777	9.315222942740675e-05
0.7880000000032816	9.14198756756246e-05
0.7890000000032857	8.944227141460814e-05
0.7900000000032901	8.719263648204745e-05
0.7910000000032942	8.4724282483295e-05
0.7920000000032983	8.20228758786623e-05
0.7930000000033024	7.912869834880709e-05
0.7940000000033067	7.607765066131034e-05
0.7950000000033108	7.289104811691871e-05
0.796000000003315	6.957828350773188e-05
0.7970000000033193	6.617567163447191e-05
0.7980000000033234	6.269039416828548e-05
0.7990000000033275	5.9126962346223166e-05
0.8000000000033316	5.5473537568961895e-05
0.8010000000033359	5.173324390284062e-05
0.80200000000334	4.7913026742008036e-05
0.8030000000033441	4.402804020464668e-05
0.8040000000033485	4.0111889702654224e-05
0.8050000000033526	3.620309206020522e-05
0.8060000000033567	3.235248451416428e-05
0.8070000000033608	2.8600080899887637e-05
0.8080000000033651	2.4970976589822058e-05
0.8090000000033692	2.1481154981684014e-05
0.8100000000033734	1.8116817598334833e-05
0.8110000000033777	1.4882483263312096e-05
0.8120000000033818	1.1796078690506917e-05
0.8130000000033859	8.852202642350981e-06
0.81400000000339	6.064583135900747e-06
0.8150000000033943	3.432339936049189e-06
0.8160000000033985	9.530181400707605e-07
0.8170000000034026	-1.3531561151580718e-06
0.8180000000034067	-3.48725282250939e-06
0.8190000000034108	-5.419756997859793e-06
0.8200000000034149	-7.146839426264151e-06
0.821000000003419	-8.658717427945106e-06
0.8220000000034233	-9.94574058532649e-06
0.8230000000034274	-1.0990017818457432e-05
0.8240000000034315	-1.1777162316706224e-05
0.8250000000034359	-1.2346565596121906e-05
0.82600000000344	-1.273478212504564e-05
0.8270000000034441	-1.3009559769905366e-05
0.8280000000034482	-1.3235092151342442e-05
0.8290000000034525	-1.344884594134399e-05
0.8300000000034566	-1.366571964012131e-05
0.8310000000034607	-1.3875242840022395e-05
0.8320000000034651	-1.4060607720356444e-05
0.8330000000034692	-1.4209243729634835e-05
0.8340000000034733	-1.4284186096169549e-05
0.8350000000034774	-1.4275980384503839e-05
0.8360000000034817	-1.4160192931322868e-05
0.8370000000034858	-1.3927644034739117e-05
0.83800000000349	-1.3571165034642618e-05
0.8390000000034943	-1.3078170633118447e-05
0.8400000000034984	-1.2471997362206722e-05
0.8410000000035025	-1.1749675179473229e-05
0.8420000000035066	-1.0908285524191541e-05
0.8430000000035109	-9.937044895824698e-06
0.844000000003515	-8.828388595283343e-06
0.8450000000035192	-7.563094354789968e-06
0.8460000000035233	-6.130580203045355e-06
0.8470000000035276	-4.540603005365185e-06
0.8480000000035317	-2.7893954988034153e-06
0.8490000000035356	-8.968223836891553e-07
0.8500000000035399	1.1404622923816277e-06
0.851000000003544	3.3109531603070508e-06
0.8520000000035481	5.640493474179387e-06
0.8530000000035523	8.111301150748318e-06
0.8540000000035566	1.0748900054258215e-05
0.8550000000035607	1.353640567536285e-05
0.8560000000035648	1.6455061890408018e-05
0.8570000000035691	1.9494747409254387e-05
0.8580000000035732	2.2627535633312768e-05
0.8590000000035773	2.581330157225281e-05
0.8600000000035815	2.9016042639384843e-05
0.8610000000035858	3.218875452026815e-05
0.8620000000035899	3.529254374112778e-05
0.863000000003594	3.8299822492371405e-05
0.8640000000035983	4.11933886679261e-05
0.8650000000036024	4.395221310271591e-05
0.8660000000036066	4.653180521285716e-05
0.8670000000036107	4.8902539133255374e-05
0.868000000003615	5.1066493136797675e-05
0.8690000000036191	5.3004234868203604e-05
0.8700000000036232	5.476956504990582e-05
0.8710000000036275	5.6385914356971156e-05
0.8720000000036316	5.7869731902471244e-05
0.8730000000036358	5.922727776197512e-05
0.8740000000036399	6.047464650615897e-05
0.8750000000036442	6.162013482780004e-05
0.8760000000036483	6.268640959294913e-05
0.8770000000036524	6.366897117127124e-05
0.8780000000036567	6.456417106348589e-05
0.8790000000036609	6.53579559432016e-05
0.8800000000036647	6.60572226132139e-05
0.8810000000036688	6.665654824056233e-05
0.8820000000036732	6.716254493754903e-05
0.8830000000036773	6.75938207409521e-05
0.8840000000036814	6.79731890169677e-05
0.8850000000036857	6.830552079917229e-05
0.8860000000036898	6.859278014714754e-05
0.887000000003694	6.882874289726448e-05
0.888000000003698	6.901033240258592e-05
0.8890000000037024	6.914837649507621e-05
0.8900000000037065	6.926744462154577e-05
0.8910000000037106	6.9394126029243e-05
0.8920000000037149	6.955199098890308e-05
0.893000000003719	6.976241214551315e-05
0.8940000000037231	7.003457982346362e-05
0.8950000000037273	7.034668849237313e-05
0.8960000000037316	7.06982436183834e-05
0.8970000000037357	7.106847747173628e-05
0.8980000000037398	7.144469265285558e-05
0.8990000000037441	7.181312953719043e-05
0.9000000000037482	7.215247001846059e-05
0.9010000000037524	7.243088116870577e-05
0.9020000000037565	7.263399826196171e-05
0.9030000000037608	7.27511932668845e-05
0.9040000000037649	7.278735467941555e-05
0.905000000003769	7.273071952607069e-05
0.9060000000037733	7.257189761478156e-05
0.9070000000037775	7.230006944514145e-05
0.9080000000037816	7.191832500341722e-05
0.9090000000037857	7.144277789739029e-05
0.91000000000379	7.089543734606352e-05
0.9110000000037939	7.029070938768811e-05
0.912000000003798	6.963512308288955e-05
0.9130000000038023	6.892853055928683e-05
0.9140000000038064	6.816724006375452e-05
0.9150000000038105	6.733434747419054e-05
0.9160000000038147	6.641455565570276e-05
0.917000000003819	6.537575881671032e-05
0.9180000000038231	6.421147359059187e-05
0.9190000000038272	6.28909424412738e-05
0.9200000000038315	6.139677776229036e-05
0.9210000000038356	5.9728708375561546e-05
0.9220000000038397	5.7900272854349843e-05
0.9230000000038439	5.591800401738567e-05
0.9240000000038482	5.3818593427457095e-05
0.9250000000038523	5.1592458314431155e-05
0.9260000000038564	4.927585695813086e-05
0.9270000000038607	4.685278911287227e-05
0.9280000000038648	4.4342062825108997e-05
0.929000000003869	4.172181313599754e-05
0.9300000000038731	3.9018367563481426e-05
0.9310000000038774	3.622687725990392e-05
0.9320000000038815	3.337303524497681e-05
0.9330000000038856	3.0480394824339285e-05
0.9340000000038899	2.7580621609457623e-05
0.935000000003894	2.470544180688261e-05
0.9360000000038982	2.188230990896045e-05
0.9370000000039023	1.913695780197955e-05
0.9380000000039066	1.6478160331789837e-05
0.9390000000039107	1.3917918572303734e-05
0.9400000000039148	1.145014976122738e-05
0.9410000000039191	9.076608668223685e-06
0.942000000003923	6.7971505200992155e-06
0.9430000000039271	4.595620024638869e-06
0.9440000000039312	2.4815567183367193e-06
0.9450000000039356	4.742865744589153e-07
0.9460000000039397	-1.4296632278032462e-06
0.9470000000039438	-3.2118549477822e-06
0.9480000000039481	-4.865652554197908e-06
0.9490000000039522	-6.389537452022864e-06
0.9500000000039563	-7.782580850879128e-06
0.9510000000039605	-9.055115446354733e-06
0.9520000000039648	-1.0211552449623795e-05
0.9530000000039689	-1.1257323923041795e-05
0.954000000003973	-1.2202818616913191e-05
0.9550000000039773	-1.3063361858245415e-05
0.9560000000039814	-1.3839129905601766e-05
0.9570000000039856	-1.4529229020565637e-05
0.9580000000039897	-1.51255898286351e-05
0.959000000003994	-1.5622643830592864e-05
0.9600000000039981	-1.601007845808411e-05
0.9610000000040022	-1.6271268293399643e-05
0.9620000000040065	-1.641090622439556e-05
0.9630000000040106	-1.6362322876606328e-05
0.9640000000040148	-1.613594741201041e-05
0.9650000000040189	-1.5688045270190187e-05
0.9660000000040232	-1.5056947216818273e-05
0.9670000000040273	-1.4227845402725592e-05
0.9680000000040314	-1.3236945560768376e-05
0.9690000000040357	-1.209217371078708e-05
0.9700000000040399	-1.0814385250412784e-05
0.9710000000040437	-9.43392837937651e-06
0.9720000000040478	-7.946174743089784e-06
0.9730000000040522	-6.373130621906142e-06
0.9740000000040563	-4.729283052729016e-06
0.9750000000040604	-3.0170732518985943e-06
0.9760000000040647	-1.2395455606384331e-06
0.9770000000040688	6.001860529680769e-07
0.978000000004073	2.491295255091508e-06
0.979000000004077	4.410709418367631e-06
0.9800000000040812	6.3409426536154e-06
0.9810000000040855	8.262096457989365e-06
0.9820000000040896	1.0152177064570722e-05
0.9830000000040937	1.2008020114473439e-05
0.984000000004098	1.3823083321984342e-05
0.9850000000041004	1.558767180909193e-05
0.9860000000041018	1.729933887961721e-05
0.987000000004103	1.8955585954438803e-05
0.9880000000041045	2.054912362847716e-05
0.9890000000041059	2.207748666860354e-05
0.9900000000041072	2.3507346688766972e-05
0.9910000000041086	2.4828267717769137e-05
0.99200000000411	2.6026843412241263e-05
0.9930000000041115	2.7091367398091037e-05
0.9940000000041127	2.8045597499914976e-05
0.9950000000041141	2.8892268541858e-05
0.9960000000041156	2.9635035612707306e-05
0.997000000004117	3.0287510276338914e-05
0.9980000000041185	3.084227587302202e-05
0.9990000000041197	3.1302557979229206e-05
1.0000000000041211	3.165765604706827e-05
1.001000000004117	3.1907863684565996e-05
1.002000000004113	3.206221187612712e-05
1.0030000000041086	3.215254670929646e-05
1.0040000000041045	3.220140288207052e-05
1.0050000000041002	3.221997864644166e-05
1.006000000004096	3.220920158641949e-05
1.007000000004092	3.2167053436116255e-05
1.0080000000040878	3.210234482886598e-05
1.0090000000040837	3.203233235049563e-05
1.0100000000040794	3.1972906393340494e-05
1.0110000000040753	3.193461501427297e-05
1.012000000004071	3.192059386025736e-05
1.0130000000040669	3.192906864457612e-05
1.0140000000040628	3.195188150839634e-05
1.0150000000040587	3.197588755998737e-05
1.0160000000040534	3.1986301009867546e-05
1.0170000000040464	3.1967698880364104e-05
1.0180000000040397	3.191155843373927e-05
1.0190000000040325	3.1815958254299836e-05
1.0200000000040257	3.1679015507268815e-05
1.021000000004019	3.150570242316242e-05
1.0220000000040117	3.129942815227604e-05
1.023000000004005	3.106238688155294e-05
1.0240000000039977	3.0804419206553746e-05
1.025000000003991	3.05333233948657e-05
1.026000000003984	3.0270142044153125e-05
1.027000000003977	3.0023424163916346e-05
1.0280000000039702	2.9803077058687677e-05
1.0290000000039632	2.960895460291102e-05
1.0300000000039562	2.9441909414007483e-05
1.0310000000039494	2.9297570909303516e-05
1.0320000000039424	2.916900278560064e-05
1.0330000000039354	2.904662447078543e-05
1.0340000000039287	2.8921805952153434e-05
1.0350000000039217	2.8790488417751448e-05
1.0360000000039147	2.8653776083076288e-05
1.0370000000039077	2.8515498233905312e-05
1.0380000000039007	2.837894383922457e-05
1.039000000003894	2.824131981993272e-05
1.0400000000038867	2.8092515244715344e-05
1.04100000000388	2.792313766475374e-05
1.0420000000038732	2.772557303287737e-05
1.043000000003866	2.7489328377150457e-05
1.0440000000038592	2.7209733028055183e-05
1.0450000000038522	2.6886607765286286e-05
1.0460000000038452	2.651726194469184e-05
1.0470000000038384	2.610717505702187e-05
1.0480000000038314	2.5664953045456684e-05
1.0490000000038244	2.5199414928511743e-05
1.0500000000038174	2.471876874943213e-05
1.0510000000038104	2.422802482482389e-05
1.0520000000038037	2.3733807392067874e-05
1.0530000000037967	2.3243131508809967e-05
1.0540000000037897	2.2767601350226485e-05
1.055000000003783	2.231262944230039e-05
1.056000000003776	2.1888503030753625e-05
1.057000000003769	2.1491383665361852e-05
1.0580000000037622	2.112357031858192e-05
1.059000000003755	2.0783352780773257e-05
1.0600000000037482	2.0462505641916096e-05
1.0610000000037412	2.0155315666792184e-05
1.0620000000037342	1.9860769992940952e-05
1.0630000000037274	1.9580471758096074e-05
1.0640000000037202	1.9311838889257693e-05
1.0650000000037134	1.9050226794270486e-05
1.0660000000037064	1.8777221050592097e-05
1.0670000000036994	1.8473856807199596e-05
1.0680000000036927	1.812054509486849e-05
1.0690000000036857	1.7703505847732615e-05
1.0700000000036787	1.7215703148387718e-05
1.071000000003672	1.665423593466553e-05
1.072000000003665	1.603298094066119e-05
1.073000000003658	1.5367832839174866e-05
1.0740000000036511	1.467782018393926e-05
1.075000000003644	1.3981471290391845e-05
1.0760000000036372	1.3294556528098411e-05
1.0770000000036304	1.2622719512522806e-05
1.0780000000036232	1.1969929071264929e-05
1.0790000000036164	1.1331128073499563e-05
1.0800000000036092	1.070799304880854e-05
1.0810000000036024	1.01036006183719e-05
1.0820000000035954	9.513699885888016e-06
1.0830000000035884	8.934365597124128e-06
1.0840000000035817	8.364636778002144e-06
1.0850000000035747	7.806514380703788e-06
1.0860000000035677	7.265505274633988e-06
1.087000000003561	6.749971209307759e-06
1.088000000003554	6.265101050950683e-06
1.089000000003547	5.8233081009495535e-06
1.0900000000035401	5.421751125167518e-06
1.091000000003533	5.059014190011979e-06
1.0920000000035262	4.7288434832370996e-06
1.0930000000035192	4.419546853484668e-06
1.0940000000035122	4.115180131769591e-06
1.0950000000035054	3.7990873967830296e-06
1.0960000000034982	3.454800513225109e-06
1.0970000000034914	3.07109064534572e-06
1.0980000000034844	2.642909396444182e-06
1.0990000000034774	2.168121838064252e-06
1.1000000000034706	1.6606890457238066e-06
1.1010000000034637	1.133652831497578e-06
1.1020000000034567	6.171946258515248e-07
1.1030000000034499	1.2643394764477733e-07
1.104000000003443	-3.225521336691628e-07
1.105000000003436	-7.246388102899459e-07
1.106000000003429	-1.0758119950438072e-06
1.107000000003422	-1.3716955675757703e-06
1.1080000000034151	-1.6017302653104082e-06
1.1090000000034081	-1.7583956144484603e-06
1.1100000000034012	-1.8416656590858338e-06
1.1110000000033944	-1.857010704098272e-06
1.1120000000033872	-1.8134664669933187e-06
1.1130000000033804	-1.7338341700146032e-06
1.1140000000033736	-1.6414447574497615e-06
1.1150000000033664	-1.5509844026873054e-06
1.1160000000033596	-1.469140475496289e-06
1.1170000000033526	-1.3925674973158664e-06
1.1180000000033457	-1.3065711472748376e-06
1.1190000000033387	-1.191610795814313e-06
1.1200000000033317	-1.0163828858544832e-06
1.121000000003325	-7.722788566422167e-07
1.122000000003318	-4.531389632411731e-07
1.123000000003311	-6.881412439874168e-08
1.1240000000033041	3.8115252642967334e-07
1.1250000000032971	8.881662696413883e-07
1.1260000000032901	1.4531542587015167e-06
1.1270000000032834	2.075133234802351e-06
1.1280000000032764	2.748861215540188e-06
1.1290000000032694	3.465852308259798e-06
1.1300000000032626	4.212746187559624e-06
1.1310000000032554	4.969280897215711e-06
1.1320000000032486	5.716143281708774e-06
1.1330000000032414	6.441007593060988e-06
1.1340000000032346	7.132071211501945e-06
1.1350000000032279	7.77924429362642e-06
1.1360000000032207	8.374833318058883e-06
1.1370000000032139	8.921084846513772e-06
1.138000000003207	9.430163526391588e-06
1.1390000000032	9.910099987742171e-06
1.1400000000031931	1.0378779906283775e-05
1.1410000000031861	1.0841949218853841e-05
1.1420000000031791	1.1304826313729421e-05
1.1430000000031724	1.177555517917206e-05
1.1440000000031654	1.2259950199711156e-05
1.1450000000031584	1.2765263912584146e-05
1.1460000000031516	1.3290571629243075e-05
1.1470000000031444	1.3822202861279997e-05
1.1480000000031376	1.4346676889598342e-05
1.1490000000031304	1.4848200167727477e-05
1.1500000000031236	1.5307210323944886e-05
1.1510000000031169	1.5709349913017867e-05
1.1520000000031096	1.6046270541192342e-05
1.1530000000031029	1.6313712432824978e-05
1.1540000000030959	1.6514702303904727e-05
1.155000000003089	1.6642855023896175e-05
1.1560000000030821	1.6716330123234258e-05
1.1570000000030751	1.6723107288951766e-05
1.1580000000030681	1.6679206892522558e-05
1.1590000000030614	1.6578529507316198e-05
1.1600000000030544	1.640815621573033e-05
1.1610000000030474	1.616460134312714e-05
1.1620000000030404	1.5827754992536747e-05
1.1630000000030334	1.5402704813261003e-05
1.1640000000030266	1.4885961262089964e-05
1.1650000000030196	1.4269956257084715e-05
1.1660000000030126	1.355469819475097e-05
1.1670000000030059	1.2733661911346061e-05
1.1680000000029986	1.1801536778266453e-05
1.1690000000029919	1.0754568423254618e-05
1.1700000000029849	9.591577023293496e-06
1.1710000000029779	8.326567463301515e-06
1.172000000002971	6.969673464363169e-06
1.1730000000029641	5.544904707055487e-06
1.1740000000029571	4.071107731151713e-06
1.1750000000029501	2.5580792346602266e-06
1.1760000000029431	1.0058684396518913e-06
1.1770000000029364	-5.877777662366412e-07
1.1780000000029294	-2.2130961396804594e-06
1.1790000000029224	-3.853780180085309e-06
1.1800000000029156	-5.50158068857165e-06
1.1810000000029086	-7.150507060460498e-06
1.1820000000029016	-8.795198178424002e-06
1.1830000000028948	-1.0449248135202538e-05
1.1840000000028876	-1.212785979820552e-05
1.1850000000028809	-1.385042121260227e-05
1.186000000002874	-1.5627240519622276e-05
1.1870000000028669	-1.7458509259160593e-05
1.18800000000286	-1.9336425433280624e-05
1.1890000000028529	-2.123614324833767e-05
1.1900000000028461	-2.313176247059623e-05
1.1910000000028391	-2.498927626692904e-05
1.1920000000028321	-2.678461864236148e-05
1.1930000000028254	-2.8491908311556458e-05
1.1940000000028184	-3.0099625428992027e-05
1.1950000000028114	-3.16152492561006e-05
1.1960000000028046	-3.3052505885589056e-05
1.1970000000027976	-3.4416867782827154e-05
1.1980000000027906	-3.568942292342392e-05
1.1990000000027838	-3.686408227654425e-05
1.2000000000027768	-3.793782488581421e-05
1.2010000000027699	-3.8884739281819236e-05
1.2020000000027629	-3.973023387282559e-05
1.2030000000027559	-4.047639914661616e-05
1.204000000002749	-4.1119122659249996e-05
1.2050000000027419	-4.167569968682727e-05
1.206000000002735	-4.21217468453694e-05
1.2070000000027283	-4.245936363989067e-05
1.2080000000027211	-4.266853700629625e-05
1.2090000000027143	-4.2763373453658104e-05
1.2100000000027074	-4.2769511225282386e-05
1.2110000000027004	-4.2694212751825944e-05
1.2120000000026936	-4.2553179574911226e-05
1.2130000000026866	-4.2330487023178875e-05
1.2140000000026796	-4.201088911348627e-05
1.2150000000026726	-4.160649083306822e-05
1.2160000000026656	-4.111340215673387e-05
1.2170000000026588	-4.054968435340811e-05
1.2180000000026519	-3.991707094619379e-05
1.2190000000026449	-3.9231541328899056e-05
1.220000000002638	-3.848240774262379e-05
1.2210000000026309	-3.766860712239861e-05
1.222000000002624	-3.677472464569398e-05
1.2230000000026173	-3.579530784270091e-05
1.2240000000026101	-3.4722544590248816e-05
1.2250000000026033	-3.3565972987759096e-05
1.2260000000025963	-3.2346225035784215e-05
1.2270000000025894	-3.10872093141068e-05
1.2280000000025826	-2.9797116244401067e-05
1.2290000000025754	-2.8483473209384158e-05
1.2300000000025686	-2.714768421130387e-05
1.2310000000025616	-2.5793066882329185e-05
1.2320000000025546	-2.4411709920846292e-05
1.2330000000025478	-2.2996096579852576e-05
1.2340000000025408	-2.153609875943374e-05
1.2350000000025338	-2.002000777800994e-05
1.236000000002527	-1.8441631466359354e-05
1.23700000000252	-1.6804911029622005e-05
1.238000000002513	-1.5127334725306696e-05
1.2390000000025063	-1.3417907999802026e-05
1.240000000002499	-1.167464126705653e-05
1.2410000000024923	-9.908299499095108e-06
1.2420000000024853	-8.129963058989276e-06
1.2430000000024783	-6.352951092303272e-06
1.2440000000024716	-4.5912891155630575e-06
1.2450000000024644	-2.853161436000562e-06
1.2460000000024576	-1.1484107522719e-06
1.2470000000024506	5.199076709150319e-07
1.2480000000024436	2.149056773870228e-06
1.2490000000024368	3.7357790989567263e-06
1.2500000000024298	5.279658300549883e-06
1.2510000000024228	6.781094578744984e-06
1.252000000002416	8.228864960657667e-06
1.253000000002409	9.620580280866875e-06
1.254000000002402	1.09562624043269e-05
1.2550000000023953	1.2226947213367367e-05
1.256000000002388	1.3429407198062293e-05
1.2570000000023813	1.4569973440847761e-05
1.2580000000023743	1.5651201976218942e-05
1.2590000000023673	1.668511667496375e-05
1.2600000000023606	1.767965816334982e-05
1.2610000000023533	1.862057884294277e-05
1.2620000000023466	1.9498153591701595e-05
1.2630000000023396	2.0319302692195507e-05
1.2640000000023326	2.1078097768745252e-05
1.2650000000023258	2.178717266099195e-05
1.2660000000023188	2.2446072077686452e-05
1.2670000000023118	2.3044501211710866e-05
1.268000000002305	2.358629408794055e-05
1.269000000002298	2.4046405957878214e-05
1.270000000002291	2.4413218626118116e-05
1.271000000002284	2.4689096114305364e-05
1.272000000002277	2.4872188061464406e-05
1.2730000000022703	2.4970634419307913e-05
1.2740000000022633	2.49820586062377e-05
1.2750000000022563	2.48996040004279e-05
1.2760000000022496	2.4721020980278396e-05
1.2770000000022423	2.445276354623438e-05
1.2780000000022356	2.4101740265347615e-05
1.2790000000022288	2.3678164657980894e-05
1.2800000000022216	2.318209609741828e-05
1.2810000000022148	2.263148051895314e-05
1.2820000000022078	2.204825210372352e-05
1.2830000000022008	2.1456775525896532e-05
1.2840000000021938	2.086725258110267e-05
1.2850000000021868	2.0276639437044608e-05
1.28600000000218	1.968889195769208e-05
1.287000000002173	1.9114015008758756e-05
1.288000000002166	1.855911825077161e-05
1.2890000000021593	1.8014480086758766e-05
1.2900000000021523	1.7469013114501664e-05
1.2910000000021453	1.691893421906787e-05
1.2920000000021385	1.63594498364672e-05
1.2930000000021313	1.5787600540217994e-05
1.2940000000021246	1.5197916930720368e-05
1.2950000000021178	1.4593009746155516e-05
1.2960000000021106	1.397370255251662e-05
1.2970000000021038	1.3339985225124806e-05
1.2980000000020966	1.268964689493668e-05
1.2990000000020898	1.2018502229649286e-05
1.3000000000020828	1.1329343087118637e-05
1.3010000000020758	1.0622414134964231e-05
1.302000000002069	9.901381269550313e-06
1.303000000002062	9.164955273588404e-06
1.304000000002055	8.41976020937718e-06
1.3050000000020483	7.671666956365897e-06
1.3060000000020413	6.927852762794728e-06
1.3070000000020343	6.192275588068341e-06
1.3080000000020275	5.467564032413108e-06
1.3090000000020205	4.7486235088545214e-06
1.3100000000020136	4.029991546694589e-06
1.3110000000020068	3.309836985487813e-06
1.3120000000019996	2.590829237147929e-06
1.3130000000019928	1.8749042742793876e-06
1.3140000000019856	1.1646267092935148e-06
1.3150000000019788	4.6624434357767086e-07
1.316000000001972	-2.142833501750374e-07
1.3170000000019648	-8.740334396240002e-07
1.318000000001958	-1.5144790919130457e-06
1.319000000001951	-2.141600237148822e-06
1.320000000001944	-2.762159197811087e-06
1.3210000000019373	-3.378651342700323e-06
1.3220000000019303	-3.990988632907033e-06
1.3230000000019233	-4.601472827436837e-06
1.3240000000019165	-5.20966379813359e-06
1.3250000000019095	-5.810457748944842e-06
1.3260000000019025	-6.394903127482365e-06
1.3270000000018956	-6.955539581188219e-06
1.3280000000018886	-7.486550453572605e-06
1.3290000000018818	-7.988497322752863e-06
1.3300000000018748	-8.460559876244389e-06
1.3310000000018678	-8.903035178642327e-06
1.332000000001861	-9.313341433392353e-06
1.3330000000018538	-9.691547789403288e-06
1.334000000001847	-1.003956637202208e-05
1.33500000000184	-1.0364794822859125e-05
1.336000000001833	-1.0679406325042606e-05
1.3370000000018263	-1.098973948998605e-05
1.3380000000018193	-1.1301009807285212e-05
1.3390000000018123	-1.1617586009649017e-05
1.3400000000018053	-1.1945897968379526e-05
1.3410000000017983	-1.2291439511979974e-05
1.3420000000017915	-1.2657803506233023e-05
1.3430000000017845	-1.3045394958721701e-05
1.3440000000017776	-1.3450946697135535e-05
1.3450000000017708	-1.3868828721008697e-05
1.3460000000017638	-1.429004961339686e-05
1.3470000000017568	-1.4705657406244299e-05
1.34800000000175	-1.5112740497924548e-05
1.3490000000017428	-1.5516049539865406e-05
1.350000000001736	-1.5922339761331727e-05
1.3510000000017293	-1.6338884951672128e-05
1.352000000001722	-1.6771765172451936e-05
1.3530000000017153	-1.7221634342146075e-05
1.354000000001708	-1.768437776528131e-05
1.3550000000017013	-1.81499735678603e-05
1.3560000000016943	-1.8599402201280313e-05
1.3570000000016873	-1.9018770245793348e-05
1.3580000000016805	-1.9397230288875633e-05
1.3590000000016735	-1.973613090888726e-05
1.3600000000016665	-2.0043174600026248e-05
1.3610000000016598	-2.0318723845891284e-05
1.3620000000016528	-2.0577717617875635e-05
1.3630000000016458	-2.0819205965194598e-05
1.364000000001639	-2.105312277000948e-05
1.3650000000016318	-2.127963592779558e-05
1.366000000001625	-2.1495614208610903e-05
1.367000000001618	-2.1685442835872593e-05
1.368000000001611	-2.1833973335327883e-05
1.3690000000016043	-2.19267826295777e-05
1.370000000001597	-2.196113661412369e-05
1.3710000000015903	-2.1948610105848587e-05
1.3720000000015833	-2.1893255343741203e-05
1.3730000000015763	-2.180630573356268e-05
1.3740000000015695	-2.1684921846176763e-05
1.3750000000015625	-2.1532308239313735e-05
1.3760000000015555	-2.134597947023309e-05
1.3770000000015488	-2.1137556978967353e-05
1.3780000000015418	-2.0931374484334242e-05
1.3790000000015348	-2.0748860967367833e-05
1.3800000000015278	-2.060338690834662e-05
1.3810000000015208	-2.0490580205478892e-05
1.382000000001514	-2.040182037621463e-05
1.383000000001507	-2.03264994285135e-05
1.3840000000015	-2.0256183748790235e-05
1.3850000000014933	-2.01765760232675e-05
1.386000000001486	-2.0073628224981377e-05
1.3870000000014793	-1.9922707243491544e-05
1.3880000000014725	-1.9721309006737187e-05
1.3890000000014653	-1.9478352110136044e-05
1.3900000000014585	-1.9200088483106725e-05
1.3910000000014515	-1.8892812667870018e-05
1.3920000000014445	-1.855983077914125e-05
1.3930000000014378	-1.820727622159346e-05
1.3940000000014305	-1.781746445561616e-05
1.3950000000014238	-1.736847856514956e-05
1.3960000000014168	-1.6835910947587962e-05
1.3970000000014098	-1.6217234473092645e-05
1.398000000001403	-1.552271815286055e-05
1.399000000001396	-1.4772115995986823e-05
1.400000000001389	-1.3987123962611037e-05
1.4010000000013823	-1.3179015546649353e-05
1.4020000000013753	-1.2362565668055936e-05
1.4030000000013683	-1.1554318505746508e-05
1.4040000000013615	-1.0761446853635448e-05
1.4050000000013543	-9.982858604429268e-06
1.4060000000013475	-9.212732611674213e-06
1.4070000000013405	-8.452186913254778e-06
1.4080000000013335	-7.692797654001993e-06
1.4090000000013267	-6.927448758853316e-06
1.4100000000013195	-6.160981378400265e-06
1.4110000000013128	-5.397202335943874e-06
1.4120000000013058	-4.64493326579607e-06
1.4130000000012988	-3.916132957249019e-06
1.414000000001292	-3.2164332059991807e-06
1.415000000001285	-2.5548614135395553e-06
1.416000000001278	-1.9354478348887483e-06
1.4170000000012712	-1.3581260411843488e-06
1.4180000000012642	-8.216892022350208e-07
1.4190000000012573	-3.164306028313746e-07
1.4200000000012505	1.736600583335246e-07
1.4210000000012433	6.664214520224476e-07
1.4220000000012365	1.1898508913699146e-06
1.4230000000012293	1.7442334039330376e-06
1.4240000000012225	2.3297769329300166e-06
1.4250000000012157	2.9337226199466215e-06
1.4260000000012085	3.5399571798322427e-06
1.4270000000012018	4.14195442011156e-06
1.4280000000011948	4.72709435661578e-06
1.4290000000011878	5.293622423185873e-06
1.430000000001181	5.844508033536755e-06
1.431000000001174	6.3820500695310756e-06
1.432000000001167	6.913179602996422e-06
1.4330000000011602	7.450063051583911e-06
1.4340000000011532	7.994361507890346e-06
1.4350000000011462	8.534754049938087e-06
1.4360000000011393	9.062776849755316e-06
1.4370000000011323	9.576944704714485e-06
1.4380000000011255	1.006750801979539e-05
1.4390000000011185	1.0528093566719576e-05
1.4400000000011115	1.0955870778928123e-05
1.4410000000011047	1.1352150488863622e-05
1.4420000000010975	1.1717003348676869e-05
1.4430000000010907	1.2041499927284427e-05
1.4440000000010837	1.2306980703535864e-05
1.4450000000010768	1.2504775451338546e-05
1.44600000000107	1.263034484189074e-05
1.447000000001063	1.2676171495029642e-05
1.448000000001056	1.263690262842676e-05
1.449000000001049	1.2520097789181506e-05
1.450000000001042	1.2328915572235033e-05
1.4510000000010352	1.2084647724064368e-05
1.4520000000010282	1.1796186837109701e-05
1.4530000000010213	1.1497442933272595e-05
1.4540000000010145	1.1205516250889502e-05
1.4550000000010075	1.0930596602509723e-05
1.4560000000010005	1.0662603308730922e-05
1.4570000000009937	1.0390005093396937e-05
1.4580000000009865	1.0104659599496912e-05
1.4590000000009797	9.790946860821492e-06
1.460000000000973	9.447624615632755e-06
1.4610000000009657	9.072876199778257e-06
1.462000000000959	8.671400751669722e-06
1.4630000000009518	8.238099291846268e-06
1.464000000000945	7.770160336262322e-06
1.465000000000938	7.265171051207275e-06
1.466000000000931	6.734213817027879e-06
1.4670000000009242	6.185408030767725e-06
1.4680000000009172	5.6332931239744255e-06
1.4690000000009102	5.085468308907437e-06
1.4700000000009035	4.5468761907807576e-06
1.4710000000008965	4.018038891384634e-06
1.4720000000008895	3.5071296144995046e-06
1.4730000000008827	3.0157283016363223e-06
1.4740000000008757	2.547459335477953e-06
1.4750000000008687	2.1006135466627995e-06
1.476000000000862	1.6630356914903999e-06
1.4770000000008547	1.2268869488130107e-06
1.478000000000848	7.996364248530341e-07
1.4790000000008408	3.83353510269302e-07
1.480000000000834	-2.2310865155361626e-08
1.4810000000008272	-4.249667322486772e-07
1.48200000000082	-8.308613232976825e-07
1.4830000000008132	-1.2417092376537653e-06
1.4840000000008062	-1.6512071594476652e-06
1.4850000000007992	-2.0557708158008836e-06
1.4860000000007925	-2.449496806722351e-06
1.4870000000007855	-2.826047204251836e-06
1.4880000000007785	-3.177247139607431e-06
1.4890000000007717	-3.4973926883452577e-06
1.4900000000007645	-3.7821441427610125e-06
1.4910000000007577	-4.03898445044959e-06
1.4920000000007507	-4.267188762785423e-06
1.4930000000007437	-4.474494681883101e-06
1.494000000000737	-4.653917344832337e-06
1.49500000000073	-4.795130591483954e-06
1.496000000000723	-4.901312320448881e-06
1.497000000000716	-4.9873194114535835e-06
1.498000000000709	-5.0753628455524336e-06
1.4990000000007022	-5.1670319689556266e-06
1.5000000000006952	-5.246632423183684e-06
1.5010000000006882	-5.303072237783368e-06
1.5020000000006815	-5.33156444415539e-06
1.5030000000006745	-5.342396520280346e-06
1.5040000000006675	-5.3422151349291624e-06
1.5050000000006605	-5.340399875874979e-06
1.5060000000006535	-5.3381357445481115e-06
1.5070000000006467	-5.339218751343466e-06
1.5080000000006397	-5.355555715347293e-06
1.5090000000006327	-5.394001864944542e-06
1.5100000000006257	-5.446260988861695e-06
1.5110000000006187	-5.505126142724137e-06
1.512000000000612	-5.55416024550226e-06
1.513000000000605	-5.578426709895723e-06
1.514000000000598	-5.568618190787689e-06
1.5150000000005912	-5.5227934003809764e-06
1.5160000000005842	-5.4503904176606e-06
1.5170000000005772	-5.366509248094786e-06
1.5180000000005702	-5.272386994104039e-06
1.5190000000005632	-5.167487473034527e-06
1.5200000000005565	-5.040324985161604e-06
1.5210000000005495	-4.871738977341167e-06
1.5220000000005425	-4.6557973023553245e-06
1.5230000000005357	-4.383927479922889e-06
1.5240000000005285	-4.082096030533222e-06
1.5250000000005217	-3.768085272248811e-06
1.5260000000005147	-3.458148989388121e-06
1.5270000000005077	-3.1492469529936784e-06
1.528000000000501	-2.847399736660705e-06
1.529000000000494	-2.5460458983328493e-06
1.530000000000487	-2.2358214049056357e-06
1.53100000000048	-1.9117929470624517e-06
1.532000000000473	-1.5825396091351251e-06
1.5330000000004662	-1.2586816124926514e-06
1.5340000000004592	-9.548148063309725e-07
1.5350000000004522	-6.843518671750815e-07
1.5360000000004455	-4.6416955434835927e-07
1.5370000000004385	-2.809657120295128e-07
1.5380000000004315	-9.16904894232573e-08
1.5390000000004245	1.6581600392751028e-07
1.5400000000004175	5.078324510909837e-07
1.5410000000004107	9.305178252372315e-07
1.5420000000004037	1.4166529644921155e-06
1.5430000000003967	1.9146378693601918e-06
1.5440000000003897	2.3594616956890135e-06
1.5450000000003827	2.683723667518123e-06
1.546000000000376	2.911791847637346e-06
1.547000000000369	3.1148293964111673e-06
1.548000000000362	3.379960336391541e-06
1.549000000000355	3.7382811655106707e-06
1.5500000000003482	4.173496959136713e-06
1.5510000000003412	4.719020404886365e-06
1.5520000000003342	5.31430653682996e-06
1.5530000000003272	5.898595110465088e-06
1.5540000000003205	6.405068941006675e-06
1.5550000000003135	6.816726731528888e-06
1.5560000000003065	7.15070056411804e-06
1.5570000000002997	7.467644839831422e-06
1.5580000000002925	7.829359337296893e-06
1.5590000000002857	8.263485805848347e-06
1.5600000000002787	8.794272994494534e-06
1.5610000000002717	9.407673313366338e-06
1.5620000000002647	1.0093696088397941e-05
1.5630000000002577	1.080940017128551e-05
1.564000000000251	1.1527861890514579e-05
1.565000000000244	1.2205552411992393e-05
1.566000000000237	1.2821785121297502e-05
1.5670000000002302	1.33833153325158e-05
1.5680000000002232	1.3908746744117906e-05
1.5690000000002162	1.4416136384198808e-05
1.5700000000002092	1.4934809139499627e-05
1.5710000000002025	1.5469612219098927e-05
1.5720000000001955	1.60168137679495e-05
1.5730000000001885	1.657396711718384e-05
1.5740000000001815	1.7122798069424405e-05
1.5750000000001747	1.7637797878222727e-05
1.5760000000001675	1.8099095711709978e-05
1.5770000000001607	1.8498639885899948e-05
1.5780000000001537	1.884612785763018e-05
1.5790000000001467	1.9153559527529396e-05
1.58000000000014	1.9420896069544114e-05
1.581000000000133	1.9674969294114497e-05
1.582000000000126	1.9954444330338994e-05
1.583000000000119	2.031573005556453e-05
1.584000000000112	2.0779496418765753e-05
1.5850000000001052	2.1363773812899112e-05
1.5860000000000982	2.2065533144655092e-05
1.5870000000000912	2.2876136479443865e-05
1.5880000000000845	2.3759991340854825e-05
1.5890000000000775	2.4691531554488222e-05
1.5900000000000705	2.56476617621626e-05
1.5910000000000635	2.6613598863245436e-05
1.5920000000000565	2.757469158132242e-05
1.5930000000000497	2.8519080767286376e-05
1.5940000000000427	2.942039740694291e-05
1.5950000000000357	3.0263895791193818e-05
1.5960000000000287	3.100421099644368e-05
1.5970000000000217	3.165768682622527e-05
1.598000000000015	3.2202341528231315e-05
1.599000000000008	3.264527094570813e-05
1.600000000000001	3.302285782003089e-05
1.6009999999999942	3.337352358812051e-05
1.6019999999999872	3.3733715718797797e-05
1.6029999999999802	3.4091938343694395e-05
1.6039999999999732	3.444749889336407e-05
1.6049999999999662	3.478246632337978e-05
1.6059999999999595	3.509049792405072e-05
1.6069999999999525	3.5372974499847665e-05
1.6079999999999455	3.565885638023847e-05
1.6089999999999387	3.594948766694195e-05
1.6099999999999315	3.6244964334963825e-05
1.6109999999999247	3.653629582989204e-05
1.6119999999999177	3.6827586191612305e-05
1.6129999999999107	3.712571745462245e-05
1.6139999999999037	3.742891312197294e-05
1.614999999999897	3.7730004329605826e-05
1.61599999999989	3.800571190759605e-05
1.616999999999883	3.8247482114894815e-05
1.617999999999876	3.843316279250608e-05
1.6189999999998692	3.855953414666491e-05
1.6199999999998622	3.861427212792368e-05
1.6209999999998552	3.861041479180649e-05
1.6219999999998485	3.856304615101891e-05
1.6229999999998415	3.85024934236311e-05
1.6239999999998345	3.845128886292848e-05
1.6249999999998275	3.842290873068421e-05
1.6259999999998205	3.8433652280511765e-05
1.6269999999998137	3.8483108470543925e-05
1.6279999999998067	3.8561580438689624e-05
1.6289999999997997	3.866116258588459e-05
1.6299999999997927	3.876776250910652e-05
1.6309999999997857	3.8867253553953596e-05
1.631999999999779	3.895207500359543e-05
1.632999999999772	3.901519079030358e-05
1.633999999999765	3.905767229550605e-05
1.634999999999758	3.90783030663755e-05
1.6359999999997512	3.907911225020655e-05
1.6369999999997442	3.906597588909655e-05
1.6379999999997372	3.9032318369880414e-05
1.6389999999997302	3.8971522992259366e-05
1.6399999999997235	3.887126757073922e-05
1.6409999999997165	3.871386202514149e-05
1.6419999999997095	3.848461630484579e-05
1.6429999999997025	3.815776382698477e-05
1.6439999999996955	3.7729858186175136e-05
1.6449999999996887	3.720352070124555e-05
1.6459999999996817	3.657345292751302e-05
1.6469999999996747	3.585678950179805e-05
1.6479999999996677	3.505425604122259e-05
1.6489999999996607	3.417259731752775e-05
1.649999999999654	3.3232798528737284e-05
1.650999999999647	3.226904009345777e-05
1.65199999999964	3.1299998806577634e-05
1.6529999999996332	3.031583972756824e-05
1.6539999999996262	2.934660738929118e-05
1.6549999999996192	2.8409938192641704e-05
1.6559999999996122	2.7499202155389924e-05
1.6569999999996052	2.6632338874232886e-05
1.6579999999995985	2.582001039685977e-05
1.6589999999995915	2.5079231602886942e-05
1.6599999999995845	2.4408571907441612e-05
1.6609999999995777	2.379014301812088e-05
1.6619999999995705	2.3204250863106957e-05
1.6629999999995637	2.2645522853359523e-05
1.6639999999995567	2.2115083113449785e-05
1.6649999999995497	2.1600452787651214e-05
1.665999999999543	2.1106132417458845e-05
1.666999999999536	2.0643242151674457e-05
1.667999999999529	2.0212064267721708e-05
1.668999999999522	1.9815120595900737e-05
1.669999999999515	1.944164740419474e-05
1.6709999999995082	1.9083986885881643e-05
1.6719999999995012	1.8738283714347936e-05
1.6729999999994942	1.8401887821761775e-05
1.6739999999994875	1.8062421264786188e-05
1.6749999999994805	1.7716082953422863e-05
1.6759999999994735	1.7376008851877067e-05
1.6769999999994665	1.70555148528706e-05
1.6779999999994595	1.6747642706205212e-05
1.6789999999994527	1.644666379096993e-05
1.6799999999994457	1.6124533813055564e-05
1.6809999999994387	1.576900774247214e-05
1.6819999999994317	1.537337836809982e-05
1.6829999999994247	1.4927662846830891e-05
1.683999999999418	1.442771335791182e-05
1.684999999999411	1.3851746957671551e-05
1.685999999999404	1.3210970474575312e-05
1.6869999999993972	1.2505287928510356e-05
1.6879999999993902	1.1747977975318236e-05
1.6889999999993832	1.0949551301098204e-05
1.6899999999993762	1.0094698485230147e-05
1.6909999999993692	9.169687755550271e-06
1.6919999999993625	8.1941894030102e-06
1.6929999999993555	7.181259848221266e-06
1.6939999999993485	6.136538869605523e-06
1.6949999999993415	5.072574767672755e-06
1.6959999999993345	4.006893256969235e-06
1.6969999999993277	2.9445819456075384e-06
1.6979999999993207	1.8848893015288581e-06
1.6989999999993137	8.290311427350261e-07
1.6999999999993067	-2.2604665006475955e-07
1.7009999999993	-1.2684842252141948e-06
1.701999999999293	-2.2914741835133867e-06
1.702999999999286	-3.30162342554452e-06
1.703999999999279	-4.280943633583334e-06
1.7049999999992722	-5.2338260854156715e-06
1.7059999999992652	-6.144246724959501e-06
1.7069999999992582	-6.99814330196169e-06
1.7079999999992515	-7.777291247901275e-06
1.7089999999992442	-8.496817787362332e-06
1.7099999999992375	-9.16790127170053e-06
1.7109999999992305	-9.797455636562091e-06
1.7119999999992235	-1.0379607840782512e-05
1.7129999999992167	-1.0913816083313321e-05
1.7139999999992095	-1.1397427702064533e-05
1.7149999999992027	-1.1838348944470667e-05
1.7159999999991957	-1.2231908882887055e-05
1.7169999999991887	-1.2574260845443774e-05
1.717999999999182	-1.2874437727017352e-05
1.718999999999175	-1.3135848136780481e-05
1.719999999999168	-1.3366611897103198e-05
1.720999999999161	-1.356311634559404e-05
1.721999999999154	-1.3719156102265373e-05
1.7229999999991472	-1.382311094166866e-05
1.7239999999991402	-1.3867087248931043e-05
1.7249999999991332	-1.3858036776115412e-05
1.7259999999991265	-1.3804399874750573e-05
1.7269999999991195	-1.3709653498450436e-05
1.7279999999991125	-1.3579231200155917e-05
1.7289999999991055	-1.342218819622154e-05
1.7299999999990985	-1.3244620871599722e-05
1.7309999999990917	-1.3049753497362815e-05
1.7319999999990847	-1.282664502766373e-05
1.7329999999990777	-1.2572256452569874e-05
1.7339999999990707	-1.2288127802850823e-05
1.7349999999990655	-1.1988037724286471e-05
1.7359999999990614	-1.1670048281509082e-05
1.7369999999990573	-1.1325909741399798e-05
1.7379999999990532	-1.096911748410534e-05
1.7389999999990489	-1.0607224874670251e-05
1.7399999999990448	-1.0251848852949053e-05
1.7409999999990406	-9.903283828771592e-06
1.7419999999990363	-9.561817064795974e-06
1.7429999999990322	-9.231706132206696e-06
1.743999999999028	-8.90985007107048e-06
1.744999999999024	-8.587822261318934e-06
1.74599999999902	-8.257604764194681e-06
1.7469999999990156	-7.911354610090626e-06
1.7479999999990115	-7.54838216265874e-06
1.7489999999990071	-7.173286082684527e-06
1.749999999999003	-6.799184633088373e-06
1.7509999999990045	-6.430838631388269e-06
1.751999999999006	-6.069084582005502e-06
1.7529999999990071	-5.707879404681648e-06
1.7539999999990086	-5.336943464939736e-06
1.75499999999901	-4.9681982161597915e-06
1.7559999999990115	-4.623703108608268e-06
1.756999999999013	-4.3093886141765125e-06
1.7579999999990141	-4.002843189132577e-06
1.7589999999990156	-3.6869731905309067e-06
1.759999999999017	-3.355662534287873e-06
1.7609999999990182	-3.002484326497523e-06
1.7619999999990197	-2.6353956004143697e-06
1.7629999999990211	-2.265352000208054e-06
1.7639999999990226	-1.926365004623065e-06
1.7649999999990238	-1.6260969672998726e-06
1.7659999999990263	-1.3531924154541741e-06
1.7669999999990305	-1.0779853130138406e-06
1.7679999999990346	-7.717316803379504e-07
1.7689999999990387	-4.4539050181313655e-07
1.769999999999043	-1.120308268376391e-07
1.7709999999990471	1.98687676311593e-07
1.7719999999990512	4.692715999121688e-07
1.7729999999990556	7.054120425564747e-07
1.7739999999990597	9.009052275299467e-07
1.7749999999990638	1.0733064361723166e-06
1.7759999999990679	1.235355458262255e-06
1.776999999999072	1.413806586247901e-06
1.7779999999990763	1.634524768978629e-06
1.7789999999990804	1.9144585972075134e-06
1.7799999999990845	2.2502319074746424e-06
1.7809999999990886	2.6306015902255453e-06
1.781999999999093	3.0477582246835055e-06
1.782999999999097	3.459300641717178e-06
1.7839999999991012	3.8596945857172216e-06
1.7849999999991053	4.251863777726683e-06
1.7859999999991096	4.650646081238996e-06
1.7869999999991137	5.079632400706302e-06
1.7879999999991179	5.547709281739088e-06
1.788999999999122	6.0674648054703795e-06
1.789999999999126	6.636254825664878e-06
1.7909999999991304	7.234485464913121e-06
1.7919999999991345	7.847937085858625e-06
1.7929999999991386	8.497235042037588e-06
1.7939999999991427	9.164517488891022e-06
1.794999999999147	9.840951287198862e-06
1.7959999999991512	1.050646270750466e-05
1.7969999999991553	1.1175043882483138e-05
1.7979999999991594	1.1864315530463188e-05
1.7989999999991637	1.258417492500108e-05
1.7999999999991678	1.3350168941772544e-05
1.800999999999172	1.4153567414521007e-05
1.801999999999176	1.5007319012605436e-05
1.8029999999991801	1.5887419826055016e-05
1.8039999999991845	1.679888764138937e-05
1.8049999999991886	1.7741345027078026e-05
1.8059999999991927	1.8706259124035007e-05
1.8069999999991968	1.9695439451572483e-05
1.8079999999992011	2.0725486890693645e-05
1.8089999999992052	2.1810104413710896e-05
1.8099999999992094	2.2927596462496425e-05
1.8109999999992135	2.4066913991926953e-05
1.8119999999992178	2.5211279961134814e-05
1.812999999999222	2.6341917518268865e-05
1.813999999999226	2.7457698869026714e-05
1.8149999999992301	2.8553676364562186e-05
1.8159999999992344	2.9599485875442255e-05
1.8169999999992386	3.0588826277488934e-05
1.8179999999992427	3.1510745398311e-05
1.8189999999992468	3.2366837941277815e-05
1.819999999999251	3.318091361381725e-05
1.8209999999992552	3.3969632026842334e-05
1.8219999999992593	3.47340501136717e-05
1.8229999999992634	3.548573946998701e-05
1.8239999999992675	3.6237795684401775e-05
1.8249999999992719	3.697354619025539e-05
1.825999999999276	3.768295760075979e-05
1.82699999999928	3.834826302195893e-05
1.8279999999992842	3.894484305655421e-05
1.8289999999992885	3.947419893912674e-05
1.8299999999992926	3.9938320570476193e-05
1.8309999999992967	4.034567260469135e-05
1.8319999999993009	4.067342784619399e-05
1.8329999999993052	4.092397411070703e-05
1.8339999999993093	4.108846861683446e-05
1.8349999999993134	4.1161476263429364e-05
1.8359999999993175	4.1130184729287755e-05
1.8369999999993218	4.1021779160987926e-05
1.837999999999326	4.082476370736998e-05
1.83899999999933	4.05525838167442e-05
1.8399999999993342	4.022801549374844e-05
1.8409999999993385	3.98586509269272e-05
1.8419999999993426	3.946368124574384e-05
1.8429999999993467	3.904786593200704e-05
1.8439999999993508	3.861383145120634e-05
1.844999999999355	3.81595919684008e-05
1.8459999999993593	3.766035800312206e-05
1.8469999999993634	3.709818397223952e-05
1.8479999999993675	3.6496131137653265e-05
1.8489999999993716	3.585423700303014e-05
1.849999999999376	3.516458762464758e-05
1.85099999999938	3.4406071532711024e-05
1.8519999999993841	3.359682804149333e-05
1.8529999999993882	3.2758511025354764e-05
1.8539999999993926	3.190642434314217e-05
1.8549999999993967	3.10255290353334e-05
1.8559999999994008	3.013622808534233e-05
1.856999999999405	2.9249927917085472e-05
1.857999999999409	2.833980828120808e-05
1.8589999999994133	2.7404251188078987e-05
1.8599999999994175	2.6461028142632514e-05
1.8609999999994216	2.550926862909808e-05
1.861999999999426	2.452879865799673e-05
1.86299999999943	2.3513093189375667e-05
1.863999999999434	2.2468374379247535e-05
1.8649999999994382	2.1398710934539267e-05
1.8659999999994423	2.0324301170160375e-05
1.8669999999994467	1.9252826211624274e-05
1.8679999999994508	1.8150138034744856e-05
1.8689999999994549	1.6991281148515114e-05
1.869999999999459	1.5835128392316378e-05
1.870999999999463	1.4721299063547022e-05
1.8719999999994674	1.3622537740953788e-05
1.8729999999994715	1.249862655927636e-05
1.8739999999994756	1.1372104403606365e-05
1.87499999999948	1.0272014354884007e-05
1.875999999999484	9.265379376843796e-06
1.8769999999994882	8.33948217371372e-06
1.8779999999994923	7.431871005714186e-06
1.8789999999994964	6.490446130769101e-06
1.8799999999995007	5.532071124525473e-06
1.8809999999995048	4.573952416153659e-06
1.881999999999509	3.644083894638328e-06
1.882999999999513	2.72789100586035e-06
1.8839999999995174	1.7813132759947337e-06
1.8849999999995215	7.841207274594808e-07
1.8859999999995256	-2.5550668203422333e-07
1.8869999999995297	-1.2875410777546392e-06
1.887999999999534	-2.3701019176147753e-06
1.8889999999995382	-3.4797711265799336e-06
1.8899999999995423	-4.588224459034507e-06
1.8909999999995464	-5.710665968550188e-06
1.8919999999995505	-6.800568131071216e-06
1.8929999999995548	-7.800063747342989e-06
1.893999999999559	-8.696311828870762e-06
1.894999999999563	-9.550248206924294e-06
1.8959999999995671	-1.0361680750303748e-05
1.8969999999995715	-1.1143137204294717e-05
1.8979999999995756	-1.1916435897152411e-05
1.8989999999995797	-1.2739723041388373e-05
1.8999999999995838	-1.3612541186258653e-05
1.9009999999995881	-1.4542030548625462e-05
1.9019999999995922	-1.5419586621101544e-05
1.9029999999995963	-1.619663009289063e-05
1.9039999999996005	-1.6850523673950235e-05
1.9049999999996048	-1.7352404696469037e-05
1.905999999999609	-1.7740573412972083e-05
1.906999999999613	-1.8049925052388005e-05
1.9079999999996171	-1.8401248586652486e-05
1.9089999999996214	-1.8866671603001706e-05
1.9099999999996256	-1.942854454806131e-05
1.9109999999996297	-2.0050618176004065e-05
1.9119999999996338	-2.069205464461099e-05
1.9129999999996379	-2.130850794346273e-05
1.9139999999996422	-2.1874576752400898e-05
1.9149999999996463	-2.2430667478978705e-05
1.9159999999996504	-2.2942231208800123e-05
1.9169999999996545	-2.333127859110995e-05
1.9179999999996589	-2.357097804361885e-05
1.918999999999663	-2.3736283987441098e-05
1.919999999999667	-2.3740827917784202e-05
1.9209999999996712	-2.369330585882956e-05
1.9219999999996755	-2.3675224732011557e-05
1.9229999999996796	-2.3698824049400713e-05
1.9239999999996837	-2.377450542057069e-05
1.9249999999996878	-2.3981032409192693e-05
1.9259999999996922	-2.4251967161603716e-05
1.9269999999996963	-2.4540243656945293e-05
1.9279999999997004	-2.4943521783393763e-05
1.9289999999997045	-2.5369871408553735e-05
1.9299999999997088	-2.579589765838719e-05
1.930999999999713	-2.6162445148525393e-05
1.931999999999717	-2.651401061593006e-05
1.9329999999997212	-2.6855907625300546e-05
1.9339999999997253	-2.7157202514116463e-05
1.9349999999997296	-2.745639774581754e-05
1.9359999999997337	-2.7769685888578977e-05
1.9369999999997378	-2.813858216632603e-05
1.937999999999742	-2.8489258716790644e-05
1.9389999999997463	-2.8825274829724634e-05
1.9399999999997504	-2.916246186179805e-05
1.9409999999997545	-2.9504230413479604e-05
1.9419999999997586	-2.9760953551338787e-05
1.942999999999763	-2.9930060664096203e-05
1.943999999999767	-3.0025501193797766e-05
1.9449999999997711	-3.002645416572136e-05
1.9459999999997752	-2.9950813465795534e-05
1.9469999999997794	-2.9845983781973118e-05
1.9479999999997837	-2.960514917038637e-05
1.9489999999997878	-2.926732446772995e-05
1.949999999999792	-2.9057950462485493e-05
1.950999999999796	-2.9014717286557357e-05
1.9519999999998003	-2.8939892056545347e-05
1.9529999999998044	-2.875762710297103e-05
1.9539999999998086	-2.8713013265457832e-05
1.9549999999998127	-2.88197033937454e-05
1.955999999999817	-2.8828075459452762e-05
1.956999999999821	-2.8707022522889147e-05
1.9579999999998252	-2.8594936273940164e-05
1.9589999999998293	-2.8474761739838428e-05
1.9599999999998337	-2.8344955949055617e-05
1.9609999999998378	-2.8233660414045403e-05
1.9619999999998419	-2.8157181958698985e-05
1.962999999999846	-2.810270462028086e-05
1.9639999999998503	-2.8068710741457892e-05
1.9649999999998544	-2.79853631743876e-05
1.9659999999998585	-2.8004132219594524e-05
1.9669999999998626	-2.8084696495289663e-05
1.9679999999998667	-2.806354184414772e-05
1.968999999999871	-2.7834974787310784e-05
1.9699999999998752	-2.7550451099811468e-05
1.9709999999998793	-2.721736714894618e-05
1.9719999999998834	-2.6807555356223034e-05
1.9729999999998877	-2.6494855148939678e-05
1.9739999999998918	-2.6368974662016598e-05
1.974999999999896	-2.6236573738902536e-05
1.9759999999999	-2.596766849016774e-05
1.9769999999999044	-2.5562453297878207e-05
1.9779999999999085	-2.519558489644247e-05
1.9789999999999126	-2.4757356106963613e-05
1.9799999999999167	-2.4276825119295964e-05
1.980999999999921	-2.3860916004814214e-05
1.9819999999999252	-2.3423685872270283e-05
1.9829999999999293	-2.2810626315372673e-05
1.9839999999999334	-2.1910246428724633e-05
1.9849999999999375	-2.0732897710651343e-05
1.9859999999999418	-1.9607733546811446e-05
1.986999999999946	-1.8723772509110503e-05
1.98799999999995	-1.80647449061766e-05
1.9889999999999541	-1.7530522807618354e-05
1.9899999999999585	-1.699523688691862e-05
1.9909999999999626	-1.64402699089905e-05
1.9919999999999667	-1.583467271037975e-05
1.9929999999999708	-1.5083283442018924e-05
1.9939999999999751	-1.4252155452032511e-05
1.9949999999999792	-1.3381390194355802e-05
1.9959999999999833	-1.2551205060384873e-05
1.9969999999999875	-1.2046521413511257e-05
1.9979999999999918	-1.1625776668244825e-05
1.998999999999996	-1.1575745536118731e-05
2.0	-1.1864457156063324e-05
2.0010279404845495	-1.2190645099829922e-05
2.0021217900815715	-1.2161135111599108e-05
2.0032857751923165	-1.1979791144867136e-05
2.004524391841744	-1.1540044463353993e-05
2.005842426366887	-1.1124868095402363e-05
2.007244970197923	-1.0652455169513075e-05
2.0087374418720856	-9.576798615906768e-06
2.0103256076664273	-8.474225158483506e-06
2.0120156028936726	-7.303725771956593e-06
2.013813957200875	-6.784687712313442e-06
2.0157276178435577	-7.230236744426577e-06
2.0177639781367303	-8.356773726125866e-06
2.019930905358886	-8.560812175151256e-06
2.0222367711443985	-6.308357203721471e-06
2.024690484011897	-3.131054000293787e-06
2.027301523572695	1.0209400125305024e-07
2.0300799770731848	9.812177226287133e-07
2.033036578410754	1.0627752313752126e-06
2.036182751117039	9.819789970055837e-07
2.039530649180409	2.7157713902159486e-06
2.043093206833892	4.854728288705701e-06
2.046884188175661	6.9143389918036036e-06
2.050918238233338	8.568678037446098e-06
2.0552109433735133	9.793307557459663e-06
2.059778886913171	1.1184638226025001e-05
2.0646397170403086	1.2588122098478038e-05
2.0698122132469665	1.2635922010617584e-05
2.0753163565584574	1.157500309556525e-05
2.081173414838828	1.214519750303289e-05
2.0874060143976347	1.1654211081846277e-05
2.094038234979271	8.09087819952925e-06
2.1010956980169606	2.6609495180629494e-06
2.1086056699538682	-9.460403422867358e-07
2.116597165034399	-2.39190061290806e-06
2.125101056786564	-9.580724666946594e-07
2.1341501990307465	-2.956489510985705e-07
2.143779554474847	-2.263409496716662e-06
2.1540263207146424	-4.816119893336079e-06
2.1649300857539027	-9.158770488681967e-07
2.1765329774064615	3.2482991241256087e-06
2.1888798204423576	-1.0661789446864134e-06
2.2020183144046843	-8.6425739231899e-08
2.2159992202680474	1.6775867903939812e-05
2.2308765524295735	2.5069059061078036e-05
2.246707783705272	1.9675875762459327e-05
2.263554079768369	1.0026631247717077e-05
2.2814805235907363	6.684990665251078e-06
2.3005563724108544	7.764218290740033e-06
2.320855322320133	2.1547858541914877e-07
2.3424557929209753	-1.1436452849844514e-05
2.3654412374910825	-2.036522817006059e-05
2.389900455657507	-1.9062178036932664e-05
2.41592795027163	-1.106801866868068e-05
2.44362426638729	-1.2857044666914064e-05
2.473096411506492	-1.510816015581895e-05
2.5044582437089975	-4.70840697275321e-06
2.537830924630887	1.1629720847450287e-05
2.5733433911797423	2.0292577888270102e-05
2.611132843166974	1.5599576387304026e-05
2.6513452603475027	8.5380819125902e-06
2.6941360153529494	-7.76944410940672e-06
2.739670418177515	-2.002597829253716e-05
2.788124380079947	-1.4869127517913583e-05
2.839685109337027	-2.346877887582366e-06
2.894551789617174	-1.3052769767263328e-05
2.9529364084026577	7.85888961574166e-06
3.0150645170164534	5.497581790359085e-06
3.0811761422888653	-1.9303624174682454e-06
3.1515266965252042	1.5384097551418563e-08
3.226387989377641	1.2517657708599472e-05
3.30604919671757	-1.1774308572576331e-07
3.39081811677136	-1.4856825242048899e-05
3.4810222154328754	-2.047204303790018e-05
3.577010018652917	6.60237068883518e-06
3.6791523315125145	5.087200152242843e-07
3.7878438030764574	9.888193930329692e-09
3.9035043177534527	-1.275622119356612e-05
4.02658072998157	7.681401679171529e-06
4.157548527011607	1.5103408328887014e-05
4.296913682346355	-2.327370870758294e-05
4.445214635465608	-1.2823500814551636e-06
4.603024347307951	1.3888480504431477e-05
4.770952424745148	-1.133160125732502e-06
4.9496476786701376	-1.0979300766322808e-06
5.139800459354712	1.2952399926158265e-05
5.342145448462832	7.115144889602298e-06
5.557464321076707	-8.292953879163178e-08
5.786588991858403	1.5356658551457514e-06
6.03040459644804	2.4787396772918413e-06
6.289853138906711	-2.1475579710106274e-06
6.565936951835777	-4.47955484639273e-06
6.859722633511745	-4.214892161957806e-07
7.172345245053396	4.996685285529878e-07
7.505012494394354	-2.7215258915358476e-06
7.859009576011049	3.2223099988293313e-07
8.23570422033976	6.80815979592353e-07
8.636551628113326	2.2704451471122766e-06
9.063100564489073	1.8694483934211803e-06
9.516998831091398	1.8603555248519754e-06
10.0	-2.3328978551173662e-06
