0.0	0.14181787240233912
0.0010000000000041087	0.1418178700551851
0.0020000000000082174	0.14181786371991667
0.003000000000012548	0.14181785378012313
0.004000000000016657	0.14181784028173072
0.005000000000020766	0.1418178225231198
0.006000000000024874	0.1418178011708915
0.007000000000029205	0.14181777579243882
0.008000000000033314	0.14181774648425138
0.009000000000037423	0.14181771352449568
0.010000000000041753	0.14181767651548927
0.011000000000045862	0.14181763556442273
0.01200000000004997	0.14181759076474343
0.01300000000005408	0.1418175420171206
0.01400000000005841	0.14181748966415508
0.015000000000062519	0.14181743330373697
0.016000000000066406	0.1418173728087747
0.017000000000070736	0.14181730870422626
0.018000000000074845	0.14181724068514
0.019000000000078954	0.1418171685655002
0.020000000000083062	0.14181709276267496
0.021000000000087393	0.14181701301310423
0.022000000000091502	0.14181692933903112
0.02300000000009561	0.14181684199043554
0.02400000000009972	0.14181675036749186
0.02500000000010405	0.14181665518315723
0.02600000000010816	0.14181655603879073
0.027000000000112268	0.14181645278372212
0.0280000000001166	0.14181634577885616
0.029000000000120707	0.1418162351020822
0.030000000000124816	0.14181612032969015
0.031000000000128924	0.14181600168387476
0.032000000000133255	0.14181587919592342
0.033000000000137364	0.14181575262330326
0.03400000000014147	0.14181562236639877
0.0350000000001458	0.1418154883434879
0.03600000000014991	0.14181535019847202
0.03700000000015402	0.1418152082221814
0.03800000000015813	0.14181506238388497
0.03900000000016246	0.14181491270328694
0.04000000000016657	0.1418147589341593
0.04100000000017068	0.1418146013727415
0.04200000000017501	0.14181444005271526
0.04300000000017912	0.14181427479394582
0.044000000000183226	0.14181410562548336
0.045000000000187335	0.14181393241654627
0.046000000000191665	0.1418137556094945
0.04700000000019555	0.1418135748550713
0.04800000000019966	0.14181338991773862
0.04900000000020399	0.14181320130249664
0.0500000000002081	0.14181300874464675
0.05100000000021221	0.14181281227682796
0.05200000000021632	0.14181261215665386
0.05300000000022065	0.14181240802031958
0.05400000000022476	0.1418121997926416
0.055000000000228866	0.14181198796012118
0.0560000000002332	0.14181177210579987
0.057000000000237305	0.14181155219963393
0.058000000000241414	0.14181132874107027
0.05900000000024552	0.14181110123173257
0.060000000000249853	0.14181086970685475
0.06100000000025396	0.14181063458680943
0.06200000000025807	0.14181039535149598
0.0630000000002624	0.14181015228691474
0.06400000000026651	0.14180990540623706
0.06500000000027062	0.14180965458545358
0.06600000000027473	0.14180939976409457
0.06700000000027906	0.14180914104949338
0.06800000000028317	0.14180887866121683
0.06900000000028728	0.1418086124128619
0.0700000000002916	0.14180834193031477
0.07100000000029572	0.14180806787795142
0.07200000000029982	0.141807789879137
0.07300000000030393	0.14180750779515117
0.07400000000030826	0.1418072220614912
0.07500000000031237	0.141806932404959
0.07600000000031648	0.14180663862741194
0.07700000000032081	0.14180634123071556
0.0780000000003247	0.141806039858825
0.07900000000032881	0.1418057345827699
0.08000000000033292	0.14180542547836716
0.08100000000033725	0.1418051124142501
0.08200000000034136	0.1418047954942787
0.08300000000034546	0.14180447469370117
0.0840000000003498	0.1418041500521794
0.0850000000003539	0.1418038214704329
0.08600000000035801	0.1418034890151867
0.08700000000036212	0.14180315261067644
0.08800000000036645	0.1418028123405305
0.08900000000037056	0.14180246812786745
0.09000000000037467	0.1418021202760138
0.091000000000379	0.14180176853791626
0.09200000000038311	0.1418014125728564
0.09300000000038722	0.14180105295822487
0.09400000000039133	0.1418006894653867
0.09500000000039566	0.14180032178457413
0.09600000000039977	0.14179995061760076
0.09700000000040387	0.14179957553601152
0.0980000000004082	0.14179919630808513
0.09900000000041231	0.14179881311206555
0.10000000000041642	0.14179842598699732
0.10100000000042053	0.14179803524982493
0.10200000000042486	0.14179764081159718
0.10300000000042897	0.14179724262699067
0.10400000000043308	0.1417968401635712
0.10500000000043741	0.14179643354446825
0.10600000000044152	0.14179602347639308
0.10700000000044563	0.14179560940059732
0.10800000000044951	0.14179519146570596
0.10900000000045384	0.14179476969296412
0.11000000000045795	0.14179434368840438
0.11100000000046206	0.14179391413977338
0.1120000000004664	0.141793480775946
0.1130000000004705	0.14179304335606835
0.11400000000047461	0.14179260203103505
0.11500000000047872	0.14179215686927682
0.11600000000048305	0.14179170782070294
0.11700000000048716	0.14179125489518773
0.11800000000049127	0.1417907980773212
0.1190000000004956	0.14179033736305668
0.12000000000049971	0.14178987276192467
0.12100000000050382	0.14178940430052756
0.12200000000050792	0.1417889319393043
0.12300000000051226	0.14178845569904264
0.12400000000051636	0.14178797556814926
0.12500000000052047	0.14178749154893167
0.1260000000005248	0.14178700366419528
0.1270000000005289	0.1417865118749677
0.12800000000053302	0.14178601621208298
0.12900000000053713	0.14178551665784245
0.13000000000054146	0.14178501322046577
0.13100000000054557	0.14178450586686286
0.13200000000054968	0.14178399449490253
0.133000000000554	0.14178347962017546
0.13400000000055812	0.1417829609936221
0.13500000000056223	0.14178243795366652
0.13600000000056633	0.1417819112085974
0.13700000000057067	0.1417813805885414
0.13800000000057477	0.14178084609379127
0.13900000000057866	0.14178030766159333
0.140000000000583	0.1417797655210039
0.1410000000005871	0.14177921926711579
0.1420000000005912	0.14177866930930616
0.14300000000059532	0.14177811531230178
0.14400000000059965	0.14177755760780586
0.14500000000060376	0.14177699600809313
0.14600000000060787	0.14177643034248666
0.1470000000006122	0.14177586085110483
0.1480000000006163	0.14177528756911184
0.14900000000062041	0.14177471031927635
0.15000000000062452	0.14177412925572752
0.15100000000062885	0.14177354423348065
0.15200000000063296	0.1417729553833199
0.15300000000063707	0.1417723626353431
0.1540000000006414	0.14177176606198927
0.1550000000006455	0.14177116554042157
0.15600000000064962	0.14177056117150055
0.15700000000065373	0.1417699529186438
0.15800000000065806	0.14176934082356885
0.15900000000066217	0.1417687248209667
0.16000000000066628	0.14176810493386838
0.16100000000067038	0.1417674811615649
0.16200000000067472	0.1417668534252251
0.16300000000067882	0.14176622176220977
0.16400000000068293	0.14176558640243075
0.16500000000068726	0.14176494714435006
0.16600000000069137	0.14176430403723983
0.16700000000069548	0.14176365695561122
0.1680000000006996	0.14176300602916714
0.16900000000070392	0.1417623510462488
0.1700000000007078	0.14176169229537827
0.17100000000071192	0.1417610297751124
0.17200000000071625	0.1417603633102631
0.17300000000072036	0.14175969281952439
0.17400000000072446	0.14175901890163523
0.17500000000072857	0.14175834100946605
0.1760000000007329	0.14175765884624447
0.177000000000737	0.14175697297033918
0.17800000000074112	0.14175628317044264
0.17900000000074545	0.14175558959562318
0.18000000000074956	0.14175489202855185
0.18100000000075367	0.14175419061701722
0.18200000000075778	0.14175348532162835
0.1830000000007621	0.14175277625523408
0.18400000000076622	0.1417520632570971
0.18500000000077033	0.14175134636823317
0.18600000000077466	0.14175062553026074
0.18700000000077877	0.14174990103019525
0.18800000000078287	0.14174917250918995
0.18900000000078698	0.14174843998261977
0.1900000000007913	0.14174770374810874
0.19100000000079542	0.1417469635335189
0.19200000000079953	0.14174621953915245
0.19300000000080386	0.1417454715772435
0.19400000000080797	0.14174471970610913
0.19500000000081208	0.14174396409584922
0.1960000000008162	0.1417432046472108
0.19700000000082052	0.14174244119840929
0.19800000000082463	0.14174167384740433
0.19900000000082874	0.14174090270790096
0.20000000000083307	0.1417401276130945
0.20100000000083695	0.14173934870972882
0.20200000000084106	0.141738565847653
0.20300000000084517	0.1417377792833725
0.2040000000008495	0.14173698870709928
0.2050000000008536	0.1417361942313935
0.20600000000085772	0.14173539595498363
0.20700000000086205	0.14173459373732844
0.20800000000086616	0.14173378770016998
0.20900000000087027	0.14173297773980598
0.21000000000087438	0.14173216398621635
0.2110000000008787	0.1417313462951556
0.21200000000088282	0.1417305247127456
0.21300000000088692	0.14172969929295987
0.21400000000089126	0.1417288699607251
0.21500000000089536	0.1417280367813597
0.21600000000089947	0.14172719969283332
0.21700000000090358	0.1417263587840878
0.2180000000009079	0.1417255139567848
0.21900000000091202	0.14172466525630778
0.22000000000091613	0.14172381270062484
0.22100000000092046	0.14172295626807885
0.22200000000092457	0.14172209594822016
0.22300000000092868	0.14172123178631824
0.2240000000009328	0.14172036371424324
0.22500000000093712	0.141719491829303
0.22600000000094123	0.14171861601733393
0.22700000000094533	0.1417177362967592
0.22800000000094967	0.1417168527635697
0.22900000000095377	0.14171596535700148
0.23000000000095788	0.141715074075639
0.23100000000096177	0.14171417891185645
0.2320000000009661	0.14171327986873372
0.2330000000009702	0.14171237691377225
0.23400000000097432	0.1417114701291472
0.23500000000097865	0.14171055969818247
0.23600000000098276	0.14170964519235785
0.23700000000098687	0.14170872648302524
0.23800000000099097	0.14170780429340013
0.2390000000009953	0.14170687813929717
0.24000000000099941	0.1417059483004428
0.24100000000100352	0.14170501469741037
0.24200000000100785	0.14170407664556728
0.24300000000101196	0.14170313515690536
0.24400000000101607	0.14170218977400306
0.24500000000102018	0.14170124022727415
0.2460000000010245	0.1417002869436843
0.24700000000102862	0.14169932996891843
0.24800000000103273	0.14169836900128718
0.24900000000103706	0.14169740416367205
0.25000000000104117	0.14169643545556831
0.2510000000010453	0.14169546289271984
0.2520000000010494	0.14169448636814463
0.2530000000010537	0.14169350603064867
0.2540000000010578	0.14169252186725334
0.25500000000106193	0.14169153386103783
0.25600000000106626	0.1416905419634018
0.25700000000107037	0.1416895461992944
0.2580000000010745	0.14168854647402385
0.2590000000010786	0.1416875430529283
0.2600000000010829	0.14168653559569655
0.26100000000108703	0.1416855243499895
0.2620000000010909	0.14168450919253817
0.26300000000109525	0.14168349020000637
0.26400000000109936	0.14168246734071
0.26500000000110346	0.14168144058596488
0.2660000000011076	0.14168041003749632
0.2670000000011119	0.14167937573137157
0.268000000001116	0.14167833731731627
0.2690000000011201	0.14167729489364744
0.27000000000112445	0.14167624881729501
0.27100000000112856	0.1416751991464663
0.27200000000113267	0.14167414571529036
0.2730000000011368	0.14167308795392441
0.2740000000011411	0.14167202611593943
0.2750000000011452	0.1416709609550374
0.2760000000011493	0.14166989172801314
0.27700000000115366	0.14166881834428424
0.27800000000115777	0.1416677415997234
0.2790000000011619	0.14166666083512636
0.280000000001166	0.14166557590750906
0.2810000000011703	0.1416644873263766
0.2820000000011744	0.1416633950701034
0.28300000000117853	0.1416622985402506
0.28400000000118286	0.1416611983652165
0.28500000000118697	0.1416600944897216
0.2860000000011911	0.14165898661731058
0.2870000000011952	0.14165787489707027
0.2880000000011995	0.14165675921056087
0.2890000000012036	0.14165563974180162
0.29000000000120774	0.14165451646460336
0.29100000000121207	0.14165338922811632
0.2920000000012162	0.14165225815044702
0.29300000000122006	0.1416511232664004
0.29400000000122417	0.14164998447821708
0.2950000000012285	0.14164884179584292
0.2960000000012326	0.14164769531973442
0.2970000000012367	0.14164654494078532
0.29800000000124083	0.14164539068830262
0.29900000000124516	0.14164423261441828
0.30000000000124927	0.14164307067146265
0.3010000000012534	0.14164190486521389
0.3020000000012577	0.1416407351953749
0.3030000000012618	0.14163956164022284
0.3040000000012659	0.14163838427419673
0.30500000000127003	0.14163720303370586
0.30600000000127436	0.14163601790249247
0.3070000000012785	0.14163482895357737
0.3080000000012826	0.1416336361305467
0.3090000000012869	0.1416324394184183
0.310000000001291	0.14163123890250584
0.31100000000129513	0.14163003451311862
0.31200000000129924	0.14162882625171425
0.31300000000130357	0.14162761409885438
0.3140000000013077	0.14162639811430122
0.3150000000013118	0.14162517830516075
0.3160000000013161	0.14162395461726496
0.3170000000013202	0.14162272709612955
0.31800000000132433	0.14162149568753302
0.31900000000132844	0.14162026036478137
0.3200000000013328	0.14161902132431425
0.3210000000013369	0.1416177783516328
0.322000000001341	0.14161653142655684
0.3230000000013453	0.14161528081938635
0.3240000000013492	0.1416140263160437
0.3250000000013533	0.14161276778390242
0.3260000000013574	0.141611505636834
0.32700000000136176	0.14161023961343877
0.32800000000136587	0.14160896950107182
0.32900000000137	0.14160769557268593
0.3300000000013743	0.14160641813291797
0.3310000000013784	0.14160513647007666
0.3320000000013825	0.14160385097818817
0.33300000000138663	0.14160256199574117
0.33400000000139096	0.14160126879402057
0.33500000000139507	0.14159997186639162
0.3360000000013992	0.14159867113491764
0.3370000000014035	0.1415973662481571
0.3380000000014076	0.14159605786102636
0.3390000000014117	0.1415947456111758
0.34000000000141584	0.14159342933426367
0.34100000000142017	0.14159210923853105
0.3420000000014243	0.14159078525018254
0.3430000000014284	0.14158945759987906
0.3440000000014327	0.14158812593707115
0.3450000000014368	0.14158679039545552
0.34600000000144093	0.14158545117128207
0.34700000000144504	0.1415841078876
0.34800000000144937	0.14158276097661893
0.3490000000014535	0.14158141007584568
0.3500000000014576	0.1415800553083738
0.3510000000014619	0.14157869682388602
0.35200000000146603	0.1415773343686486
0.35300000000147014	0.1415759680852382
0.35400000000147425	0.141574597985612
0.35500000000147836	0.14157322401983596
0.35600000000148246	0.14157184621004681
0.3570000000014866	0.14157046454900013
0.3580000000014909	0.14156907903712967
0.359000000001495	0.1415676896593373
0.3600000000014991	0.14156629643800167
0.36100000000150323	0.14156489936870664
0.36200000000150756	0.14156349849112682
0.36300000000151167	0.1415620937522496
0.3640000000015158	0.14156068511252817
0.3650000000015201	0.1415592726661261
0.3660000000015242	0.14155785641179186
0.3670000000015283	0.14155643627552683
0.36800000000153243	0.1415550123059165
0.36900000000153677	0.14155358450133748
0.3700000000015409	0.14155215281757383
0.371000000001545	0.14155071732112956
0.3720000000015493	0.14154927788324412
0.3730000000015534	0.14154783482727895
0.37400000000155753	0.14154638766950334
0.37500000000156164	0.14154493677689184
0.37600000000156597	0.14154348181114051
0.3770000000015701	0.14154202344694422
0.3780000000015742	0.14154056093715595
0.3790000000015785	0.14153909467838166
0.3800000000015826	0.1415376245919865
0.38100000000158674	0.14153615065134095
0.38200000000159084	0.1415346729753726
0.3830000000015952	0.1415331910368156
0.3840000000015993	0.1415317058703468
0.3850000000016034	0.14153021636971108
0.3860000000016075	0.14152872318649434
0.3870000000016116	0.14152722611652324
0.3880000000016157	0.1415257251950156
0.38900000000161983	0.1415242205229359
0.39000000000162416	0.1415227119899939
0.39100000000162827	0.1415211997278477
0.3920000000016324	0.14151968344995425
0.3930000000016367	0.1415181633271141
0.3940000000016408	0.1415166393542947
0.3950000000016449	0.14151511174812736
0.39600000000164903	0.1415135803879034
0.39700000000165336	0.141512044880844
0.3980000000016575	0.1415105055179796
0.3990000000016616	0.1415089623942518
0.4000000000016659	0.14150741537485723
0.40100000000167	0.14150586462742998
0.40200000000167413	0.1415043100346446
0.40300000000167824	0.14150275158175696
0.40400000000168257	0.14150118927977162
0.4050000000016867	0.1414996231707757
0.4060000000016908	0.14149805330025333
0.4070000000016951	0.1414964795712954
0.4080000000016992	0.14149490201879955
0.40900000000170333	0.1414933204529415
0.41000000000170744	0.14149173513035274
0.4110000000017118	0.14149014618715428
0.4120000000017159	0.1414885525826305
0.41300000000172	0.1414869563803769
0.4140000000017243	0.14148535573160537
0.41500000000172843	0.14148375065616947
0.41600000000173254	0.14148214292505445
0.4170000000017364	0.14148053065307342
0.41800000000174076	0.1414789146471127
0.41900000000174487	0.1414772948316707
0.420000000001749	0.14147567118833793
0.4210000000017533	0.1414740437131673
0.4220000000017574	0.1414724124061424
0.4230000000017615	0.1414707772696775
0.42400000000176563	0.1414691383234603
0.42500000000176996	0.1414674956480334
0.42600000000177407	0.1414658484325242
0.4270000000017782	0.14146419855562942
0.4280000000017825	0.14146254412832304
0.4290000000017866	0.14146088595742667
0.4300000000017907	0.1414592239943937
0.43100000000179484	0.1414575582098735
0.43200000000179917	0.14145588872992798
0.4330000000018033	0.14145421472485187
0.4340000000018074	0.1414525380352829
0.4350000000018115	0.14145085680305547
0.4360000000018158	0.14144917182493855
0.43700000000181993	0.14144748307833688
0.43800000000182404	0.1414457904201949
0.43900000000182837	0.14144409413782388
0.4400000000018325	0.14144239338554898
0.4410000000018366	0.14144068989889502
0.4420000000018407	0.14143898186915815
0.44300000000184503	0.14143727005944007
0.44400000000184914	0.14143555450951173
0.44500000000185325	0.14143383515881303
0.4460000000018576	0.14143211188883797
0.4470000000018617	0.14143038486974824
0.4480000000018656	0.14142865403395866
0.4490000000018697	0.1414269193156621
0.450000000001874	0.14142518083871336
0.4510000000018781	0.1414234385219848
0.45200000000188223	0.1414216923181837
0.45300000000188656	0.14141994239418865
0.45400000000189067	0.1414181886006457
0.4550000000018948	0.14141643105830037
0.4560000000018989	0.1414146697365588
0.4570000000019032	0.14141290409965768
0.4580000000019073	0.14141113527328608
0.45900000000191143	0.14140936220403988
0.46000000000191577	0.14140758550466503
0.4610000000019199	0.141405804926507
0.462000000001924	0.14140402054594792
0.4630000000019281	0.14140223234221638
0.4640000000019324	0.14140044032597443
0.46500000000193653	0.14139864445475037
0.46600000000194064	0.14139684475768333
0.46700000000194497	0.14139504127257374
0.4680000000019491	0.1413932339607964
0.4690000000019532	0.14139142283430262
0.4700000000019573	0.14138960788883426
0.4710000000019616	0.14138778912506655
0.47200000000196574	0.14138596654217983
0.47300000000196984	0.14138414013982148
0.4740000000019742	0.14138230992036993
0.4750000000019783	0.14138047588528413
0.4760000000019824	0.14137863803252404
0.4770000000019865	0.14137679634863876
0.47800000000199083	0.14137495086379603
0.4790000000019947	0.14137310162440797
0.48000000000199883	0.14137124854825012
0.48100000000200316	0.14136939164801887
0.48200000000200727	0.14136753088182208
0.4830000000020114	0.14136566634043302
0.4840000000020155	0.14136379799310383
0.4850000000020198	0.14136192593273567
0.4860000000020239	0.14136004925765255
0.48700000000202803	0.1413581700561446
0.48800000000203236	0.14135628628843422
0.4890000000020365	0.1413543988097271
0.4900000000020406	0.14135250754232498
0.4910000000020447	0.1413506124845818
0.492000000002049	0.14134871371568591
0.49300000000205313	0.14134681039236785
0.49400000000205724	0.14134490449126913
0.49500000000206157	0.14134299403624717
0.4960000000020657	0.14134107987670996
0.4970000000020698	0.14133916193419904
0.4980000000020739	0.14133724019325888
0.4990000000020782	0.14133531462270177
0.5000000000020823	0.14133338530222972
0.5010000000020864	0.1413314521097495
0.5020000000020908	0.14132951508378555
0.5030000000020949	0.14132757429565035
0.504000000002099	0.14132562969190465
0.5050000000021031	0.14132368127870176
0.5060000000021074	0.14132172905749996
0.5070000000021115	0.14131977302859444
0.5080000000021156	0.14131781319256487
0.50900000000212	0.14131584954960863
0.5100000000021239	0.1413138820991302
0.511000000002128	0.14131191083910954
0.5120000000021321	0.1413099357651354
0.5130000000021364	0.14130795685946762
0.5140000000021405	0.14130597419759516
0.5150000000021446	0.14130398779963227
0.516000000002149	0.14130199754807982
0.5170000000021531	0.1413000034169688
0.5180000000021572	0.14129800550552696
0.5190000000021613	0.14129600384726937
0.5200000000021656	0.14129399834095957
0.5210000000021697	0.1412919891274429
0.5220000000021738	0.14128997599267834
0.5230000000021782	0.14128795901917324
0.5240000000021823	0.14128593835644176
0.5250000000021864	0.14128391382074734
0.5260000000021905	0.14128188550997067
0.5270000000021948	0.14127985339779148
0.5280000000021989	0.14127781748282353
0.529000000002203	0.14127577776937184
0.5300000000022074	0.14127373425413692
0.5310000000022115	0.14127168693415126
0.5320000000022156	0.14126963580748475
0.5330000000022197	0.14126758092681158
0.534000000002224	0.14126552228221367
0.5350000000022281	0.1412634595098019
0.5360000000022322	0.14126139340132982
0.5370000000022366	0.14125932322793244
0.5380000000022407	0.14125724942161222
0.5390000000022448	0.14125517179631175
0.5400000000022487	0.14125309021232813
0.541000000002253	0.1412510048572816
0.5420000000022571	0.1412489158084862
0.5430000000022612	0.14124682287773183
0.5440000000022656	0.14124472624054452
0.5450000000022697	0.1412426257262992
0.5460000000022738	0.14124052149769106
0.5470000000022779	0.14123841339625431
0.5480000000022822	0.1412363015417798
0.5490000000022863	0.14123418591454728
0.5500000000022904	0.14123206645683117
0.5510000000022948	0.14122994323086357
0.5520000000022989	0.14122781622710878
0.553000000002303	0.14122568542502778
0.5540000000023071	0.1412235508229267
0.5550000000023114	0.14122141242609276
0.5560000000023155	0.14121927023831204
0.5570000000023196	0.14121712426116118
0.558000000002324	0.1412149744928809
0.5590000000023281	0.14121282093234833
0.5600000000023322	0.1412106635790631
0.5610000000023363	0.14120850243262717
0.5620000000023406	0.14120633749452038
0.5630000000023447	0.1412041687684109
0.5640000000023488	0.14120199625802343
0.5650000000023532	0.14119981995914122
0.5660000000023573	0.14119763987069145
0.5670000000023614	0.14119545599704242
0.5680000000023655	0.14119326833733026
0.5690000000023698	0.1411910768894893
0.5700000000023739	0.1411888816540141
0.5710000000023778	0.1411866826312107
0.5720000000023819	0.14118447982448457
0.5730000000023863	0.1411822732373229
0.5740000000023904	0.14118006286730211
0.5750000000023945	0.14117784871306827
0.5760000000023988	0.14117563077075812
0.5770000000024029	0.14117340903085207
0.578000000002407	0.1411711834947933
0.5790000000024111	0.14116895422626363
0.5800000000024155	0.14116672117065754
0.5810000000024196	0.14116448431867845
0.5820000000024237	0.1411622437312261
0.583000000002428	0.14115999943567226
0.5840000000024321	0.14115775116129337
0.5850000000024362	0.14115549913161074
0.5860000000024403	0.1411532433932089
0.5870000000024447	0.14115098383227642
0.5880000000024488	0.1411487205295585
0.5890000000024529	0.14114645344724197
0.5900000000024572	0.1411441825740043
0.5910000000024613	0.14114190792832837
0.5920000000024654	0.14113962950089365
0.5930000000024696	0.14113734729246652
0.5940000000024739	0.14113506130894538
0.595000000002478	0.14113277153774795
0.5960000000024821	0.14113047799454248
0.5970000000024864	0.1411281806661453
0.5980000000024905	0.1411258795774798
0.5990000000024946	0.14112357471776127
0.6000000000024988	0.14112126616351073
0.6010000000025031	0.14111895363547666
0.602000000002507	0.14111663738965297
0.6030000000025111	0.14111431746090286
0.6040000000025154	0.14111199368284788
0.6050000000025195	0.1411096662002086
0.6060000000025236	0.14110733488301885
0.6070000000025277	0.14110499985388691
0.6080000000025321	0.14110266099615354
0.6090000000025362	0.1411003184051085
0.6100000000025403	0.14109797200645824
0.6110000000025446	0.14109562187536095
0.6120000000025487	0.14109326798499144
0.6130000000025528	0.14109091031237597
0.614000000002557	0.1410885488600636
0.6150000000025613	0.14108618363635084
0.6160000000025654	0.14108381464327835
0.6170000000025695	0.14108144188193705
0.6180000000025738	0.14107906535295778
0.6190000000025779	0.14107668505730364
0.620000000002582	0.1410743009956723
0.6210000000025861	0.1410719131683903
0.6220000000025905	0.14106952157398733
0.6230000000025946	0.14106712621273376
0.6240000000025987	0.14106472708430995
0.625000000002603	0.14106232418178477
0.6260000000026071	0.14105991750577762
0.6270000000026112	0.14105750710125364
0.6280000000026154	0.14105509290657048
0.6290000000026197	0.14105267496878793
0.6300000000026238	0.1410502532292499
0.6310000000026279	0.14104782776648672
0.6320000000026322	0.1410453985097222
0.6330000000026361	0.1410429655018658
0.6340000000026402	0.1410405287290849
0.6350000000026443	0.14103808820301533
0.6360000000026487	0.14103564390985845
0.6370000000026528	0.1410331958659421
0.6380000000026569	0.14103074405339233
0.6390000000026612	0.14102828849353255
0.6400000000026653	0.14102582918775552
0.6410000000026694	0.141023366180693
0.6420000000026735	0.14102089940419993
0.6430000000026779	0.1410184285588324
0.644000000002682	0.14101595430912117
0.6450000000026861	0.14101347630097194
0.6460000000026904	0.14101099433877362
0.6470000000026945	0.1410085086876356
0.6480000000026986	0.14100601931268264
0.6490000000027027	0.14100352618831358
0.6500000000027071	0.14100102940591164
0.6510000000027112	0.14099852865581763
0.6520000000027153	0.14099602419130042
0.6530000000027196	0.14099351607366883
0.6540000000027237	0.1409910041250968
0.6550000000027278	0.1409884884957917
0.656000000002732	0.14098596904422211
0.6570000000027363	0.14098344590239476
0.6580000000027404	0.1409809189463409
0.6590000000027445	0.14097838829281162
0.6600000000027488	0.1409758538347221
0.6610000000027529	0.14097331567136784
0.662000000002757	0.14097077371280375
0.6630000000027612	0.14096822803645404
0.6640000000027653	0.14096567856717457
0.6650000000027694	0.14096312542333211
0.6660000000027735	0.14096056847295124
0.6670000000027778	0.14095800778310208
0.6680000000027819	0.14095544336236954
0.669000000002786	0.14095287517829247
0.6700000000027901	0.14095030325804436
0.6710000000027945	0.14094772758726948
0.6720000000027986	0.14094514817670833
0.6730000000028027	0.1409425650064684
0.674000000002807	0.1409399780986268
0.6750000000028111	0.14093738745317785
0.6760000000028152	0.14093479305658807
0.6770000000028193	0.1409321949222605
0.6780000000028237	0.14092959303573194
0.6790000000028278	0.14092698742633636
0.6800000000028319	0.14092437809158231
0.6810000000028362	0.14092176492239183
0.6820000000028403	0.14091914813788364
0.6830000000028444	0.14091652749745764
0.6840000000028486	0.1409139032130713
0.6850000000028529	0.14091127509898504
0.686000000002857	0.14090864334140007
0.6870000000028611	0.14090600772641637
0.6880000000028654	0.1409033685076786
0.6890000000028695	0.14090072543891774
0.6900000000028736	0.1408980787257803
0.6910000000028778	0.14089542817797218
0.6920000000028821	0.14089277400635647
0.6930000000028862	0.14089011600843127
0.6940000000028901	0.14088745423797355
0.6950000000028944	0.14088478877154265
0.6960000000028985	0.14088211961408736
0.6970000000029026	0.14087944668676222
0.6980000000029067	0.14087676995910847
0.6990000000029111	0.1408740895100684
0.7000000000029152	0.14087140540940857
0.7010000000029193	0.1408687174814327
0.7020000000029236	0.14086602591738961
0.7030000000029277	0.14086333053833844
0.7040000000029318	0.14086063148341488
0.705000000002936	0.140857928678211
0.7060000000029403	0.14085522213844826
0.7070000000029444	0.14085251186681036
0.7080000000029485	0.14084979786901475
0.7090000000029526	0.14084708014162062
0.7100000000029569	0.14084435869493517
0.711000000002961	0.14084163351438694
0.7120000000029651	0.14083890460799453
0.7130000000029695	0.14083617198038556
0.7140000000029736	0.14083343560812633
0.7150000000029777	0.14083069551637584
0.7160000000029818	0.14082795169513418
0.7170000000029861	0.14082520417127964
0.7180000000029902	0.14082245288642614
0.7190000000029944	0.14081969794099114
0.7200000000029987	0.14081693913500104
0.7210000000030028	0.14081417673785024
0.7220000000030069	0.1408114106008178
0.723000000003011	0.1408086406143153
0.7240000000030153	0.14080586703563291
0.7250000000030195	0.1408030896850112
0.7260000000030233	0.14080030863679704
0.7270000000030277	0.14079752394785605
0.7280000000030318	0.14079473533186726
0.7290000000030359	0.1407919430918827
0.73000000000304	0.1407891471243088
0.7310000000030443	0.1407863474382911
0.7320000000030484	0.1407835441393488
0.7330000000030525	0.14078073696876692
0.7340000000030569	0.14077792607274042
0.735000000003061	0.14077511150046595
0.7360000000030651	0.1407722932275418
0.7370000000030692	0.1407694712275005
0.7380000000030735	0.14076664550180396
0.7390000000030776	0.14076381607300426
0.7400000000030817	0.14076098293461237
0.7410000000030861	0.14075814611393367
0.7420000000030902	0.14075530556013383
0.7430000000030943	0.1407524612737835
0.7440000000030984	0.14074961327232183
0.7450000000031027	0.14074676156922972
0.7460000000031068	0.14074390614936982
0.747000000003111	0.1407410470151007
0.7480000000031153	0.1407381841658195
0.7490000000031194	0.14073531759637092
0.7500000000031235	0.1407324473030659
0.7510000000031276	0.1407295733612034
0.7520000000031319	0.1407266956428469
0.753000000003136	0.14072381422734015
0.7540000000031402	0.14072092909360556
0.7550000000031445	0.14071804023483914
0.7560000000031484	0.14071514771492022
0.7570000000031525	0.14071225145749056
0.7580000000031566	0.14070935154598385
0.7590000000031609	0.14070644801082532
0.760000000003165	0.140703540567091
0.7610000000031691	0.1407006294427674
0.7620000000031735	0.1406977146737871
0.7630000000031776	0.14069479617328595
0.7640000000031817	0.14069187410750117
0.7650000000031858	0.14068894793918107
0.7660000000031901	0.14068601851632134
0.7670000000031942	0.14068308518200434
0.7680000000031983	0.14068014826234232
0.7690000000032027	0.14067720763066682
0.7700000000032068	0.1406742631172926
0.7710000000032109	0.14067131493021945
0.772000000003215	0.1406683631109371
0.7730000000032193	0.14066540760721724
0.7740000000032234	0.14066244850791898
0.7750000000032276	0.14065948542343
0.7760000000032319	0.1406565189372605
0.777000000003236	0.14065354856988566
0.7780000000032401	0.14065057456930086
0.7790000000032442	0.14064759687244477
0.7800000000032485	0.14064461547366613
0.7810000000032526	0.14064163037696886
0.7820000000032568	0.1406386415944868
0.7830000000032611	0.1406356491011016
0.7840000000032652	0.14063265288465476
0.7850000000032693	0.14062965309083675
0.7860000000032734	0.1406266494890267
0.7870000000032777	0.14062364220362578
0.7880000000032816	0.14062063137714054
0.7890000000032857	0.14061761611446455
0.7900000000032901	0.14061459834168566
0.7910000000032942	0.14061157616430864
0.7920000000032983	0.14060855057369026
0.7930000000033024	0.14060552103453072
0.7940000000033067	0.14060248771299932
0.7950000000033108	0.1405994511027684
0.796000000003315	0.1405964107403005
0.7970000000033193	0.1405933664364789
0.7980000000033234	0.14059031854862536
0.7990000000033275	0.1405872669810211
0.8000000000033316	0.1405842117559366
0.8010000000033359	0.1405811529531258
0.80200000000334	0.14057809019951262
0.8030000000033441	0.1405750237269796
0.8040000000033485	0.140571953657464
0.8050000000033526	0.14056888005626855
0.8060000000033567	0.14056580298732702
0.8070000000033608	0.14056272176757056
0.8080000000033651	0.14055963702948082
0.8090000000033692	0.14055654866832668
0.8100000000033734	0.1405534565298877
0.8110000000033777	0.14055036085145378
0.8120000000033818	0.14054726138309181
0.8130000000033859	0.14054415833611067
0.81400000000339	0.14054105098981218
0.8150000000033943	0.14053794101114692
0.8160000000033985	0.14053482672498052
0.8170000000034026	0.1405317088739907
0.8180000000034067	0.14052858745723507
0.8190000000034108	0.14052546179002146
0.8200000000034149	0.14052233341380116
0.821000000003419	0.1405192006286342
0.8220000000034233	0.14051606434499875
0.8230000000034274	0.14051292435258844
0.8240000000034315	0.14050978068117304
0.8250000000034359	0.14050663369362315
0.82600000000344	0.14050348261271517
0.8270000000034441	0.14050032794166512
0.8280000000034482	0.1404971696747297
0.8290000000034525	0.1404940077271314
0.8300000000034566	0.14049084207331797
0.8310000000034607	0.1404876727663551
0.8320000000034651	0.14048449979016575
0.8330000000034692	0.14048132314134165
0.8340000000034733	0.14047814280408155
0.8350000000034774	0.14047495882942995
0.8360000000034817	0.14047177117297505
0.8370000000034858	0.1404685798324179
0.83800000000349	0.1404653848433146
0.8390000000034943	0.14046218618115125
0.8400000000034984	0.1404589838430027
0.8410000000035025	0.14045577782464824
0.8420000000035066	0.14045256816091956
0.8430000000035109	0.14044935483185972
0.844000000003515	0.14044613783557636
0.8450000000035192	0.14044291718053858
0.8460000000035233	0.14043969288163594
0.8470000000035276	0.14043646486198913
0.8480000000035317	0.14043323323390988
0.8490000000035356	0.14042999797357547
0.8500000000035399	0.1404267588581143
0.851000000003544	0.14042351633385997
0.8520000000035481	0.14042027005724522
0.8530000000035523	0.14041702017343094
0.8540000000035566	0.14041376655478177
0.8550000000035607	0.14041050923050302
0.8560000000035648	0.14040724821251838
0.8570000000035691	0.14040398357387596
0.8580000000035732	0.1404007153829232
0.8590000000035773	0.14039744345222316
0.8600000000035815	0.14039416788018888
0.8610000000035858	0.14039088866211924
0.8620000000035899	0.14038760577286968
0.863000000003594	0.1403843191709434
0.8640000000035983	0.14038102903524396
0.8650000000036024	0.14037773536446152
0.8660000000036066	0.14037443780228276
0.8670000000036107	0.140371136515262
0.868000000003615	0.1403678318951076
0.8690000000036191	0.1403645233803158
0.8700000000036232	0.14036121130213708
0.8710000000036275	0.14035789562159107
0.8720000000036316	0.14035457610760926
0.8730000000036358	0.14035125293741224
0.8740000000036399	0.14034792637841886
0.8750000000036442	0.14034459603264104
0.8760000000036483	0.14034126206351416
0.8770000000036524	0.1403379242148015
0.8780000000036567	0.14033458293134293
0.8790000000036609	0.14033123803926328
0.8800000000036647	0.14032788950078257
0.8810000000036688	0.1403245371686116
0.8820000000036732	0.14032118136064498
0.8830000000036773	0.14031782180889574
0.8840000000036814	0.14031445865212067
0.8850000000036857	0.14031109183022883
0.8860000000036898	0.14030772139938041
0.887000000003694	0.14030434735312847
0.888000000003698	0.14030096959685068
0.8890000000037024	0.140297588210484
0.8900000000037065	0.14029420319767882
0.8910000000037106	0.14029081456658288
0.8920000000037149	0.1402874222528836
0.893000000003719	0.1402840263199644
0.8940000000037231	0.14028062679410236
0.8950000000037273	0.14027722355731864
0.8960000000037316	0.14027381683343487
0.8970000000037357	0.14027040638544874
0.8980000000037398	0.14026699203822268
0.8990000000037441	0.1402635743820031
0.9000000000037482	0.14026015308140105
0.9010000000037524	0.14025672797722
0.9020000000037565	0.14025329930034236
0.9030000000037608	0.1402498670679112
0.9040000000037649	0.140246430981237
0.905000000003769	0.14024299142771302
0.9060000000037733	0.1402395482927813
0.9070000000037775	0.14023610151793253
0.9080000000037816	0.14023265105864735
0.9090000000037857	0.14022919692663716
0.91000000000379	0.14022573921651516
0.9110000000037939	0.14022227791313457
0.912000000003798	0.1402188129946067
0.9130000000038023	0.14021534433622096
0.9140000000038064	0.140211872177207
0.9150000000038105	0.14020839631264115
0.9160000000038147	0.14020491685471947
0.917000000003819	0.14020143379881633
0.9180000000038231	0.1401979470468645
0.9190000000038272	0.14019445668134733
0.9200000000038315	0.14019096275942022
0.9210000000038356	0.14018746503246948
0.9220000000038397	0.14018396397637045
0.9230000000038439	0.14018045899970955
0.9240000000038482	0.1401769505439161
0.9250000000038523	0.1401734384817963
0.9260000000038564	0.14016992285119145
0.9270000000038607	0.14016640350226217
0.9280000000038648	0.14016288068000926
0.929000000003869	0.14015935400914536
0.9300000000038731	0.14015582387170966
0.9310000000038774	0.14015229009012686
0.9320000000038815	0.14014875267537685
0.9330000000038856	0.14014521162440086
0.9340000000038899	0.1401416669659783
0.935000000003894	0.14013811859482728
0.9360000000038982	0.1401345668723747
0.9370000000039023	0.1401310114180635
0.9380000000039066	0.14012745230302293
0.9390000000039107	0.14012388956044586
0.9400000000039148	0.14012032324496482
0.9410000000039191	0.1401167532181875
0.942000000003923	0.14011317979119564
0.9430000000039271	0.14010960255958893
0.9440000000039312	0.14010602181735987
0.9450000000039356	0.1401024373902776
0.9460000000039397	0.1400988494174964
0.9470000000039438	0.14009525783383292
0.9480000000039481	0.14009166275014728
0.9490000000039522	0.14008806332884327
0.9500000000039563	0.14008446154817122
0.9510000000039605	0.1400808553895052
0.9520000000039648	0.1400772456945789
0.9530000000039689	0.14007363243566806
0.954000000003973	0.1400700157878083
0.9550000000039773	0.14006639529387976
0.9560000000039814	0.1400627710553669
0.9570000000039856	0.1400591436758034
0.9580000000039897	0.14005551200396127
0.959000000003994	0.14005187764871418
0.9600000000039981	0.14004823867474858
0.9610000000040022	0.14004459704618277
0.9620000000040065	0.14004095135484507
0.9630000000040106	0.1400373021248008
0.9640000000040148	0.1400336490045644
0.9650000000040189	0.1400299928746549
0.9660000000040232	0.14002633266032083
0.9670000000040273	0.14002266916754225
0.9680000000040314	0.14001900203670414
0.9690000000040357	0.14001533056662707
0.9700000000040399	0.14001165670376547
0.9710000000040437	0.1400079785550723
0.9720000000040478	0.14000429697132
0.9730000000040522	0.14000061189008728
0.9740000000040563	0.13999692250103246
0.9750000000040604	0.1399932306871441
0.9760000000040647	0.1399895345997877
0.9770000000040688	0.13998583502989348
0.978000000004073	0.13998213199317788
0.979000000004077	0.1399784246448521
0.9800000000040812	0.1399747149225382
0.9810000000040855	0.13997100086441605
0.9820000000040896	0.13996728333067976
0.9830000000040937	0.1399635622342954
0.984000000004098	0.13995983770060405
0.9850000000041004	0.1399561093763414
0.9860000000041018	0.13995237740742072
0.987000000004103	0.13994864217468617
0.9880000000041045	0.13994490303233742
0.9890000000041059	0.13994115988388278
0.9900000000041072	0.13993741441023966
0.9910000000041086	0.13993366411901875
0.99200000000411	0.1399299111790523
0.9930000000041115	0.13992615396122654
0.9940000000041127	0.13992239356967429
0.9950000000041141	0.13991862958765355
0.9960000000041156	0.139914861659458
0.997000000004117	0.13991109043409522
0.9980000000041185	0.13990731575485416
0.9990000000041197	0.13990353727934335
1.0000000000041211	0.13989975533299182
1.001000000004117	0.1398959697836979
1.002000000004113	0.13989218053442354
1.0030000000041086	0.1398883878970446
1.0040000000041045	0.1398845915476824
1.0050000000041002	0.13988079161020905
1.006000000004096	0.13987698828039286
1.007000000004092	0.13987318124829284
1.0080000000040878	0.13986937065789307
1.0090000000040837	0.1398655564791822
1.0100000000040794	0.1398617387865697
1.0110000000040753	0.1398579175111564
1.012000000004071	0.13985409265540127
1.0130000000040669	0.1398502642201681
1.0140000000040628	0.13984643224595095
1.0150000000040587	0.13984259667949783
1.0160000000040534	0.1398387575410205
1.0170000000040464	0.13983491481743193
1.0180000000040397	0.139831068564245
1.0190000000040325	0.13982721871044834
1.0200000000040257	0.13982336536647477
1.021000000004019	0.13981950853396052
1.0220000000040117	0.13981564792417212
1.023000000004005	0.13981178366422053
1.0240000000039977	0.1398079162714374
1.025000000003991	0.13980404499875787
1.026000000003984	0.13980017021730773
1.027000000003977	0.13979629187858678
1.0280000000039702	0.13979240999941156
1.0290000000039632	0.1397885246831817
1.0300000000039562	0.13978463553445142
1.0310000000039494	0.1397807428566462
1.0320000000039424	0.13977684684607794
1.0330000000039354	0.13977294714506439
1.0340000000039287	0.1397690439379674
1.0350000000039217	0.1397651371651023
1.0360000000039147	0.1397612268536329
1.0370000000039077	0.139757312901173
1.0380000000039007	0.13975339549329435
1.039000000003894	0.1397494744945733
1.0400000000038867	0.13974554990470978
1.04100000000388	0.13974162186546257
1.0420000000038732	0.13973769018457938
1.043000000003866	0.139733754952595
1.0440000000038592	0.1397298161973941
1.0450000000038522	0.1397258739182149
1.0460000000038452	0.13972192807088923
1.0470000000038384	0.1397179786550351
1.0480000000038314	0.13971402579015368
1.0490000000038244	0.13971006927972895
1.0500000000038174	0.13970610937496053
1.0510000000038104	0.1397021456976042
1.0520000000038037	0.1396981785722673
1.0530000000037967	0.1396942079070268
1.0540000000037897	0.13969023371342215
1.055000000003783	0.13968625604809692
1.056000000003776	0.1396822744513352
1.057000000003769	0.1396782898326825
1.0580000000037622	0.13967430150867666
1.059000000003755	0.1396703094178351
1.0600000000037482	0.1396663140408665
1.0610000000037412	0.13966231506607896
1.0620000000037342	0.13965831255551442
1.0630000000037274	0.13965430660949785
1.0640000000037202	0.13965029640733218
1.0650000000037134	0.13964628389550804
1.0660000000037064	0.1396422672225357
1.0670000000036994	0.13963824641068423
1.0680000000036927	0.13963422326199604
1.0690000000036857	0.13963019586801673
1.0700000000036787	0.13962616502885639
1.071000000003672	0.13962213068796037
1.072000000003665	0.13961809269179892
1.073000000003658	0.13961405127405935
1.0740000000036511	0.13961000658675748
1.075000000003644	0.13960595802902453
1.0760000000036372	0.13960190588667132
1.0770000000036304	0.13959785066400165
1.0780000000036232	0.13959379145936335
1.0790000000036164	0.13958972861986552
1.0800000000036092	0.13958566262629135
1.0810000000036024	0.13958159301570772
1.0820000000035954	0.13957751995257994
1.0830000000035884	0.13957344347170297
1.0840000000035817	0.13956936307318613
1.0850000000035747	0.1395652796173995
1.0860000000035677	0.13956119182224558
1.087000000003561	0.1395571013672522
1.088000000003554	0.13955300734346854
1.089000000003547	0.1395489094630512
1.0900000000035401	0.1395448076090311
1.091000000003533	0.1395407032928977
1.0920000000035262	0.13953659492378068
1.0930000000035192	0.13953248259096518
1.0940000000035122	0.13952836765490906
1.0950000000035054	0.1395242487494479
1.0960000000034982	0.13952012594292795
1.0970000000034914	0.13951600026004052
1.0980000000034844	0.1395118707470101
1.0990000000034774	0.13950773762674473
1.1000000000034706	0.1395036014010851
1.1010000000034637	0.1394994612573004
1.1020000000034567	0.1394953177545496
1.1030000000034499	0.1394911707210551
1.104000000003443	0.1394870201682057
1.105000000003436	0.13948286611564908
1.106000000003429	0.13947870854039035
1.107000000003422	0.1394745475027963
1.1080000000034151	0.13947038293108294
1.1090000000034081	0.1394662148589656
1.1100000000034012	0.13946204328074407
1.1110000000033944	0.13945786821413486
1.1120000000033872	0.13945368962990012
1.1130000000033804	0.13944950755887664
1.1140000000033736	0.13944532194362802
1.1150000000033664	0.13944113285053916
1.1160000000033596	0.13943694030390386
1.1170000000033526	0.13943274419579132
1.1180000000033457	0.1394285445021316
1.1190000000033387	0.13942434153818817
1.1200000000033317	0.1394201350373978
1.121000000003325	0.139415924922212
1.122000000003318	0.13941171112375406
1.123000000003311	0.13940749407971287
1.1240000000033041	0.13940327344137293
1.1250000000032971	0.13939904932576264
1.1260000000032901	0.13939482172530648
1.1270000000032834	0.13939059063609127
1.1280000000032764	0.1393863560424139
1.1290000000032694	0.13938211796381017
1.1300000000032626	0.13937787641479682
1.1310000000032554	0.13937363136847714
1.1320000000032486	0.13936938281674793
1.1330000000032414	0.13936513078562696
1.1340000000032346	0.1393608752937877
1.1350000000032279	0.13935661625406592
1.1360000000032207	0.13935235377617705
1.1370000000032139	0.13934808780920493
1.138000000003207	0.13934381824683129
1.1390000000032	0.13933954534019655
1.1400000000031931	0.13933526903721005
1.1410000000031861	0.13933098902911634
1.1420000000031791	0.13932670543057435
1.1430000000031724	0.13932241880351592
1.1440000000031654	0.139318128456821
1.1450000000031584	0.13931383420971066
1.1460000000031516	0.13930953673889324
1.1470000000031444	0.13930523600783673
1.1480000000031376	0.13930093176277802
1.1490000000031304	0.13929662396461284
1.1500000000031236	0.13929231272550635
1.1510000000031169	0.13928799795577207
1.1520000000031096	0.13928367974310385
1.1530000000031029	0.13927935806998293
1.1540000000030959	0.13927503293394483
1.155000000003089	0.13927070419912768
1.1560000000030821	0.13926637220402227
1.1570000000030751	0.13926203652894298
1.1580000000030681	0.13925769743647454
1.1590000000030614	0.1392533548800965
1.1600000000030544	0.1392490088435454
1.1610000000030474	0.13924465948213272
1.1620000000030404	0.13924030637264917
1.1630000000030334	0.1392359499081287
1.1640000000030266	0.13923158998659702
1.1650000000030196	0.1392272265710055
1.1660000000030126	0.1392228597534142
1.1670000000030059	0.13921848945116133
1.1680000000029986	0.13921411562885921
1.1690000000029919	0.13920973841347095
1.1700000000029849	0.13920535771351616
1.1710000000029779	0.13920097354146943
1.172000000002971	0.1391965859205767
1.1730000000029641	0.1391921947757051
1.1740000000029571	0.13918780020742616
1.1750000000029501	0.13918340198218893
1.1760000000029431	0.13917900080985246
1.1770000000029364	0.1391745957267555
1.1780000000029294	0.13917018731372144
1.1790000000029224	0.13916577543649378
1.1800000000029156	0.13916136011339242
1.1810000000029086	0.1391569413430107
1.1820000000029016	0.13915251917397975
1.1830000000028948	0.13914809348276092
1.1840000000028876	0.13914366433420877
1.1850000000028809	0.13913923170986908
1.186000000002874	0.13913479552409203
1.1870000000028669	0.13913035608298963
1.18800000000286	0.1391259130755076
1.1890000000028529	0.13912146665511738
1.1900000000028461	0.1391170167721829
1.1910000000028391	0.13911256345957212
1.1920000000028321	0.1391081067180493
1.1930000000028254	0.13910364649854268
1.1940000000028184	0.13909918280681455
1.1950000000028114	0.1390947157087309
1.1960000000028046	0.13909024517840418
1.1970000000027976	0.1390857711340765
1.1980000000027906	0.1390812936925574
1.1990000000027838	0.13907681284202766
1.2000000000027768	0.13907232845558792
1.2010000000027699	0.13906784067010314
1.2020000000027629	0.13906334961695777
1.2030000000027559	0.13905885483709568
1.204000000002749	0.1390543566218332
1.2050000000027419	0.1390498553729328
1.206000000002735	0.13904535012688224
1.2070000000027283	0.1390408415667137
1.2080000000027211	0.13903632974589863
1.2090000000027143	0.13903181444599289
1.2100000000027074	0.13902729577477158
1.2110000000027004	0.1390227735593017
1.2120000000026936	0.13901824798028695
1.2130000000026866	0.13901371895827963
1.2140000000026796	0.13900918654044658
1.2150000000026726	0.13900465069044865
1.2160000000026656	0.1390001110903165
1.2170000000026588	0.13899556842576677
1.2180000000026519	0.1389910223006724
1.2190000000026449	0.1389864726635084
1.220000000002638	0.1389819195994183
1.2210000000026309	0.1389773630972887
1.222000000002624	0.13897280315123783
1.2230000000026173	0.13896823971907435
1.2240000000026101	0.13896367289959977
1.2250000000026033	0.13895910276758916
1.2260000000025963	0.1389545291173857
1.2270000000025894	0.13894995205865812
1.2280000000025826	0.138945371603852
1.2290000000025754	0.13894078772246976
1.2300000000025686	0.13893620039550258
1.2310000000025616	0.13893160962360818
1.2320000000025546	0.13892701546314212
1.2330000000025478	0.13892241790628368
1.2340000000025408	0.13891781684960924
1.2350000000025338	0.13891321246443356
1.236000000002527	0.13890860465153554
1.23700000000252	0.13890399327746417
1.238000000002513	0.1388993786113666
1.2390000000025063	0.13889476075060392
1.240000000002499	0.13889013930557037
1.2410000000024923	0.13888551405861127
1.2420000000024853	0.138880885529288
1.2430000000024783	0.1388762539381806
1.2440000000024716	0.13887161882100452
1.2450000000024644	0.13886698025460498
1.2460000000024576	0.13886233831876338
1.2470000000024506	0.13885769301468687
1.2480000000024436	0.13885304422196076
1.2490000000024368	0.13884839195263654
1.2500000000024298	0.13884373631012248
1.2510000000024228	0.13883907723579791
1.252000000002416	0.1388344148211511
1.253000000002409	0.13882974901134393
1.254000000002402	0.13882507979037395
1.2550000000023953	0.1388204071703507
1.256000000002388	0.13881573108762824
1.2570000000023813	0.13881105167609697
1.2580000000023743	0.13880636885892783
1.2590000000023673	0.13880168252616332
1.2600000000023606	0.1387969929339028
1.2610000000023533	0.13879229990377084
1.2620000000023466	0.13878760337405427
1.2630000000023396	0.13878290357764977
1.2640000000023326	0.13877820034020805
1.2650000000023258	0.13877349383292004
1.2660000000023188	0.13876878370293078
1.2670000000023118	0.13876407025793214
1.268000000002305	0.1387593534910282
1.269000000002298	0.13875463310959235
1.270000000002291	0.1387499096487993
1.271000000002284	0.13874518271331215
1.272000000002277	0.1387404521438509
1.2730000000022703	0.13873571843014698
1.2740000000022633	0.13873098126918637
1.2750000000022563	0.13872624067984696
1.2760000000022496	0.13872149676001821
1.2770000000022423	0.13871674942791123
1.2780000000022356	0.13871199865439254
1.2790000000022288	0.138707244691192
1.2800000000022216	0.1387024869010991
1.2810000000022148	0.13869772620521326
1.2820000000022078	0.1386929620158105
1.2830000000022008	0.13868819436810353
1.2840000000021938	0.13868342302692238
1.2850000000021868	0.13867864878244418
1.28600000000218	0.13867387101641448
1.287000000002173	0.13866908984758863
1.288000000002166	0.13866430530667595
1.2890000000021593	0.13865951740460258
1.2900000000021523	0.13865472609928675
1.2910000000021453	0.13864993142816406
1.2920000000021385	0.13864513335043682
1.2930000000021313	0.13864033196555958
1.2940000000021246	0.13863552714595928
1.2950000000021178	0.13863071909927738
1.2960000000021106	0.13862590747914627
1.2970000000021038	0.1386210925143294
1.2980000000020966	0.13861627429541068
1.2990000000020898	0.1386114524558305
1.3000000000020828	0.138606627539148
1.3010000000020758	0.13860179923291716
1.302000000002069	0.13859696734163718
1.303000000002062	0.13859213183138497
1.304000000002055	0.13858729367002875
1.3050000000020483	0.13858245190886753
1.3060000000020413	0.1385776065641532
1.3070000000020343	0.13857275804924263
1.3080000000020275	0.13856790608788616
1.3090000000020205	0.1385630507761032
1.3100000000020136	0.13855819201242037
1.3110000000020068	0.13855332994989356
1.3120000000019996	0.1385484645081001
1.3130000000019928	0.13854359571886166
1.3140000000019856	0.13853872360332165
1.3150000000019788	0.13853384814285297
1.316000000001972	0.13852896928582115
1.3170000000019648	0.1385240870597202
1.318000000001958	0.13851920154161634
1.319000000001951	0.1385143126611137
1.320000000001944	0.1385094204203322
1.3210000000019373	0.1385045247652783
1.3220000000019303	0.1384996256141422
1.3230000000019233	0.13849472316828926
1.3240000000019165	0.13848981758052137
1.3250000000019095	0.13848490860819362
1.3260000000019025	0.13847999626094532
1.3270000000018956	0.1384750805415298
1.3280000000018886	0.13847016145529834
1.3290000000018818	0.13846523908853492
1.3300000000018748	0.13846031334435505
1.3310000000018678	0.13845538435065563
1.332000000001861	0.1384504518069749
1.3330000000018538	0.13844551596877908
1.334000000001847	0.1384405769517537
1.33500000000184	0.1384356343166011
1.336000000001833	0.13843068846368067
1.3370000000018263	0.1384257392860362
1.3380000000018193	0.13842078675964908
1.3390000000018123	0.13841583106070354
1.3400000000018053	0.1384108713772938
1.3410000000017983	0.13840590929061458
1.3420000000017915	0.1384009434564395
1.3430000000017845	0.13839597400333636
1.3440000000017776	0.13839100163467166
1.3450000000017708	0.13838602563704883
1.3460000000017638	0.1383810463377242
1.3470000000017568	0.1383760638101167
1.34800000000175	0.1383710779726519
1.3490000000017428	0.13836608879363999
1.350000000001736	0.13836109629046867
1.3510000000017293	0.13835610045665914
1.352000000001722	0.13835110121111094
1.3530000000017153	0.13834609874795334
1.354000000001708	0.13834109290413665
1.3550000000017013	0.13833608387469742
1.3560000000016943	0.13833107129180489
1.3570000000016873	0.13832605545101828
1.3580000000016805	0.13832103619595826
1.3590000000016735	0.1383160135088577
1.3600000000016665	0.13831098780704731
1.3610000000016598	0.13830595876298168
1.3620000000016528	0.13830092635097946
1.3630000000016458	0.13829589057818015
1.364000000001639	0.13829085148308806
1.3650000000016318	0.13828580914172828
1.366000000001625	0.13828076344217555
1.367000000001618	0.13827571433483143
1.368000000001611	0.1382706620010472
1.3690000000016043	0.1382656063446036
1.370000000001597	0.13826054729146198
1.3710000000015903	0.13825548503955032
1.3720000000015833	0.13825041942237626
1.3730000000015763	0.13824535063548216
1.3740000000015695	0.13824027830219254
1.3750000000015625	0.1382352027333662
1.3760000000015555	0.13823012401761514
1.3770000000015488	0.13822504151874948
1.3780000000015418	0.13821995599877468
1.3790000000015348	0.1382148672875606
1.3800000000015278	0.1382097752293926
1.3810000000015208	0.1382046798275146
1.382000000001514	0.13819958120178732
1.383000000001507	0.13819447932476503
1.3840000000015	0.1381893739303368
1.3850000000014933	0.13818426529772632
1.386000000001486	0.13817915342477283
1.3870000000014793	0.13817403804820827
1.3880000000014725	0.1381689196749014
1.3890000000014653	0.1381637978930672
1.3900000000014585	0.13815867248127112
1.3910000000014515	0.138153544054899
1.3920000000014445	0.13814841241720976
1.3930000000014378	0.13814327748266575
1.3940000000014305	0.13813813918557827
1.3950000000014238	0.13813299772355525
1.3960000000014168	0.1381278527502372
1.3970000000014098	0.13812270455025255
1.398000000001403	0.1381175532025708
1.399000000001396	0.13811239831219746
1.400000000001389	0.1381072403866085
1.4010000000013823	0.1381020784878072
1.4020000000013753	0.13809691428805315
1.4030000000013683	0.13809174620442555
1.4040000000013615	0.13808657516007528
1.4050000000013543	0.1380814005983183
1.4060000000013475	0.1380762226752874
1.4070000000013405	0.13807104161338057
1.4080000000013335	0.138065857344702
1.4090000000013267	0.13806066971311115
1.4100000000013195	0.13805547893315473
1.4110000000013128	0.13805028465852742
1.4120000000013058	0.1380450871540323
1.4130000000012988	0.13803988630081043
1.414000000001292	0.13803468212474324
1.415000000001285	0.1380294748951445
1.416000000001278	0.13802426430876413
1.4170000000012712	0.1380190503805142
1.4180000000012642	0.13801383330046446
1.4190000000012573	0.1380086128824376
1.4200000000012505	0.13800338933011447
1.4210000000012433	0.1379981623360611
1.4220000000012365	0.13799293178569594
1.4230000000012293	0.137987698407685
1.4240000000012225	0.13798246175395612
1.4250000000012157	0.1379772213848225
1.4260000000012085	0.13797197804146233
1.4270000000012018	0.13796673160015793
1.4280000000011948	0.1379614817232191
1.4290000000011878	0.13795622860020607
1.430000000001181	0.13795097219120678
1.431000000001174	0.13794571252630405
1.432000000001167	0.13794044962060548
1.4330000000011602	0.13793518338635824
1.4340000000011532	0.13792991390674514
1.4350000000011462	0.13792464129001014
1.4360000000011393	0.13791936534849847
1.4370000000011323	0.13791408598246024
1.4380000000011255	0.1379088034028333
1.4390000000011185	0.13790351762657782
1.4400000000011115	0.13789822862299728
1.4410000000011047	0.13789293640224698
1.4420000000010975	0.13788764086607674
1.4430000000010907	0.1378823421119756
1.4440000000010837	0.1378770401332593
1.4450000000010768	0.13787173489729554
1.44600000000107	0.13786642624962697
1.447000000001063	0.13786111438286364
1.448000000001056	0.13785579932283643
1.449000000001049	0.13785048109575881
1.450000000001042	0.13784515953246457
1.4510000000010352	0.1378398347062244
1.4520000000010282	0.13783450655924578
1.4530000000010213	0.13782917542661188
1.4540000000010145	0.13782384074256948
1.4550000000010075	0.13781850287026198
1.4560000000010005	0.1378131619740488
1.4570000000009937	0.1378078177854667
1.4580000000009865	0.13780247034494286
1.4590000000009797	0.13779711956159868
1.460000000000973	0.1377917652587839
1.4610000000009657	0.13778640807048226
1.462000000000959	0.1377810478472764
1.4630000000009518	0.13777568413208507
1.464000000000945	0.1377703171036433
1.465000000000938	0.13776494668556105
1.466000000000931	0.13775957335884526
1.4670000000009242	0.1377541967364222
1.4680000000009172	0.1377488168595249
1.4690000000009102	0.1377434338146587
1.4700000000009035	0.137738047488969
1.4710000000008965	0.13773265776001542
1.4720000000008895	0.13772726491254406
1.4730000000008827	0.137721868838652
1.4740000000008757	0.13771646949418181
1.4750000000008687	0.13771106702838498
1.476000000000862	0.13770566149091013
1.4770000000008547	0.13770025242234518
1.478000000000848	0.1376948402738697
1.4790000000008408	0.13768942473749468
1.480000000000834	0.13768400592461671
1.4810000000008272	0.13767858416550516
1.48200000000082	0.13767315926261403
1.4830000000008132	0.13766773087767814
1.4840000000008062	0.13766229936025676
1.4850000000007992	0.1376568646940095
1.4860000000007925	0.137651426478975
1.4870000000007855	0.1376459852496128
1.4880000000007785	0.1376405411162036
1.4890000000007717	0.1376350935008933
1.4900000000007645	0.13762964246121334
1.4910000000007577	0.13762418842294621
1.4920000000007507	0.13761873106091116
1.4930000000007437	0.1376132706898725
1.494000000000737	0.13760780713795961
1.49500000000073	0.13760234015827988
1.496000000000723	0.1375968698433253
1.497000000000716	0.13759139665852804
1.498000000000709	0.13758592021147065
1.4990000000007022	0.13758044051008067
1.5000000000006952	0.1375749575381776
1.5010000000006882	0.1375694713128045
1.5020000000006815	0.13756398188343344
1.5030000000006745	0.13755848933968307
1.5040000000006675	0.13755299358710538
1.5050000000006605	0.1375474946789227
1.5060000000006535	0.1375419925137943
1.5070000000006467	0.13753648720718403
1.5080000000006397	0.13753097867492037
1.5090000000006327	0.13752546676075206
1.5100000000006257	0.1375199517326926
1.5110000000006187	0.1375144335554167
1.512000000000612	0.13750891223118444
1.513000000000605	0.13750338779316018
1.514000000000598	0.13749786007296927
1.5150000000005912	0.13749232900369734
1.5160000000005842	0.1374867948599774
1.5170000000005772	0.13748125753020646
1.5180000000005702	0.13747571698087024
1.5190000000005632	0.1374701734251368
1.5200000000005565	0.1374646263571193
1.5210000000005495	0.1374590760525245
1.5220000000005425	0.13745352294549706
1.5230000000005357	0.13744796655003522
1.5240000000005285	0.1374424069064979
1.5250000000005217	0.13743684415364288
1.5260000000005147	0.13743127807233813
1.5270000000005077	0.13742570866794201
1.528000000000501	0.13742013638862338
1.529000000000494	0.13741456089679205
1.530000000000487	0.1374089819674693
1.53100000000048	0.13740339991252726
1.532000000000473	0.1373978148136621
1.5330000000004662	0.13739222661139128
1.5340000000004592	0.13738663534712825
1.5350000000004522	0.13738104073614466
1.5360000000004455	0.13737544258268986
1.5370000000004385	0.13736984153957266
1.5380000000004315	0.1373642375037033
1.5390000000004245	0.13735863021656658
1.5400000000004175	0.1373530198056333
1.5410000000004107	0.1373474061325174
1.5420000000004037	0.13734178923003004
1.5430000000003967	0.1373361691897087
1.5440000000003897	0.13733054592073235
1.5450000000003827	0.13732491956186188
1.546000000000376	0.13731929001463306
1.547000000000369	0.13731365736625845
1.548000000000362	0.13730802133858333
1.549000000000355	0.13730238237866865
1.5500000000003482	0.13729674032037653
1.5510000000003412	0.13729109471585954
1.5520000000003342	0.13728544623974148
1.5530000000003272	0.13727979467210583
1.5540000000003205	0.13727413987795578
1.5550000000003135	0.13726848204783826
1.5560000000003065	0.1372628204565305
1.5570000000002997	0.13725715644432124
1.5580000000002925	0.13725148890777727
1.5590000000002857	0.13724581824226534
1.5600000000002787	0.13724014450270206
1.5610000000002717	0.13723446753437207
1.5620000000002647	0.137228787518476
1.5630000000002577	0.13722310437583685
1.564000000000251	0.13721741772173712
1.565000000000244	0.13721172813175586
1.566000000000237	0.13720603573522683
1.5670000000002302	0.13720033994350955
1.5680000000002232	0.1371946406864205
1.5690000000002162	0.1371889384930136
1.5700000000002092	0.13718323340785887
1.5710000000002025	0.13717752499814462
1.5720000000001955	0.13717181329670947
1.5730000000001885	0.13716609858844886
1.5740000000001815	0.1371603807692483
1.5750000000001747	0.13715465996772402
1.5760000000001675	0.1371489355797082
1.5770000000001607	0.13714320852357254
1.5780000000001537	0.1371374779507284
1.5790000000001467	0.13713174439580778
1.58000000000014	0.13712600777479556
1.581000000000133	0.13712026797170462
1.582000000000126	0.13711452499459442
1.583000000000119	0.1371087788355586
1.584000000000112	0.1371030296070993
1.5850000000001052	0.1370972771692014
1.5860000000000982	0.1370915218375337
1.5870000000000912	0.1370857633016398
1.5880000000000845	0.13708000132042053
1.5890000000000775	0.13707423643116157
1.5900000000000705	0.137068468669179
1.5910000000000635	0.13706269737493126
1.5920000000000565	0.1370569230245139
1.5930000000000497	0.13705114581445865
1.5940000000000427	0.13704536531890565
1.5950000000000357	0.13703958159637297
1.5960000000000287	0.13703379473732258
1.5970000000000217	0.13702800502027235
1.598000000000015	0.13702221190919994
1.599000000000008	0.13701641567463763
1.600000000000001	0.13701061663294722
1.6009999999999942	0.1370048142851672
1.6019999999999872	0.1369990087409314
1.6029999999999802	0.1369932001745474
1.6039999999999732	0.13698738850557002
1.6049999999999662	0.13698157363130148
1.6059999999999595	0.1369757557269219
1.6069999999999525	0.1369699347223221
1.6079999999999455	0.13696411049637391
1.6089999999999387	0.13695828324928105
1.6099999999999315	0.13695245288699587
1.6109999999999247	0.13694661942885245
1.6119999999999177	0.13694078274571364
1.6129999999999107	0.13693494299766906
1.6139999999999037	0.1369291004243145
1.614999999999897	0.13692325442533237
1.61599999999989	0.13691740530358532
1.616999999999883	0.13691155332019544
1.617999999999876	0.1369056980663289
1.6189999999998692	0.13689983971265496
1.6199999999998622	0.13689397826677596
1.6209999999998552	0.13688811386227795
1.6219999999998485	0.1368822457157799
1.6229999999998415	0.13687637551572207
1.6239999999998345	0.1368705017282239
1.6249999999998275	0.13686462438021363
1.6259999999998205	0.13685874470412873
1.6269999999998137	0.1368528614808544
1.6279999999998067	0.13684697531333445
1.6289999999997997	0.13684108605663203
1.6299999999997927	0.13683519358489993
1.6309999999997857	0.13682929822840317
1.631999999999779	0.13682339968431534
1.632999999999772	0.13681749795270315
1.633999999999765	0.1368115930876841
1.634999999999758	0.1368056852070454
1.6359999999997512	0.13679977442540192
1.6369999999997442	0.13679386039311647
1.6379999999997372	0.13678794330171617
1.6389999999997302	0.13678202320180644
1.6399999999997235	0.1367760998869808
1.6409999999997165	0.13677017356513832
1.6419999999997095	0.13676424421490985
1.6429999999997025	0.1367583117281903
1.6439999999996955	0.1367523761136945
1.6449999999996887	0.13674643748648352
1.6459999999996817	0.13674049565679436
1.6469999999996747	0.13673455091134745
1.6479999999996677	0.13672860317044666
1.6489999999996607	0.13672265206922485
1.649999999999654	0.13671669792828
1.650999999999647	0.13671074090304136
1.65199999999964	0.13670478082801896
1.6529999999996332	0.13669881765813985
1.6539999999996262	0.13669285122205999
1.6549999999996192	0.13668688187074474
1.6559999999996122	0.13668090957554524
1.6569999999996052	0.13667493404753672
1.6579999999995985	0.13666895541049795
1.6589999999995915	0.136662973590862
1.6599999999995845	0.13665698889155364
1.6609999999995777	0.13665100121228846
1.6619999999995705	0.13664501041674426
1.6629999999995637	0.13663901648853627
1.6639999999995567	0.13663301951576312
1.6649999999995497	0.1366270195038084
1.665999999999543	0.1366210163739009
1.666999999999536	0.13661501020096656
1.667999999999529	0.13660900100731033
1.668999999999522	0.13660298880316224
1.669999999999515	0.13659697350339306
1.6709999999995082	0.13659095518753595
1.6719999999995012	0.13658493371214264
1.6729999999994942	0.13657890940745887
1.6739999999994875	0.13657288189063133
1.6749999999994805	0.13656685120877765
1.6759999999994735	0.1365608176997113
1.6769999999994665	0.13655478104548147
1.6779999999994595	0.1365487414221802
1.6789999999994527	0.13654269850725287
1.6799999999994457	0.13653665264127857
1.6809999999994387	0.13653060391982286
1.6819999999994317	0.136524552048634
1.6829999999994247	0.13651849713484066
1.683999999999418	0.13651243918940037
1.684999999999411	0.13650637813527677
1.685999999999404	0.136500314016044
1.6869999999993972	0.13649424697646273
1.6879999999993902	0.13648817693232207
1.6889999999993832	0.1364821033584419
1.6899999999993762	0.1364760275127609
1.6909999999993692	0.13646994832093673
1.6919999999993625	0.13646386600376537
1.6929999999993555	0.13645778064185032
1.6939999999993485	0.13645169251041311
1.6949999999993415	0.13644560101170244
1.6959999999993345	0.13643950649734027
1.6969999999993277	0.1364334093005798
1.6979999999993207	0.13642730851082652
1.6989999999993137	0.1364212054414361
1.6999999999993067	0.1364150988064755
1.7009999999993	0.13640898912395294
1.701999999999293	0.13640287676052387
1.702999999999286	0.13639676123576383
1.703999999999279	0.13639064245720078
1.7049999999992722	0.13638452090065367
1.7059999999992652	0.13637839610999747
1.7069999999992582	0.1363722684655425
1.7079999999992515	0.13636613797638275
1.7089999999992442	0.13636000423909544
1.7099999999992375	0.13635386739480615
1.7109999999992305	0.13634772767975167
1.7119999999992235	0.1363415848577576
1.7129999999992167	0.13633543914527146
1.7139999999992095	0.1363292904420399
1.7149999999992027	0.13632313862964385
1.7159999999991957	0.13631698379336132
1.7169999999991887	0.1363108260326863
1.717999999999182	0.13630466523218532
1.718999999999175	0.13629850133161692
1.719999999999168	0.13629233450189226
1.720999999999161	0.1362861646947613
1.721999999999154	0.13627999183214734
1.7229999999991472	0.13627381594842125
1.7239999999991402	0.1362676369816186
1.7249999999991332	0.13626145526032518
1.7259999999991265	0.13625527050530695
1.7269999999991195	0.13624908244489298
1.7279999999991125	0.13624289151993485
1.7289999999991055	0.13623669779474568
1.7299999999990985	0.1362305009733773
1.7309999999990917	0.1362243010692772
1.7319999999990847	0.13621809810825392
1.7329999999990777	0.13621189235741138
1.7339999999990707	0.1362056834942713
1.7349999999990655	0.13619947163896007
1.7359999999990614	0.13619325690488948
1.7369999999990573	0.13618703903020435
1.7379999999990532	0.13618081834368945
1.7389999999990489	0.13617459451235958
1.7399999999990448	0.13616836772052898
1.7409999999990406	0.1361621379256095
1.7419999999990363	0.13615590504069508
1.7429999999990322	0.13614966910752746
1.743999999999028	0.13614343054662803
1.744999999999024	0.1361371889597236
1.74599999999902	0.13613094408390713
1.7469999999990156	0.13612469626678503
1.7479999999990115	0.13611844576374021
1.7489999999990071	0.13611219226297333
1.749999999999003	0.13610593543291327
1.7509999999990045	0.13609967595127714
1.751999999999006	0.13609341346056847
1.7529999999990071	0.13608714784300435
1.7539999999990086	0.13608087926779255
1.75499999999901	0.13607460773856972
1.7559999999990115	0.13606833335492996
1.756999999999013	0.13606205563976204
1.7579999999990141	0.13605577554765125
1.7589999999990156	0.13604949215945794
1.759999999999017	0.13604320579787332
1.7609999999990182	0.136036916241973
1.7619999999990197	0.1360306238470277
1.7629999999990211	0.1360243287012024
1.7639999999990226	0.1360180306377382
1.7649999999990238	0.1360117294474067
1.7659999999990263	0.13600542520551706
1.7669999999990305	0.13599911798536646
1.7679999999990346	0.13599280791836055
1.7689999999990387	0.13598649502119442
1.769999999999043	0.13598017905150783
1.7709999999990471	0.13597386006426704
1.7719999999990512	0.13596753807713002
1.7729999999990556	0.13596121320674848
1.7739999999990597	0.13595488522323884
1.7749999999990638	0.135948554568875
1.7759999999990679	0.13594222101772302
1.776999999999072	0.13593588417450309
1.7779999999990763	0.13592954439741423
1.7789999999990804	0.1359232017328822
1.7799999999990845	0.1359168562215104
1.7809999999990886	0.13591050794068993
1.781999999999093	0.13590415662645527
1.782999999999097	0.1358978022192171
1.7839999999991012	0.1358914447380838
1.7849999999991053	0.13588508431872537
1.7859999999991096	0.13587872106935917
1.7869999999991137	0.13587235491068472
1.7879999999991179	0.1358659860009772
1.788999999999122	0.13585961398376822
1.789999999999126	0.1358532389846575
1.7909999999991304	0.13584686100743393
1.7919999999991345	0.13584048024683537
1.7929999999991386	0.13583409630110221
1.7939999999991427	0.13582770956872325
1.794999999999147	0.13582131986093204
1.7959999999991512	0.13581492717892996
1.7969999999991553	0.13580853176493157
1.7979999999991594	0.13580213341738212
1.7989999999991637	0.13579573204840267
1.7999999999991678	0.13578932749923966
1.800999999999172	0.13578292017364424
1.801999999999176	0.13577651000898394
1.8029999999991801	0.13577009696955977
1.8039999999991845	0.1357636809803361
1.8049999999991886	0.13575726211185912
1.8059999999991927	0.13575083962629342
1.8069999999991968	0.1357444153743883
1.8079999999992011	0.1357379875131305
1.8089999999992052	0.13573155683462068
1.8099999999992094	0.1357251232818446
1.8109999999992135	0.1357186868000968
1.8119999999992178	0.13571224756518618
1.812999999999222	0.13570580488870787
1.813999999999226	0.13569935988595194
1.8149999999992301	0.13569291156275076
1.8159999999992344	0.13568646058779787
1.8169999999992386	0.1356800067285442
1.8179999999992427	0.13567354982990765
1.8189999999992468	0.1356670898624167
1.819999999999251	0.13566062701568582
1.8209999999992552	0.13565416145356446
1.8219999999992593	0.13564769280301525
1.8229999999992634	0.13564122155108704
1.8239999999992675	0.1356347473819305
1.8249999999992719	0.13562826992758215
1.825999999999276	0.13562178972395023
1.82699999999928	0.13561530659539234
1.8279999999992842	0.1356088206425019
1.8289999999992885	0.13560233177103376
1.8299999999992926	0.13559583998478963
1.8309999999992967	0.13558934534337141
1.8319999999993009	0.1355828477631016
1.8329999999993052	0.1355763474078494
1.8339999999993093	0.13556984379314274
1.8349999999993134	0.13556333784522734
1.8359999999993175	0.13555682849561668
1.8369999999993218	0.1355503164591566
1.837999999999326	0.13554380152663015
1.83899999999933	0.13553728378586571
1.8399999999993342	0.13553076318605428
1.8409999999993385	0.13552423956771942
1.8419999999993426	0.1355177129177879
1.8429999999993467	0.1355111834951872
1.8439999999993508	0.1355046511488558
1.844999999999355	0.13549811598171457
1.8459999999993593	0.1354915778533753
1.8469999999993634	0.135485036969761
1.8479999999993675	0.13547849341287133
1.8489999999993716	0.13547194662082696
1.849999999999376	0.13546539704841676
1.85099999999938	0.135458844665043
1.8519999999993841	0.13545228920636732
1.8529999999993882	0.13544573099925117
1.8539999999993926	0.13543916988916027
1.8549999999993967	0.13543260590872108
1.8559999999994008	0.13542603900937578
1.856999999999405	0.13541946921041825
1.857999999999409	0.1354128969062054
1.8589999999994133	0.13540632147426102
1.8599999999994175	0.13539974307622038
1.8609999999994216	0.1353931619594666
1.861999999999426	0.13538657794329756
1.86299999999943	0.13537999101377607
1.863999999999434	0.1353734011269071
1.8649999999994382	0.13536680846362947
1.8659999999994423	0.13536021297619083
1.8669999999994467	0.13535361454328387
1.8679999999994508	0.13534701327207177
1.8689999999994549	0.13534040917884727
1.869999999999459	0.1353338021142947
1.870999999999463	0.13532719241156
1.8719999999994674	0.13532057977277567
1.8729999999994715	0.13531396402376217
1.8739999999994756	0.13530734574043857
1.87499999999948	0.1353007246229615
1.875999999999484	0.13529410019877341
1.8769999999994882	0.1352874732086753
1.8779999999994923	0.13528084366967774
1.8789999999994964	0.13527421088240166
1.8799999999995007	0.13526757523233202
1.8809999999995048	0.1352609369307759
1.881999999999509	0.13525429582026682
1.882999999999513	0.1352476516876291
1.8839999999995174	0.13524100474331613
1.8849999999995215	0.13523435508286907
1.8859999999995256	0.13522770240801862
1.8869999999995297	0.13522104683430758
1.887999999999534	0.13521438859211454
1.8889999999995382	0.13520772749959342
1.8899999999995423	0.1352010635584855
1.8909999999995464	0.1351943967520428
1.8919999999995505	0.13518772708983873
1.8929999999995548	0.13518105453420248
1.893999999999559	0.13517437924838904
1.894999999999563	0.13516770117250743
1.8959999999995671	0.13516102021044007
1.8969999999995715	0.13515433643534647
1.8979999999995756	0.13514764969970594
1.8989999999995797	0.1351409600658806
1.8999999999995838	0.1351342675007028
1.9009999999995881	0.13512757280461796
1.9019999999995922	0.13512087480674018
1.9029999999995963	0.13511417389871283
1.9039999999996005	0.13510747017170022
1.9049999999996048	0.13510076381888492
1.905999999999609	0.13509405467188218
1.906999999999613	0.1350873425300687
1.9079999999996171	0.13508062743737148
1.9089999999996214	0.13507390956810128
1.9099999999996256	0.13506718901897252
1.9109999999996297	0.13506046567559638
1.9119999999996338	0.1350537395723641
1.9129999999996379	0.1350470105633127
1.9139999999996422	0.1350402786834991
1.9149999999996463	0.1350335440210304
1.9159999999996504	0.13502680656841082
1.9169999999996545	0.13502006631033847
1.9179999999996589	0.1350133232418952
1.918999999999663	0.1350065774940088
1.919999999999667	0.13499982878018035
1.9209999999996712	0.134993077108445
1.9219999999996755	0.13498632269428978
1.9229999999996796	0.13497956552415746
1.9239999999996837	0.13497280561689173
1.9249999999996878	0.13496604303947124
1.9259999999996922	0.13495927748873138
1.9269999999996963	0.13495250905284661
1.9279999999997004	0.13494573786339825
1.9289999999997045	0.13493896401534766
1.9299999999997088	0.13493218718430766
1.930999999999713	0.13492540756314986
1.931999999999717	0.1349186252799669
1.9329999999997212	0.13491184036733583
1.9339999999997253	0.13490505230013994
1.9349999999997296	0.13489826143841777
1.9359999999997337	0.13489146799634788
1.9369999999997378	0.13488467164927398
1.937999999999742	0.13487787249171468
1.9389999999997463	0.13487107069368287
1.9399999999997504	0.13486426596346535
1.9409999999997545	0.13485745847071995
1.9419999999997586	0.13485064818032355
1.942999999999763	0.13484383509603282
1.943999999999767	0.1348370191976005
1.9449999999997711	0.13483020065271356
1.9459999999997752	0.13482337933407829
1.9469999999997794	0.13481655518574376
1.9479999999997837	0.13480972819436676
1.9489999999997878	0.13480289841184967
1.949999999999792	0.1347960658960734
1.950999999999796	0.13478923075470606
1.9519999999998003	0.1347823926754066
1.9529999999998044	0.13477555168733102
1.9539999999998086	0.1347687079867128
1.9549999999998127	0.13476186159813308
1.955999999999817	0.13475501241032029
1.956999999999821	0.13474816048882876
1.9579999999998252	0.13474130569800513
1.9589999999998293	0.13473444836783954
1.9599999999998337	0.134727588205117
1.9609999999998378	0.13472072513764777
1.9619999999998419	0.13471385918574397
1.962999999999846	0.13470699065596325
1.9639999999998503	0.13470011955767403
1.9649999999998544	0.13469324543937988
1.9659999999998585	0.13468636844629356
1.9669999999998626	0.13467948886263859
1.9679999999998667	0.13467260651231294
1.968999999999871	0.13466572141580813
1.9699999999998752	0.13465883350179197
1.9709999999998793	0.13465194274267822
1.9719999999998834	0.1346450491421507
1.9729999999998877	0.13463815325033812
1.9739999999998918	0.13463125456180958
1.974999999999896	0.13462435276837126
1.9759999999999	0.13461744832115485
1.9769999999999044	0.13461054096023362
1.9779999999999085	0.13460363119731633
1.9789999999999126	0.13459671866540068
1.9799999999999167	0.13458980306802382
1.980999999999921	0.13458288483470837
1.9819999999999252	0.13457596405926442
1.9829999999999293	0.13456904024611283
1.9839999999999334	0.13456211375266747
1.9849999999999375	0.13455518480846085
1.9859999999999418	0.13454825310445817
1.986999999999946	0.13454131839993333
1.98799999999995	0.13453438077094138
1.9889999999999541	0.13452744061390942
1.9899999999999585	0.13452049781435238
1.9909999999999626	0.1345135523197608
1.9919999999999667	0.13450660403518355
1.9929999999999708	0.13449965293386779
1.9939999999999751	0.1344926988882762
1.9949999999999792	0.13448574260553636
1.9959999999999833	0.13447878341572528
1.9969999999999875	0.13447182140991454
1.9979999999999918	0.13446485659013807
1.998999999999996	0.1344578891566326
2.0	0.1344509193434431
2.0010279404845495	0.13444375163663158
2.0021217900815715	0.13443612109952296
2.0032857751923165	0.13442799742741796
2.004524391841744	0.13441934918244614
2.005842426366887	0.1344101421083863
2.007244970197923	0.13440033940700902
2.0087374418720856	0.1343899023285865
2.0103256076664273	0.13437878891848376
2.0120156028936726	0.13436695523684317
2.013813957200875	0.13435435461537804
2.0157276178435577	0.13434093721029328
2.0177639781367303	0.1343266483420994
2.019930905358886	0.1343114303670937
2.0222367711443985	0.13429522294799623
2.024690484011897	0.13427796002016157
2.027301523572695	0.13425957356133433
2.0300799770731848	0.13423998767592948
2.033036578410754	0.13421912209458076
2.036182751117039	0.13419689354205455
2.039530649180409	0.13417321158251905
2.043093206833892	0.13414797760423403
2.046884188175661	0.13412108730156025
2.050918238233338	0.13409243058932963
2.0552109433735133	0.13406188944788822
2.059778886913171	0.13402933627796965
2.0646397170403086	0.13399463586181914
2.0698122132469665	0.13395764049542946
2.0753163565584574	0.13391819269493743
2.081173414838828	0.13387613430872436
2.0874060143976347	0.13383127757025637
2.094038234979271	0.13378341859283338
2.1010956980169606	0.13373237573254904
2.1086056699538682	0.1336779262466854
2.116597165034399	0.1336198153280045
2.125101056786564	0.13355779164713444
2.1341501990307465	0.13349159252599962
2.143779554474847	0.13342091627123154
2.1540263207146424	0.13334542117246984
2.1649300857539027	0.1332647977190975
2.1765329774064615	0.13317870221593286
2.1888798204423576	0.13308673203891286
2.2020183144046843	0.13298841784715554
2.2159992202680474	0.1328832697490896
2.2308765524295735	0.13277087285950273
2.246707783705272	0.1326507311451306
2.263554079768369	0.13252217467227712
2.2814805235907363	0.13238458419670307
2.3005563724108544	0.1322373459287962
2.320855322320133	0.13207971356902892
2.3424557929209753	0.1319108557765789
2.3654412374910825	0.1317299871086074
2.389900455657507	0.13153621516421876
2.41592795027163	0.13132849481069298
2.44362426638729	0.1311057717164621
2.473096411506492	0.1308668564246107
2.5044582437089975	0.1306104466320961
2.537830924630887	0.1303353764930012
2.5733433911797423	0.13004031619859013
2.611132843166974	0.1297232908024324
2.6513452603475027	0.12938268584887247
2.6941360153529494	0.12901595015698164
2.739670418177515	0.1286230179273371
2.788124380079947	0.128200324333266
2.839685109337027	0.12774567621197308
2.894551789617174	0.12725665231227679
2.9529364084026577	0.12673081958564147
3.0150645170164534	0.12616523522590117
3.0811761422888653	0.12555681961333987
3.1515266965252042	0.12490241736462893
3.226387989377641	0.12419887105776206
3.30604919671757	0.12344188295386127
3.39081811677136	0.12262902580260238
3.4810222154328754	0.12175497929734547
3.577010018652917	0.120815866122302
3.6791523315125145	0.11980873022770266
3.7878438030764574	0.11872876636284369
3.9035043177534527	0.11757184877915516
4.02658072998157	0.11633437197659413
4.157548527011607	0.11501255468597282
4.296913682346355	0.11360352662019912
4.445214635465608	0.11210429435257807
4.603024347307951	0.11051316701465319
4.770952424745148	0.10882953524804728
4.9496476786701376	0.10705383350218911
5.139800459354712	0.1051888758106434
5.342145448462832	0.10323973731165426
5.557464321076707	0.10121306702400235
5.786588991858403	0.09911898053658363
6.03040459644804	0.09697110693901234
6.289853138906711	0.09478868037782151
6.565936951835777	0.0925959851962278
6.859722633511745	0.09041849692400261
7.172345245053396	0.0882946630710928
7.505012494394354	0.0862622772749797
7.859009576011049	0.08436963905671502
8.23570422033976	0.08267171445050114
8.636551628113326	0.08122801217916631
9.063100564489073	0.08012217299119528
9.516998831091398	0.07939376041980584
10.0	0.07914000193196846
