0.0	0.18882566380747412
0.0010000000000041087	0.1888255960805051
0.0020000000000082174	0.1888254133778764
0.003000000000012548	0.1888251265324934
0.004000000000016657	0.18882473690531731
0.005000000000020766	0.188824224425848
0.006000000000024874	0.1888236081721052
0.007000000000029205	0.18882287573417922
0.008000000000033314	0.18882202990275732
0.009000000000037423	0.18882107861810848
0.010000000000041753	0.18882001050412878
0.011000000000045862	0.1888188286681297
0.01200000000004997	0.18881753575553573
0.01300000000005408	0.18881612887502897
0.01400000000005841	0.18881461786007137
0.015000000000062519	0.18881299123918727
0.016000000000066406	0.18881124536403404
0.017000000000070736	0.18880939526817198
0.018000000000074845	0.18880743223212682
0.019000000000078954	0.18880535093359896
0.020000000000083062	0.18880316328113533
0.021000000000087393	0.18880086175374866
0.022000000000091502	0.18879844699478443
0.02300000000009561	0.18879592621200558
0.02400000000009972	0.18879328217115532
0.02500000000010405	0.18879053533082113
0.02600000000010816	0.1887876742795236
0.027000000000112268	0.18878469471915493
0.0280000000001166	0.1887816069327457
0.029000000000120707	0.18877841314774835
0.030000000000124816	0.1887751012674337
0.031000000000128924	0.18877167768775915
0.032000000000133255	0.18876814331830838
0.033000000000137364	0.18876449120909056
0.03400000000014147	0.18876073276703154
0.0350000000001458	0.1887568656597246
0.03600000000014991	0.18875287979119326
0.03700000000015402	0.18874878347396473
0.03800000000015813	0.18874457579372572
0.03900000000016246	0.18874025735547684
0.04000000000016657	0.18873582110902143
0.04100000000017068	0.18873127550510382
0.04200000000017501	0.18872662150222197
0.04300000000017912	0.18872185399734742
0.044000000000183226	0.18871697383957098
0.045000000000187335	0.18871197726769207
0.046000000000191665	0.18870687694839128
0.04700000000019555	0.18870166293533996
0.04800000000019966	0.18869632848757678
0.04900000000020399	0.18869088807642787
0.0500000000002081	0.18868533409560495
0.05100000000021221	0.18867966746180953
0.05200000000021632	0.1886738955590851
0.05300000000022065	0.1886680080356984
0.05400000000022476	0.18866200275208733
0.055000000000228866	0.18865589362031387
0.0560000000002332	0.18864966872855238
0.057000000000237305	0.18864332723721688
0.058000000000241414	0.18863688341282236
0.05900000000024552	0.18863032300574867
0.060000000000249853	0.18862364706541868
0.06100000000025396	0.18861686759699192
0.06200000000025807	0.18860996974102517
0.0630000000002624	0.18860296171891366
0.06400000000026651	0.18859584392050155
0.06500000000027062	0.18858861282503825
0.06600000000027473	0.18858126667980124
0.06700000000027906	0.18857380854556238
0.06800000000028317	0.18856624468537309
0.06900000000028728	0.18855856986215536
0.0700000000002916	0.1885507733663374
0.07100000000029572	0.18854287420747295
0.07200000000029982	0.18853486163774447
0.07300000000030393	0.18852673171278922
0.07400000000030826	0.18851849684833577
0.07500000000031237	0.1885101492732072
0.07600000000031648	0.18850168334828143
0.07700000000032081	0.1884931134088964
0.0780000000003247	0.18848442929204934
0.07900000000032881	0.18847563305853976
0.08000000000033292	0.18846672691182353
0.08100000000033725	0.1884577070876865
0.08200000000034136	0.18844857657570802
0.08300000000034546	0.18843933467675966
0.0840000000003498	0.18842998254878296
0.0850000000003539	0.18842051736246312
0.08600000000035801	0.18841094104795653
0.08700000000036212	0.1884012514444401
0.08800000000036645	0.18839145095684462
0.08900000000037056	0.18838153738527919
0.09000000000037467	0.18837151937205565
0.091000000000379	0.18836138993375973
0.09200000000038311	0.18835113945272608
0.09300000000038722	0.18834078434200663
0.09400000000039133	0.18833031810880785
0.09500000000039566	0.1883197319397616
0.09600000000039977	0.18830904584379726
0.09700000000040387	0.18829824763169456
0.0980000000004082	0.18828733076553106
0.09900000000041231	0.1882763003591068
0.10000000000041642	0.18826515741576477
0.10100000000042053	0.1882539109629704
0.10200000000042486	0.1882425584666524
0.10300000000042897	0.18823109871916355
0.10400000000043308	0.18821951669283632
0.10500000000043741	0.18820781587339497
0.10600000000044152	0.18819601637523453
0.10700000000044563	0.18818410226772397
0.10800000000044951	0.18817207782993872
0.10900000000045384	0.18815994370053057
0.11000000000045795	0.18814768868416287
0.11100000000046206	0.1881353323507826
0.1120000000004664	0.18812286699095004
0.1130000000004705	0.18811028582503175
0.11400000000047461	0.1880975931486326
0.11500000000047872	0.18808479091165686
0.11600000000048305	0.18807187771270195
0.11700000000048716	0.1880588538578497
0.11800000000049127	0.18804571893062993
0.1190000000004956	0.18803247283813862
0.12000000000049971	0.18801911587258302
0.12100000000050382	0.18800564881443393
0.12200000000050792	0.1879920705582585
0.12300000000051226	0.1879783817198437
0.12400000000051636	0.18796458199116017
0.12500000000052047	0.1879506714604462
0.1260000000005248	0.18793665080048638
0.1270000000005289	0.18792251892432654
0.12800000000053302	0.18790827673457378
0.12900000000053713	0.18789392374834535
0.13000000000054146	0.18787946022485613
0.13100000000054557	0.1878648852454472
0.13200000000054968	0.18785019589829077
0.133000000000554	0.18783540682132283
0.13400000000055812	0.18782051099781405
0.13500000000056223	0.18780548978603762
0.13600000000056633	0.18779036327345933
0.13700000000057067	0.18777512664175733
0.13800000000057477	0.18775977991918302
0.13900000000057866	0.18774432131848895
0.140000000000583	0.18772875738691253
0.1410000000005871	0.18771307666391923
0.1420000000005912	0.18769729080119757
0.14300000000059532	0.18768139029206687
0.14400000000059965	0.18766538458541748
0.14500000000060376	0.18764926837501794
0.14600000000060787	0.18763303688508537
0.1470000000006122	0.18761669691833904
0.1480000000006163	0.18760024948828113
0.14900000000062041	0.18758368960120186
0.15000000000062452	0.18756702165789518
0.15100000000062885	0.18755024157462585
0.15200000000063296	0.187533353087186
0.15300000000063707	0.18751635423754875
0.1540000000006414	0.18749924711029742
0.1550000000006455	0.18748202825122073
0.15600000000064962	0.18746470054677944
0.15700000000065373	0.1874472629830609
0.15800000000065806	0.18742971676730358
0.15900000000066217	0.18741206008438427
0.16000000000066628	0.1873942936489741
0.16100000000067038	0.18737641748145184
0.16200000000067472	0.18735842934687408
0.16300000000067882	0.18734033031143504
0.16400000000068293	0.1873221269092531
0.16500000000068726	0.18730381346203173
0.16600000000069137	0.1872853914058723
0.16700000000069548	0.18726685722934722
0.1680000000006996	0.1872482147003054
0.16900000000070392	0.18722945782792677
0.1700000000007078	0.18721059474171575
0.17100000000071192	0.1871916254294811
0.17200000000071625	0.18717254499101
0.17300000000072036	0.18715335114327336
0.17400000000072446	0.18713406079148354
0.17500000000072857	0.18711465856874043
0.1760000000007329	0.1870951362525355
0.177000000000737	0.18707550956378194
0.17800000000074112	0.187055772541189
0.17900000000074545	0.18703592942723524
0.18000000000074956	0.18701597412224524
0.18100000000075367	0.18699591083106892
0.18200000000075778	0.1869757384665558
0.1830000000007621	0.1869554602388528
0.18400000000076622	0.18693507165308576
0.18500000000077033	0.18691457390261745
0.18600000000077466	0.1868939653723265
0.18700000000077877	0.18687325417253497
0.18800000000078287	0.18685243024827314
0.18900000000078698	0.186831494092343
0.1900000000007913	0.18681045408746932
0.19100000000079542	0.18678930260757343
0.19200000000079953	0.18676804532459146
0.19300000000080386	0.18674667699061764
0.19400000000080797	0.18672519928790088
0.19500000000081208	0.18670361700589078
0.1960000000008162	0.18668192740015688
0.19700000000082052	0.18666012598254955
0.19800000000082463	0.18663821554034987
0.19900000000082874	0.18661619929557594
0.20000000000083307	0.18659407259666771
0.20100000000083695	0.18657183960357282
0.20200000000084106	0.18654949613464633
0.20300000000084517	0.18652704941981502
0.2040000000008495	0.18650449081674392
0.2050000000008536	0.18648182352178855
0.20600000000085772	0.18645905033415444
0.20700000000086205	0.18643616734880797
0.20800000000086616	0.18641317801771717
0.20900000000087027	0.18639007947126007
0.21000000000087438	0.1863668753912172
0.2110000000008787	0.1863435617831174
0.21200000000088282	0.18632013998021102
0.21300000000088692	0.18629661152994714
0.21400000000089126	0.18627297437004287
0.21500000000089536	0.186249230366338
0.21600000000089947	0.1862253778192271
0.21700000000090358	0.18620141925242295
0.2180000000009079	0.18617735195550222
0.21900000000091202	0.18615317723691882
0.22000000000091613	0.18612889563616153
0.22100000000092046	0.18610450658818722
0.22200000000092457	0.18608000984150186
0.22300000000092868	0.18605540669984577
0.2240000000009328	0.18603069530175553
0.22500000000093712	0.18600587840494176
0.22600000000094123	0.18598095286398364
0.22700000000094533	0.18595591923736576
0.22800000000094967	0.1859307802386354
0.22900000000095377	0.1859055342125927
0.23000000000095788	0.18588018116395666
0.23100000000096177	0.18585472092283895
0.2320000000009661	0.18582915361678676
0.2330000000009702	0.18580347837915123
0.23400000000097432	0.18577769752732176
0.23500000000097865	0.18575181619401504
0.23600000000098276	0.1857258225667846
0.23700000000098687	0.18569971311056976
0.23800000000099097	0.18567350791048332
0.2390000000009953	0.185647193529632
0.24000000000099941	0.1856207777900568
0.24100000000100352	0.18559425853604394
0.24200000000100785	0.18556761692406787
0.24300000000101196	0.18554088101947785
0.24400000000101607	0.18551403815262402
0.24500000000102018	0.18548708094899724
0.2460000000010245	0.1854600211948838
0.24700000000102862	0.18543286022999705
0.24800000000103273	0.18540558976560395
0.24900000000103706	0.18537821325010817
0.25000000000104117	0.18535073070943797
0.2510000000010453	0.18532314261265148
0.2520000000010494	0.18529544603288262
0.2530000000010537	0.18526764514372052
0.2540000000010578	0.18523973962816342
0.25500000000106193	0.18521172906568728
0.25600000000106626	0.18518361216436396
0.25700000000107037	0.18515538966185063
0.2580000000010745	0.18512705898205217
0.2590000000010786	0.18509862751247597
0.2600000000010829	0.18507008587534635
0.26100000000108703	0.18504144098775266
0.2620000000010909	0.18501268948092908
0.26300000000109525	0.18498383351496495
0.26400000000109936	0.1849548722580303
0.26500000000110346	0.18492580496029742
0.2660000000011076	0.18489663447636695
0.2670000000011119	0.184867361852603
0.268000000001116	0.18483797751937525
0.2690000000011201	0.18480848416676954
0.27000000000112445	0.18477889169262507
0.27100000000112856	0.18474920172301523
0.27200000000113267	0.184719409725553
0.2730000000011368	0.18468950022859754
0.2740000000011411	0.18465948020760303
0.2750000000011452	0.18462937035830673
0.2760000000011493	0.18459915033995478
0.27700000000115366	0.18456881773155764
0.27800000000115777	0.18453839437894604
0.2790000000011619	0.18450786227819516
0.280000000001166	0.1844772175887377
0.2810000000011703	0.18444647424216365
0.2820000000011744	0.1844156317465161
0.28300000000117853	0.18438467378713497
0.28400000000118286	0.18435361754153579
0.28500000000118697	0.1843224615687845
0.2860000000011911	0.18429119782873193
0.2870000000011952	0.1842598304592935
0.2880000000011995	0.18422835627956613
0.2890000000012036	0.18419678035852227
0.29000000000120774	0.18416510203071979
0.29100000000121207	0.18413331724364235
0.2920000000012162	0.18410142926563078
0.29300000000122006	0.18406943908626716
0.29400000000122417	0.18403734409894512
0.2950000000012285	0.18400514462959816
0.2960000000012326	0.18397284346090292
0.2970000000012367	0.18394043768171042
0.29800000000124083	0.18390792814262513
0.29900000000124516	0.18387531630938392
0.30000000000124927	0.18384260093759708
0.3010000000012534	0.183809782239424
0.3020000000012577	0.18377686025978845
0.3030000000012618	0.18374383446397613
0.3040000000012659	0.1837107069253674
0.30500000000127003	0.18367747597486683
0.30600000000127436	0.18364414122707662
0.3070000000012785	0.18361070471419594
0.3080000000012826	0.1835771649628417
0.3090000000012869	0.18354352162173115
0.310000000001291	0.18350977705377391
0.31100000000129513	0.1834759294295092
0.31200000000129924	0.18344197884641766
0.31300000000130357	0.1834079248333883
0.3140000000013077	0.18337376905965797
0.3150000000013118	0.18333951177048413
0.3160000000013161	0.1833051515615447
0.3170000000013202	0.18327068971810034
0.31800000000132433	0.1832361248364398
0.31900000000132844	0.1832014562505101
0.3200000000013328	0.1831666893102163
0.3210000000013369	0.18313181829471292
0.322000000001341	0.18309684272024052
0.3230000000013453	0.1830617699140381
0.3240000000013492	0.1830265941800101
0.3250000000013533	0.1829913120018971
0.3260000000013574	0.18295593457083925
0.32700000000136176	0.18292045493012687
0.32800000000136587	0.18288486738928156
0.32900000000137	0.18284917933905764
0.3300000000013743	0.1828133990898949
0.3310000000013784	0.18277750749331223
0.3320000000013825	0.18274151521046333
0.33300000000138663	0.18270543145185014
0.33400000000139096	0.18266923663423218
0.33500000000139507	0.18263294410453912
0.3360000000013992	0.18259655183917
0.3370000000014035	0.18256005041018608
0.3380000000014076	0.18252345752906007
0.3390000000014117	0.18248676347134873
0.34000000000141584	0.1824499638796785
0.34100000000142017	0.18241306445022265
0.3420000000014243	0.18237606324057898
0.3430000000014284	0.18233896648062398
0.3440000000014327	0.18230176484980976
0.3450000000014368	0.18226446199217694
0.34600000000144093	0.18222706320968718
0.34700000000144504	0.18218955848410967
0.34800000000144937	0.18215195942319484
0.3490000000014535	0.1821142564138698
0.3500000000014576	0.1820764528075023
0.3510000000014619	0.18203855264327196
0.35200000000146603	0.18200054923017261
0.35300000000147014	0.18196244642992743
0.35400000000147425	0.1819242446168755
0.35500000000147836	0.18188594252552837
0.35600000000148246	0.1818475408082506
0.3570000000014866	0.18180903933500125
0.3580000000014909	0.18177043818099636
0.359000000001495	0.1817317370061513
0.3600000000014991	0.18169293646929796
0.36100000000150323	0.18165403651288603
0.36200000000150756	0.18161503825062786
0.36300000000151167	0.18157594034090763
0.3640000000015158	0.18153674180294455
0.3650000000015201	0.1814974451890642
0.3660000000015242	0.1814580505346508
0.3670000000015283	0.181418555935421
0.36800000000153243	0.18137896275054932
0.36900000000153677	0.181339270995721
0.3700000000015409	0.18129947956734038
0.371000000001545	0.18125959028706562
0.3720000000015493	0.1812195998207019
0.3730000000015534	0.18117951680282773
0.37400000000155753	0.18113932850875736
0.37500000000156164	0.18109904466760007
0.37600000000156597	0.1810586562776314
0.3770000000015701	0.18101818164211392
0.3780000000015742	0.1809776006528837
0.3790000000015785	0.1809369240083043
0.3800000000015826	0.18089614971572132
0.38100000000158674	0.18085527712742056
0.38200000000159084	0.18081430945130705
0.3830000000015952	0.1807732327450592
0.3840000000015993	0.1807320746627361
0.3850000000016034	0.18069080585382558
0.3860000000016075	0.18064944357857382
0.3870000000016116	0.1806079825228879
0.3880000000016157	0.18056642371373888
0.38900000000161983	0.1805247698559287
0.39000000000162416	0.18048301811936518
0.39100000000162827	0.18044117205739596
0.3920000000016324	0.18039922418868581
0.3930000000016367	0.18035717905871218
0.3940000000016408	0.18031503659485182
0.3950000000016449	0.18027280256606426
0.39600000000164903	0.18023047387321856
0.39700000000165336	0.18018804034295965
0.3980000000016575	0.18014550961905695
0.3990000000016616	0.18010288424787402
0.4000000000016659	0.18006016078987908
0.40100000000167	0.1800173436709922
0.40200000000167413	0.17997442989517531
0.40300000000167824	0.1799314191503808
0.40400000000168257	0.17988831179371156
0.4050000000016867	0.1798451089895412
0.4060000000016908	0.1798018119997402
0.4070000000016951	0.1797584183445482
0.4080000000016992	0.17971492902988873
0.40900000000170333	0.17967133921552536
0.41000000000170744	0.1796276556170967
0.4110000000017118	0.17958388189804597
0.4120000000017159	0.17953999086317596
0.41300000000172	0.17949603660801683
0.4140000000017243	0.17945197080084763
0.41500000000172843	0.17940779404797746
0.41600000000173254	0.17936355272780524
0.4170000000017364	0.1793191976488011
0.41800000000174076	0.1792747499403765
0.41900000000174487	0.17923020771482567
0.420000000001749	0.1791855705637212
0.4210000000017533	0.17914083845443485
0.4220000000017574	0.17909601145857346
0.4230000000017615	0.1790510897131975
0.42400000000176563	0.17900607380058808
0.42500000000176996	0.17896096586854038
0.42600000000177407	0.1789157449221015
0.4270000000017782	0.17887045990205552
0.4280000000017825	0.17882506175172563
0.4290000000017866	0.17877957150645518
0.4300000000017907	0.17873398798416584
0.43100000000179484	0.17868831050417533
0.43200000000179917	0.17864254235948118
0.4330000000018033	0.1785966621548547
0.4340000000018074	0.178550717696201
0.4350000000018115	0.17850466087720807
0.4360000000018158	0.1784585124104241
0.43700000000181993	0.17841227177426644
0.43800000000182404	0.1783659353679814
0.43900000000182837	0.17831951066049345
0.4400000000018325	0.17827297587119562
0.4410000000018366	0.17822637598408209
0.4420000000018407	0.17817966425956944
0.44300000000184503	0.17813286055328204
0.44400000000184914	0.17808596591125325
0.44500000000185325	0.17803897886072728
0.4460000000018576	0.177991896466816
0.4470000000018617	0.17794472312054943
0.4480000000018656	0.17789745718125027
0.4490000000018697	0.17785009705371302
0.450000000001874	0.17780264595430306
0.4510000000018781	0.17775510190414123
0.45200000000188223	0.17770746378742297
0.45300000000188656	0.1776597359090959
0.45400000000189067	0.17761191457101655
0.4550000000018948	0.17756400288018748
0.4560000000018989	0.17751600013123014
0.4570000000019032	0.1774678926332014
0.4580000000019073	0.17741970959840814
0.45900000000191143	0.17737142385573057
0.46000000000191577	0.1773230511784405
0.4610000000019199	0.17727458531495377
0.462000000001924	0.1772260282879523
0.4630000000019281	0.1771773796507472
0.4640000000019324	0.1771286397597659
0.46500000000193653	0.17707980762139974
0.46600000000194064	0.17703088403527512
0.46700000000194497	0.17698187002186228
0.4680000000019491	0.1769327647003257
0.4690000000019532	0.17688356844659958
0.4700000000019573	0.17683428123010503
0.4710000000019616	0.17678490314622575
0.47200000000196574	0.17673543425332439
0.47300000000196984	0.17668587462116347
0.4740000000019742	0.17663622438698923
0.4750000000019783	0.17658648366553964
0.4760000000019824	0.17653665248804873
0.4770000000019865	0.17648673059872733
0.47800000000199083	0.17643671881959833
0.4790000000019947	0.17638661837195202
0.48000000000199883	0.17633642731660037
0.48100000000200316	0.1762861460475701
0.48200000000200727	0.17623577361439913
0.4830000000020114	0.1761853123440258
0.4840000000020155	0.17613476156119534
0.4850000000020198	0.17608412367709536
0.4860000000020239	0.17603337597500168
0.48700000000202803	0.1759825713669083
0.48800000000203236	0.17593165835472058
0.4890000000020365	0.1758806585821724
0.4900000000020406	0.17582957020636092
0.4910000000020447	0.1757783932685204
0.492000000002049	0.17572712980695693
0.49300000000205313	0.17567575869683338
0.49400000000205724	0.17562432982677356
0.49500000000206157	0.1755727934885296
0.4960000000020657	0.17552117110477938
0.4970000000020698	0.1754694608164563
0.4980000000020739	0.17541766231630818
0.4990000000020782	0.17536577492178151
0.5000000000020823	0.17531380065287816
0.5010000000020864	0.1752617366285616
0.5020000000020908	0.17520958386202656
0.5030000000020949	0.17515734416828566
0.504000000002099	0.1751050163326746
0.5050000000021031	0.17505260058818517
0.5060000000021074	0.1750000970510509
0.5070000000021115	0.17494750581151186
0.5080000000021156	0.1748948269669931
0.50900000000212	0.1748420606058405
0.5100000000021239	0.17478920679706156
0.511000000002128	0.17473626557530697
0.5120000000021321	0.1746832369207575
0.5130000000021364	0.17463012048513193
0.5140000000021405	0.1745769181710607
0.5150000000021446	0.17452363053594877
0.516000000002149	0.17447025485206824
0.5170000000021531	0.17441679057337156
0.5180000000021572	0.17436324017661597
0.5190000000021613	0.1743096045454019
0.5200000000021656	0.1742558812939209
0.5210000000021697	0.17420207402802212
0.5220000000021738	0.17414817750633227
0.5230000000021782	0.17409419390598124
0.5240000000021823	0.17404012686177905
0.5250000000021864	0.1739859720615169
0.5260000000021905	0.17393173194655787
0.5270000000021948	0.17387740596083523
0.5280000000021989	0.17382299416424363
0.529000000002203	0.1737684967378279
0.5300000000022074	0.17371391370042488
0.5310000000022115	0.173659245064695
0.5320000000022156	0.17360449086464502
0.5330000000022197	0.1735496524497453
0.534000000002224	0.17349472968020552
0.5350000000022281	0.1734397138053716
0.5360000000022322	0.1733846240854069
0.5370000000022366	0.17332944306169495
0.5380000000022407	0.17327418110555426
0.5390000000022448	0.1732188339432641
0.5400000000022487	0.17316339815715842
0.541000000002253	0.1731078784766702
0.5420000000022571	0.17305227680556357
0.5430000000022612	0.17299658873438906
0.5440000000022656	0.17294081852038
0.5450000000022697	0.17288496219139637
0.5460000000022738	0.17282902369811048
0.5470000000022779	0.1727729993669298
0.5480000000022822	0.17271689212747388
0.5490000000022863	0.17266070160694702
0.5500000000022904	0.1726044265184854
0.5510000000022948	0.1725480684166827
0.5520000000022989	0.17249162716887
0.553000000002303	0.17243510238183846
0.5540000000023071	0.17237849410824102
0.5550000000023114	0.1723218025591431
0.5560000000023155	0.17226502791179055
0.5570000000023196	0.17220817029159752
0.558000000002324	0.17215122974497066
0.5590000000023281	0.1720942063322194
0.5600000000023322	0.17203710012854578
0.5610000000023363	0.17197991121381384
0.5620000000023406	0.17192263971387023
0.5630000000023447	0.17186528580550542
0.5640000000023488	0.17180784966573315
0.5650000000023532	0.1717503312869446
0.5660000000023573	0.17169273073375557
0.5670000000023614	0.17163504819635256
0.5680000000023655	0.17157728374407433
0.5690000000023698	0.17151943741859277
0.5700000000023739	0.17146150932061832
0.5710000000023778	0.17140349954733813
0.5720000000023819	0.1713454082674244
0.5730000000023863	0.17128723565064763
0.5740000000023904	0.17122898173101686
0.5750000000023945	0.1711706465680174
0.5760000000023988	0.17111223016392085
0.5770000000024029	0.1710537323913246
0.578000000002407	0.1709951533721309
0.5790000000024111	0.170936494650059
0.5800000000024155	0.1708777550788676
0.5810000000024196	0.17081893451351826
0.5820000000024237	0.1707600345217789
0.583000000002428	0.1707010558261839
0.5840000000024321	0.17064199205773634
0.5850000000024362	0.17058284865004825
0.5860000000024403	0.17052362678624355
0.5870000000024447	0.1704643238779876
0.5880000000024488	0.17040494190853628
0.5890000000024529	0.17034548006766315
0.5900000000024572	0.17028593821670757
0.5910000000024613	0.1702263168528697
0.5920000000024654	0.17016661586343795
0.5930000000024696	0.1701068353534987
0.5940000000024739	0.17004697554807013
0.595000000002478	0.16998703624988565
0.5960000000024821	0.16992701790805365
0.5970000000024864	0.16986692033039197
0.5980000000024905	0.16980674416861052
0.5990000000024946	0.16974648929839575
0.6000000000024988	0.1696861575683165
0.6010000000025031	0.16962574247880458
0.602000000002507	0.16956525020686963
0.6030000000025111	0.1695046816402177
0.6040000000025154	0.16944403298742605
0.6050000000025195	0.16938330769781174
0.6060000000025236	0.16932250284847905
0.6070000000025277	0.16926162137294676
0.6080000000025321	0.1692006606685268
0.6090000000025362	0.16913962303393903
0.6100000000025403	0.16907850684518932
0.6110000000025446	0.16901731391514907
0.6120000000025487	0.16895604371823258
0.6130000000025528	0.16889469584156136
0.614000000002557	0.16883327043644192
0.6150000000025613	0.1687717677833458
0.6160000000025654	0.1687101880224856
0.6170000000025695	0.1686485312727164
0.6180000000025738	0.16858679764245954
0.6190000000025779	0.16852498724838694
0.620000000002582	0.1684631002012127
0.6210000000025861	0.16840113660370104
0.6220000000025905	0.16833909651871626
0.6230000000025946	0.16827698004747138
0.6240000000025987	0.16821478727778438
0.625000000002603	0.16815251814785526
0.6260000000026071	0.16809017276521465
0.6270000000026112	0.1680277522267134
0.6280000000026154	0.1679652552465949
0.6290000000026197	0.16790268298764677
0.6300000000026238	0.16784003421910476
0.6310000000026279	0.16777731081248337
0.6320000000026322	0.167714511262391
0.6330000000026361	0.16765163664328586
0.6340000000026402	0.16758868672091076
0.6350000000026443	0.16752566187088624
0.6360000000026487	0.16746256185827368
0.6370000000026528	0.16739938716803549
0.6380000000026569	0.16733613747156584
0.6390000000026612	0.1672728133703839
0.6400000000026653	0.1672094149649872
0.6410000000026694	0.16714594339787803
0.6420000000026735	0.16708239724528196
0.6430000000026779	0.16701876933978244
0.644000000002682	0.16695507594832815
0.6450000000026861	0.1668913083566409
0.6460000000026904	0.16682746212502164
0.6470000000026945	0.166763543599465
0.6480000000026986	0.16669955207669618
0.6490000000027027	0.16663548709938125
0.6500000000027071	0.1665713507979869
0.6510000000027112	0.16650713613999513
0.6520000000027153	0.1664428491411527
0.6530000000027196	0.1663784912247689
0.6540000000027237	0.16631405848325775
0.6550000000027278	0.1662495543713488
0.656000000002732	0.16618497582211056
0.6570000000027363	0.16612032587582337
0.6580000000027404	0.16605560186865154
0.6590000000027445	0.16599080649228193
0.6600000000027488	0.16592593747045792
0.6610000000027529	0.16586099710081648
0.662000000002757	0.1657959834970426
0.6630000000027612	0.1657308984666661
0.6640000000027653	0.16566574045975968
0.6650000000027694	0.16560051214868432
0.6660000000027735	0.1655352107704532
0.6670000000027778	0.16546983787648206
0.6680000000027819	0.1654043937517149
0.669000000002786	0.16533887779130496
0.6700000000027901	0.16527329068209928
0.6710000000027945	0.16520763221219958
0.6720000000027986	0.16514190271262363
0.6730000000028027	0.16507610185457022
0.674000000002807	0.16501023021173278
0.6750000000028111	0.16494428788289994
0.6760000000028152	0.1648782746769153
0.6770000000028193	0.16481219098145206
0.6780000000028237	0.1647460365866552
0.6790000000028278	0.16467981221867556
0.6800000000028319	0.16461351792827483
0.6810000000028362	0.16454715148046684
0.6820000000028403	0.16448071765648264
0.6830000000028444	0.16441421142070722
0.6840000000028486	0.16434763739584568
0.6850000000028529	0.16428099172677257
0.686000000002857	0.16421427846760184
0.6870000000028611	0.16414749317365518
0.6880000000028654	0.16408064133697953
0.6890000000028695	0.16401371784888408
0.6900000000028736	0.16394672715323433
0.6910000000028778	0.16387966534360987
0.6920000000028821	0.1638125370016188
0.6930000000028862	0.1637453380495132
0.6940000000028901	0.16367806924916806
0.6950000000028944	0.16361073276323101
0.6960000000028985	0.16354332879550226
0.6970000000029026	0.16347585533625208
0.6980000000029067	0.16340831232971742
0.6990000000029111	0.16334070145012203
0.7000000000029152	0.16327302420260692
0.7010000000029193	0.16320527701739762
0.7020000000029236	0.16313746400690943
0.7030000000029277	0.16306958151001028
0.7040000000029318	0.1630016325236957
0.705000000002936	0.1629336156040223
0.7060000000029403	0.16286553118905522
0.7070000000029444	0.16279737942925832
0.7080000000029485	0.16272916054976005
0.7090000000029526	0.16266087457988343
0.7100000000029569	0.16259252183619466
0.711000000002961	0.16252410211806545
0.7120000000029651	0.16245561568888678
0.7130000000029695	0.16238706274936143
0.7140000000029736	0.16231844291901765
0.7150000000029777	0.16224975682065612
0.7160000000029818	0.16218100434858584
0.7170000000029861	0.16211218616242906
0.7180000000029902	0.1620433011565241
0.7190000000029944	0.16197435151311035
0.7200000000029987	0.16190533320442213
0.7210000000030028	0.1618362518710743
0.7220000000030069	0.16176710456323007
0.723000000003011	0.16169788914110728
0.7240000000030153	0.16162861099151216
0.7250000000030195	0.16155926652528674
0.7260000000030233	0.1614898574313135
0.7270000000030277	0.16142038504455414
0.7280000000030318	0.16135084315918902
0.7290000000030359	0.16128123846474496
0.73000000000304	0.161211568958048
0.7310000000030443	0.16114183491120193
0.7320000000030484	0.16107203852746954
0.7330000000030525	0.1610021743729333
0.7340000000030569	0.16093224593012612
0.735000000003061	0.16086225418038347
0.7360000000030651	0.16079219874357475
0.7370000000030692	0.16072207912947156
0.7380000000030735	0.16065189551907966
0.7390000000030776	0.16058164843016665
0.7400000000030817	0.16051133785541893
0.7410000000030861	0.16044096442835776
0.7420000000030902	0.16037052725126588
0.7430000000030943	0.16030002644349473
0.7440000000030984	0.16022946245163072
0.7450000000031027	0.16015883564960676
0.7460000000031068	0.16008814583906106
0.747000000003111	0.1600173931719716
0.7480000000031153	0.15994657773864396
0.7490000000031194	0.1598756995379914
0.7500000000031235	0.1598047586081962
0.7510000000031276	0.1597337565289526
0.7520000000031319	0.15966269089756968
0.753000000003136	0.15959156338181724
0.7540000000031402	0.1595203736778963
0.7550000000031445	0.159449121766002
0.7560000000031484	0.1593778089593465
0.7570000000031525	0.15930643389052623
0.7580000000031566	0.15923499836506028
0.7590000000031609	0.15916350312714833
0.760000000003165	0.1590919423163124
0.7610000000031691	0.15902032084586004
0.7620000000031735	0.15894863950435933
0.7630000000031776	0.15887689667654914
0.7640000000031817	0.15880509569184942
0.7650000000031858	0.15873322596675887
0.7660000000031901	0.15866130462192973
0.7670000000031942	0.15858931869000725
0.7680000000031983	0.15851727456248188
0.7690000000032027	0.15844517002235325
0.7700000000032068	0.15837300152729084
0.7710000000032109	0.1583007735944093
0.772000000003215	0.1582284870712145
0.7730000000032193	0.15815614103810727
0.7740000000032234	0.15808373724723535
0.7750000000032276	0.15801126844650026
0.7760000000032319	0.15793874573763111
0.777000000003236	0.15786616018283306
0.7780000000032401	0.1577935165909623
0.7790000000032442	0.15772081387223058
0.7800000000032485	0.15764805203301346
0.7810000000032526	0.1575752312489318
0.7820000000032568	0.15750235185070027
0.7830000000032611	0.15742941346833783
0.7840000000032652	0.15735641598964234
0.7850000000032693	0.15728336222846617
0.7860000000032734	0.15721024802307082
0.7870000000032777	0.15713707579833758
0.7880000000032816	0.15706384832948006
0.7890000000032857	0.15699054771281473
0.7900000000032901	0.15691721368250566
0.7910000000032942	0.15684380736542114
0.7920000000032983	0.15677034866747508
0.7930000000033024	0.15669682734119839
0.7940000000033067	0.15662324685494378
0.7950000000033108	0.15654961690922375
0.796000000003315	0.15647592865330173
0.7970000000033193	0.156402178368529
0.7980000000033234	0.15632837306674785
0.7990000000033275	0.15625451116872213
0.8000000000033316	0.15618059319244348
0.8010000000033359	0.15610662064207081
0.80200000000334	0.1560325864624914
0.8030000000033441	0.15595849534958817
0.8040000000033485	0.15588434934843987
0.8050000000033526	0.15581015077452187
0.8060000000033567	0.15573590015472327
0.8070000000033608	0.15566158436198663
0.8080000000033651	0.15558721601450376
0.8090000000033692	0.1555127932359024
0.8100000000033734	0.15543831310895861
0.8110000000033777	0.1553637803761212
0.8120000000033818	0.1552891902119018
0.8130000000033859	0.15521454671000434
0.81400000000339	0.1551398356232968
0.8150000000033943	0.15506509092663567
0.8160000000033985	0.15499027879256155
0.8170000000034026	0.15491541404258624
0.8180000000034067	0.15484049677039002
0.8190000000034108	0.1547655134972904
0.8200000000034149	0.1546904955278371
0.821000000003419	0.15461540868347645
0.8220000000034233	0.1545402709540249
0.8230000000034274	0.15446507859983583
0.8240000000034315	0.15438983194988332
0.8250000000034359	0.1543145395135599
0.82600000000344	0.15423918461884156
0.8270000000034441	0.154163777756255
0.8280000000034482	0.15408831896090025
0.8290000000034525	0.15401280670754125
0.8300000000034566	0.15393724060611036
0.8310000000034607	0.15386162176793539
0.8320000000034651	0.15378594999306727
0.8330000000034692	0.15371022532778666
0.8340000000034733	0.1536344475819752
0.8350000000034774	0.1535586178198629
0.8360000000034817	0.15348273531749268
0.8370000000034858	0.15340680014761343
0.83800000000349	0.15333081306785346
0.8390000000034943	0.15325477373778051
0.8400000000034984	0.15317868220680553
0.8410000000035025	0.15310253851611555
0.8420000000035066	0.1530263434147292
0.8430000000035109	0.15295009664081038
0.844000000003515	0.15287379827030367
0.8450000000035192	0.15279744856057176
0.8460000000035233	0.15272104790811003
0.8470000000035276	0.15264459504084615
0.8480000000035317	0.15256809204757416
0.8490000000035356	0.15249153863943854
0.8500000000035399	0.1524149309451751
0.851000000003544	0.15233827695385527
0.8520000000035481	0.15226157071345547
0.8530000000035523	0.15218481498346903
0.8540000000035566	0.15210800748227737
0.8550000000035607	0.15203114889261582
0.8560000000035648	0.15195423958351917
0.8570000000035691	0.151877280941618
0.8580000000035732	0.151800274199262
0.8590000000035773	0.15172321626357022
0.8600000000035815	0.15164610893130992
0.8610000000035858	0.1515689522320901
0.8620000000035899	0.1514917458492887
0.863000000003594	0.1514144891976995
0.8640000000035983	0.15133718547323705
0.8650000000036024	0.15125983483924965
0.8660000000036066	0.1511824307602837
0.8670000000036107	0.1511049766074425
0.868000000003615	0.15102747975274433
0.8690000000036191	0.15094992980379074
0.8700000000036232	0.1508723328472905
0.8710000000036275	0.15079468849669952
0.8720000000036316	0.15071699227562185
0.8730000000036358	0.15063924751521818
0.8740000000036399	0.15056146058346964
0.8750000000036442	0.15048362289953454
0.8760000000036483	0.15040573784135247
0.8770000000036524	0.1503278008668787
0.8780000000036567	0.15024982004050613
0.8790000000036609	0.15017179250284018
0.8800000000036647	0.15009371768545976
0.8810000000036688	0.15001559326777825
0.8820000000036732	0.1499374245827123
0.8830000000036773	0.1498592073145154
0.8840000000036814	0.14978094388098773
0.8850000000036857	0.14970263339271195
0.8860000000036898	0.14962427689810243
0.887000000003694	0.1495458743763517
0.888000000003698	0.14946742440293836
0.8890000000037024	0.1493889283989971
0.8900000000037065	0.14931038652611106
0.8910000000037106	0.14923179900211447
0.8920000000037149	0.14915316488390074
0.893000000003719	0.1490744853684226
0.8940000000037231	0.14899576097230116
0.8950000000037273	0.14891698987695445
0.8960000000037316	0.14883817597347637
0.8970000000037357	0.14875931534431286
0.8980000000037398	0.14868040419715123
0.8990000000037441	0.1486014549997331
0.9000000000037482	0.14852246044275663
0.9010000000037524	0.1484434178141706
0.9020000000037565	0.14836433167162422
0.9030000000037608	0.1482852023475273
0.9040000000037649	0.14820602472063094
0.905000000003769	0.1481268055563546
0.9060000000037733	0.14804754304158574
0.9070000000037775	0.14796823635360945
0.9080000000037816	0.147888884880364
0.9090000000037857	0.14780948891086898
0.91000000000379	0.14773005002145678
0.9110000000037939	0.14765056810771393
0.912000000003798	0.1475710429329985
0.9130000000038023	0.1474914726620048
0.9140000000038064	0.1474118611292068
0.9150000000038105	0.14733220524693869
0.9160000000038147	0.1472525068744982
0.917000000003819	0.14717276603956542
0.9180000000038231	0.14709298132348192
0.9190000000038272	0.14701315413149185
0.9200000000038315	0.14693328547713225
0.9210000000038356	0.1468533716031385
0.9220000000038397	0.14677341994689197
0.9230000000038439	0.14669342154334286
0.9240000000038482	0.1466133833030937
0.9250000000038523	0.14653330343910664
0.9260000000038564	0.1464531826190516
0.9270000000038607	0.14637301858324403
0.9280000000038648	0.1462928153537011
0.929000000003869	0.14621256682976003
0.9300000000038731	0.14613227937123952
0.9310000000038774	0.1460519499694034
0.9320000000038815	0.14597158008176514
0.9330000000038856	0.14589116858577778
0.9340000000038899	0.145810716156492
0.935000000003894	0.1457302213040823
0.9360000000038982	0.14564969044377296
0.9370000000039023	0.1455691171105532
0.9380000000039066	0.14548850267073088
0.9390000000039107	0.1454078477820674
0.9400000000039148	0.14532715332901935
0.9410000000039191	0.14524641741809763
0.942000000003923	0.14516564473435567
0.9430000000039271	0.14508482935331413
0.9440000000039312	0.14500397583710323
0.9450000000039356	0.14492308165072965
0.9460000000039397	0.1448421490405205
0.9470000000039438	0.14476117715779302
0.9480000000039481	0.14468016774754044
0.9490000000039522	0.14459910656410846
0.9500000000039563	0.14451802851828444
0.9510000000039605	0.14443689831171436
0.9520000000039648	0.14435573051951045
0.9530000000039689	0.1442745248874293
0.954000000003973	0.14419328411550714
0.9550000000039773	0.14411200097915156
0.9560000000039814	0.1440306774917568
0.9570000000039856	0.14394932326487386
0.9580000000039897	0.1438679193982879
0.959000000003994	0.1437864958359889
0.9600000000039981	0.1437050125280469
0.9610000000040022	0.14362351081951175
0.9620000000040065	0.1435419631261169
0.9630000000040106	0.14346037872382322
0.9640000000040148	0.14337875199922778
0.9650000000040189	0.14329709897974197
0.9660000000040232	0.14321540026490198
0.9670000000040273	0.14313366988899812
0.9680000000040314	0.1430519019539166
0.9690000000040357	0.14297008474796002
0.9700000000040399	0.14288825183229514
0.9710000000040437	0.14280637075053138
0.9720000000040478	0.1427244557213494
0.9730000000040522	0.14264250596010142
0.9740000000040563	0.14256050808691723
0.9750000000040604	0.1424784944561679
0.9760000000040647	0.14239643343644504
0.9770000000040688	0.1423143383470139
0.978000000004073	0.14223220948660031
0.979000000004077	0.14215003303542495
0.9800000000040812	0.14206784213941626
0.9810000000040855	0.14198560344369227
0.9820000000040896	0.1419033312985427
0.9830000000040937	0.14182102471299307
0.984000000004098	0.14173868545924184
0.9850000000041004	0.1416563081479164
0.9860000000041018	0.14157389532350195
0.987000000004103	0.14149145288155496
0.9880000000041045	0.14140897101262084
0.9890000000041059	0.14132644768607783
0.9900000000041072	0.14124391337812958
0.9910000000041086	0.14116132035053341
0.99200000000411	0.14107871126184224
0.9930000000041115	0.14099605705019314
0.9940000000041127	0.14091337540201
0.9950000000041141	0.1408306599340874
0.9960000000041156	0.14074790523195502
0.997000000004117	0.14066512146939747
0.9980000000041185	0.14058230670573102
0.9990000000041197	0.14049945563632282
1.0000000000041211	0.14041657294809773
1.001000000004117	0.14033365707650058
1.002000000004113	0.14025070665841666
1.0030000000041086	0.14016772630534147
1.0040000000041045	0.14008471154136493
1.0050000000041002	0.1400016642755031
1.006000000004096	0.13991858730305662
1.007000000004092	0.13983547639654614
1.0080000000040878	0.1397523336962725
1.0090000000040837	0.13966915884414755
1.0100000000040794	0.1395859530155381
1.0110000000040753	0.139502715363924
1.012000000004071	0.13941944604028522
1.0130000000040669	0.1393361451698133
1.0140000000040628	0.1392528134193115
1.0150000000040587	0.13916945015829585
1.0160000000040534	0.13908605578043032
1.0170000000040464	0.1390026302208024
1.0180000000040397	0.1389191743259519
1.0190000000040325	0.138835687265365
1.0200000000040257	0.13875217072390456
1.021000000004019	0.13866862493645915
1.0220000000040117	0.13858504535805705
1.023000000004005	0.1385014343664256
1.0240000000039977	0.13841779975032653
1.025000000003991	0.13833413031760622
1.026000000003984	0.13825043181433816
1.027000000003977	0.1381667036654809
1.0280000000039702	0.1380829462524531
1.0290000000039632	0.13799916096797848
1.0300000000039562	0.13791534225213486
1.0310000000039494	0.13783149487006752
1.0320000000039424	0.13774762123183426
1.0330000000039354	0.1376637169552738
1.0340000000039287	0.1375797843898885
1.0350000000039217	0.13749582288269768
1.0360000000039147	0.1374118329154862
1.0370000000039077	0.13732781327157928
1.0380000000039007	0.1372437664273667
1.039000000003894	0.13715969076797985
1.0400000000038867	0.13707558641046236
1.04100000000388	0.1369914552597482
1.0420000000038732	0.13690729499474208
1.043000000003866	0.13682310686843346
1.0440000000038592	0.13673889134530492
1.0450000000038522	0.136654648487879
1.0460000000038452	0.13657037788112292
1.0470000000038384	0.13648607965324744
1.0480000000038314	0.13640175550809164
1.0490000000038244	0.1363174029485309
1.0500000000038174	0.13623302543622728
1.0510000000038104	0.13614861776478193
1.0520000000038037	0.1360641846172057
1.0530000000037967	0.13597972492099353
1.0540000000037897	0.13589523894616795
1.055000000003783	0.1358107274484841
1.056000000003776	0.13572618425104732
1.057000000003769	0.1356416219626373
1.0580000000037622	0.13555703158396937
1.059000000003755	0.13547241192871096
1.0600000000037482	0.13538776967964283
1.0610000000037412	0.1353031011334358
1.0620000000037342	0.1352184070928456
1.0630000000037274	0.1351336888244401
1.0640000000037202	0.13504893434065357
1.0650000000037134	0.1349641735836582
1.0660000000037064	0.1348793779860128
1.0670000000036994	0.13479454800298707
1.0680000000036927	0.1347097115912882
1.0690000000036857	0.13462483970324712
1.0700000000036787	0.13453994423858495
1.071000000003672	0.13445502462466563
1.072000000003665	0.1343700788219886
1.073000000003658	0.13428511055236636
1.0740000000036511	0.1342001216084152
1.075000000003644	0.13411510371834356
1.0760000000036372	0.13403006114336113
1.0770000000036304	0.1339450007820897
1.0780000000036232	0.1338599105029744
1.0790000000036164	0.13377479470597642
1.0800000000036092	0.1336896610163999
1.0810000000036024	0.13360450280757274
1.0820000000035954	0.13351932241562625
1.0830000000035884	0.1334341202529712
1.0840000000035817	0.13334888883642226
1.0850000000035747	0.13326364217976105
1.0860000000035677	0.133178359330261
1.087000000003561	0.1330930691899721
1.088000000003554	0.13300775378564966
1.089000000003547	0.13292241135632776
1.0900000000035401	0.1328370395226749
1.091000000003533	0.1327516616604345
1.0920000000035262	0.13266625362404527
1.0930000000035192	0.1325808166739476
1.0940000000035122	0.13249537208928852
1.0950000000035054	0.13240989877628273
1.0960000000034982	0.1323243975878926
1.0970000000034914	0.13223888504188064
1.0980000000034844	0.13215334598111184
1.0990000000034774	0.13206778394143237
1.1000000000034706	0.1319822079787314
1.1010000000034637	0.13189660439126494
1.1020000000034567	0.13181098183590312
1.1030000000034499	0.1317253383354655
1.104000000003443	0.13163967403805754
1.105000000003436	0.13155398930877293
1.106000000003429	0.13146828395407661
1.107000000003422	0.13138255884665806
1.1080000000034151	0.13129681316630382
1.1090000000034081	0.1312110474678031
1.1100000000034012	0.13112526176788852
1.1110000000033944	0.13103945640730386
1.1120000000033872	0.13095363110971792
1.1130000000033804	0.13086778638254626
1.1140000000033736	0.1307819216433952
1.1150000000033664	0.13069603781348915
1.1160000000033596	0.13061013525480503
1.1170000000033526	0.13052421282317384
1.1180000000033457	0.1304382703551894
1.1190000000033387	0.13035231169201533
1.1200000000033317	0.13026633406524335
1.121000000003325	0.13018033586523925
1.122000000003318	0.1300943163238365
1.123000000003311	0.13000828160218592
1.1240000000033041	0.12992222747726656
1.1250000000032971	0.12983615538072946
1.1260000000032901	0.12975006526035737
1.1270000000032834	0.12966395718855972
1.1280000000032764	0.12957783110241583
1.1290000000032694	0.1294916872930134
1.1300000000032626	0.12940552604368327
1.1310000000032554	0.12931934716806137
1.1320000000032486	0.12923315068916585
1.1330000000032414	0.12914693699112034
1.1340000000032346	0.12906070638043377
1.1350000000032279	0.1289744580509551
1.1360000000032207	0.1288881932158904
1.1370000000032139	0.12880191142573783
1.138000000003207	0.12871561196161807
1.1390000000032	0.12862929740125562
1.1400000000031931	0.12854296715172697
1.1410000000031861	0.1284566177460995
1.1420000000031791	0.12837025105756583
1.1430000000031724	0.12828387333011193
1.1440000000031654	0.12819747679790872
1.1450000000031584	0.12811105907549358
1.1460000000031516	0.12802462828988448
1.1470000000031444	0.12793818503136434
1.1480000000031376	0.1278517257344134
1.1490000000031304	0.12776524998345418
1.1500000000031236	0.1276787592428802
1.1510000000031169	0.1275922526379234
1.1520000000031096	0.12750573127105636
1.1530000000031029	0.12741919503997623
1.1540000000030959	0.1273326440282011
1.155000000003089	0.12724607694258994
1.1560000000030821	0.1271594976192113
1.1570000000030751	0.12707290083183886
1.1580000000030681	0.1269862902815635
1.1590000000030614	0.12689966562119903
1.1600000000030544	0.1268130267227684
1.1610000000030474	0.1267263751843809
1.1620000000030404	0.12663970622659548
1.1630000000030334	0.1265530248117106
1.1640000000030266	0.12646632973113003
1.1650000000030196	0.1263796207465293
1.1660000000030126	0.12629289879647376
1.1670000000030059	0.1262061632164635
1.1680000000029986	0.12611941380906244
1.1690000000029919	0.12603265181573164
1.1700000000029849	0.12594587654605183
1.1710000000029779	0.12585908820109637
1.172000000002971	0.1257722871187803
1.1730000000029641	0.1256854724740326
1.1740000000029571	0.1255986453147464
1.1750000000029501	0.12551180258021155
1.1760000000029431	0.12542495558632227
1.1770000000029364	0.12533808968709936
1.1780000000029294	0.12525121301450926
1.1790000000029224	0.12516432426235802
1.1800000000029156	0.12507742365439722
1.1810000000029086	0.12499051124114902
1.1820000000029016	0.12490358760270215
1.1830000000028948	0.12481665160186639
1.1840000000028876	0.12472970404281314
1.1850000000028809	0.12464274480796877
1.186000000002874	0.12455577318961597
1.1870000000028669	0.12446879225318774
1.18800000000286	0.12438179914400571
1.1890000000028529	0.12429479538198196
1.1900000000028461	0.12420778060736881
1.1910000000028391	0.12412075522283339
1.1920000000028321	0.12403371934828678
1.1930000000028254	0.12394667264592252
1.1940000000028184	0.12385961529335565
1.1950000000028114	0.12377254794960169
1.1960000000028046	0.12368547052254653
1.1970000000027976	0.12359838241070698
1.1980000000027906	0.12351128466606431
1.1990000000027838	0.1234241773505177
1.2000000000027768	0.12333705948974072
1.2010000000027699	0.1232499325318871
1.2020000000027629	0.12316279767227745
1.2030000000027559	0.12307565023858247
1.204000000002749	0.12298849347775143
1.2050000000027419	0.12290133199320008
1.206000000002735	0.12281415523642303
1.2070000000027283	0.12272697034106916
1.2080000000027211	0.12263977909504031
1.2090000000027143	0.12255257855793178
1.2100000000027074	0.12246537014857806
1.2110000000027004	0.12237815183707035
1.2120000000026936	0.12229092591281987
1.2130000000026866	0.122203691523878
1.2140000000026796	0.12211644936569344
1.2150000000026726	0.12202919911864807
1.2160000000026656	0.12194193608838622
1.2170000000026588	0.12185467109120596
1.2180000000026519	0.12176739755387334
1.2190000000026449	0.12168011590294714
1.220000000002638	0.12159282587111919
1.2210000000026309	0.12150552743053766
1.222000000002624	0.1214182220757799
1.2230000000026173	0.1213309091075564
1.2240000000026101	0.1212435894723557
1.2250000000026033	0.12115626382650013
1.2260000000025963	0.12106893043302325
1.2270000000025894	0.12098159037086487
1.2280000000025826	0.1208942438097993
1.2290000000025754	0.12080689059411764
1.2300000000025686	0.12071953066749674
1.2310000000025616	0.12063216415245726
1.2320000000025546	0.12054479159874432
1.2330000000025478	0.12045741307966906
1.2340000000025408	0.12037002790504059
1.2350000000025338	0.12028263743790246
1.236000000002527	0.12019524100037726
1.23700000000252	0.12010783744029452
1.238000000002513	0.12002042987886608
1.2390000000025063	0.11993301897896058
1.240000000002499	0.11984560072406436
1.2410000000024923	0.11975817305003644
1.2420000000024853	0.11967074116562082
1.2430000000024783	0.11958330829052266
1.2440000000024716	0.11949586940856283
1.2450000000024644	0.11940842525055562
1.2460000000024576	0.11932097671070685
1.2470000000024506	0.11923352393119191
1.2480000000024436	0.11914606565413666
1.2490000000024368	0.11905860214724373
1.2500000000024298	0.11897113469007914
1.2510000000024228	0.11888366286527297
1.252000000002416	0.11879618762709687
1.253000000002409	0.11870870845960524
1.254000000002402	0.11862122531839936
1.2550000000023953	0.11853373843900372
1.256000000002388	0.11844624732512998
1.2570000000023813	0.11835875325696965
1.2580000000023743	0.11827125562567442
1.2590000000023673	0.11818375363435185
1.2600000000023606	0.11809624953203546
1.2610000000023533	0.11800874194348743
1.2620000000023466	0.11792123049856418
1.2630000000023396	0.1178337172663877
1.2640000000023326	0.11774620088884702
1.2650000000023258	0.11765868309492589
1.2660000000023188	0.11757116021889269
1.2670000000023118	0.11748363569354936
1.268000000002305	0.11739610931381983
1.269000000002298	0.11730857831008956
1.270000000002291	0.11722104855612159
1.271000000002284	0.11713351601101962
1.272000000002277	0.11704597897288227
1.2730000000022703	0.1169584419857066
1.2740000000022633	0.1168709029434476
1.2750000000022563	0.11678336199754946
1.2760000000022496	0.1166958198428446
1.2770000000022423	0.11660827604762347
1.2780000000022356	0.11652073020520903
1.2790000000022288	0.11643318502177269
1.2800000000022216	0.11634563373030482
1.2810000000022148	0.1162580876556849
1.2820000000022078	0.11617053898258611
1.2830000000022008	0.11608298850779963
1.2840000000021938	0.1159954341128554
1.2850000000021868	0.11590788357093329
1.28600000000218	0.11582033148175863
1.287000000002173	0.11573277878436738
1.288000000002166	0.11564522581771708
1.2890000000021593	0.1155576727552059
1.2900000000021523	0.11547011939159502
1.2910000000021453	0.11538256607917452
1.2920000000021385	0.1152950126347505
1.2930000000021313	0.11520745993356596
1.2940000000021246	0.11511990716033049
1.2950000000021178	0.11503235605164897
1.2960000000021106	0.11494480347020275
1.2970000000021038	0.11485725193179763
1.2980000000020966	0.11476970189192293
1.2990000000020898	0.11468215053430564
1.3000000000020828	0.11459460295417423
1.3010000000020758	0.11450705622330082
1.302000000002069	0.1144195080912579
1.303000000002062	0.1143319570182112
1.304000000002055	0.1142444187965892
1.3050000000020483	0.11415687681307829
1.3060000000020413	0.11406933476634262
1.3070000000020343	0.11398179693794641
1.3080000000020275	0.11389425939325282
1.3090000000020205	0.11380672295241567
1.3100000000020136	0.11371918833206585
1.3110000000020068	0.11363165644260453
1.3120000000019996	0.11354412666155955
1.3130000000019928	0.11345659917705808
1.3140000000019856	0.11336907426291198
1.3150000000019788	0.11328155189043354
1.316000000001972	0.11319403187404187
1.3170000000019648	0.11310651449317444
1.318000000001958	0.11301900024818856
1.319000000001951	0.11293148888317006
1.320000000001944	0.11284398041135202
1.3210000000019373	0.11275647430869329
1.3220000000019303	0.11266896990797426
1.3230000000019233	0.11258146938115943
1.3240000000019165	0.11249397454661014
1.3250000000019095	0.11240648287033461
1.3260000000019025	0.11231899442118809
1.3270000000018956	0.11223150942139559
1.3280000000018886	0.11214402815913116
1.3290000000018818	0.11205655132044634
1.3300000000018748	0.11196907839570736
1.3310000000018678	0.11188161040461808
1.332000000001861	0.11179414448851133
1.3330000000018538	0.11170668337604028
1.334000000001847	0.11161922781445166
1.33500000000184	0.11153177444623863
1.336000000001833	0.11144432680993877
1.3370000000018263	0.11135688402889277
1.3380000000018193	0.11126944612925882
1.3390000000018123	0.11118201403042893
1.3400000000018053	0.11109458083918722
1.3410000000017983	0.11100716251692277
1.3420000000017915	0.11091974498347812
1.3430000000017845	0.11083232950344435
1.3440000000017776	0.11074492459081109
1.3450000000017708	0.1106575216506307
1.3460000000017638	0.11057012459343696
1.3470000000017568	0.11048273420977883
1.34800000000175	0.11039534985371335
1.3490000000017428	0.1103079713478925
1.350000000001736	0.11022059882934587
1.3510000000017293	0.11013323233885486
1.352000000001722	0.11004587153736967
1.3530000000017153	0.10995851775751986
1.354000000001708	0.1098711700745778
1.3550000000017013	0.1097838298703776
1.3560000000016943	0.10969649435474738
1.3570000000016873	0.10960916587750669
1.3580000000016805	0.10952184329393799
1.3590000000016735	0.10943452653996444
1.3600000000016665	0.10934721956402282
1.3610000000016598	0.10925991971676141
1.3620000000016528	0.10917262648557946
1.3630000000016458	0.10908534018837057
1.364000000001639	0.10899806127099976
1.3650000000016318	0.10891079019466599
1.366000000001625	0.1088235264813392
1.367000000001618	0.10873626984630191
1.368000000001611	0.10864902149244882
1.3690000000016043	0.10856178087663781
1.370000000001597	0.10847454773738563
1.3710000000015903	0.10838732332943934
1.3720000000015833	0.1083001067795244
1.3730000000015763	0.10821289940230172
1.3740000000015695	0.10812569859539001
1.3750000000015625	0.10803850673479976
1.3760000000015555	0.10795132423223541
1.3770000000015488	0.10786414698890157
1.3780000000015418	0.10777698017325732
1.3790000000015348	0.10768982369042479
1.3800000000015278	0.10760267594360828
1.3810000000015208	0.10751553694028759
1.382000000001514	0.10742840745226401
1.383000000001507	0.10734128771631313
1.3840000000015	0.10725417530298742
1.3850000000014933	0.10716707282894522
1.386000000001486	0.10707998015481368
1.3870000000014793	0.10699289534365353
1.3880000000014725	0.10690582271726534
1.3890000000014653	0.1068187591918609
1.3900000000014585	0.1067317025144332
1.3910000000014515	0.10664465774413634
1.3920000000014445	0.1065576243012123
1.3930000000014378	0.10647060097862615
1.3940000000014305	0.1063835876344279
1.3950000000014238	0.10629658551679722
1.3960000000014168	0.10620959183487011
1.3970000000014098	0.10612260919344452
1.398000000001403	0.10603563804301186
1.399000000001396	0.10594867600655045
1.400000000001389	0.10586172613122402
1.4010000000013823	0.10577478118518979
1.4020000000013753	0.10568785653828994
1.4030000000013683	0.10560093802607062
1.4040000000013615	0.10551403296859196
1.4050000000013543	0.10542713718510144
1.4060000000013475	0.10534025207514641
1.4070000000013405	0.10525338009883312
1.4080000000013335	0.10516651992327364
1.4090000000013267	0.1050796710019164
1.4100000000013195	0.10499283458944797
1.4110000000013128	0.10490600836857467
1.4120000000013058	0.10481919429195008
1.4130000000012988	0.10473239159579273
1.414000000001292	0.10464560045506666
1.415000000001285	0.10455882363328639
1.416000000001278	0.10447205857085495
1.4170000000012712	0.10438530553822223
1.4180000000012642	0.10429856552735195
1.4190000000012573	0.10421183782108134
1.4200000000012505	0.10412512357924353
1.4210000000012433	0.10403842091914439
1.4220000000012365	0.10395172923038287
1.4230000000012293	0.10386505320071793
1.4240000000012225	0.10377839012839274
1.4250000000012157	0.10369173705580415
1.4260000000012085	0.10360509896540315
1.4270000000012018	0.10351847577625017
1.4280000000011948	0.10343186502088808
1.4290000000011878	0.10334526778076569
1.430000000001181	0.10325868393949666
1.431000000001174	0.103172113733908
1.432000000001167	0.10308555731502234
1.4330000000011602	0.10299901452636284
1.4340000000011532	0.10291248573521272
1.4350000000011462	0.10282597125665127
1.4360000000011393	0.10273947047327858
1.4370000000011323	0.10265298319293847
1.4380000000011255	0.10256651021529839
1.4390000000011185	0.10248005219699763
1.4400000000011115	0.10239360892810334
1.4410000000011047	0.10230718034057618
1.4420000000010975	0.10222076620485754
1.4430000000010907	0.1021343669294712
1.4440000000010837	0.10204798254509284
1.4450000000010768	0.10196161279175797
1.44600000000107	0.10187525720240664
1.447000000001063	0.10178891682076929
1.448000000001056	0.10170259203836352
1.449000000001049	0.10161628286804203
1.450000000001042	0.10152998861541607
1.4510000000010352	0.10144370974124328
1.4520000000010282	0.10135744614783682
1.4530000000010213	0.10127119952378505
1.4540000000010145	0.10118496692711554
1.4550000000010075	0.10109874992206369
1.4560000000010005	0.10101255078960814
1.4570000000009937	0.10092636722330184
1.4580000000009865	0.10084019942145228
1.4590000000009797	0.10075404716296599
1.460000000000973	0.10066790984204455
1.4610000000009657	0.10058179066010808
1.462000000000959	0.10049568890079541
1.4630000000009518	0.10040960267298404
1.464000000000945	0.10032353164774566
1.465000000000938	0.10023747648329184
1.466000000000931	0.10015144029902645
1.4670000000009242	0.10006542080505998
1.4680000000009172	0.0999794181654855
1.4690000000009102	0.09989343265370443
1.4700000000009035	0.09980746382960581
1.4710000000008965	0.09972151131561147
1.4720000000008895	0.09963557650667276
1.4730000000008827	0.09954965919896264
1.4740000000008757	0.09946375903473725
1.4750000000008687	0.09937787735742842
1.476000000000862	0.09929201429422807
1.4770000000008547	0.09920616706029228
1.478000000000848	0.09912033790951336
1.4790000000008408	0.09903452592473738
1.480000000000834	0.09894873149375183
1.4810000000008272	0.09886295712499493
1.48200000000082	0.09877720131166523
1.4830000000008132	0.0986914619702779
1.4840000000008062	0.09860574141088008
1.4850000000007992	0.09852003948949895
1.4860000000007925	0.09843435394328359
1.4870000000007855	0.09834868835712285
1.4880000000007785	0.09826304347503945
1.4890000000007717	0.0981774156713604
1.4900000000007645	0.09809180519108907
1.4910000000007577	0.09800621458900483
1.4920000000007507	0.09792064317381088
1.4930000000007437	0.09783509136189639
1.494000000000737	0.09774955901957472
1.49500000000073	0.09766404436217946
1.496000000000723	0.0975785482794077
1.497000000000716	0.09749307369675075
1.498000000000709	0.09740761842921786
1.4990000000007022	0.09732218248908353
1.5000000000006952	0.09723676572750728
1.5010000000006882	0.0971513682248728
1.5020000000006815	0.09706599052201559
1.5030000000006745	0.0969806333321871
1.5040000000006675	0.09689529617864945
1.5050000000006605	0.09680997932842283
1.5060000000006535	0.09672468241560528
1.5070000000006467	0.09663940576826235
1.5080000000006397	0.09655414906575088
1.5090000000006327	0.09646891198630025
1.5100000000006257	0.09638369574811811
1.5110000000006187	0.0962985005216872
1.512000000000612	0.09621332614188016
1.513000000000605	0.09612817255473605
1.514000000000598	0.09604303932832636
1.5150000000005912	0.09595792635163536
1.5160000000005842	0.09587283473035246
1.5170000000005772	0.09578776430407954
1.5180000000005702	0.09570271479322856
1.5190000000005632	0.0956176872534873
1.5200000000005565	0.09553267968664148
1.5210000000005495	0.09544769300731692
1.5220000000005425	0.09536272979037907
1.5230000000005357	0.0952777877098745
1.5240000000005285	0.0951928671760951
1.5250000000005217	0.09510796848126235
1.5260000000005147	0.09502309019251376
1.5270000000005077	0.09493823303764293
1.528000000000501	0.09485339970781803
1.529000000000494	0.09476858816854683
1.530000000000487	0.09468379713353547
1.53100000000048	0.09459902871614245
1.532000000000473	0.09451428379916371
1.5330000000004662	0.0944295614588142
1.5340000000004592	0.09434486181694302
1.5350000000004522	0.0942601833889749
1.5360000000004455	0.09417552558899822
1.5370000000004385	0.09409089170869267
1.5380000000004315	0.09400628199490269
1.5390000000004245	0.09392169473202439
1.5400000000004175	0.09383713020706885
1.5410000000004107	0.09375258848630619
1.5420000000004037	0.0936680695662998
1.5430000000003967	0.09358357344844503
1.5440000000003897	0.0934991003984098
1.5450000000003827	0.09341465115704373
1.546000000000376	0.09333022521535395
1.547000000000369	0.09324582247782942
1.548000000000362	0.09316144230541679
1.549000000000355	0.09307708717356711
1.5500000000003482	0.0929927557530128
1.5510000000003412	0.09290844607100135
1.5520000000003342	0.09282416130161886
1.5530000000003272	0.0927399013682666
1.5540000000003205	0.09265566515476431
1.5550000000003135	0.09257145291990243
1.5560000000003065	0.09248726129975615
1.5570000000002997	0.0924030990425756
1.5580000000002925	0.09231895839712756
1.5590000000002857	0.09223484240350865
1.5600000000002787	0.0921507510149393
1.5610000000002717	0.09206668362324222
1.5620000000002647	0.09198264166828696
1.5630000000002577	0.09189862416143912
1.564000000000251	0.09181462962500109
1.565000000000244	0.09173066103186622
1.566000000000237	0.091646718939841
1.5670000000002302	0.09156280044185927
1.5680000000002232	0.09147890536370629
1.5690000000002162	0.09139503618705358
1.5700000000002092	0.09131119365132667
1.5710000000002025	0.09122737568766559
1.5720000000001955	0.09114358242018694
1.5730000000001885	0.09105981494140392
1.5740000000001815	0.09097607334029911
1.5750000000001747	0.09089235730916123
1.5760000000001675	0.09080866409243149
1.5770000000001607	0.09072500076486478
1.5780000000001537	0.0906413606482902
1.5790000000001467	0.09055774694629537
1.58000000000014	0.09047415943384007
1.581000000000133	0.09039059761432855
1.582000000000126	0.09030706146373568
1.583000000000119	0.09022355147191796
1.584000000000112	0.09014006809662556
1.5850000000001052	0.09005661054204939
1.5860000000000982	0.08997318027606038
1.5870000000000912	0.08988977601307502
1.5880000000000845	0.08980639684248337
1.5890000000000775	0.08972304531827269
1.5900000000000705	0.08963972164357314
1.5910000000000635	0.08955642291303323
1.5920000000000565	0.08947315075789797
1.5930000000000497	0.08938990693223547
1.5940000000000427	0.08930668941253628
1.5950000000000357	0.08922349833436793
1.5960000000000287	0.08914033421787382
1.5970000000000217	0.08905719835188552
1.598000000000015	0.0889740887400493
1.599000000000008	0.08889100619023604
1.600000000000001	0.0888079523606391
1.6009999999999942	0.08872492532754017
1.6019999999999872	0.08864192542709826
1.6029999999999802	0.0885589533109774
1.6039999999999732	0.0884760088092228
1.6049999999999662	0.08839309174746979
1.6059999999999595	0.08831020271343792
1.6069999999999525	0.08822734154633183
1.6079999999999455	0.08814450790750117
1.6089999999999387	0.08806170251610013
1.6099999999999315	0.0879789252591241
1.6109999999999247	0.0878961757211657
1.6119999999999177	0.08781345410707353
1.6129999999999107	0.08773076167676064
1.6139999999999037	0.08764809800024442
1.614999999999897	0.08756546166890611
1.61599999999989	0.08748285356169594
1.616999999999883	0.08740027496257596
1.617999999999876	0.08731772462218557
1.6189999999998692	0.08723520287300612
1.6199999999998622	0.0871527098769238
1.6209999999998552	0.08707024601224878
1.6219999999998485	0.08698780779082826
1.6229999999998415	0.08690540442284678
1.6239999999998345	0.08682302715968926
1.6249999999998275	0.08674067625002069
1.6259999999998205	0.08665835920345666
1.6269999999998137	0.08657606894163228
1.6279999999998067	0.08649380829418263
1.6289999999997997	0.08641157707383285
1.6299999999997927	0.08632937509826821
1.6309999999997857	0.08624720316729251
1.631999999999779	0.08616506038685778
1.632999999999772	0.0860829465302877
1.633999999999765	0.08600086277807395
1.634999999999758	0.08591880885245351
1.6359999999997512	0.08583678553151752
1.6369999999997442	0.08575479163558553
1.6379999999997372	0.08567282783274177
1.6389999999997302	0.08559089401485764
1.6399999999997235	0.08550899012071256
1.6409999999997165	0.08542711655068391
1.6419999999997095	0.08534527325024577
1.6429999999997025	0.08526345999469631
1.6439999999996955	0.0851816770173246
1.6449999999996887	0.08509992432050262
1.6459999999996817	0.0850182019685699
1.6469999999996747	0.08493651075021003
1.6479999999996677	0.0848548504182105
1.6489999999996607	0.08477322001607823
1.649999999999654	0.08469162046473477
1.650999999999647	0.08461005234093677
1.65199999999964	0.08452851510177006
1.6529999999996332	0.08444700863089016
1.6539999999996262	0.08436553269284708
1.6549999999996192	0.0842840881894833
1.6559999999996122	0.08420267520268188
1.6569999999996052	0.08412129301006155
1.6579999999995985	0.08403994187534536
1.6589999999995915	0.08395862158008138
1.6599999999995845	0.08387733331059499
1.6609999999995777	0.08379607726642846
1.6619999999995705	0.08371485230937459
1.6629999999995637	0.08363365887493757
1.6639999999995567	0.08355249701940537
1.6649999999995497	0.0834713667936956
1.665999999999543	0.08339026812772143
1.666999999999536	0.08330920129673924
1.667999999999529	0.08322816651003107
1.668999999999522	0.08314716371042274
1.669999999999515	0.08306619300276696
1.6709999999995082	0.0829852543581342
1.6719999999995012	0.08290434776204814
1.6729999999994942	0.08282347410773028
1.6739999999994875	0.08274263225517808
1.6749999999994805	0.08266182235088271
1.6759999999994735	0.08258104554070322
1.6769999999994665	0.08250030124939833
1.6779999999994595	0.08241958940396221
1.6789999999994527	0.08233890939860655
1.6799999999994457	0.082258261555065
1.6809999999994387	0.08217764763106183
1.6819999999994317	0.08209706645287218
1.6829999999994247	0.08201651801903498
1.683999999999418	0.08193600237109944
1.684999999999411	0.0818555194596442
1.685999999999404	0.08177506947825675
1.6869999999993972	0.08169465284939692
1.6879999999993902	0.08161426946874506
1.6889999999993832	0.08153391712169977
1.6899999999993762	0.08145360194980478
1.6909999999993692	0.08137331876329768
1.6919999999993625	0.08129306858413254
1.6929999999993555	0.08121285157087654
1.6939999999993485	0.0811326687268441
1.6949999999993415	0.08105251869928543
1.6959999999993345	0.08097240208263923
1.6969999999993277	0.08089231995174062
1.6979999999993207	0.08081226943548259
1.6989999999993137	0.08073225640040971
1.6999999999993067	0.0806522749887566
1.7009999999993	0.08057232755414856
1.701999999999293	0.08049241500397708
1.702999999999286	0.08041253589686326
1.703999999999279	0.0803326902526098
1.7049999999992722	0.08025287928326752
1.7059999999992652	0.08017310229915309
1.7069999999992582	0.08009336013951684
1.7079999999992515	0.08001365252594728
1.7089999999992442	0.07993397886843345
1.7099999999992375	0.07985433938214737
1.7109999999992305	0.07977473453391892
1.7119999999992235	0.0796951645339603
1.7129999999992167	0.07961562901461883
1.7139999999992095	0.07953612820892375
1.7149999999992027	0.0794566619817274
1.7159999999991957	0.0793772304564927
1.7169999999991887	0.07929783395419054
1.717999999999182	0.07921847241002944
1.718999999999175	0.07913914578696635
1.719999999999168	0.0790598542631974
1.720999999999161	0.07898059791389411
1.721999999999154	0.07890137646278772
1.7229999999991472	0.07882219004849755
1.7239999999991402	0.0787430389184598
1.7249999999991332	0.07866392384464227
1.7259999999991265	0.07858484365595442
1.7269999999991195	0.07850579797458446
1.7279999999991125	0.07842678831256211
1.7289999999991055	0.07834781463570784
1.7299999999990985	0.07826887658932935
1.7309999999990917	0.07818997436424902
1.7319999999990847	0.07811110759630724
1.7329999999990777	0.07803227624272036
1.7339999999990707	0.07795348050550333
1.7349999999990655	0.07787472070183676
1.7359999999990614	0.07779599676015625
1.7369999999990573	0.07771730934974264
1.7379999999990532	0.07763865767672118
1.7389999999990489	0.0775600420994581
1.7399999999990448	0.0774814624932999
1.7409999999990406	0.07740291893949724
1.7419999999990363	0.07732441153118608
1.7429999999990322	0.0772459403587854
1.743999999999028	0.07716750635605474
1.744999999999024	0.07708910849703898
1.74599999999902	0.0770107464691181
1.7469999999990156	0.07693242127578426
1.7479999999990115	0.07685413293336041
1.7489999999990071	0.07677588097036636
1.749999999999003	0.07669766565665626
1.7509999999990045	0.07661948711210886
1.751999999999006	0.07654134557022896
1.7529999999990071	0.07646324074164468
1.7539999999990086	0.07638517243661702
1.75499999999901	0.07630714115828707
1.7559999999990115	0.07622914703714578
1.756999999999013	0.07615118843995872
1.7579999999990141	0.07607326981153706
1.7589999999990156	0.07599538734869382
1.759999999999017	0.07591754181252575
1.7609999999990182	0.07583973263009236
1.7619999999990197	0.07576196050768114
1.7629999999990211	0.07568422646547501
1.7639999999990226	0.07560653019805397
1.7649999999990238	0.0755288711356985
1.7659999999990263	0.07545124960445637
1.7669999999990305	0.07537366562471526
1.7679999999990346	0.07529611930924507
1.7689999999990387	0.075218610543478
1.769999999999043	0.07514113937179956
1.7709999999990471	0.07506370581484911
1.7719999999990512	0.07498631005079359
1.7729999999990556	0.07490895196373337
1.7739999999990597	0.07483163202185872
1.7749999999990638	0.07475435076844061
1.7759999999990679	0.07467710711058917
1.776999999999072	0.07459990123909943
1.7779999999990763	0.07452273313683333
1.7789999999990804	0.07444560304497783
1.7799999999990845	0.07436851198230765
1.7809999999990886	0.07429145924874514
1.781999999999093	0.07421444486554785
1.782999999999097	0.07413746838691404
1.7839999999991012	0.07406052978024857
1.7849999999991053	0.07398362970516381
1.7859999999991096	0.07390676791207007
1.7869999999991137	0.07382994551559174
1.7879999999991179	0.07375316164554735
1.788999999999122	0.073676416148028
1.789999999999126	0.07359970945162808
1.7909999999991304	0.07352304156989975
1.7919999999991345	0.07344641237539995
1.7929999999991386	0.0733698220342841
1.7939999999991427	0.07329327020853682
1.794999999999147	0.0732167575113527
1.7959999999991512	0.073140283668785
1.7969999999991553	0.073063849314421
1.7979999999991594	0.07298745386271976
1.7989999999991637	0.07291109698615839
1.7999999999991678	0.07283477910663594
1.800999999999172	0.07275850057979782
1.801999999999176	0.07268226193751759
1.8029999999991801	0.07260606259064029
1.8039999999991845	0.07252990272529147
1.8049999999991886	0.07245378171912187
1.8059999999991927	0.07237769863678933
1.8069999999991968	0.07230165795174837
1.8079999999992011	0.07222565561830252
1.8089999999992052	0.07214969257982107
1.8099999999992094	0.07207376921411357
1.8109999999992135	0.07199788609127244
1.8119999999992178	0.07192204231540744
1.812999999999222	0.0718462365601138
1.813999999999226	0.07177047303801576
1.8149999999992301	0.07169474889438388
1.8159999999992344	0.07161906454441747
1.8169999999992386	0.07154342013012849
1.8179999999992427	0.07146781536716484
1.8189999999992468	0.07139225028742235
1.819999999999251	0.07131672551071677
1.8209999999992552	0.07124124043333824
1.8219999999992593	0.07116579609987106
1.8229999999992634	0.07109039249842075
1.8239999999992675	0.07101502878551347
1.8249999999992719	0.07093970512624526
1.825999999999276	0.07086442149151029
1.82699999999928	0.07078917858774225
1.8279999999992842	0.07071397592686202
1.8289999999992885	0.07063881373354752
1.8299999999992926	0.07056369212224234
1.8309999999992967	0.07048861098000936
1.8319999999993009	0.07041357068694698
1.8329999999993052	0.07033857100003427
1.8339999999993093	0.07026361096151768
1.8349999999993134	0.07018869401436234
1.8359999999993175	0.07011381700401298
1.8369999999993218	0.07003897971951578
1.837999999999326	0.06996418365195245
1.83899999999933	0.06988942852531244
1.8399999999993342	0.06981471471013778
1.8409999999993385	0.06974004150815549
1.8419999999993426	0.06966540903269935
1.8429999999993467	0.0695908176469342
1.8439999999993508	0.0695162674774179
1.844999999999355	0.06944175825136933
1.8459999999993593	0.06936729027059907
1.8469999999993634	0.06929286421504732
1.8479999999993675	0.06921847925075308
1.8489999999993716	0.06914413551327991
1.849999999999376	0.06906983296393432
1.85099999999938	0.0689955718551114
1.8519999999993841	0.06892135192440785
1.8529999999993882	0.06884717330803758
1.8539999999993926	0.06877303634444765
1.8549999999993967	0.06869894095478724
1.8559999999994008	0.06862488726010885
1.856999999999405	0.06855087546296101
1.857999999999409	0.06847690560930342
1.8589999999994133	0.06840297713582899
1.8599999999994175	0.06832908991103515
1.8609999999994216	0.06825524485091417
1.861999999999426	0.06818144158560258
1.86299999999943	0.06810768029132264
1.863999999999434	0.06803396098826175
1.8649999999994382	0.06796028321598757
1.8659999999994423	0.06788664749316453
1.8669999999994467	0.06781305389318038
1.8679999999994508	0.06773950225761782
1.8689999999994549	0.06766599274955265
1.869999999999459	0.06759252555303541
1.870999999999463	0.06751910056293953
1.8719999999994674	0.06744571793043219
1.8729999999994715	0.06737237729104395
1.8739999999994756	0.0672990788879756
1.87499999999948	0.06722582270768851
1.875999999999484	0.06715260938647782
1.8769999999994882	0.06707943807757966
1.8779999999994923	0.06700630901333549
1.8789999999994964	0.06693322274988334
1.8799999999995007	0.06686017878969308
1.8809999999995048	0.0667871774062021
1.881999999999509	0.0667142186731553
1.882999999999513	0.06664130322971573
1.8839999999995174	0.06656843007441349
1.8849999999995215	0.06649559920579917
1.8859999999995256	0.06642281094476987
1.8869999999995297	0.06635006555847056
1.887999999999534	0.066277363177625
1.8889999999995382	0.06620470342007734
1.8899999999995423	0.06613208699856621
1.8909999999995464	0.06605951363078755
1.8919999999995505	0.06598698271992409
1.8929999999995548	0.06591449489851331
1.893999999999559	0.06584205019065714
1.894999999999563	0.06576964852877143
1.8959999999995671	0.06569728995793445
1.8969999999995715	0.06562497460315442
1.8979999999995756	0.06555270216579123
1.8989999999995797	0.06548047231685605
1.8999999999995838	0.06540828532541276
1.9009999999995881	0.06533614415402544
1.9019999999995922	0.06526404531616625
1.9029999999995963	0.06519198912339152
1.9039999999996005	0.06511997637733014
1.9049999999996048	0.06504800726595417
1.905999999999609	0.06497608147092548
1.906999999999613	0.06490419921238466
1.9079999999996171	0.0648323602704245
1.9089999999996214	0.06476056490941795
1.9099999999996256	0.06468881289295458
1.9109999999996297	0.06461710487465067
1.9119999999996338	0.06454544055924871
1.9129999999996379	0.06447381990561463
1.9139999999996422	0.06440224280965223
1.9149999999996463	0.06433070940762708
1.9159999999996504	0.06425922026829411
1.9169999999996545	0.0641877752023825
1.9179999999996589	0.06411637359857714
1.918999999999663	0.06404501535151375
1.919999999999667	0.06397370113159573
1.9209999999996712	0.06390243073965807
1.9219999999996755	0.06383120435553824
1.9229999999996796	0.06376002209580522
1.9239999999996837	0.06368888411015705
1.9249999999996878	0.06361778981192612
1.9259999999996922	0.06354673997111293
1.9269999999996963	0.06347573447200971
1.9279999999997004	0.06340477302524672
1.9289999999997045	0.06333385561074079
1.9299999999997088	0.0632629824394414
1.930999999999713	0.06319215297904446
1.931999999999717	0.06312136884891495
1.9329999999997212	0.06305062815671614
1.9339999999997253	0.06297993222632448
1.9349999999997296	0.06290928027846932
1.9359999999997337	0.0628386728410324
1.9369999999997378	0.06276811016303308
1.937999999999742	0.0626975922352545
1.9389999999997463	0.06262711863649761
1.9399999999997504	0.06255668930794556
1.9409999999997545	0.06248630403911504
1.9419999999997586	0.062415963812129216
1.942999999999763	0.0623456679252925
1.943999999999767	0.06227541719243235
1.9449999999997711	0.062205211011071904
1.9459999999997752	0.062135049651632523
1.9469999999997794	0.062064932935789296
1.9479999999997837	0.06199486101594276
1.9489999999997878	0.061924834027656805
1.949999999999792	0.06185485176170813
1.950999999999796	0.06178491391744667
1.9519999999998003	0.06171502136716445
1.9529999999998044	0.06164517351060039
1.9539999999998086	0.061575370623530135
1.9549999999998127	0.06150561259551257
1.955999999999817	0.06143589980568365
1.956999999999821	0.06136623196689772
1.9579999999998252	0.06129660984115448
1.9589999999998293	0.06122703193647294
1.9599999999998337	0.06115749928664205
1.9609999999998378	0.061088011898741135
1.9619999999998419	0.061018569882861806
1.962999999999846	0.060949173282677016
1.9639999999998503	0.06087982146754278
1.9649999999998544	0.060810514940473515
1.9659999999998585	0.06074125366140981
1.9669999999998626	0.06067203762552131
1.9679999999998667	0.06060286704821949
1.968999999999871	0.06053374180173288
1.9699999999998752	0.06046466191071975
1.9709999999998793	0.06039562736572135
1.9719999999998834	0.060326638711392655
1.9729999999998877	0.060257695942495415
1.9739999999998918	0.06018879772750474
1.974999999999896	0.0601199453605038
1.9759999999999	0.060051137875028804
1.9769999999999044	0.05998237675926821
1.9779999999999085	0.059913661322989586
1.9789999999999126	0.05984499134254451
1.9799999999999167	0.05977636736047265
1.980999999999921	0.059707788841763754
1.9819999999999252	0.05963925538771164
1.9829999999999293	0.05957076764687619
1.9839999999999334	0.059502325701661696
1.9849999999999375	0.05943392986400409
1.9859999999999418	0.05936557977009049
1.986999999999946	0.059297275780186176
1.98799999999995	0.059229017640234916
1.9889999999999541	0.059160804627193975
1.9899999999999585	0.05909263787710184
1.9909999999999626	0.059024517363994944
1.9919999999999667	0.05895644344408035
1.9929999999999708	0.05888841514168508
1.9939999999999751	0.05882043285911609
1.9949999999999792	0.05875249580731201
1.9959999999999833	0.05868460477874149
1.9969999999999875	0.058616759857065825
1.9979999999999918	0.05854896076084004
1.998999999999996	0.05848120892394537
2.0	0.05841350183942151
2.0010279404845495	0.05834395128085679
2.0021217900815715	0.05826999563668778
2.0032857751923165	0.058191358653045366
2.004524391841744	0.05810774751088499
2.005842426366887	0.058018853424099515
2.007244970197923	0.05792434711876959
2.0087374418720856	0.05782388240902403
2.0103256076664273	0.05771709064280528
2.0120156028936726	0.057603579332415444
2.013813957200875	0.05748293597003862
2.0157276178435577	0.05735472304516542
2.0177639781367303	0.057218474672943165
2.019930905358886	0.05707370134226064
2.0222367711443985	0.05691988446412166
2.024690484011897	0.05675648037916803
2.027301523572695	0.056582905061538624
2.0300799770731848	0.056398551575707945
2.033036578410754	0.056202776831565604
2.036182751117039	0.05599489715478234
2.039530649180409	0.055774197213163346
2.043093206833892	0.05553992627717452
2.046884188175661	0.05529128874353084
2.050918238233338	0.05502745069234727
2.0552109433735133	0.05474753965269619
2.059778886913171	0.05445064333117722
2.0646397170403086	0.054135792017452555
2.0698122132469665	0.05380198705344208
2.0753163565584574	0.05344819205140883
2.081173414838828	0.053073271601259076
2.0874060143976347	0.05267609869364265
2.094038234979271	0.052255535089793415
2.1010956980169606	0.05181027634173829
2.1086056699538682	0.0513390912246251
2.116597165034399	0.05084070866106316
2.125101056786564	0.05031377313932939
2.1341501990307465	0.04975682181805974
2.143779554474847	0.04916846235138006
2.1540263207146424	0.04854737422785105
2.1649300857539027	0.04789207696399944
2.1765329774064615	0.04720110448460957
2.1888798204423576	0.046472917976086214
2.2020183144046843	0.04570623366957349
2.2159992202680474	0.04489976975889243
2.2308765524295735	0.04405197496435309
2.246707783705272	0.043161467834224365
2.263554079768369	0.04222746411674139
2.2814805235907363	0.04124889360460382
2.3005563724108544	0.040224596049961425
2.320855322320133	0.0391539925611063
2.3424557929209753	0.03803689211414063
2.3654412374910825	0.03687279886580863
2.389900455657507	0.03566170836709015
2.41592795027163	0.03440457439450162
2.44362426638729	0.03310230219687671
2.473096411506492	0.0317565382928654
2.5044582437089975	0.030368950131995476
2.537830924630887	0.028941976770564093
2.5733433911797423	0.02747863967082309
2.611132843166974	0.025983632034954907
2.6513452603475027	0.024460747892515844
2.6941360153529494	0.022917606192890516
2.739670418177515	0.021358750695685047
2.788124380079947	0.01979262811425464
2.839685109337027	0.01822724163989875
2.894551789617174	0.01667193594716121
2.9529364084026577	0.015135269188201073
3.0150645170164534	0.013628806691106221
3.0811761422888653	0.012163891498987223
3.1515266965252042	0.010751404360498595
3.226387989377641	0.009399653792661056
3.30604919671757	0.008123763637763348
3.39081811677136	0.006927257676463516
3.4810222154328754	0.005824198146216264
3.577010018652917	0.004821794501094656
3.6791523315125145	0.0039235727404755005
3.7878438030764574	0.003132176194920455
3.9035043177534527	0.0024487666003625286
4.02658072998157	0.0018702209360437205
4.157548527011607	0.0013926078381231166
4.296913682346355	0.0010070535470144693
4.445214635465608	0.0007059391207715482
4.603024347307951	0.0004779108444786795
4.770952424745148	0.000310961355625583
4.9496476786701376	0.0001941989901255159
5.139800459354712	0.00011571436676094393
5.342145448462832	6.50682593520413e-05
5.557464321076707	3.4507092225743996e-05
5.786588991858403	1.7102441124849932e-05
6.03040459644804	7.834349924906725e-06
6.289853138906711	3.3029500335901574e-06
6.565936951835777	1.2624667210525686e-06
6.859722633511745	4.2886263473818076e-07
7.172345245053396	1.2959191253436586e-07
7.505012494394354	3.274371418449107e-08
7.859009576011049	7.0303936006155254e-09
8.23570422033976	1.1868628302380557e-09
8.636551628113326	1.4082079946575732e-10
9.063100564489073	1.545608085962158e-11
9.516998831091398	3.553823901825126e-13
10.0	-3.765876499528531e-13
