0.0	0.1241548810346016
0.0010000000000041087	0.12415487643115419
0.0020000000000082174	0.12415486400617337
0.003000000000012548	0.12415484451126124
0.004000000000016657	0.12415481803660389
0.005000000000020766	0.12415478320665951
0.006000000000024874	0.1241547413283437
0.007000000000029205	0.1241546915534103
0.008000000000033314	0.12415463407112226
0.009000000000037423	0.12415456942677838
0.010000000000041753	0.12415449684071289
0.011000000000045862	0.12415441652320014
0.01200000000004997	0.12415432865735687
0.01300000000005408	0.1241542330482881
0.01400000000005841	0.12415413036777068
0.015000000000062519	0.12415401982755536
0.016000000000066406	0.12415390117843172
0.017000000000070736	0.12415377544964235
0.018000000000074845	0.1241536420433329
0.019000000000078954	0.12415350059480756
0.020000000000083062	0.12415335192223087
0.021000000000087393	0.12415319550893911
0.022000000000091502	0.12415303139855993
0.02300000000009561	0.12415286008135706
0.02400000000009972	0.12415268038112093
0.02500000000010405	0.12415249369581538
0.02600000000010816	0.12415229924386617
0.027000000000112268	0.12415209672991212
0.0280000000001166	0.12415188686138823
0.029000000000120707	0.12415166979099213
0.030000000000124816	0.12415144468809547
0.031000000000128924	0.12415121198843881
0.032000000000133255	0.12415097175340217
0.033000000000137364	0.1241507235074486
0.03400000000014147	0.12415046803539787
0.0350000000001458	0.12415020517704378
0.03600000000014991	0.12414993423451581
0.03700000000015402	0.1241496557779721
0.03800000000015813	0.12414936974704793
0.03900000000016246	0.12414907618049642
0.04000000000016657	0.12414877459555007
0.04100000000017068	0.12414846557292103
0.04200000000017501	0.12414814917862205
0.04300000000017912	0.12414782505963884
0.044000000000183226	0.12414749327297547
0.045000000000187335	0.12414715356215933
0.046000000000191665	0.1241468067944923
0.04700000000019555	0.12414645228537124
0.04800000000019966	0.12414608957299211
0.04900000000020399	0.12414571964750931
0.0500000000002081	0.12414534198985039
0.05100000000021221	0.12414495666394565
0.05200000000021632	0.12414456417490016
0.05300000000022065	0.12414416380961757
0.05400000000022476	0.12414375542072165
0.055000000000228866	0.12414333996200622
0.0560000000002332	0.12414291661603771
0.057000000000237305	0.12414248532396466
0.058000000000241414	0.12414204706491438
0.05900000000024552	0.12414160086179993
0.060000000000249853	0.12414114678381882
0.06100000000025396	0.12414068565507308
0.06200000000025807	0.12414021645591367
0.0630000000002624	0.12413973974718162
0.06400000000026651	0.12413925555473193
0.06500000000027062	0.12413876363550713
0.06600000000027473	0.12413826387086946
0.06700000000027906	0.12413775647121483
0.06800000000028317	0.12413724186695907
0.06900000000028728	0.12413671969292761
0.0700000000002916	0.12413618921560232
0.07100000000029572	0.12413565173755636
0.07200000000029982	0.12413510652043303
0.07300000000030393	0.12413455329232126
0.07400000000030826	0.12413399290691496
0.07500000000031237	0.12413342482870893
0.07600000000031648	0.12413284866930085
0.07700000000032081	0.12413226541257238
0.0780000000003247	0.12413167436051764
0.07900000000032881	0.12413107565247505
0.08000000000033292	0.12413046943719208
0.08100000000033725	0.12412985545707511
0.08200000000034136	0.12412923391579989
0.08300000000034546	0.12412860476485177
0.0840000000003498	0.12412796808205473
0.0850000000003539	0.12412732367277701
0.08600000000035801	0.12412667166789526
0.08700000000036212	0.12412601191887074
0.08800000000036645	0.12412534458969238
0.08900000000037056	0.12412466952961021
0.09000000000037467	0.12412398733321506
0.091000000000379	0.12412329751637541
0.09200000000038311	0.12412259941145176
0.09300000000038722	0.12412189415016539
0.09400000000039133	0.12412118128437821
0.09500000000039566	0.12412046020687639
0.09600000000039977	0.1241197322934513
0.09700000000040387	0.12411899670424609
0.0980000000004082	0.12411825298520074
0.09900000000041231	0.12411750148582246
0.10000000000041642	0.12411674228229508
0.10100000000042053	0.12411597599590074
0.10200000000042486	0.12411520245225505
0.10300000000042897	0.12411442156276187
0.10400000000043308	0.12411363228410832
0.10500000000043741	0.12411283485757574
0.10600000000044152	0.12411203066847065
0.10700000000044563	0.12411121862141261
0.10800000000044951	0.1241103990078789
0.10900000000045384	0.12410957186960458
0.11000000000045795	0.12410873643435572
0.11100000000046206	0.12410789405025502
0.1120000000004664	0.12410704418583629
0.1130000000004705	0.12410618636918402
0.11400000000047461	0.12410532089607362
0.11500000000047872	0.12410444790063835
0.11600000000048305	0.12410356728474492
0.11700000000048716	0.1241026790678117
0.11800000000049127	0.1241017832196818
0.1190000000004956	0.12410087973247208
0.12000000000049971	0.12409996862491579
0.12100000000050382	0.12409904994921495
0.12200000000050792	0.12409812362786388
0.12300000000051226	0.12409718970167039
0.12400000000051636	0.12409624814795828
0.12500000000052047	0.1240952989713009
0.1260000000005248	0.12409434221646054
0.1270000000005289	0.12409337780709062
0.12800000000053302	0.12409240580369352
0.12900000000053713	0.12409142617161995
0.13000000000054146	0.12409043892704341
0.13100000000054557	0.12408944400514821
0.13200000000054968	0.12408844120568707
0.133000000000554	0.12408743153925106
0.13400000000055812	0.12408641451781732
0.13500000000056223	0.12408538884503562
0.13600000000056633	0.12408435590915134
0.13700000000057067	0.12408331537718453
0.13800000000057477	0.12408226724975369
0.13900000000057866	0.1240812114038059
0.140000000000583	0.12408014828844216
0.1410000000005871	0.12407907711007937
0.1420000000005912	0.12407799867122893
0.14300000000059532	0.12407691231471629
0.14400000000059965	0.12407581869081352
0.14500000000060376	0.1240747174315957
0.14600000000060787	0.12407360820271285
0.1470000000006122	0.12407249147476263
0.1480000000006163	0.12407136731669732
0.14900000000062041	0.12407023538121176
0.15000000000062452	0.12406909597048399
0.15100000000062885	0.12406794880039562
0.15200000000063296	0.1240667941273551
0.15300000000063707	0.12406563181440355
0.1540000000006414	0.12406446200359844
0.1550000000006455	0.12406328445423731
0.15600000000064962	0.12406209936407575
0.15700000000065373	0.12406090666145786
0.15800000000065806	0.12405970642820796
0.15900000000066217	0.1240584985364056
0.16000000000066628	0.12405728303136243
0.16100000000067038	0.12405605991179847
0.16200000000067472	0.124054829023166
0.16300000000067882	0.12405359043868947
0.16400000000068293	0.12405234460905323
0.16500000000068726	0.12405109113930535
0.16600000000069137	0.12404983012612547
0.16700000000069548	0.12404856132365061
0.1680000000006996	0.1240472849863895
0.16900000000070392	0.12404600069946092
0.1700000000007078	0.12404470902822462
0.17100000000071192	0.12404340996991536
0.17200000000071625	0.12404210318132147
0.17300000000072036	0.12404078850311162
0.17400000000072446	0.12403946710866331
0.17500000000072857	0.12403813792595897
0.1760000000007329	0.12403680037384301
0.177000000000737	0.1240354555464458
0.17800000000074112	0.12403410302962525
0.17900000000074545	0.12403274311561463
0.18000000000074956	0.1240313753785669
0.18100000000075367	0.12403000010820275
0.18200000000075778	0.12402861722737313
0.1830000000007621	0.12402722695729884
0.18400000000076622	0.12402582898306158
0.18500000000077033	0.12402442338513175
0.18600000000077466	0.12402301004916094
0.18700000000077877	0.12402158953765563
0.18800000000078287	0.12402016114753844
0.18900000000078698	0.12401872490910493
0.1900000000007913	0.12401728140556811
0.19100000000079542	0.12401583010371464
0.19200000000079953	0.1240143713961458
0.19300000000080386	0.12401290491498962
0.19400000000080797	0.12401143077463161
0.19500000000081208	0.12400994930838682
0.1960000000008162	0.12400846032187607
0.19700000000082052	0.12400696349823181
0.19800000000082463	0.1240054590294909
0.19900000000082874	0.12400394713851925
0.20000000000083307	0.1240024274985353
0.20100000000083695	0.12400090039717726
0.20200000000084106	0.12399936554030222
0.20300000000084517	0.12399782343059529
0.2040000000008495	0.12399627346116804
0.2050000000008536	0.12399471585266819
0.20600000000085772	0.12399315079860862
0.20700000000086205	0.12399157802369387
0.20800000000086616	0.12398999776655684
0.20900000000087027	0.12398840982409287
0.21000000000087438	0.12398681445107362
0.2110000000008787	0.12398521136498786
0.21200000000088282	0.12398360065630443
0.21300000000088692	0.12398198243085634
0.21400000000089126	0.1239803565416463
0.21500000000089536	0.12397872311673686
0.21600000000089947	0.12397708203467628
0.21700000000090358	0.12397543346980433
0.2180000000009079	0.12397377722954683
0.21900000000091202	0.12397211340290992
0.22000000000091613	0.12397044202518381
0.22100000000092046	0.12396876305403381
0.22200000000092457	0.12396707646907945
0.22300000000092868	0.1239653823591037
0.2240000000009328	0.12396368059072715
0.22500000000093712	0.12396197135468467
0.22600000000094123	0.12396025442741387
0.22700000000094533	0.12395852984511446
0.22800000000094967	0.12395679779591906
0.22900000000095377	0.12395505816088037
0.23000000000095788	0.12395331093732898
0.23100000000096177	0.1239515561104283
0.2320000000009661	0.12394979368630832
0.2330000000009702	0.12394802360139501
0.23400000000097432	0.12394624601672077
0.23500000000097865	0.12394446129144909
0.23600000000098276	0.12394266858650327
0.23700000000098687	0.12394086764998347
0.23800000000099097	0.12393905989841147
0.2390000000009953	0.12393724438339504
0.24000000000099941	0.12393542165296001
0.24100000000100352	0.1239335915517058
0.24200000000100785	0.12393175273909052
0.24300000000101196	0.12392990719719887
0.24400000000101607	0.12392805403012652
0.24500000000102018	0.12392619271013294
0.2460000000010245	0.12392432407327325
0.24700000000102862	0.12392244820922493
0.24800000000103273	0.12392056452730371
0.24900000000103706	0.1239186732682811
0.25000000000104117	0.1239167744312577
0.2510000000010453	0.1239148680471367
0.2520000000010494	0.12391295390646273
0.2530000000010537	0.12391103230081224
0.2540000000010578	0.12390910320486725
0.25500000000106193	0.12390716658560141
0.25600000000106626	0.12390522234796064
0.25700000000107037	0.12390327054091954
0.2580000000010745	0.12390131097912271
0.2590000000010786	0.12389934418235415
0.2600000000010829	0.1238973694841875
0.26100000000108703	0.12389538736983607
0.2620000000010909	0.12389339759796891
0.26300000000109525	0.12389140031882784
0.26400000000109936	0.12388939547045674
0.26500000000110346	0.12388738299677493
0.2660000000011076	0.1238853630971104
0.2670000000011119	0.12388333584222266
0.268000000001116	0.1238813005464211
0.2690000000011201	0.12387925740213823
0.27000000000112445	0.12387720710844885
0.27100000000112856	0.1238751497793783
0.27200000000113267	0.12387308509024075
0.2730000000011368	0.12387101192579297
0.2740000000011411	0.12386893078251504
0.2750000000011452	0.12386684313614538
0.2760000000011493	0.12386474753160703
0.27700000000115366	0.12386264379172096
0.27800000000115777	0.12386053347479742
0.2790000000011619	0.12385841529032371
0.280000000001166	0.12385628895858247
0.2810000000011703	0.1238541554769721
0.2820000000011744	0.12385201480342123
0.28300000000117853	0.12384986576648649
0.28400000000118286	0.12384770959634528
0.28500000000118697	0.12384554618494004
0.2860000000011911	0.12384337495207964
0.2870000000011952	0.1238411961897885
0.2880000000011995	0.12383900966631733
0.2890000000012036	0.1238368157420291
0.29000000000120774	0.12383461436577381
0.29100000000121207	0.12383240524239181
0.2920000000012162	0.12383018860320205
0.29300000000122006	0.12382796451643041
0.29400000000122417	0.12382573279084086
0.2950000000012285	0.12382349344603472
0.2960000000012326	0.12382124667877392
0.2970000000012367	0.1238189922756231
0.29800000000124083	0.12381673029407825
0.29900000000124516	0.12381446083629566
0.30000000000124927	0.12381218380908932
0.3010000000012534	0.12380989922389829
0.3020000000012577	0.1238076070802695
0.3030000000012618	0.12380530733581452
0.3040000000012659	0.12380300013636492
0.30500000000127003	0.12380068535758704
0.30600000000127436	0.123798362967795
0.3070000000012785	0.12379603311003562
0.3080000000012826	0.12379369567402443
0.3090000000012869	0.12379135063057012
0.310000000001291	0.1237889981467738
0.31100000000129513	0.12378663808637413
0.31200000000129924	0.1237842704523664
0.31300000000130357	0.12378189520683847
0.3140000000013077	0.12377951246687591
0.3150000000013118	0.12377712224651427
0.3160000000013161	0.12377472443988824
0.3170000000013202	0.12377231913621012
0.31800000000132433	0.12376990622951312
0.31900000000132844	0.1237674856676827
0.3200000000013328	0.12376505783526515
0.3210000000013369	0.12376262231265844
0.322000000001341	0.12376017906051318
0.3230000000013453	0.12375772860787704
0.3240000000013492	0.1237552705360071
0.3250000000013533	0.12375280458549986
0.3260000000013574	0.12375033156634363
0.32700000000136176	0.1237478509672233
0.32800000000136587	0.12374536237214961
0.32900000000137	0.12374286631530151
0.3300000000013743	0.12374036339303995
0.3310000000013784	0.1237378522127911
0.3320000000013825	0.12373533354569188
0.33300000000138663	0.12373280805431675
0.33400000000139096	0.12373027431283612
0.33500000000139507	0.12372773328681941
0.3360000000013992	0.1237251848239388
0.3370000000014035	0.12372262823657865
0.3380000000014076	0.12372006480643527
0.3390000000014117	0.12371749382455521
0.34000000000141584	0.12371491496954867
0.34100000000142017	0.12371232864909243
0.3420000000014243	0.12370973471888214
0.3430000000014284	0.12370713363033359
0.3440000000014327	0.12370452469776116
0.3450000000014368	0.1237019081829005
0.34600000000144093	0.12369928446982481
0.34700000000144504	0.12369665282120923
0.34800000000144937	0.12369401408276082
0.3490000000014535	0.12369136754548327
0.3500000000014576	0.12368871345034782
0.3510000000014619	0.12368605209028527
0.35200000000146603	0.12368338296911263
0.35300000000147014	0.12368070636589146
0.35400000000147425	0.12367802230414471
0.35500000000147836	0.1236753306863515
0.35600000000148246	0.1236726315559672
0.3570000000014866	0.12366992489897333
0.3580000000014909	0.12366721071637554
0.359000000001495	0.12366448897878912
0.3600000000014991	0.12366175973014149
0.36100000000150323	0.12365902296194098
0.36200000000150756	0.12365627875193341
0.36300000000151167	0.12365352699659105
0.3640000000015158	0.1236507676187315
0.3650000000015201	0.12364800080266058
0.3660000000015242	0.12364522654609589
0.3670000000015283	0.1236424447044453
0.36800000000153243	0.12363965537290977
0.36900000000153677	0.12363685854845807
0.3700000000015409	0.1236340541447738
0.371000000001545	0.12363124229207356
0.3720000000015493	0.12362842273872765
0.3730000000015534	0.1236255961173447
0.37400000000155753	0.12362276148206863
0.37500000000156164	0.12361991955063678
0.37600000000156597	0.12361706966124786
0.3770000000015701	0.12361421313454435
0.3780000000015742	0.12361134850846267
0.3790000000015785	0.1236084765591905
0.3800000000015826	0.12360559713314823
0.38100000000158674	0.12360271017841518
0.38200000000159084	0.12359981592773828
0.3830000000015952	0.12359691334995271
0.3840000000015993	0.12359400446923652
0.3850000000016034	0.1235910871218957
0.3860000000016075	0.12358816258230831
0.3870000000016116	0.12358523045136915
0.3880000000016157	0.12358229079817384
0.38900000000161983	0.12357934382026292
0.39000000000162416	0.12357638930211867
0.39100000000162827	0.12357342750144851
0.3920000000016324	0.12357045785811338
0.3930000000016367	0.12356748070620638
0.3940000000016408	0.12356449603601094
0.3950000000016449	0.12356150427126944
0.39600000000164903	0.12355850517617128
0.39700000000165336	0.12355549798315679
0.3980000000016575	0.12355248326125112
0.3990000000016616	0.12354946119616761
0.4000000000016659	0.1235464315245538
0.40100000000167	0.12354339457425911
0.40200000000167413	0.123540350116083
0.40300000000167824	0.12353729812138659
0.40400000000168257	0.12353423861185231
0.4050000000016867	0.12353117166991356
0.4060000000016908	0.12352809738466486
0.4070000000016951	0.12352501556678253
0.4080000000016992	0.12352192628477887
0.40900000000170333	0.12351882916786328
0.41000000000170744	0.12351572471770267
0.4110000000017118	0.12351261320070095
0.4120000000017159	0.12350949258231159
0.41300000000172	0.12350636689709604
0.4140000000017243	0.12350323253082474
0.41500000000172843	0.12350008952252345
0.41600000000173254	0.12349694133451816
0.4170000000017364	0.12349378428161994
0.41800000000174076	0.12349061994138244
0.41900000000174487	0.12348744816638946
0.420000000001749	0.1234842689208302
0.4210000000017533	0.12348108219716036
0.4220000000017574	0.12347788799552906
0.4230000000017615	0.1234746863208398
0.42400000000176563	0.12347147721175511
0.42500000000176996	0.1234682608258657
0.42600000000177407	0.12346503557840038
0.4270000000017782	0.12346180514169958
0.4280000000017825	0.12345856582361203
0.4290000000017866	0.12345531920135455
0.4300000000017907	0.12345206518020913
0.43100000000179484	0.12344880370300759
0.43200000000179917	0.12344553501622257
0.4330000000018033	0.12344225749848758
0.4340000000018074	0.12343897474741006
0.4350000000018115	0.12343568313150222
0.4360000000018158	0.12343238420819014
0.43700000000181993	0.12342907793345614
0.43800000000182404	0.123425764027975
0.43900000000182837	0.12342244305334116
0.4400000000018325	0.12341911335702926
0.4410000000018366	0.12341577833103723
0.4420000000018407	0.12341243444070893
0.44300000000184503	0.12340908317771715
0.44400000000184914	0.12340572461981358
0.44500000000185325	0.12340235864888172
0.4460000000018576	0.12339898503363611
0.4470000000018617	0.12339560410661177
0.4480000000018656	0.12339221573598191
0.4490000000018697	0.12338881979339966
0.450000000001874	0.12338541652096446
0.4510000000018781	0.1233820057604258
0.45200000000188223	0.12337858741961916
0.45300000000188656	0.12337516182466268
0.45400000000189067	0.12337172868406543
0.4550000000018948	0.12336828823377921
0.4560000000018989	0.12336484041427043
0.4570000000019032	0.12336138417887565
0.4580000000019073	0.12335792172781201
0.45900000000191143	0.12335445100251963
0.46000000000191577	0.12335097320036359
0.4610000000019199	0.12334748783584082
0.462000000001924	0.12334399505834459
0.4630000000019281	0.12334049482749943
0.4640000000019324	0.1233369871643456
0.46500000000193653	0.12333347198614208
0.46600000000194064	0.12332994934995445
0.46700000000194497	0.12332641932976873
0.4680000000019491	0.12332288185038398
0.4690000000019532	0.1233193369353297
0.4700000000019573	0.12331578457648584
0.4710000000019616	0.1233122247753704
0.47200000000196574	0.12330865753058184
0.47300000000196984	0.12330508284163144
0.4740000000019742	0.1233015007133591
0.4750000000019783	0.12329791114881361
0.4760000000019824	0.12329431414421976
0.4770000000019865	0.12329070967352052
0.47800000000199083	0.1232870977957844
0.4790000000019947	0.1232834786017758
0.48000000000199883	0.12327985193127033
0.48100000000200316	0.12327621780925524
0.48200000000200727	0.12327257615419118
0.4830000000020114	0.12326892714343918
0.4840000000020155	0.12326527071721383
0.4850000000020198	0.12326160705714095
0.4860000000020239	0.12325793440244748
0.48700000000202803	0.12325425683169311
0.48800000000203236	0.12325057036155529
0.4890000000020365	0.12324687666228606
0.4900000000020406	0.12324317558242515
0.4910000000020447	0.12323946711896627
0.492000000002049	0.12323575142667864
0.49300000000205313	0.12323202685915446
0.49400000000205724	0.1232282972764186
0.49500000000206157	0.12322455881984751
0.4960000000020657	0.12322081314820521
0.4970000000020698	0.12321706010855515
0.4980000000020739	0.12321329967092653
0.4990000000020782	0.12320953177467953
0.5000000000020823	0.12320575657549138
0.5010000000020864	0.12320197383543796
0.5020000000020908	0.12319818362986024
0.5030000000020949	0.12319438609806233
0.504000000002099	0.12319058113602532
0.5050000000021031	0.12318676875596468
0.5060000000021074	0.12318294896093329
0.5070000000021115	0.12317912175172174
0.5080000000021156	0.12317528712967507
0.50900000000212	0.12317144509539713
0.5100000000021239	0.12316759564793722
0.511000000002128	0.12316373878357534
0.5120000000021321	0.1231598744939304
0.5130000000021364	0.1231560027446108
0.5140000000021405	0.12315212368303508
0.5150000000021446	0.12314823734861635
0.516000000002149	0.12314434351249992
0.5170000000021531	0.12314044212425368
0.5180000000021572	0.12313653337758523
0.5190000000021613	0.1231326173380416
0.5200000000021656	0.12312869380835822
0.5210000000021697	0.12312476306373821
0.5220000000021738	0.12312082468658203
0.5230000000021782	0.12311687883827527
0.5240000000021823	0.12311292581045918
0.5250000000021864	0.12310896524514015
0.5260000000021905	0.12310499733340596
0.5270000000021948	0.12310102202412243
0.5280000000021989	0.12309703931482596
0.529000000002203	0.12309304921411346
0.5300000000022074	0.12308905171580709
0.5310000000022115	0.1230850468143373
0.5320000000022156	0.12308103450615038
0.5330000000022197	0.12307701489417888
0.534000000002224	0.12307298795934307
0.5350000000022281	0.12306895299209453
0.5360000000022322	0.1230649115368313
0.5370000000022366	0.12306086217251189
0.5380000000022407	0.12305680574148092
0.5390000000022448	0.12305274188146353
0.5400000000022487	0.1230486703199184
0.541000000002253	0.1230445914232361
0.5420000000022571	0.12304050534228383
0.5430000000022612	0.12303641171036417
0.5440000000022656	0.12303231086984756
0.5450000000022697	0.12302820248835833
0.5460000000022738	0.12302408688324917
0.5470000000022779	0.1230199637458752
0.5480000000022822	0.12301583330995303
0.5490000000022863	0.12301169553729208
0.5500000000022904	0.12300755031559807
0.5510000000022948	0.12300339776637537
0.5520000000022989	0.1229992378712853
0.553000000002303	0.1229950705905426
0.5540000000023071	0.12299089592109069
0.5550000000023114	0.12298671387345983
0.5560000000023155	0.12298252445525804
0.5570000000023196	0.12297832766979255
0.558000000002324	0.12297412351386905
0.5590000000023281	0.12296991198553298
0.5600000000023322	0.12296569308404348
0.5610000000023363	0.12296146680885933
0.5620000000023406	0.12295723316310148
0.5630000000023447	0.12295299215415134
0.5640000000023488	0.12294874378950238
0.5650000000023532	0.12294448806117764
0.5660000000023573	0.12294022496732349
0.5670000000023614	0.12293595451668415
0.5680000000023655	0.12293167670781835
0.5690000000023698	0.12292739153693799
0.5700000000023739	0.12292309900524423
0.5710000000023778	0.12291879911356995
0.5720000000023819	0.12291449186878567
0.5730000000023863	0.12291017727792053
0.5740000000023904	0.1229058553364959
0.5750000000023945	0.12290152604211113
0.5760000000023988	0.12289718938748817
0.5770000000024029	0.12289284535433187
0.578000000002407	0.12288849394568702
0.5790000000024111	0.1228841352857667
0.5800000000024155	0.12287976926853039
0.5810000000024196	0.122875395876061
0.5820000000024237	0.12287101522738786
0.583000000002428	0.12286662737606813
0.5840000000024321	0.122862231794583
0.5850000000024362	0.12285782891893715
0.5860000000024403	0.12285341884014567
0.5870000000024447	0.12284900133666166
0.5880000000024488	0.12284457656605552
0.5890000000024529	0.12284014445485658
0.5900000000024572	0.12283570498134411
0.5910000000024613	0.12283125818170237
0.5920000000024654	0.12282680403805768
0.5930000000024696	0.1228223425521403
0.5940000000024739	0.12281787373567876
0.595000000002478	0.12281339756442256
0.5960000000024821	0.12280891406911565
0.5970000000024864	0.12280442322438179
0.5980000000024905	0.12279992507896098
0.5990000000024946	0.1227954196121821
0.6000000000024988	0.12279090697329398
0.6010000000025031	0.12278638661833241
0.602000000002507	0.12278185904653993
0.6030000000025111	0.12277732432603239
0.6040000000025154	0.12277278213292053
0.6050000000025195	0.12276823274934867
0.6060000000025236	0.12276367592241288
0.6070000000025277	0.12275911189117605
0.6080000000025321	0.12275454042868672
0.6090000000025362	0.12274996172079156
0.6100000000025403	0.1227453756230471
0.6110000000025446	0.12274078228203877
0.6120000000025487	0.12273618164577882
0.6130000000025528	0.12273157366984577
0.614000000002557	0.12272695835945546
0.6150000000025613	0.12272233573100799
0.6160000000025654	0.1227177057887312
0.6170000000025695	0.12271306853500397
0.6180000000025738	0.12270842397130388
0.6190000000025779	0.12270377209976868
0.620000000002582	0.12269911292201185
0.6210000000025861	0.12269444643892935
0.6220000000025905	0.12268977264792114
0.6230000000025946	0.12268509154977159
0.6240000000025987	0.12268040314412221
0.625000000002603	0.12267570741774236
0.6260000000026071	0.12267100437209355
0.6270000000026112	0.1226662940949137
0.6280000000026154	0.12266157646652287
0.6290000000026197	0.12265685157878492
0.6300000000026238	0.12265211931779585
0.6310000000026279	0.12264737983666063
0.6320000000026322	0.12264263299788503
0.6330000000026361	0.12263787888526845
0.6340000000026402	0.12263311747210326
0.6350000000026443	0.12262834878134388
0.6360000000026487	0.12262357278634872
0.6370000000026528	0.12261878951921035
0.6380000000026569	0.12261399894535085
0.6390000000026612	0.12260920110659701
0.6400000000026653	0.12260439600585304
0.6410000000026694	0.1225995837303544
0.6420000000026735	0.12259476414780413
0.6430000000026779	0.12258993667430451
0.644000000002682	0.12258510260665068
0.6450000000026861	0.12258026125367716
0.6460000000026904	0.1225754122346816
0.6470000000026945	0.12257055606659661
0.6480000000026986	0.12256569268176976
0.6490000000027027	0.1225608220307115
0.6500000000027071	0.1225559442914701
0.6510000000027112	0.12255105886128226
0.6520000000027153	0.12254616623386694
0.6530000000027196	0.12254126652865405
0.6540000000027237	0.12253635939984564
0.6550000000027278	0.12253144513996872
0.656000000002732	0.12252652347392479
0.6570000000027363	0.12252159465880452
0.6580000000027404	0.1225166584537074
0.6590000000027445	0.12251171508602166
0.6600000000027488	0.12250676434772045
0.6610000000027529	0.1225018064322192
0.662000000002757	0.12249684116485549
0.6630000000027612	0.12249186869648487
0.6640000000027653	0.12248688888125936
0.6650000000027694	0.1224819019495611
0.6660000000027735	0.12247690764512609
0.6670000000027778	0.12247190609860126
0.6680000000027819	0.12246689732695004
0.669000000002786	0.12246188126735214
0.6700000000027901	0.1224568579729004
0.6710000000027945	0.12245182741596894
0.6720000000027986	0.12244678961771216
0.6730000000028027	0.12244174453974921
0.674000000002807	0.12243669222526088
0.6750000000028111	0.1224316326745154
0.6760000000028152	0.12242656586148981
0.6770000000028193	0.12242149181251372
0.6780000000028237	0.12241641049976404
0.6790000000028278	0.12241132198051574
0.6800000000028319	0.1224062262502239
0.6810000000028362	0.12240112309722084
0.6820000000028403	0.1223960129475341
0.6830000000028444	0.12239089533397196
0.6840000000028486	0.12238577066863876
0.6850000000028529	0.12238063859095871
0.686000000002857	0.12237549946294524
0.6870000000028611	0.1223703528693405
0.6880000000028654	0.12236519930319267
0.6890000000028695	0.12236003828642694
0.6900000000028736	0.1223548702187699
0.6910000000028778	0.12234969473092061
0.6920000000028821	0.12234451223280929
0.6930000000028862	0.12233932233166622
0.6940000000028901	0.12233412513093755
0.6950000000028944	0.12232892078081903
0.6960000000028985	0.12232370929120318
0.6970000000029026	0.12231849050802734
0.6980000000029067	0.12231326437374457
0.6990000000029111	0.12230803104171106
0.7000000000029152	0.12230279064753558
0.7010000000029193	0.12229754285035288
0.7020000000029236	0.12229228802185121
0.7030000000029277	0.12228702581479567
0.7040000000029318	0.12228175649961104
0.705000000002936	0.12227647993213209
0.7060000000029403	0.12227119614320092
0.7070000000029444	0.12226590513829994
0.7080000000029485	0.1222606069288319
0.7090000000029526	0.12225530150840513
0.7100000000029569	0.12224998889732319
0.711000000002961	0.12224466906759235
0.7120000000029651	0.12223934203505826
0.7130000000029695	0.12223400780900784
0.7140000000029736	0.12222866634425233
0.7150000000029777	0.12222331768992545
0.7160000000029818	0.12221796182690725
0.7170000000029861	0.12221259880767565
0.7180000000029902	0.12220722851918708
0.7190000000029944	0.12220185115668192
0.7200000000029987	0.12219646633229186
0.7210000000030028	0.12219107456915779
0.7220000000030069	0.1221856755789561
0.723000000003011	0.12218026914931768
0.7240000000030153	0.12217485577987341
0.7250000000030195	0.12216943512204825
0.7260000000030233	0.12216400732059529
0.7270000000030277	0.12215857248636541
0.7280000000030318	0.12215313006279249
0.7290000000030359	0.1221476806393289
0.73000000000304	0.12214222401528119
0.7310000000030443	0.12213676020864495
0.7320000000030484	0.12213128942431895
0.7330000000030525	0.12212581115990084
0.7340000000030569	0.12212032570045273
0.735000000003061	0.12211483314138127
0.7360000000030651	0.1221093334356772
0.7370000000030692	0.12210382653213858
0.7380000000030735	0.1220983124340389
0.7390000000030776	0.1220927911853088
0.7400000000030817	0.12208726277372206
0.7410000000030861	0.12208172725248445
0.7420000000030902	0.12207618452336977
0.7430000000030943	0.1220706345878041
0.7440000000030984	0.12206507747989459
0.7450000000031027	0.12205951322609088
0.7460000000031068	0.12205394179734896
0.747000000003111	0.12204836319855383
0.7480000000031153	0.12204277742884295
0.7490000000031194	0.12203718447852219
0.7500000000031235	0.12203158434076511
0.7510000000031276	0.12202597716181429
0.7520000000031319	0.12202036269402228
0.753000000003136	0.12201474109149824
0.7540000000031402	0.12200911231371181
0.7550000000031445	0.12200347634780873
0.7560000000031484	0.12199783331778313
0.7570000000031525	0.12199218307602133
0.7580000000031566	0.12198652578471969
0.7590000000031609	0.12198086150329457
0.760000000003165	0.12197518967877885
0.7610000000031691	0.12196951075429396
0.7620000000031735	0.12196382479973344
0.7630000000031776	0.12195813164700231
0.7640000000031817	0.12195243161850533
0.7650000000031858	0.12194672367286252
0.7660000000031901	0.12194100945499753
0.7670000000031942	0.12193528769148287
0.7680000000031983	0.12192955901440294
0.7690000000032027	0.12192382317903439
0.7700000000032068	0.12191807985592196
0.7710000000032109	0.12191232944944108
0.772000000003215	0.12190657204010225
0.7730000000032193	0.12190080752699117
0.7740000000032234	0.12189503608238494
0.7750000000032276	0.12188925695228403
0.7760000000032319	0.12188347126665744
0.777000000003236	0.12187767809745809
0.7780000000032401	0.12187187792520326
0.7790000000032442	0.12186607062809796
0.7800000000032485	0.12186025619554319
0.7810000000032526	0.12185443463559742
0.7820000000032568	0.12184860597206171
0.7830000000032611	0.1218427701566267
0.7840000000032652	0.1218369271661025
0.7850000000032693	0.12183107728275488
0.7860000000032734	0.12182522006066432
0.7870000000032777	0.12181935574091662
0.7880000000032816	0.12181348459969532
0.7890000000032857	0.12180760490114972
0.7900000000032901	0.12180172038385428
0.7910000000032942	0.12179582737117534
0.7920000000032983	0.12178992778589615
0.7930000000033024	0.12178402059126536
0.7940000000033067	0.12177810610991291
0.7950000000033108	0.1217721852987167
0.796000000003315	0.12176625725999224
0.7970000000033193	0.12176032162722783
0.7980000000033234	0.1217543790929757
0.7990000000033275	0.12174842947259135
0.8000000000033316	0.12174247280948602
0.8010000000033359	0.12173650925809354
0.80200000000334	0.12173053809613787
0.8030000000033441	0.12172455977347318
0.8040000000033485	0.12171857452543022
0.8050000000033526	0.1217125824815356
0.8060000000033567	0.121706583763601
0.8070000000033608	0.1217005770486731
0.8080000000033651	0.12169456356316366
0.8090000000033692	0.12168854310463662
0.8100000000033734	0.12168251537449393
0.8110000000033777	0.12167648083293736
0.8120000000033818	0.12167043899582164
0.8130000000033859	0.12166439027258646
0.81400000000339	0.12165833326605369
0.8150000000033943	0.12165227121073974
0.8160000000033985	0.12164620085720634
0.8170000000034026	0.12164012364567744
0.8180000000034067	0.12163403957467356
0.8190000000034108	0.12162794731699766
0.8200000000034149	0.12162184986336766
0.821000000003419	0.12161574391662378
0.8220000000034233	0.12160963124182955
0.8230000000034274	0.12160351143248249
0.8240000000034315	0.12159738454552049
0.8250000000034359	0.12159125128845583
0.82600000000344	0.121585110150638
0.8270000000034441	0.1215789621092922
0.8280000000034482	0.12157280715371566
0.8290000000034525	0.12156664512001714
0.8300000000034566	0.12156047595902308
0.8310000000034607	0.12155429977381993
0.8320000000034651	0.12154811653360298
0.8330000000034692	0.12154192623212023
0.8340000000034733	0.12153572883911945
0.8350000000034774	0.12152952445374532
0.8360000000034817	0.12152331299037333
0.8370000000034858	0.12151709444491654
0.83800000000349	0.12151086888649099
0.8390000000034943	0.1215046362680221
0.8400000000034984	0.12149839658417594
0.8410000000035025	0.12149214982715417
0.8420000000035066	0.12148589606468418
0.8430000000035109	0.12147963525849104
0.844000000003515	0.12147336740526393
0.8450000000035192	0.12146709252171173
0.8460000000035233	0.1214608106370274
0.8470000000035276	0.12145452160291881
0.8480000000035317	0.12144822563676316
0.8490000000035356	0.12144192269294074
0.8500000000035399	0.12143561234096523
0.851000000003544	0.12142929544370984
0.8520000000035481	0.12142297133760482
0.8530000000035523	0.1214166403037924
0.8540000000035566	0.12141030209556258
0.8550000000035607	0.1214039567698747
0.8560000000035648	0.12139760435025271
0.8570000000035691	0.1213912449781619
0.8580000000035732	0.1213848787857793
0.8590000000035773	0.12137850541156359
0.8600000000035815	0.12137212504589956
0.8610000000035858	0.1213657376800602
0.8620000000035899	0.1213593432658594
0.863000000003594	0.12135294172356315
0.8640000000035983	0.12134653339902401
0.8650000000036024	0.12134011829030933
0.8660000000036066	0.12133369570818708
0.8670000000036107	0.12132726597580035
0.868000000003615	0.12132082985148007
0.8690000000036191	0.12131438624878987
0.8700000000036232	0.12130793580856758
0.8710000000036275	0.12130147845642414
0.8720000000036316	0.12129501374468155
0.8730000000036358	0.1212885420163724
0.8740000000036399	0.12128206379331719
0.8750000000036442	0.12127557830173297
0.8760000000036483	0.12126908585898066
0.8770000000036524	0.1212625859698806
0.8780000000036567	0.12125607949468731
0.8790000000036609	0.12124956609804483
0.8800000000036647	0.12124304570728539
0.8810000000036688	0.12123651803865376
0.8820000000036732	0.12122998370564564
0.8830000000036773	0.12122344219166847
0.8840000000036814	0.12121689376479727
0.8850000000036857	0.12121033830945027
0.8860000000036898	0.12120377593435239
0.887000000003694	0.121197206627361
0.888000000003698	0.12119063020639564
0.8890000000037024	0.12118404682599249
0.8900000000037065	0.1211774564935274
0.8910000000037106	0.12117085922500281
0.8920000000037149	0.12116425489675553
0.893000000003719	0.12115764363153048
0.8940000000037231	0.12115102548029921
0.8950000000037273	0.12114440021589956
0.8960000000037316	0.12113776827070777
0.8970000000037357	0.12113112918757052
0.8980000000037398	0.12112448262592612
0.8990000000037441	0.1211178297327049
0.9000000000037482	0.12111116985549975
0.9010000000037524	0.12110450268707107
0.9020000000037565	0.12109782867506458
0.9030000000037608	0.12109114785272135
0.9040000000037649	0.12108445964335413
0.905000000003769	0.12107776479534871
0.9060000000037733	0.12107106308798876
0.9070000000037775	0.12106435440889773
0.9080000000037816	0.12105763867261665
0.9090000000037857	0.12105091590205641
0.91000000000379	0.12104418627978875
0.9110000000037939	0.12103744977707187
0.912000000003798	0.12103070635209967
0.9130000000038023	0.12102395576503389
0.9140000000038064	0.1210171984770142
0.9150000000038105	0.12101043409369472
0.9160000000038147	0.12100366283155228
0.917000000003819	0.12099688468202396
0.9180000000038231	0.12099009945659411
0.9190000000038272	0.12098330731453089
0.9200000000038315	0.120976508366331
0.9210000000038356	0.1209697021335282
0.9220000000038397	0.12096288953279233
0.9230000000038439	0.1209560694258226
0.9240000000038482	0.12094924266297191
0.9250000000038523	0.12094240899987985
0.9260000000038564	0.12093556850971465
0.9270000000038607	0.12092872090413731
0.9280000000038648	0.12092186665570948
0.929000000003869	0.12091500504088348
0.9300000000038731	0.12090813679674772
0.9310000000038774	0.12090126158054726
0.9320000000038815	0.12089437941753878
0.9330000000038856	0.12088749029845192
0.9340000000038899	0.12088059427950171
0.935000000003894	0.12087369115833713
0.9360000000038982	0.1208667816335608
0.9370000000039023	0.12085986497062717
0.9380000000039066	0.12085294130737179
0.9390000000039107	0.12084601070819312
0.9400000000039148	0.12083907327845356
0.9410000000039191	0.12083212875245775
0.942000000003923	0.12082517772888302
0.9430000000039271	0.12081821943006121
0.9440000000039312	0.12081125442220464
0.9450000000039356	0.12080428237033092
0.9460000000039397	0.12079730354272467
0.9470000000039438	0.12079031781440142
0.9480000000039481	0.12078332539900005
0.9490000000039522	0.12077632467964605
0.9500000000039563	0.12076931947899683
0.9510000000039605	0.12076230589744752
0.9520000000039648	0.12075528556075676
0.9530000000039689	0.12074825841608006
0.954000000003973	0.12074122480049165
0.9550000000039773	0.12073418383335177
0.9560000000039814	0.12072713571146587
0.9570000000039856	0.12072008159792924
0.9580000000039897	0.12071301927254785
0.959000000003994	0.12070595184924404
0.9600000000039981	0.12069887556959125
0.9610000000040022	0.12069179425023147
0.9620000000040065	0.12068470516148722
0.9630000000040106	0.12067760931615557
0.9640000000040148	0.1206705060369041
0.9650000000040189	0.12066339702685536
0.9660000000040232	0.12065628020776664
0.9670000000040273	0.12064915713662461
0.9680000000040314	0.12064202711999228
0.9690000000040357	0.12063488880498663
0.9700000000040399	0.12062774595039527
0.9710000000040437	0.12062059490122956
0.9720000000040478	0.12061343729909169
0.9730000000040522	0.12060627302439886
0.9740000000040563	0.1205991005141479
0.9750000000040604	0.12059192340423208
0.9760000000040647	0.12058473812559856
0.9770000000040688	0.12057754620471439
0.978000000004073	0.12057034767206465
0.979000000004077	0.12056314089862452
0.9800000000040812	0.12055592962530115
0.9810000000040855	0.12054871006519197
0.9820000000040896	0.1205414838779999
0.9830000000040937	0.12053425089727321
0.984000000004098	0.12052701136388466
0.9850000000041004	0.12051976459792513
0.9860000000041018	0.12051251088128212
0.987000000004103	0.12050525094736708
0.9880000000041045	0.12049798355333308
0.9890000000041059	0.12049070851164667
0.9900000000041072	0.12048342907319198
0.9910000000041086	0.12047614040954013
0.99200000000411	0.12046884672604019
0.9930000000041115	0.12046154487353511
0.9940000000041127	0.12045423698002866
0.9950000000041141	0.12044692224330455
0.9960000000041156	0.12043959997882603
0.997000000004117	0.12043227143663071
0.9980000000041185	0.12042493631658546
0.9990000000041197	0.12041759395949447
1.0000000000041211	0.12041024499090591
1.001000000004117	0.12040288915803021
1.002000000004113	0.12039552627449712
1.0030000000041086	0.12038815694018346
1.0040000000041045	0.12038078053320367
1.0050000000041002	0.12037339729211016
1.006000000004096	0.1203660075931533
1.007000000004092	0.12035861084141297
1.0080000000040878	0.12035120731391702
1.0090000000040837	0.12034379695325914
1.0100000000040794	0.12033637990284052
1.0110000000040753	0.12032895603074645
1.012000000004071	0.12032152534212681
1.0130000000040669	0.12031408783905373
1.0140000000040628	0.12030664359968135
1.0150000000040587	0.12029919252214771
1.0160000000040534	0.12029173464568654
1.0170000000040464	0.12028426994559083
1.0180000000040397	0.1202767985287585
1.0190000000040325	0.12026932025936854
1.0200000000040257	0.12026183535002732
1.021000000004019	0.12025434380463007
1.0220000000040117	0.12024684506705363
1.023000000004005	0.1202393393833765
1.0240000000039977	0.12023182774906471
1.025000000003991	0.12022430872693524
1.026000000003984	0.12021678303164163
1.027000000003977	0.12020925057041287
1.0280000000039702	0.12020171137607749
1.0290000000039632	0.1201941656470994
1.0300000000039562	0.12018661262396446
1.0310000000039494	0.12017905289116193
1.0320000000039424	0.12017148682466028
1.0330000000039354	0.12016391373957602
1.0340000000039287	0.12015633398932501
1.0350000000039217	0.12014874745991344
1.0360000000039147	0.12014115420390481
1.0370000000039077	0.12013355402541115
1.0380000000039007	0.12012594728051296
1.039000000003894	0.1201183337100783
1.0400000000038867	0.12011071331398449
1.04100000000388	0.1201030863642889
1.0420000000038732	0.12009545249301135
1.043000000003866	0.12008781187404804
1.0440000000038592	0.12008016456125015
1.0450000000038522	0.12007251055344692
1.0460000000038452	0.12006484976653042
1.0470000000038384	0.1200571822002614
1.0480000000038314	0.1200495080843138
1.0490000000038244	0.12004182704213895
1.0500000000038174	0.12003413955608344
1.0510000000038104	0.12002644490006309
1.0520000000038037	0.12001874369801069
1.0530000000037967	0.12001103577414551
1.0540000000037897	0.1200033211510495
1.055000000003783	0.11999559993745423
1.056000000003776	0.11998787125135735
1.057000000003769	0.11998013683921394
1.0580000000037622	0.11997239539032023
1.059000000003755	0.11996464678562768
1.0600000000037482	0.11995689194823034
1.0610000000037412	0.11994913028174381
1.0620000000037342	0.11994136190518523
1.0630000000037274	0.11993358701086998
1.0640000000037202	0.11992580402102315
1.0650000000037134	0.11991801668275637
1.0660000000037064	0.11991022143172048
1.0670000000036994	0.11990241831122195
1.0680000000036927	0.11989461079104657
1.0690000000036857	0.11988679519845591
1.0700000000036787	0.11987897307246786
1.071000000003672	0.1198711443052316
1.072000000003665	0.11986330860232153
1.073000000003658	0.11985546641403433
1.0740000000036511	0.11984761803123645
1.075000000003644	0.11983976230061288
1.0760000000036372	0.11983189977193476
1.0770000000036304	0.11982403141325271
1.0780000000036232	0.1198161554947208
1.0790000000036164	0.11980827268135219
1.0800000000036092	0.11980038389954972
1.0810000000036024	0.11979248825980826
1.0820000000035954	0.11978458607818898
1.0830000000035884	0.11977667742134745
1.0840000000035817	0.11976876132776304
1.0850000000035747	0.11976083945645422
1.0860000000035677	0.11975290933508509
1.087000000003561	0.11974497420729047
1.088000000003554	0.11973703230974986
1.089000000003547	0.11972908309765584
1.0900000000035401	0.11972112634386745
1.091000000003533	0.11971316495846906
1.0920000000035262	0.11970519588020889
1.0930000000035192	0.11969721928064525
1.0940000000035122	0.11968923777992657
1.0950000000035054	0.11968124874797803
1.0960000000034982	0.11967325231578518
1.0970000000034914	0.11966525045852272
1.0980000000034844	0.11965724133847522
1.0990000000034774	0.11964922538518286
1.1000000000034706	0.11964120356944852
1.1010000000034637	0.11963317432260445
1.1020000000034567	0.11962513872138614
1.1030000000034499	0.11961709643739471
1.104000000003443	0.11960904749253376
1.105000000003436	0.11960099192490747
1.106000000003429	0.11959292969085877
1.107000000003422	0.11958486090648035
1.1080000000034151	0.11957678543461248
1.1090000000034081	0.11956870334035719
1.1100000000034012	0.11956061461316714
1.1110000000033944	0.11955251928745314
1.1120000000033872	0.11954441730758814
1.1130000000033804	0.11953630873312682
1.1140000000033736	0.11952819345459043
1.1150000000033664	0.11952007159951128
1.1160000000033596	0.11951194321469338
1.1170000000033526	0.11950380809419792
1.1180000000033457	0.11949566619246155
1.1190000000033387	0.1194875181130195
1.1200000000033317	0.1194793633473562
1.121000000003325	0.11947120174486692
1.122000000003318	0.1194630331740062
1.123000000003311	0.11945485847546489
1.1240000000033041	0.11944667698188938
1.1250000000032971	0.1194384889173965
1.1260000000032901	0.11943029426769602
1.1270000000032834	0.11942209302578322
1.1280000000032764	0.1194138851621166
1.1290000000032694	0.11940567071434227
1.1300000000032626	0.11939744971069022
1.1310000000032554	0.11938922210023817
1.1320000000032486	0.11938098786797446
1.1330000000032414	0.11937274706400447
1.1340000000032346	0.11936449972442231
1.1350000000032279	0.11935624568335235
1.1360000000032207	0.1193479851504462
1.1370000000032139	0.11933971802892862
1.138000000003207	0.11933144411737284
1.1390000000032	0.11932316389484832
1.1400000000031931	0.11931487726190393
1.1410000000031861	0.11930658362871882
1.1420000000031791	0.11929828321643776
1.1430000000031724	0.11928997709856215
1.1440000000031654	0.1192816639547346
1.1450000000031584	0.11927334343843532
1.1460000000031516	0.11926501684436008
1.1470000000031444	0.11925668410623347
1.1480000000031376	0.1192483447368442
1.1490000000031304	0.11923999866166601
1.1500000000031236	0.11923164609581083
1.1510000000031169	0.11922328686845662
1.1520000000031096	0.11921492114765331
1.1530000000031029	0.11920654890034499
1.1540000000030959	0.1191981701222995
1.155000000003089	0.11918978455482199
1.1560000000030821	0.11918139284484097
1.1570000000030751	0.11917299418881577
1.1580000000030681	0.1191645890911388
1.1590000000030614	0.11915617746362228
1.1600000000030544	0.11914775927547172
1.1610000000030474	0.11913933482297956
1.1620000000030404	0.11913090329762399
1.1630000000030334	0.11912246545228633
1.1640000000030266	0.1191140210919851
1.1650000000030196	0.11910557014664791
1.1660000000030126	0.11909711279190072
1.1670000000030059	0.11908864887083359
1.1680000000029986	0.11908017831662754
1.1690000000029919	0.11907170137126988
1.1700000000029849	0.11906321786127361
1.1710000000029779	0.1190547278107712
1.172000000002971	0.11904623126454206
1.1730000000029641	0.11903772807922142
1.1740000000029571	0.11902921844672898
1.1750000000029501	0.11902070191930114
1.1760000000029431	0.11901217986515
1.1770000000029364	0.11900365042971817
1.1780000000029294	0.118995114728488
1.1790000000029224	0.11898657250574618
1.1800000000029156	0.11897802379664757
1.1810000000029086	0.1189694685988264
1.1820000000029016	0.11896090700540174
1.1830000000028948	0.11895233878134981
1.1840000000028876	0.11894376405092943
1.1850000000028809	0.11893518277929238
1.186000000002874	0.11892659480380408
1.1870000000028669	0.11891800070799385
1.18800000000286	0.11890939990001093
1.1890000000028529	0.11890079267241549
1.1900000000028461	0.1188921789311771
1.1910000000028391	0.11888355873929024
1.1920000000028321	0.1188749320987057
1.1930000000028254	0.11886629891653988
1.1940000000028184	0.11885765920429536
1.1950000000028114	0.11884901308759399
1.1960000000028046	0.11884036051778779
1.1970000000027976	0.1188317013399347
1.1980000000027906	0.11882303577632058
1.1990000000027838	0.11881436380516819
1.2000000000027768	0.11880568518578372
1.2010000000027699	0.11879700017937167
1.2020000000027629	0.11878830903600401
1.2030000000027559	0.11877961088066746
1.204000000002749	0.11877090626977893
1.2050000000027419	0.11876219597123594
1.206000000002735	0.11875347814572301
1.2070000000027283	0.11874475409596486
1.2080000000027211	0.11873602392844207
1.2090000000027143	0.11872728722427395
1.2100000000027074	0.11871854419020167
1.2110000000027004	0.11870979449566943
1.2120000000026936	0.1187010384868995
1.2130000000026866	0.1186922760123651
1.2140000000026796	0.1186835071628708
1.2150000000026726	0.11867473186943156
1.2160000000026656	0.11866594952067855
1.2170000000026588	0.1186571614378995
1.2180000000026519	0.11864836685670277
1.2190000000026449	0.11863956568248968
1.220000000002638	0.11863075807357149
1.2210000000026309	0.11862194400916448
1.222000000002624	0.11861312348379782
1.2230000000026173	0.11860429641615433
1.2240000000026101	0.118595462994459
1.2250000000026033	0.11858662336095427
1.2260000000025963	0.11857777712502238
1.2270000000025894	0.11856892449569378
1.2280000000025826	0.1185600654969482
1.2290000000025754	0.11855120007132847
1.2300000000025686	0.11854232818321375
1.2310000000025616	0.11853344983437974
1.2320000000025546	0.11852456513225396
1.2330000000025478	0.118515674062593
1.2340000000025408	0.11850677642969043
1.2350000000025338	0.11849787255879085
1.236000000002527	0.11848896226210703
1.23700000000252	0.11848004528614697
1.238000000002513	0.11847112214537736
1.2390000000025063	0.11846219302421956
1.240000000002499	0.11845325718016697
1.2410000000024923	0.11844431419905777
1.2420000000024853	0.11843536507078878
1.2430000000024783	0.11842641021950495
1.2440000000024716	0.11841744875931237
1.2450000000024644	0.11840848083664113
1.2460000000024576	0.11839950660397625
1.2470000000024506	0.11839052606422329
1.2480000000024436	0.11838153898788539
1.2490000000024368	0.11837254539857578
1.2500000000024298	0.11836354549428774
1.2510000000024228	0.11835453916406735
1.252000000002416	0.11834552658248165
1.253000000002409	0.1183365076452797
1.254000000002402	0.118327482322516
1.2550000000023953	0.11831845063780522
1.256000000002388	0.11830941247051618
1.2570000000023813	0.11830036807564148
1.2580000000023743	0.11829131730751596
1.2590000000023673	0.11828225995788533
1.2600000000023606	0.11827319651361068
1.2610000000023533	0.11826412663648445
1.2620000000023466	0.11825505020995675
1.2630000000023396	0.11824596767687323
1.2640000000023326	0.11823687870660926
1.2650000000023258	0.11822778362551101
1.2660000000023188	0.11821868176096251
1.2670000000023118	0.11820957370059071
1.268000000002305	0.11820045943084179
1.269000000002298	0.1181913383949652
1.270000000002291	0.11818221161454945
1.271000000002284	0.11817307833624846
1.272000000002277	0.11816393825637783
1.2730000000022703	0.11815479230664983
1.2740000000022633	0.118145639913396
1.2750000000022563	0.11813648111257213
1.2760000000022496	0.11812731608969085
1.2770000000022423	0.11811814469053195
1.2780000000022356	0.11810896685928729
1.2790000000022288	0.1180997830763002
1.2800000000022216	0.11809059212631956
1.2810000000022148	0.11808139577215848
1.2820000000022078	0.11807219288690662
1.2830000000022008	0.11806298353960465
1.2840000000021938	0.11805376728316996
1.2850000000021868	0.11804454562246913
1.28600000000218	0.11803531738283068
1.287000000002173	0.11802608278969107
1.288000000002166	0.11801684190178974
1.2890000000021593	0.1180075947403072
1.2900000000021523	0.1179983412260247
1.2910000000021453	0.11798908143029363
1.2920000000021385	0.11797981527637535
1.2930000000021313	0.11797054295338527
1.2940000000021246	0.11796126422017994
1.2950000000021178	0.1179519794711239
1.2960000000021106	0.1179426880478347
1.2970000000021038	0.11793339038704953
1.2980000000020966	0.11792408665969556
1.2990000000020898	0.11791477617095925
1.3000000000020828	0.11790545995498414
1.3010000000020758	0.11789613741752236
1.302000000002069	0.11788680818525421
1.303000000002062	0.1178774721888951
1.304000000002055	0.11786813129581164
1.3050000000020483	0.11785878367140534
1.3060000000020413	0.11784942936065113
1.3070000000020343	0.11784006915146561
1.3080000000020275	0.11783070251331207
1.3090000000020205	0.11782132962868852
1.3100000000020136	0.11781195031109593
1.3110000000020068	0.11780256484981044
1.3120000000019996	0.11779317309246862
1.3130000000019928	0.11778377509930194
1.3140000000019856	0.11777437091094156
1.3150000000019788	0.11776496049264706
1.316000000001972	0.11775554374749053
1.3170000000019648	0.11774612072798496
1.318000000001958	0.11773669157998201
1.319000000001951	0.1177272561712911
1.320000000001944	0.11771781450607843
1.3210000000019373	0.11770836648174765
1.3220000000019303	0.11769891194318716
1.3230000000019233	0.11768945127445851
1.3240000000019165	0.11767998476790253
1.3250000000019095	0.11767051196114164
1.3260000000019025	0.11766103287258667
1.3270000000018956	0.11765154750837192
1.3280000000018886	0.11764205587973442
1.3290000000018818	0.11763255815045304
1.3300000000018748	0.11762305413793639
1.3310000000018678	0.11761354408490965
1.332000000001861	0.11760402741987075
1.3330000000018538	0.11759450463015098
1.334000000001847	0.1175849759345795
1.33500000000184	0.11757544050077773
1.336000000001833	0.117565899089494
1.3370000000018263	0.11755635149789512
1.3380000000018193	0.11754679768143073
1.3390000000018123	0.11753723797247984
1.3400000000018053	0.11752767082980664
1.3410000000017983	0.11751809926523227
1.3420000000017915	0.1175085207165627
1.3430000000017845	0.11749893542872358
1.3440000000017776	0.11748934474719874
1.3450000000017708	0.11747974730769406
1.3460000000017638	0.11747014373610587
1.3470000000017568	0.11746053417258118
1.34800000000175	0.1174509184625806
1.3490000000017428	0.1174412965464724
1.350000000001736	0.1174316684573754
1.3510000000017293	0.11742203418352104
1.352000000001722	0.11741239357247735
1.3530000000017153	0.1174027469916511
1.354000000001708	0.11739309413348498
1.3550000000017013	0.11738343536729245
1.3560000000016943	0.11737376999634319
1.3570000000016873	0.1173640985811788
1.3580000000016805	0.11735442082587477
1.3590000000016735	0.1173447366970648
1.3600000000016665	0.11733504698864883
1.3610000000016598	0.11732535107958497
1.3620000000016528	0.11731564892012358
1.3630000000016458	0.11730594052499999
1.364000000001639	0.11729622596792644
1.3650000000016318	0.11728650539261498
1.366000000001625	0.11727677858866059
1.367000000001618	0.11726704546261812
1.368000000001611	0.11725730635751219
1.3690000000016043	0.11724756109195467
1.370000000001597	0.11723780952703478
1.3710000000015903	0.11722805203686515
1.3720000000015833	0.11721828830774428
1.3730000000015763	0.11720851870959614
1.3740000000015695	0.11719874253006557
1.3750000000015625	0.11718896035823079
1.3760000000015555	0.1171791723610569
1.3770000000015488	0.11716937733656807
1.3780000000015418	0.11715957672573019
1.3790000000015348	0.11714977021123962
1.3800000000015278	0.1171399574966362
1.3810000000015208	0.11713013858817511
1.382000000001514	0.11712031371250031
1.383000000001507	0.11711048281960257
1.3840000000015	0.11710064540391385
1.3850000000014933	0.11709080199653121
1.386000000001486	0.11708095259298568
1.3870000000014793	0.11707109669503502
1.3880000000014725	0.11706123526482981
1.3890000000014653	0.11705136752273537
1.3900000000014585	0.11704149304719813
1.3910000000014515	0.11703161300542209
1.3920000000014445	0.11702172702859981
1.3930000000014378	0.11701183495266043
1.3940000000014305	0.11700193665482184
1.3950000000014238	0.11699203250852663
1.3960000000014168	0.11698212185725765
1.3970000000014098	0.11697220524208063
1.398000000001403	0.11696228281208088
1.399000000001396	0.11695235382191371
1.400000000001389	0.11694241922958803
1.4010000000013823	0.11693247725823097
1.4020000000013753	0.11692253108608508
1.4030000000013683	0.11691257770659713
1.4040000000013615	0.11690261886957376
1.4050000000013543	0.11689265352109102
1.4060000000013475	0.11688268195784057
1.4070000000013405	0.11687270460439214
1.4080000000013335	0.11686272132892572
1.4090000000013267	0.11685273183853839
1.4100000000013195	0.11684273653819632
1.4110000000013128	0.11683273477354061
1.4120000000013058	0.11682272704598151
1.4130000000012988	0.11681271313119901
1.414000000001292	0.11680269307815683
1.415000000001285	0.11679266740001237
1.416000000001278	0.1167826355216095
1.4170000000012712	0.11677259747202817
1.4180000000012642	0.11676255360949583
1.4190000000012573	0.11675250358449363
1.4200000000012505	0.11674244778131793
1.4210000000012433	0.11673238561986843
1.4220000000012365	0.11672231688441292
1.4230000000012293	0.11671224295138449
1.4240000000012225	0.1167021629753815
1.4250000000012157	0.11669207612568822
1.4260000000012085	0.11668198380310346
1.4270000000012018	0.11667188577707921
1.4280000000011948	0.11666178140881511
1.4290000000011878	0.11665167105597185
1.430000000001181	0.11664155464392789
1.431000000001174	0.11663143222985495
1.432000000001167	0.11662130384267955
1.4330000000011602	0.11661116931855475
1.4340000000011532	0.11660102881403256
1.4350000000011462	0.11659088253210159
1.4360000000011393	0.11658073012108516
1.4370000000011323	0.11657057139467297
1.4380000000011255	0.11656040674893176
1.4390000000011185	0.11655023621840088
1.4400000000011115	0.11654005974523551
1.4410000000011047	0.11652987734823306
1.4420000000010975	0.11651968884374164
1.4430000000010907	0.11650949441511482
1.4440000000010837	0.11649929405022996
1.4450000000010768	0.11648908768747734
1.44600000000107	0.11647887503759247
1.447000000001063	0.11646865646358406
1.448000000001056	0.11645843201534456
1.449000000001049	0.11644820174189974
1.450000000001042	0.11643796532567052
1.4510000000010352	0.11642772290515768
1.4520000000010282	0.11641747437257821
1.4530000000010213	0.11640722035883799
1.4540000000010145	0.11639695979889031
1.4550000000010075	0.11638669337520202
1.4560000000010005	0.1163764214034756
1.4570000000009937	0.11636614337457152
1.4580000000009865	0.11635585936479731
1.4590000000009797	0.1163455692043367
1.460000000000973	0.11633527256211573
1.4610000000009657	0.11632497063142999
1.462000000000959	0.11631466313134808
1.4630000000009518	0.11630434920378951
1.464000000000945	0.11629402918006171
1.465000000000938	0.11628370292088053
1.466000000000931	0.11627337133472393
1.4670000000009242	0.11626303369182311
1.4680000000009172	0.11625269006981509
1.4690000000009102	0.11624234063100292
1.4700000000009035	0.11623198516379563
1.4710000000008965	0.11622162343898312
1.4720000000008895	0.11621125599236881
1.4730000000008827	0.1162008826225428
1.4740000000008757	0.1161905032460342
1.4750000000008687	0.11618011814643303
1.476000000000862	0.11616972741681986
1.4770000000008547	0.11615933019090807
1.478000000000848	0.11614892731782112
1.4790000000008408	0.11613851822100907
1.480000000000834	0.11612810310935795
1.4810000000008272	0.11611768260816768
1.48200000000082	0.1161072563437413
1.4830000000008132	0.11609682367817586
1.4840000000008062	0.11608638527182458
1.4850000000007992	0.11607594109386599
1.4860000000007925	0.1160654903909093
1.4870000000007855	0.11605503417248475
1.4880000000007785	0.11604457264709356
1.4890000000007717	0.11603410472467413
1.4900000000007645	0.11602363051352793
1.4910000000007577	0.11601315081667574
1.4920000000007507	0.11600266502661039
1.4930000000007437	0.11599217373054471
1.494000000000737	0.11598167660859915
1.49500000000073	0.115971173194233
1.496000000000723	0.11596066366334323
1.497000000000716	0.11595014889433963
1.498000000000709	0.11593962814825198
1.4990000000007022	0.11592910144013102
1.5000000000006952	0.11591856873948991
1.5010000000006882	0.11590803007853168
1.5020000000006815	0.11589748555172097
1.5030000000006745	0.11588693532900629
1.5040000000006675	0.11587637923288807
1.5050000000006605	0.11586581736375634
1.5060000000006535	0.11585524953182191
1.5070000000006467	0.11584467595337078
1.5080000000006397	0.1158340964707758
1.5090000000006327	0.11582351079238506
1.5100000000006257	0.1158129194218609
1.5110000000006187	0.11580232229448961
1.512000000000612	0.1157917194139566
1.513000000000605	0.11578111084188225
1.514000000000598	0.11577049626370162
1.5150000000005912	0.11575987555476475
1.5160000000005842	0.115749249230503
1.5170000000005772	0.11573861708301825
1.5180000000005702	0.11572797904901755
1.5190000000005632	0.11571733552956842
1.5200000000005565	0.11570668557596098
1.5210000000005495	0.11569602970463966
1.5220000000005425	0.11568536873406154
1.5230000000005357	0.11567470175098471
1.5240000000005285	0.11566402883252191
1.5250000000005217	0.11565335023801848
1.5260000000005147	0.1156426655541738
1.5270000000005077	0.11563197479427545
1.528000000000501	0.11562127880336015
1.529000000000494	0.11561057694528487
1.530000000000487	0.11559986879659234
1.53100000000048	0.11558915494626043
1.532000000000473	0.11557843555016023
1.5330000000004662	0.1155677104939119
1.5340000000004592	0.11555697985526747
1.5350000000004522	0.11554624309888784
1.5360000000004455	0.11553549985876521
1.5370000000004385	0.11552475136244933
1.5380000000004315	0.11551399741974588
1.5390000000004245	0.11550323754296721
1.5400000000004175	0.11549247197043688
1.5410000000004107	0.11548170044570027
1.5420000000004037	0.11547092302992001
1.5430000000003967	0.11546013989329362
1.5440000000003897	0.11544935086851549
1.5450000000003827	0.11543855621692056
1.546000000000376	0.11542775575353947
1.547000000000369	0.11541694964015214
1.548000000000362	0.11540613735747307
1.549000000000355	0.11539531974722905
1.5500000000003482	0.11538449649503302
1.5510000000003412	0.11537366676054939
1.5520000000003342	0.11536283181113172
1.5530000000003272	0.11535199123827433
1.5540000000003205	0.11534114478648594
1.5550000000003135	0.11533029281101914
1.5560000000003065	0.11531943395008559
1.5570000000002997	0.1153085707326773
1.5580000000002925	0.11529770107446258
1.5590000000002857	0.11528682572385063
1.5600000000002787	0.1152759447828019
1.5610000000002717	0.11526505796152886
1.5620000000002647	0.11525416560329871
1.5630000000002577	0.1152432675567513
1.564000000000251	0.11523236310118379
1.565000000000244	0.11522145331892941
1.566000000000237	0.11521053845285867
1.5670000000002302	0.11519961739713291
1.5680000000002232	0.11518869002099652
1.5690000000002162	0.11517775731805013
1.5700000000002092	0.11516681937471052
1.5710000000002025	0.11515587537831107
1.5720000000001955	0.1151449253906176
1.5730000000001885	0.1151339699456504
1.5740000000001815	0.11512300885081095
1.5750000000001747	0.11511204234364059
1.5760000000001675	0.11510106929026298
1.5770000000001607	0.11509009142847693
1.5780000000001537	0.11507910715221248
1.5790000000001467	0.11506811746894019
1.58000000000014	0.11505712222191589
1.581000000000133	0.11504612119386226
1.582000000000126	0.11503511439985037
1.583000000000119	0.11502410182769096
1.584000000000112	0.11501308368855878
1.5850000000001052	0.11500205971916044
1.5860000000000982	0.11499103051234272
1.5870000000000912	0.11497999548621096
1.5880000000000845	0.11496895418951347
1.5890000000000775	0.11495790763126879
1.5900000000000705	0.11494685587817788
1.5910000000000635	0.11493579769326656
1.5920000000000565	0.1149247339676106
1.5930000000000497	0.11491366507436096
1.5940000000000427	0.11490259021422777
1.5950000000000357	0.11489150949668514
1.5960000000000287	0.11488042309217339
1.5970000000000217	0.11486933152371226
1.598000000000015	0.11485823378777116
1.599000000000008	0.114847130390195
1.600000000000001	0.11483602192593045
1.6009999999999942	0.11482490746064922
1.6019999999999872	0.11481378719956714
1.6029999999999802	0.11480266146926688
1.6039999999999732	0.11479153012001497
1.6049999999999662	0.11478039296076314
1.6059999999999595	0.11476925031941876
1.6069999999999525	0.11475810206547465
1.6079999999999455	0.11474694797292351
1.6089999999999387	0.11473578841668641
1.6099999999999315	0.11472462322210619
1.6109999999999247	0.11471345242328401
1.6119999999999177	0.11470227578196435
1.6129999999999107	0.11469109360135277
1.6139999999999037	0.1146799063238273
1.614999999999897	0.11466871282984792
1.61599999999989	0.11465751368536248
1.616999999999883	0.1146463093810306
1.617999999999876	0.11463509915307668
1.6189999999998692	0.1146238833197939
1.6199999999998622	0.11461266189628838
1.6209999999998552	0.11460143513231413
1.6219999999998485	0.114590201558878
1.6229999999998415	0.1145789643510079
1.6239999999998345	0.11456772062296772
1.6249999999998275	0.11455647042617245
1.6259999999998205	0.11454521608209589
1.6269999999998137	0.114533955296509
1.6279999999998067	0.11452268920117725
1.6289999999997997	0.11451141752676364
1.6299999999997927	0.11450014003944209
1.6309999999997857	0.11448885735549852
1.631999999999779	0.11447756890956073
1.632999999999772	0.11446627470085435
1.633999999999765	0.11445497483584988
1.634999999999758	0.11444366953154061
1.6359999999997512	0.11443235900447579
1.6369999999997442	0.11442104260119179
1.6379999999997372	0.11440972068014776
1.6389999999997302	0.11439839333487356
1.6399999999997235	0.11438706018285594
1.6409999999997165	0.11437572161152987
1.6419999999997095	0.11436437758133378
1.6429999999997025	0.11435302789112767
1.6439999999996955	0.11434167255848071
1.6449999999996887	0.11433031179685116
1.6459999999996817	0.11431894525520925
1.6469999999996747	0.11430757346893605
1.6479999999996677	0.11429619628942977
1.6489999999996607	0.11428481303631222
1.649999999999654	0.11427342430829379
1.650999999999647	0.11426203039642169
1.65199999999964	0.11425063099166621
1.6529999999996332	0.11423922601027692
1.6539999999996262	0.11422781513400027
1.6549999999996192	0.11421639901766079
1.6559999999996122	0.11420497760889026
1.6569999999996052	0.11419355036923307
1.6579999999995985	0.11418211752957175
1.6589999999995915	0.11417067895279887
1.6599999999995845	0.11415923520606353
1.6609999999995777	0.11414778610491338
1.6619999999995705	0.1141363313915078
1.6629999999995637	0.11412487103798274
1.6639999999995567	0.11411340520803237
1.6649999999995497	0.11410193391215562
1.665999999999543	0.11409045700441067
1.666999999999536	0.11407897462517491
1.667999999999529	0.11406748681704804
1.668999999999522	0.11405599359897245
1.669999999999515	0.11404449481411805
1.6709999999995082	0.11403299060992511
1.6719999999995012	0.11402148072097118
1.6729999999994942	0.11400996576357669
1.6739999999994875	0.11399844502334955
1.6749999999994805	0.11398691858856602
1.6759999999994735	0.11397538709077681
1.6769999999994665	0.11396384993866149
1.6779999999994595	0.11395230745817764
1.6789999999994527	0.11394075904940348
1.6799999999994457	0.11392920534460182
1.6809999999994387	0.11391764653003611
1.6819999999994317	0.11390608205524166
1.6829999999994247	0.11389451211883994
1.683999999999418	0.11388293674163052
1.684999999999411	0.11387135578107033
1.685999999999404	0.11385976931904052
1.6869999999993972	0.11384817762592059
1.6879999999993902	0.11383658054562784
1.6889999999993832	0.11382497709492645
1.6899999999993762	0.11381336963402233
1.6909999999993692	0.11380175614806998
1.6919999999993625	0.11379013705128616
1.6929999999993555	0.11377851249395976
1.6939999999993485	0.11376688299090576
1.6949999999993415	0.11375524742926624
1.6959999999993345	0.11374360646297432
1.6969999999993277	0.11373196071468938
1.6979999999993207	0.1137203084846764
1.6989999999993137	0.11370865223408488
1.6999999999993067	0.11369698955317831
1.7009999999993	0.11368532141305154
1.701999999999293	0.1136736484971036
1.702999999999286	0.11366196990917576
1.703999999999279	0.11365028547866163
1.7049999999992722	0.11363859609253524
1.7059999999992652	0.11362690090357719
1.7069999999992582	0.11361520062001385
1.7079999999992515	0.11360349525746272
1.7089999999992442	0.11359178406694925
1.7099999999992375	0.11358006731091042
1.7109999999992305	0.11356834542908634
1.7119999999992235	0.11355661798599581
1.7129999999992167	0.11354488538037866
1.7139999999992095	0.11353314742830323
1.7149999999992027	0.11352140391037235
1.7159999999991957	0.11350965498525345
1.7169999999991887	0.11349790083893274
1.717999999999182	0.1134861412579079
1.718999999999175	0.11347437613088063
1.719999999999168	0.11346260577514644
1.720999999999161	0.11345083010215395
1.721999999999154	0.11343904896640766
1.7229999999991472	0.11342726243250545
1.7239999999991402	0.11341547038745226
1.7249999999991332	0.11340367344328184
1.7259999999991265	0.1133918710776256
1.7269999999991195	0.11338006278659007
1.7279999999991125	0.11336824939359902
1.7289999999991055	0.11335643101771686
1.7299999999990985	0.11334460711017524
1.7309999999990917	0.11333277769715511
1.7319999999990847	0.11332094282475369
1.7329999999990777	0.11330910298689334
1.7339999999990707	0.1132972575887109
1.7349999999990655	0.11328540685430155
1.7359999999990614	0.11327355099323788
1.7369999999990573	0.11326168952539173
1.7379999999990532	0.11324982305459164
1.7389999999990489	0.11323795096756828
1.7399999999990448	0.11322607360471226
1.7409999999990406	0.11321419088804707
1.7419999999990363	0.11320230265772435
1.7429999999990322	0.11319040899161836
1.743999999999028	0.11317851067233764
1.744999999999024	0.11316660695849157
1.74599999999902	0.11315469736289663
1.7469999999990156	0.11314278253378751
1.7479999999990115	0.11313086294343788
1.7489999999990071	0.11311893801331374
1.749999999999003	0.11310700713256339
1.7509999999990045	0.11309507155459964
1.751999999999006	0.1130831306203105
1.7529999999990071	0.11307118411086658
1.7539999999990086	0.11305923233823179
1.75499999999901	0.11304727531212777
1.7559999999990115	0.11303531321761029
1.756999999999013	0.11302334516433987
1.7579999999990141	0.11301137294099861
1.7589999999990156	0.11299939482873522
1.759999999999017	0.11298741142836
1.7609999999990182	0.11297542232879754
1.7619999999990197	0.1129634281905938
1.7629999999990211	0.11295142918244228
1.7639999999990226	0.11293942499495868
1.7649999999990238	0.11292741523896077
1.7659999999990263	0.11291540005567002
1.7669999999990305	0.1129033795808807
1.7679999999990346	0.11289135405821871
1.7689999999990387	0.1128793235182145
1.769999999999043	0.11286728751383701
1.7709999999990471	0.11285524614712317
1.7719999999990512	0.11284319945196475
1.7729999999990556	0.112831147643488
1.7739999999990597	0.11281909029994885
1.7749999999990638	0.11280702824155653
1.7759999999990679	0.11279496104525133
1.776999999999072	0.11278288798263492
1.7779999999990763	0.11277080971537312
1.7789999999990804	0.11275872633080763
1.7799999999990845	0.11274663790984318
1.7809999999990886	0.11273454459184362
1.781999999999093	0.11272244588998093
1.782999999999097	0.11271034169206251
1.7839999999991012	0.11269823203351859
1.7849999999991053	0.11268611716887489
1.7859999999991096	0.11267399729682137
1.7869999999991137	0.11266187227742686
1.7879999999991179	0.11264974239842562
1.788999999999122	0.11263760700125247
1.789999999999126	0.11262546632055659
1.7909999999991304	0.1126133203637043
1.7919999999991345	0.11260116948985144
1.7929999999991386	0.11258901295863089
1.7939999999991427	0.11257685150402486
1.794999999999147	0.11256468478140846
1.7959999999991512	0.11255251279168998
1.7969999999991553	0.11254033598595137
1.7979999999991594	0.11252815398923
1.7989999999991637	0.11251596663783059
1.7999999999991678	0.11250377364148445
1.800999999999172	0.11249157574771507
1.801999999999176	0.11247937284425658
1.8029999999991801	0.11246716486219455
1.8039999999991845	0.11245495166446684
1.8049999999991886	0.11244273337818922
1.8059999999991927	0.11243050863666015
1.8069999999991968	0.11241828088108652
1.8079999999992011	0.11240604668762177
1.8089999999992052	0.11239380752384809
1.8099999999992094	0.1123815632870172
1.8109999999992135	0.11236931387977034
1.8119999999992178	0.11235705962176623
1.812999999999222	0.1123447992355131
1.813999999999226	0.112332534803535
1.8149999999992301	0.11232026447525112
1.8159999999992344	0.1123079894871849
1.8169999999992386	0.1122957094115482
1.8179999999992427	0.11228342396095248
1.8189999999992468	0.11227113308156444
1.819999999999251	0.11225883712713158
1.8209999999992552	0.11224653639672155
1.8219999999992593	0.11223423020852974
1.8229999999992634	0.11222191946134297
1.8239999999992675	0.11220960356796228
1.8249999999992719	0.11219728185115718
1.825999999999276	0.11218495529959005
1.82699999999928	0.1121726235936602
1.8279999999992842	0.11216028691641
1.8289999999992885	0.11214794509566717
1.8299999999992926	0.11213559813949181
1.8309999999992967	0.11212324615751657
1.8319999999993009	0.11211088899798938
1.8329999999993052	0.1120985269620971
1.8339999999993093	0.11208615915101727
1.8349999999993134	0.11207378729362039
1.8359999999993175	0.11206140940132792
1.8369999999993218	0.11204902679143047
1.837999999999326	0.11203663908723449
1.83899999999933	0.11202424644944353
1.8399999999993342	0.11201184878696346
1.8409999999993385	0.11199944580201548
1.8419999999993426	0.11198703747155159
1.8429999999993467	0.1119746242754962
1.8439999999993508	0.11196220593638462
1.844999999999355	0.11194978264273392
1.8459999999993593	0.11193735413782413
1.8469999999993634	0.11192492080561478
1.8479999999993675	0.11191248279269206
1.8489999999993716	0.11190003906462964
1.849999999999376	0.11188759045989138
1.85099999999938	0.1118751369239448
1.8519999999993841	0.11186267796832428
1.8529999999993882	0.11185021419673191
1.8539999999993926	0.1118377453266719
1.8549999999993967	0.11182527141820453
1.8559999999994008	0.11181279238290454
1.856999999999405	0.11180030825784937
1.857999999999409	0.11178781977056418
1.8589999999994133	0.11177532577075233
1.8599999999994175	0.11176282655609127
1.8609999999994216	0.11175032258828843
1.861999999999426	0.11173781353249379
1.86299999999943	0.1117252993645228
1.863999999999434	0.11171278000381812
1.8649999999994382	0.11170025578132248
1.8659999999994423	0.1116877266125258
1.8669999999994467	0.11167519227478417
1.8679999999994508	0.11166265296493649
1.8689999999994549	0.11165010871434278
1.869999999999459	0.1116375592494403
1.870999999999463	0.11162500518374241
1.8719999999994674	0.11161244596976494
1.8729999999994715	0.11159988128489817
1.8739999999994756	0.11158731219186235
1.87499999999948	0.11157473813861563
1.875999999999484	0.11156215825906324
1.8769999999994882	0.11154957391286446
1.8779999999994923	0.11153698513316135
1.8789999999994964	0.11152439063563813
1.8799999999995007	0.11151179112757614
1.8809999999995048	0.11149918700027073
1.881999999999509	0.11148657796454453
1.882999999999513	0.11147396363205353
1.8839999999995174	0.1114613443846938
1.8849999999995215	0.11144872039879972
1.8859999999995256	0.11143609112743069
1.8869999999995297	0.11142345678531718
1.887999999999534	0.11141081779800666
1.8889999999995382	0.11139817382864226
1.8899999999995423	0.11138552488521358
1.8909999999995464	0.11137287093553627
1.8919999999995505	0.1113602119939825
1.8929999999995548	0.11134754799549595
1.893999999999559	0.11133487924116858
1.894999999999563	0.1113222056206753
1.8959999999995671	0.11130952695780938
1.8969999999995715	0.11129684338851586
1.8979999999995756	0.1112841546397394
1.8989999999995797	0.11127146082455008
1.8999999999995838	0.11125876188391826
1.9009999999995881	0.11124605931027398
1.9019999999995922	0.11123335092685971
1.9029999999995963	0.11122063745706057
1.9039999999996005	0.1112079190739872
1.9049999999996048	0.11119519613483098
1.905999999999609	0.1111824683281224
1.906999999999613	0.11116973528639762
1.9079999999996171	0.11115699708951643
1.9089999999996214	0.1111442540603298
1.9099999999996256	0.11113150637568747
1.9109999999996297	0.11111875382951997
1.9119999999996338	0.11110599648372188
1.9129999999996379	0.11109323406996252
1.9139999999996422	0.11108046665254945
1.9149999999996463	0.11106769439483566
1.9159999999996504	0.11105491728697148
1.9169999999996545	0.11104213530000662
1.9179999999996589	0.1110293484214755
1.918999999999663	0.11101655689208068
1.919999999999667	0.11100376018934388
1.9209999999996712	0.11099095832719041
1.9219999999996755	0.11097815170364811
1.9229999999996796	0.11096534029485705
1.9239999999996837	0.11095252413680756
1.9249999999996878	0.11093970334941661
1.9259999999996922	0.1109268773804144
1.9269999999996963	0.11091404639174762
1.9279999999997004	0.11090121062393943
1.9289999999997045	0.11088837025193321
1.9299999999997088	0.1108755246808214
1.930999999999713	0.11086267426232244
1.931999999999717	0.11084981924292447
1.9329999999997212	0.11083695967075036
1.9339999999997253	0.11082409458918785
1.9349999999997296	0.11081122465553206
1.9359999999997337	0.11079835026765972
1.9369999999997378	0.11078547083048929
1.937999999999742	0.11077258651819966
1.9389999999997463	0.11075969764112514
1.9399999999997504	0.11074680366286604
1.9409999999997545	0.11073390489447921
1.9419999999997586	0.11072100127823958
1.942999999999763	0.11070809281685745
1.943999999999767	0.1106951794787775
1.9449999999997711	0.11068226156882066
1.9459999999997752	0.11066933885512076
1.9469999999997794	0.110656411234197
1.9479999999997837	0.1106434786829793
1.9489999999997878	0.11063054129816652
1.949999999999792	0.110617599185173
1.950999999999796	0.11060465254040175
1.9519999999998003	0.11059170079589165
1.9529999999998044	0.11057874400170353
1.9539999999998086	0.1105657825208235
1.9549999999998127	0.11055281639808368
1.955999999999817	0.11053984543185436
1.956999999999821	0.11052686974119452
1.9579999999998252	0.11051388908221238
1.9589999999998293	0.1105009040520174
1.9599999999998337	0.1104879141190197
1.9609999999998378	0.11047491915110941
1.9619999999998419	0.11046191918678105
1.962999999999846	0.11044891479003704
1.9639999999998503	0.11043590597430153
1.9649999999998544	0.11042289191385568
1.9659999999998585	0.11040987287563753
1.9669999999998626	0.11039684938237493
1.9679999999998667	0.11038382111227463
1.968999999999871	0.11037078810262502
1.9699999999998752	0.11035775022304117
1.9709999999998793	0.11034470742317959
1.9719999999998834	0.1103316597137377
1.9729999999998877	0.11031860810592986
1.9739999999998918	0.11030555166251932
1.974999999999896	0.11029248982692963
1.9759999999999	0.11027942342173902
1.9769999999999044	0.11026635197974766
1.9779999999999085	0.1102532764368177
1.9789999999999126	0.11024019611763214
1.9799999999999167	0.11022711048198564
1.980999999999921	0.11021402031561789
1.9819999999999252	0.11020092578856333
1.9829999999999293	0.11018782599545296
1.9839999999999334	0.11017472159352126
1.9849999999999375	0.11016161300681981
1.9859999999999418	0.1101484996660066
1.986999999999946	0.11013538113209775
1.98799999999995	0.11012225754338467
1.9889999999999541	0.11010912962328678
1.9899999999999585	0.11009599716969587
1.9909999999999626	0.11008286008656087
1.9919999999999667	0.11006971820246769
1.9929999999999708	0.11005657146215408
1.9939999999999751	0.11004341963448028
1.9949999999999792	0.11003026401307603
1.9959999999999833	0.11001710337361037
1.9969999999999875	0.11000393788448426
1.9979999999999918	0.10999076754797232
1.998999999999996	0.10997759274178642
2.0	0.10996441387856226
2.0010279404845495	0.1099508613392155
2.0021217900815715	0.10993643424961885
2.0032857751923165	0.1099210754248241
2.004524391841744	0.10990472550720676
2.005842426366887	0.109887319880966
2.007244970197923	0.10986878914855758
2.0087374418720856	0.10984906024155916
2.0103256076664273	0.10982805408313334
2.0120156028936726	0.109805687817637
2.013813957200875	0.10978187347656143
2.0157276178435577	0.10975651712676582
2.0177639781367303	0.10972951580369084
2.019930905358886	0.10970076097960091
2.0222367711443985	0.10967013902480427
2.024690484011897	0.10963752567129192
2.027301523572695	0.10960279282536756
2.0300799770731848	0.10956579785026987
2.033036578410754	0.10952638988709773
2.036182751117039	0.10948441233441186
2.039530649180409	0.10943969530615782
2.043093206833892	0.10939205375061745
2.046884188175661	0.10934129193183639
2.050918238233338	0.10928720331988107
2.0552109433735133	0.10922956665812367
2.059778886913171	0.10916814294771782
2.0646397170403086	0.10910267892551728
2.0698122132469665	0.10903289836487184
2.0753163565584574	0.10895850696118581
2.081173414838828	0.10887920857555622
2.0874060143976347	0.1087946531264643
2.094038234979271	0.10870446113305832
2.1010956980169606	0.10860829254429738
2.1086056699538682	0.10850573298397848
2.116597165034399	0.10839630948208956
2.125101056786564	0.10827955496060071
2.1341501990307465	0.10815498106236654
2.143779554474847	0.10802202908036307
2.1540263207146424	0.10788006818683149
2.1649300857539027	0.1077285246781361
2.1765329774064615	0.10756676345380134
2.1888798204423576	0.10739404227525629
2.2020183144046843	0.1072095004007122
2.2159992202680474	0.10701224045941982
2.2308765524295735	0.10680149817497486
2.246707783705272	0.10657636495666989
2.263554079768369	0.10633562354259063
2.2814805235907363	0.10607814713565245
2.3005563724108544	0.10580281848961093
2.320855322320133	0.10550828848700111
2.3424557929209753	0.10519305919362554
2.3654412374910825	0.1048557150224595
2.389900455657507	0.10449465501263655
2.41592795027163	0.10410801577670259
2.44362426638729	0.10369392286198131
2.473096411506492	0.10325027363818773
2.5044582437089975	0.10277477318707484
2.537830924630887	0.10226537196098628
2.5733433911797423	0.10171974938825268
2.611132843166974	0.10113448879064468
2.6513452603475027	0.10050681441212383
2.6941360153529494	0.09983236579026777
2.739670418177515	0.09911107219013204
2.788124380079947	0.09833688188417333
2.839685109337027	0.09750617342075463
2.894551789617174	0.09661497325688728
2.9529364084026577	0.09565933002909532
3.0150645170164534	0.09463452814919915
3.0811761422888653	0.09353571383629633
3.1515266965252042	0.09235799377011755
3.226387989377641	0.09109654695648961
3.30604919671757	0.08974501236597543
3.39081811677136	0.08829993342295894
3.4810222154328754	0.08675376025282322
3.577010018652917	0.0851012845338942
3.6791523315125145	0.08333902957970718
3.7878438030764574	0.08146090883728174
3.9035043177534527	0.07946240649658576
4.02658072998157	0.07734008609576715
4.157548527011607	0.07509085826403639
4.296913682346355	0.07271325613334312
4.445214635465608	0.07020666853530033
4.603024347307951	0.06757276127284895
4.770952424745148	0.06481530949046321
4.9496476786701376	0.061940909410098666
5.139800459354712	0.058959294589847056
5.342145448462832	0.055883794230340955
5.557464321076707	0.05273133137413499
5.786588991858403	0.04952316045611527
6.03040459644804	0.04628496471222798
6.289853138906711	0.04305039814015965
6.565936951835777	0.03985797168676475
6.859722633511745	0.03674516798956229
7.172345245053396	0.03376642121589635
7.505012494394354	0.030969597868791165
7.859009576011049	0.028413395506035055
8.23570422033976	0.026162178598415853
8.636551628113326	0.02427929632876158
9.063100564489073	0.02285476354996796
9.516998831091398	0.021940375897782416
10.0	0.02161476712291821
