0.0	0.1716650355241811
0.0010000000000041087	0.17166497545891735
0.0020000000000082174	0.17166481342318507
0.003000000000012548	0.17166455902808686
0.004000000000016657	0.17166421348006322
0.005000000000020766	0.1716637589763803
0.006000000000024874	0.17166321243928329
0.007000000000029205	0.17166256286159642
0.008000000000033314	0.1716618127182017
0.009000000000037423	0.1716609690524622
0.010000000000041753	0.17166002177365058
0.011000000000045862	0.17165897363732574
0.01200000000004997	0.17165782699043475
0.01300000000005408	0.17165657926912026
0.01400000000005841	0.17165523919524595
0.015000000000062519	0.17165379659298108
0.016000000000066406	0.1716522482263927
0.017000000000070736	0.17165060743015037
0.018000000000074845	0.17164886646990218
0.019000000000078954	0.17164702062470394
0.020000000000083062	0.1716450804580587
0.021000000000087393	0.17164303929844316
0.022000000000091502	0.17164089771639057
0.02300000000009561	0.17163866210436285
0.02400000000009972	0.17163631717652383
0.02500000000010405	0.171633881078897
0.02600000000010816	0.17163134368944455
0.027000000000112268	0.17162870119546603
0.0280000000001166	0.1716259627187935
0.029000000000120707	0.17162313023520093
0.030000000000124816	0.17162019301429843
0.031000000000128924	0.1716171567287499
0.032000000000133255	0.17161402218511612
0.033000000000137364	0.17161078321879764
0.03400000000014147	0.17160744994866117
0.0350000000001458	0.171604020305701
0.03600000000014991	0.17160048533314098
0.03700000000015402	0.17159685240443912
0.03800000000015813	0.1715931207091025
0.03900000000016246	0.1715892907830937
0.04000000000016657	0.17158535637281447
0.04100000000017068	0.1715813249745961
0.04200000000017501	0.17157719743870237
0.04300000000017912	0.17157296923780463
0.044000000000183226	0.17156864112474535
0.045000000000187335	0.17156420976353526
0.046000000000191665	0.1715596863896066
0.04700000000019555	0.17155506217957028
0.04800000000019966	0.1715503311540345
0.04900000000020399	0.17154550614900255
0.0500000000002081	0.17154058041800302
0.05100000000021221	0.1715355547743883
0.05200000000021632	0.17153043576776905
0.05300000000022065	0.17152521421492006
0.05400000000022476	0.17151988821776842
0.055000000000228866	0.1715144701167879
0.0560000000002332	0.17150894934551975
0.057000000000237305	0.1715033251588468
0.058000000000241414	0.17149761021196708
0.05900000000024552	0.17149179186477737
0.060000000000249853	0.1714858710474647
0.06100000000025396	0.17147985840932534
0.06200000000025807	0.17147374076914734
0.0630000000002624	0.17146752541891408
0.06400000000026651	0.17146121270417736
0.06500000000027062	0.17145479950142395
0.06600000000027473	0.17144828425624403
0.06700000000027906	0.1714416696837423
0.06800000000028317	0.1714349613397822
0.06900000000028728	0.17142815457724492
0.0700000000002916	0.17142123989636282
0.07100000000029572	0.17141423415934232
0.07200000000029982	0.17140712783189604
0.07300000000030393	0.17139991741474647
0.07400000000030826	0.17139261392189975
0.07500000000031237	0.1713852104591329
0.07600000000031648	0.17137770202374414
0.07700000000032081	0.1713701013322183
0.0780000000003247	0.1713623993690241
0.07900000000032881	0.17135459796167563
0.08000000000033292	0.17134669906413635
0.08100000000033725	0.1713386993374072
0.08200000000034136	0.17133060143303847
0.08300000000034546	0.17132240473066207
0.0840000000003498	0.1713141102569984
0.0850000000003539	0.17130571550205764
0.08600000000035801	0.17129722217758525
0.08700000000036212	0.17128862836663572
0.08800000000036645	0.17127993620225213
0.08900000000037056	0.1712711437329364
0.09000000000037467	0.17126225862556288
0.091000000000379	0.17125327468384888
0.09200000000038311	0.17124418337415725
0.09300000000038722	0.17123499925767938
0.09400000000039133	0.1712257165739668
0.09500000000039566	0.171216327504069
0.09600000000039977	0.17120684979842915
0.09700000000040387	0.17119727264315032
0.0980000000004082	0.17118759023700691
0.09900000000041231	0.17117780711603225
0.10000000000041642	0.17116792417197724
0.10100000000042053	0.17115794941358176
0.10200000000042486	0.17114788059272723
0.10300000000042897	0.17113771663651656
0.10400000000043308	0.1711274442108226
0.10500000000043741	0.1711170664082997
0.10600000000044152	0.1711066010737088
0.10700000000044563	0.1710960340742984
0.10800000000044951	0.17108536920545314
0.10900000000045384	0.1710746070331416
0.11000000000045795	0.17106373762470772
0.11100000000046206	0.171052778342192
0.1120000000004664	0.17104172234580195
0.1130000000004705	0.17103056361941982
0.11400000000047461	0.17101930597394244
0.11500000000047872	0.171007951139174
0.11600000000048305	0.17099649787133675
0.11700000000048716	0.17098494644148865
0.11800000000049127	0.17097329647970372
0.1190000000004956	0.1709615479031128
0.12000000000049971	0.17094970097052786
0.12100000000050382	0.17093775637390896
0.12200000000050792	0.1709257131321118
0.12300000000051226	0.17091357179097577
0.12400000000051636	0.1709013320767736
0.12500000000052047	0.17088899406733482
0.1260000000005248	0.17087655835907856
0.1270000000005289	0.17086402398720635
0.12800000000053302	0.17085139175201225
0.12900000000053713	0.17083866122464975
0.13000000000054146	0.17082583263458762
0.13100000000054557	0.17081290516630687
0.13200000000054968	0.17079987623638337
0.133000000000554	0.1707867588324401
0.13400000000055812	0.17077354672768463
0.13500000000056223	0.17076022337982444
0.13600000000056633	0.1707468066117993
0.13700000000057067	0.17073329214837096
0.13800000000057477	0.17071968001410354
0.13900000000057866	0.17070596862344156
0.140000000000583	0.1706921637846589
0.1410000000005871	0.17067825532844672
0.1420000000005912	0.17066425359235948
0.14300000000059532	0.17065015014123697
0.14400000000059965	0.17063595335807602
0.14500000000060376	0.170621658534431
0.14600000000060787	0.17060726143143112
0.1470000000006122	0.17059276808524926
0.1480000000006163	0.1705781793948219
0.14900000000062041	0.17056349092853773
0.15000000000062452	0.17054870659067622
0.15100000000062885	0.17053382275712203
0.15200000000063296	0.17051884274213613
0.15300000000063707	0.17050376480781826
0.1540000000006414	0.17048859080324874
0.1550000000006455	0.1704733176628872
0.15600000000064962	0.170457947947401
0.15700000000065373	0.1704424807566356
0.15800000000065806	0.17042691716130587
0.15900000000066217	0.1704112555500943
0.16000000000066628	0.17039549655598063
0.16100000000067038	0.1703796401962281
0.16200000000067472	0.17036368448770423
0.16300000000067882	0.17034763037624345
0.16400000000068293	0.1703314836593608
0.16500000000068726	0.17031523929784664
0.16600000000069137	0.1702988985652546
0.16700000000069548	0.17028245834494404
0.1680000000006996	0.17026592197844748
0.16900000000070392	0.17024928414968354
0.1700000000007078	0.17023255207309484
0.17100000000071192	0.17021572573729582
0.17200000000071625	0.17019880079280558
0.17300000000072036	0.17018177521326594
0.17400000000072446	0.17016466400119445
0.17500000000072857	0.17014745351733085
0.1760000000007329	0.1701301364622454
0.177000000000737	0.1701127267879493
0.17800000000074112	0.1700952192040719
0.17900000000074545	0.1700776174747325
0.18000000000074956	0.1700599161862315
0.18100000000075367	0.17004211906937194
0.18200000000075778	0.17002422515886828
0.1830000000007621	0.17000623730292863
0.18400000000076622	0.16998815151186641
0.18500000000077033	0.1699699688440004
0.18600000000077466	0.16995168786528914
0.18700000000077877	0.16993331577327841
0.18800000000078287	0.16991484364302656
0.18900000000078698	0.169896271910566
0.1900000000007913	0.16987760801560203
0.19100000000079542	0.16985884518925343
0.19200000000079953	0.16983998846470694
0.19300000000080386	0.16982103318369102
0.19400000000080797	0.1698019808383231
0.19500000000081208	0.16978283567920127
0.1960000000008162	0.16976359526969498
0.19700000000082052	0.16974425562525242
0.19800000000082463	0.1697248192189219
0.19900000000082874	0.16970528890988512
0.20000000000083307	0.16968566056892154
0.20100000000083695	0.16966593788747375
0.20200000000084106	0.169646117153333
0.20300000000084517	0.16962620478297508
0.2040000000008495	0.16960619310463398
0.2050000000008536	0.1695860849545392
0.20600000000085772	0.16956588281666984
0.20700000000086205	0.1695455832241447
0.20800000000086616	0.1695251892402041
0.20900000000087027	0.16950469831694592
0.21000000000087438	0.1694841137216292
0.2110000000008787	0.16946343190769841
0.21200000000088282	0.16944265405773784
0.21300000000088692	0.16942178154463794
0.21400000000089126	0.16940081253695805
0.21500000000089536	0.16937974869020078
0.21600000000089947	0.16935858849490293
0.21700000000090358	0.16933733419059638
0.2180000000009079	0.1693159833704564
0.21900000000091202	0.16929453719517884
0.22000000000091613	0.1692729961429007
0.22100000000092046	0.16925135971120864
0.22200000000092457	0.16922962767602057
0.22300000000092868	0.16920780119389822
0.2240000000009328	0.16918587861151146
0.22500000000093712	0.16916386237618175
0.22600000000094123	0.16914174969469087
0.22700000000094533	0.16911954106194615
0.22800000000094967	0.16909723888621786
0.22900000000095377	0.16907484169721865
0.23000000000095788	0.1690523494982612
0.23100000000096177	0.16902976213764365
0.2320000000009661	0.16900707972774298
0.2330000000009702	0.16898430149831567
0.23400000000097432	0.16896142950615367
0.23500000000097865	0.168938468308086
0.23600000000098276	0.16891540741362965
0.23700000000098687	0.16889224368327493
0.23800000000099097	0.1688689949507186
0.2390000000009953	0.16884564928504453
0.24000000000099941	0.16882221363095617
0.24100000000100352	0.1687986860721371
0.24200000000100785	0.16877504987479908
0.24300000000101196	0.16875132995911213
0.24400000000101607	0.16872751507461992
0.24500000000102018	0.16870359867122586
0.2460000000010245	0.16867959121548481
0.24700000000102862	0.16865549389568113
0.24800000000103273	0.16863129935008903
0.24900000000103706	0.1686070106399612
0.25000000000104117	0.16858262778753053
0.2510000000010453	0.16855815120859274
0.2520000000010494	0.1685335783033004
0.2530000000010537	0.1685089127767112
0.2540000000010578	0.1684841543464417
0.25500000000106193	0.16845930263807307
0.25600000000106626	0.16843435650331473
0.25700000000107037	0.1684093165962901
0.2580000000010745	0.16838418062837035
0.2590000000010786	0.16835895515901622
0.2600000000010829	0.16833363185942762
0.26100000000108703	0.16830821687125974
0.2620000000010909	0.16828270720191973
0.26300000000109525	0.1682571047687358
0.26400000000109936	0.16823140883214138
0.26500000000110346	0.16820561872538775
0.2660000000011076	0.16817973698264888
0.2670000000011119	0.16815376453221476
0.268000000001116	0.16812769287291518
0.2690000000011201	0.16810152439394876
0.27000000000112445	0.16807526788587934
0.27100000000112856	0.16804892479248545
0.27200000000113267	0.16802249108624057
0.2730000000011368	0.167995953022407
0.2740000000011411	0.1679693167962033
0.2750000000011452	0.16794260078943668
0.2760000000011493	0.1679157869346286
0.27700000000115366	0.1678888730795941
0.27800000000115777	0.16786187862788216
0.2790000000011619	0.1678347875868169
0.280000000001166	0.16780759654277944
0.2810000000011703	0.16778031787132852
0.2820000000011744	0.16775295113397803
0.28300000000117853	0.16772548183687008
0.28400000000118286	0.1676979252387325
0.28500000000118697	0.16767028005866802
0.2860000000011911	0.16764253915270233
0.2870000000011952	0.16761470619550112
0.2880000000011995	0.16758677836048674
0.2890000000012036	0.167558760149344
0.29000000000120774	0.1675306509698513
0.29100000000121207	0.1675024472209906
0.2920000000012162	0.1674741518050783
0.29300000000122006	0.16744576560022462
0.29400000000122417	0.16741728628980834
0.2950000000012285	0.16738871416223555
0.2960000000012326	0.16736005168842905
0.2970000000012367	0.16733129628107946
0.29800000000124083	0.1673024486947059
0.29900000000124516	0.1672735102304268
0.30000000000124927	0.16724447978168733
0.3010000000012534	0.16721535753586514
0.3020000000012577	0.16718614353171368
0.3030000000012618	0.16715683729303832
0.3040000000012659	0.16712744066079632
0.30500000000127003	0.1670979521509277
0.30600000000127436	0.16706837141986064
0.3070000000012785	0.16703870027204726
0.3080000000012826	0.1670089373972683
0.3090000000012869	0.166979082482258
0.310000000001291	0.1669491376253811
0.31100000000129513	0.16691910119995268
0.31200000000129924	0.16688897329137975
0.31300000000130357	0.16685875347989276
0.3140000000013077	0.16682844324760182
0.3150000000013118	0.1667980428112812
0.3160000000013161	0.16676755092188367
0.3170000000013202	0.16673696872026156
0.31800000000132433	0.16670629495789702
0.31900000000132844	0.16667552904176475
0.3200000000013328	0.16664467572481678
0.3210000000013369	0.16661372992200096
0.322000000001341	0.16658269120222302
0.3230000000013453	0.16655156607583232
0.3240000000013492	0.1665203494795735
0.3250000000013533	0.16648903828739192
0.3260000000013574	0.16645764244383132
0.32700000000136176	0.16642615576516728
0.32800000000136587	0.16639457319194817
0.32900000000137	0.16636290129217657
0.3300000000013743	0.1663311474513589
0.3310000000013784	0.166299294648519
0.3320000000013825	0.16626735235829115
0.33300000000138663	0.16623532876647273
0.33400000000139096	0.1662032064649852
0.33500000000139507	0.16617099731586826
0.3360000000013992	0.16613869951919458
0.3370000000014035	0.16610630469336218
0.3380000000014076	0.16607382858131625
0.3390000000014117	0.16604126253753715
0.34000000000141584	0.16600860268674178
0.34100000000142017	0.16597585409159077
0.3420000000014243	0.16594301502433084
0.3430000000014284	0.16591009102145327
0.3440000000014327	0.16587707379651728
0.3450000000014368	0.16584396658734868
0.34600000000144093	0.16581077410590028
0.34700000000144504	0.16577748744526655
0.34800000000144937	0.16574411692290425
0.3490000000014535	0.16571065399184315
0.3500000000014576	0.16567710162995708
0.3510000000014619	0.1656434634268218
0.35200000000146603	0.16560973343280705
0.35300000000147014	0.1655759150796553
0.35400000000147425	0.16554200869892388
0.35500000000147836	0.16550801316422814
0.35600000000148246	0.1654739290542201
0.3570000000014866	0.16543975625195095
0.3580000000014909	0.1654054948229402
0.359000000001495	0.16537114446348855
0.3600000000014991	0.16533670575802983
0.36100000000150323	0.16530217865412755
0.36200000000150756	0.16526756414070032
0.36300000000151167	0.16523286102347512
0.3640000000015158	0.16519806842898388
0.3650000000015201	0.1651631886253634
0.3660000000015242	0.16512822164281227
0.3670000000015283	0.16509316578665367
0.36800000000153243	0.16505802226413147
0.36900000000153677	0.1650227910878146
0.3700000000015409	0.1649874712750513
0.371000000001545	0.16495206444433952
0.3720000000015493	0.16491656762891216
0.3730000000015534	0.16488098850611077
0.37400000000155753	0.1648453157581563
0.37500000000156164	0.16480955803624842
0.37600000000156597	0.16477370733382135
0.3770000000015701	0.16473777992792404
0.3780000000015742	0.16470175793342412
0.3790000000015785	0.16466565086332918
0.3800000000015826	0.16462945694414355
0.38100000000158674	0.16459317559806053
0.38200000000159084	0.1645568096767278
0.3830000000015952	0.16452034677770366
0.3840000000015993	0.1644838114975914
0.3850000000016034	0.1644471777279648
0.3860000000016075	0.16441046081981825
0.3870000000016116	0.16437365604521292
0.3880000000016157	0.16433676431634614
0.38900000000161983	0.16429978803776457
0.39000000000162416	0.1642627246912789
0.39100000000162827	0.16422557743551214
0.3920000000016324	0.16418833961362456
0.3930000000016367	0.16415101526784415
0.3940000000016408	0.16411360433242916
0.3950000000016449	0.16407611193862792
0.39600000000164903	0.16403853532727009
0.39700000000165336	0.16400086544509374
0.3980000000016575	0.16396310909116263
0.3990000000016616	0.16392526853021927
0.4000000000016659	0.16388734070099176
0.40100000000167	0.16384932953943654
0.40200000000167413	0.16381123237868023
0.40300000000167824	0.163773048939448
0.40400000000168257	0.16373477953800397
0.4050000000016867	0.16369642520901062
0.4060000000016908	0.1636579870738898
0.4070000000016951	0.1636194629245774
0.4080000000016992	0.163580853653704
0.40900000000170333	0.1635421549526478
0.41000000000170744	0.1635033727967088
0.4110000000017118	0.16346451044359778
0.4120000000017159	0.16342554369189455
0.41300000000172	0.16338652067968196
0.4140000000017243	0.16334739839423196
0.41500000000172843	0.1633081773730004
0.41600000000173254	0.16326889888949592
0.4170000000017364	0.1632295191639117
0.41800000000174076	0.16319005699810274
0.41900000000174487	0.16315051071101583
0.420000000001749	0.1631108799376767
0.4210000000017533	0.1630711646474835
0.4220000000017574	0.16303136490259584
0.4230000000017615	0.1629914808234303
0.42400000000176563	0.16295151292661314
0.42500000000176996	0.16291146312184068
0.42600000000177407	0.16287131272068156
0.4270000000017782	0.16283110528433897
0.4280000000017825	0.16279079714503886
0.4290000000017866	0.16275040702430454
0.4300000000017907	0.16270993386879473
0.43100000000179484	0.1626693770710913
0.43200000000179917	0.16262873956054202
0.4330000000018033	0.16258800229015202
0.4340000000018074	0.1625472078159783
0.4350000000018115	0.162506313311099
0.4360000000018158	0.16246533721187661
0.43700000000181993	0.16242427905270662
0.43800000000182404	0.16238313562626627
0.43900000000182837	0.1623419135804519
0.4400000000018325	0.1623005935227444
0.4410000000018366	0.16225921550151956
0.4420000000018407	0.1622177379017533
0.44300000000184503	0.16217617839904896
0.44400000000184914	0.1621345379235105
0.44500000000185325	0.16209281516220697
0.4460000000018576	0.16205100750041446
0.4470000000018617	0.16200911884618963
0.4480000000018656	0.16196714773718646
0.4490000000018697	0.16192509275133538
0.450000000001874	0.1618829567507999
0.4510000000018781	0.1618407379718183
0.45200000000188223	0.1617984354191938
0.45300000000188656	0.16175605292474016
0.45400000000189067	0.16171358719380957
0.4550000000018948	0.16167104099130025
0.4560000000018989	0.1616284136867051
0.4570000000019032	0.1615856930860482
0.4580000000019073	0.16154290520311743
0.45900000000191143	0.16150002583894496
0.46000000000191577	0.16145706903875257
0.4610000000019199	0.16141402923311643
0.462000000001924	0.16137090822187128
0.4630000000019281	0.16132770560557075
0.4640000000019324	0.1612844216999464
0.46500000000193653	0.16124105561826962
0.46600000000194064	0.16119760807100858
0.46700000000194497	0.1611540799654363
0.4680000000019491	0.16111047051529104
0.4690000000019532	0.1610667800536998
0.4700000000019573	0.16102300855166796
0.4710000000019616	0.1609791560924012
0.47200000000196574	0.16093522272613248
0.47300000000196984	0.16089120851325367
0.4740000000019742	0.1608471135742785
0.4750000000019783	0.1608029380096645
0.4760000000019824	0.16075868184547903
0.4770000000019865	0.16071434485206704
0.47800000000199083	0.1606699277600251
0.4790000000019947	0.1606254316557134
0.48000000000199883	0.16058085480955797
0.48100000000200316	0.16053619757072957
0.48200000000200727	0.16049145909058626
0.4830000000020114	0.16044664144063525
0.4840000000020155	0.16040174401731522
0.4850000000020198	0.160356768966872
0.4860000000020239	0.16031169604630324
0.48700000000202803	0.16026657240239517
0.48800000000203236	0.16022135214411426
0.4890000000020365	0.16017605455553974
0.4900000000020406	0.16013067799300706
0.4910000000020447	0.16008522249149837
0.492000000002049	0.16003968986539208
0.49300000000205313	0.15999406128724492
0.49400000000205724	0.15994838121611166
0.49500000000206157	0.15990260534973322
0.4960000000020657	0.15985675277774714
0.4970000000020698	0.15981082184181805
0.4980000000020739	0.15976481226633021
0.4990000000020782	0.1597187234410571
0.5000000000020823	0.15967255716463025
0.5010000000020864	0.159626310867105
0.5020000000020908	0.15957998544973095
0.5030000000020949	0.15953358252856642
0.504000000002099	0.15948710101901897
0.5050000000021031	0.15944054112689965
0.5060000000021074	0.15939390295394296
0.5070000000021115	0.1593471865787005
0.5080000000021156	0.15930039208612645
0.50900000000212	0.15925351955307754
0.5100000000021239	0.1592065690391662
0.511000000002128	0.159159540573377
0.5120000000021321	0.15911243413613974
0.5130000000021364	0.1590652494150483
0.5140000000021405	0.15901798810465706
0.5150000000021446	0.15897065070013516
0.516000000002149	0.15892323476726777
0.5170000000021531	0.15887573981714764
0.5180000000021572	0.15882816805644484
0.5190000000021613	0.15878052027127465
0.5200000000021656	0.1587327943321507
0.5210000000021697	0.15868499345225928
0.5220000000021738	0.15863711295611016
0.5230000000021782	0.15858915478284896
0.5240000000021823	0.1585411221720987
0.5250000000021864	0.15849301127625992
0.5260000000021905	0.15844482427055517
0.5270000000021948	0.15839656065735197
0.5280000000021989	0.15834822048798014
0.529000000002203	0.15829980392209864
0.5300000000022074	0.15825131097437628
0.5310000000022115	0.15820274165425396
0.5320000000022156	0.15815409599000652
0.5330000000022197	0.15810537518340884
0.534000000002224	0.15805657910764204
0.5350000000022281	0.15800769995518682
0.5360000000022322	0.15795875490449052
0.5370000000022366	0.15790972837995076
0.5380000000022407	0.1578606296314946
0.5390000000022448	0.15781145484424886
0.5400000000022487	0.1577622009675036
0.541000000002253	0.15771287221812935
0.5420000000022571	0.1576634702928288
0.5430000000022612	0.15761399125570696
0.5440000000022656	0.1575644389029648
0.5450000000022697	0.15751480968864917
0.5460000000022738	0.157465107135622
0.5470000000022779	0.1574153279641033
0.5480000000022822	0.15736547478604612
0.5490000000022863	0.15731554726681063
0.5500000000022904	0.1572655442560037
0.5510000000022948	0.15721546713882573
0.5520000000022989	0.1571653157948435
0.553000000002303	0.15711508987108558
0.5540000000023071	0.15706478941244884
0.5550000000023114	0.15701441460523502
0.5560000000023155	0.15696396560556392
0.5570000000023196	0.15691344252328654
0.558000000002324	0.15686284539771744
0.5590000000023281	0.15681217428056327
0.5600000000023322	0.1567614292368319
0.5610000000023363	0.1567106103357223
0.5620000000023406	0.15665971768750597
0.5630000000023447	0.1566087514479304
0.5640000000023488	0.15655771177293343
0.5650000000023532	0.15650659865361582
0.5660000000023573	0.15645541214555037
0.5670000000023614	0.15640415241640826
0.5680000000023655	0.1563528195259678
0.5690000000023698	0.15630141350930526
0.5700000000023739	0.1562499344542132
0.5710000000023778	0.15619838244533701
0.5720000000023819	0.1561467576311556
0.5730000000023863	0.15609506016112662
0.5740000000023904	0.15604329006348383
0.5750000000023945	0.15599144738919746
0.5760000000023988	0.15593953213814105
0.5770000000024029	0.15588754419439144
0.578000000002407	0.1558354836646766
0.5790000000024111	0.15578335192549253
0.5800000000024155	0.15573114795097887
0.5810000000024196	0.15567887160954164
0.5820000000024237	0.1556265242988949
0.583000000002428	0.15557410666213445
0.5840000000024321	0.1555216130094852
0.5850000000024362	0.15546904819102259
0.5860000000024403	0.15541641326108402
0.5870000000024447	0.1553637059062014
0.5880000000024488	0.15531092789526157
0.5890000000024529	0.1552580785027018
0.5900000000024572	0.1552051576021506
0.5910000000024613	0.15515216563577128
0.5920000000024654	0.155099102500467
0.5930000000024696	0.15504596828803086
0.5940000000024739	0.15499276319708322
0.595000000002478	0.1549394870493075
0.5960000000024821	0.15488614024362324
0.5970000000024864	0.15483272260619418
0.5980000000024905	0.15477923471702582
0.5990000000024946	0.15472567646281998
0.6000000000024988	0.15467204949285274
0.6010000000025031	0.1546183479984259
0.602000000002507	0.15456457749544494
0.6030000000025111	0.15451073877504495
0.6040000000025154	0.15445682844759334
0.6050000000025195	0.15440284959273898
0.6060000000025236	0.15434879959661352
0.6070000000025277	0.15429468107815214
0.6080000000025321	0.15424049170942056
0.6090000000025362	0.15418623354223548
0.6100000000025403	0.15413190512313868
0.6110000000025446	0.15407750806999643
0.6120000000025487	0.15402304191087202
0.6130000000025528	0.1539685062743591
0.614000000002557	0.15391390129338245
0.6150000000025613	0.1538592272163548
0.6160000000025654	0.15380448416632142
0.6170000000025695	0.15374967224723401
0.6180000000025738	0.15369479155371968
0.6190000000025779	0.1536398421877756
0.620000000002582	0.153584824246066
0.6210000000025861	0.15352973781815105
0.6220000000025905	0.15347458295790528
0.6230000000025946	0.15341935975349819
0.6240000000025987	0.15336406828110194
0.625000000002603	0.15330870848312417
0.6260000000026071	0.1532532804533624
0.6270000000026112	0.1531977851702726
0.6280000000026154	0.15314222148182755
0.6290000000026197	0.15308659042535244
0.6300000000026238	0.15303089089801114
0.6310000000026279	0.15297512457095497
0.6320000000026322	0.1529192900957348
0.6330000000026361	0.1528633884307552
0.6340000000026402	0.15280741936429454
0.6350000000026443	0.1527513832298193
0.6360000000026487	0.15269527981496955
0.6370000000026528	0.15263910955098625
0.6380000000026569	0.15258287214172828
0.6390000000026612	0.15252656812268373
0.6400000000026653	0.1524701975815299
0.6410000000026694	0.1524137615375476
0.6420000000026735	0.15235725871473527
0.6430000000026779	0.15230068270259134
0.644000000002682	0.15224404804188052
0.6450000000026861	0.15218734694120417
0.6460000000026904	0.15213057542673358
0.6470000000026945	0.15207373917132005
0.6480000000026986	0.15201683754350426
0.6490000000027027	0.15195987013184586
0.6500000000027071	0.15190283883982136
0.6510000000027112	0.15184573737437024
0.6520000000027153	0.15178857111376187
0.6530000000027196	0.1517313413294461
0.6540000000027237	0.15167404452299582
0.6550000000027278	0.15161668378303494
0.656000000002732	0.15155925636293888
0.6570000000027363	0.15150176498069357
0.6580000000027404	0.15144420725017227
0.6590000000027445	0.1513865855776262
0.6600000000027488	0.15132889792357584
0.6610000000027529	0.15127114634180172
0.662000000002757	0.15121332914164443
0.6630000000027612	0.1511554479383873
0.6640000000027653	0.1510975013422876
0.6650000000027694	0.15103949174306153
0.6660000000027735	0.15098141666481535
0.6670000000027778	0.15092327749388323
0.6680000000027819	0.15086507448288855
0.669000000002786	0.15080680708784522
0.6700000000027901	0.1507484759211788
0.6710000000027945	0.15069008079067958
0.6720000000027986	0.15063162199021807
0.6730000000028027	0.15057309922286732
0.674000000002807	0.15051451299982066
0.6750000000028111	0.1504558634070272
0.6760000000028152	0.15039715027079215
0.6770000000028193	0.15033837393574745
0.6780000000028237	0.15027953421143603
0.6790000000028278	0.15022063174566846
0.6800000000028319	0.15016166658132857
0.6810000000028362	0.1501026367141074
0.6820000000028403	0.1500435464238875
0.6830000000028444	0.14998439119774043
0.6840000000028486	0.14992517517374815
0.6850000000028529	0.14986589489609092
0.686000000002857	0.14980655399387266
0.6870000000028611	0.14974714848285609
0.6880000000028654	0.14968768328052562
0.6890000000028695	0.14962815380741235
0.6900000000028736	0.14956856404228902
0.6910000000028778	0.14950891048251602
0.6920000000028821	0.14944919723035544
0.6930000000028862	0.14938942062876814
0.6940000000028901	0.14932958136116348
0.6950000000028944	0.1492696813597083
0.6960000000028985	0.14920972080434214
0.6970000000029026	0.14914969789485633
0.6980000000029067	0.1490896125749981
0.6990000000029111	0.14902946634327296
0.7000000000029152	0.14896926054653536
0.7010000000029193	0.14890899198263063
0.7020000000029236	0.14884866433476485
0.7030000000029277	0.14878827431893604
0.7040000000029318	0.1487278246189494
0.705000000002936	0.1486673139378052
0.7060000000029403	0.1486067426654516
0.7070000000029444	0.14854611093418812
0.7080000000029485	0.1484854189431567
0.7090000000029526	0.14842466671600696
0.7100000000029569	0.148363854533904
0.711000000002961	0.14830298221430704
0.7120000000029651	0.14824204999074686
0.7130000000029695	0.14818105804049364
0.7140000000029736	0.1481200060196829
0.7150000000029777	0.14805889448409382
0.7160000000029818	0.14799772333628902
0.7170000000029861	0.14793649316509216
0.7180000000029902	0.14787520297626333
0.7190000000029944	0.14781385472411768
0.7200000000029987	0.14775244479365135
0.7210000000030028	0.14769097824122712
0.7220000000030069	0.14762945241838832
0.723000000003011	0.14756786540296551
0.7240000000030153	0.14750622202416597
0.7250000000030195	0.147444519059848
0.7260000000030233	0.14738275802176137
0.7270000000030277	0.14732094010420094
0.7280000000030318	0.14725905974082898
0.7290000000030359	0.14719712292703613
0.73000000000304	0.14713512786273553
0.7310000000030443	0.14707307478969733
0.7320000000030484	0.1470109656823927
0.7330000000030525	0.14694879566457741
0.7340000000030569	0.146886567854841
0.735000000003061	0.14682428313217954
0.7360000000030651	0.14676194115268615
0.7370000000030692	0.14669954147415187
0.7380000000030735	0.14663708425582533
0.7390000000030776	0.14657456996000107
0.7400000000030817	0.14651199857718633
0.7410000000030861	0.14644937067343977
0.7420000000030902	0.14638668543997568
0.7430000000030943	0.14632394298105922
0.7440000000030984	0.14626114369483245
0.7450000000031027	0.1461982879141881
0.7460000000031068	0.14613537545821953
0.747000000003111	0.14607240646054354
0.7480000000031153	0.14600938099942662
0.7490000000031194	0.14594629907110823
0.7500000000031235	0.1458831607069866
0.7510000000031276	0.1458199673229712
0.7520000000031319	0.14575671675834867
0.753000000003136	0.1456934105080271
0.7540000000031402	0.1456300482962669
0.7550000000031445	0.14556663010232995
0.7560000000031484	0.14550315710335204
0.7570000000031525	0.1454396280679897
0.7580000000031566	0.14537604461465126
0.7590000000031609	0.14531240740863482
0.760000000003165	0.14524871118596172
0.7610000000031691	0.1451849603542854
0.7620000000031735	0.14512115561933525
0.7630000000031776	0.14505729552746893
0.7640000000031817	0.14499338306729626
0.7650000000031858	0.1449294087286248
0.7660000000031901	0.14486538788721126
0.7670000000031942	0.14480130889116793
0.7680000000031983	0.14473717748145765
0.7690000000032027	0.14467299166141734
0.7700000000032068	0.14460874824817682
0.7710000000032109	0.14454445129453375
0.772000000003215	0.14448010156005497
0.7730000000032193	0.1444156982155429
0.7740000000032234	0.14435124283368228
0.7750000000032276	0.1442867288911296
0.7760000000032319	0.14422216636691454
0.777000000003236	0.1441575472217106
0.7780000000032401	0.14409287577623064
0.7790000000032442	0.14402815104769084
0.7800000000032485	0.14396337303876483
0.7810000000032526	0.14389854190446183
0.7820000000032568	0.14383365793926317
0.7830000000032611	0.1437687208074807
0.7840000000032652	0.1437037304050779
0.7850000000032693	0.14363868926025247
0.7860000000032734	0.14357359362604183
0.7870000000032777	0.143508445680675
0.7880000000032816	0.143443247917579
0.7890000000032857	0.14337798424150716
0.7900000000032901	0.14331269035582062
0.7910000000032942	0.1432473313248559
0.7920000000032983	0.1431819250398989
0.7930000000033024	0.1431164622821598
0.7940000000033067	0.14305094616622216
0.7950000000033108	0.1429853854132881
0.796000000003315	0.14291977206022655
0.7970000000033193	0.14285410276079502
0.7980000000033234	0.14278838381881864
0.7990000000033275	0.14272261380912432
0.8000000000033316	0.14265679319496227
0.8010000000033359	0.14259092332792633
0.80200000000334	0.14252499785780715
0.8030000000033441	0.14245902100454
0.8040000000033485	0.14239299460957489
0.8050000000033526	0.1423269207435076
0.8060000000033567	0.1422607998859453
0.8070000000033608	0.14219462022347573
0.8080000000033651	0.14212839310293024
0.8090000000033692	0.14206211683248116
0.8100000000033734	0.14199578878506003
0.8110000000033777	0.1419294132241209
0.8120000000033818	0.1418629858056919
0.8130000000033859	0.14179651021147754
0.81400000000339	0.14172997362222506
0.8150000000033943	0.14166340659131782
0.8160000000033985	0.14159677869059628
0.8170000000034026	0.1415301032513816
0.8180000000034067	0.1414633803550287
0.8190000000034108	0.1413965978711189
0.8200000000034149	0.1413297839566856
0.821000000003419	0.1412629078617943
0.8220000000034233	0.14119598577244163
0.8230000000034274	0.14112901431696168
0.8240000000034315	0.14106199379258388
0.8250000000034359	0.14099493184038459
0.82600000000344	0.1409278134694405
0.8270000000034441	0.14086064811255583
0.8280000000034482	0.14079343579798598
0.8290000000034525	0.140726175149525
0.8300000000034566	0.14065886581293208
0.8310000000034607	0.14059150878593774
0.8320000000034651	0.14052410388543435
0.8330000000034692	0.14045665114995365
0.8340000000034733	0.14038915040513178
0.8350000000034774	0.14032160260651816
0.8360000000034817	0.14025400709883662
0.8370000000034858	0.1401863639443579
0.83800000000349	0.1401186738227027
0.8390000000034943	0.14005093642390087
0.8400000000034984	0.1399831517893826
0.8410000000035025	0.13991531995296635
0.8420000000035066	0.13984744158654627
0.8430000000035109	0.1397795164509995
0.844000000003515	0.13971154461157798
0.8450000000035192	0.13964352629716048
0.8460000000035233	0.13957546186180703
0.8470000000035276	0.13950735015525828
0.8480000000035317	0.13943919305824992
0.8490000000035356	0.13937099030675426
0.8500000000035399	0.13930273840612095
0.851000000003544	0.13923444455950928
0.8520000000035481	0.13916610339465718
0.8530000000035523	0.1390977173964184
0.8540000000035566	0.1390292845049561
0.8550000000035607	0.138960805332083
0.8560000000035648	0.13889228020686306
0.8570000000035691	0.13882371037718277
0.8580000000035732	0.13875509695283983
0.8590000000035773	0.13868643713856255
0.8600000000035815	0.13861773255288867
0.8610000000035858	0.1385489832192378
0.8620000000035899	0.13848018884836
0.863000000003594	0.13841134890836515
0.8640000000035983	0.13834246628102076
0.8650000000036024	0.13827354110957613
0.8660000000036066	0.1382045674973259
0.8670000000036107	0.13813554847881315
0.868000000003615	0.13806649069967847
0.8690000000036191	0.1379973847850159
0.8700000000036232	0.13792823622334072
0.8710000000036275	0.1378590446598298
0.8720000000036316	0.13778980605757063
0.8730000000036358	0.13772052341875873
0.8740000000036399	0.13765120246739238
0.8750000000036442	0.13758183547740188
0.8760000000036483	0.13751242548916753
0.8770000000036524	0.1374429684005921
0.8780000000036567	0.13737347148754864
0.8790000000036609	0.1373039321639955
0.8800000000036647	0.13723434991357264
0.8810000000036688	0.1371647226352133
0.8820000000036732	0.13709505514629683
0.8830000000036773	0.13702534354231022
0.8840000000036814	0.13695559000509694
0.8850000000036857	0.13688579372731546
0.8860000000036898	0.13681595565314053
0.887000000003694	0.13674607576071995
0.888000000003698	0.13667615275825007
0.8890000000037024	0.13660618792723067
0.8900000000037065	0.13653618141045287
0.8910000000037106	0.13646613340181935
0.8920000000037149	0.13639604304497888
0.893000000003719	0.13632591141817096
0.8940000000037231	0.13625573898556076
0.8950000000037273	0.13618552409881501
0.8960000000037316	0.13611527027210946
0.8970000000037357	0.1360449739608134
0.8980000000037398	0.13597463174681734
0.8990000000037441	0.1359042548629038
0.9000000000037482	0.1358338367239208
0.9010000000037524	0.13576337487601453
0.9020000000037565	0.13569287342839087
0.9030000000037608	0.13562233267920176
0.9040000000037649	0.13555174799697178
0.905000000003769	0.1354811254941437
0.9060000000037733	0.13541046352775088
0.9070000000037775	0.13533976134950698
0.9080000000037816	0.13526901840193595
0.9090000000037857	0.1351982349431884
0.91000000000379	0.1351274123974835
0.9110000000037939	0.13505655066634425
0.912000000003798	0.13498564953195213
0.9130000000038023	0.13491470732823618
0.9140000000038064	0.13484372752505958
0.9150000000038105	0.13477270732188762
0.9160000000038147	0.13470164839938792
0.917000000003819	0.1346305507792276
0.9180000000038231	0.1345594131725073
0.9190000000038272	0.13448823684855016
0.9200000000038315	0.13441702272188383
0.9210000000038356	0.13434576738432236
0.9220000000038397	0.13427447757282407
0.9230000000038439	0.13420314515784715
0.9240000000038482	0.13413177639916918
0.9250000000038523	0.1340603696723861
0.9260000000038564	0.13398892557952724
0.9270000000038607	0.13391744206959966
0.9280000000038648	0.13384592278260654
0.929000000003869	0.13377436219183403
0.9300000000038731	0.1337027660527631
0.9310000000038774	0.13363113164063456
0.9320000000038815	0.13355946025281973
0.9330000000038856	0.13348775088855258
0.9340000000038899	0.13341600415399202
0.935000000003894	0.13334421869431945
0.9360000000038982	0.13327240030977483
0.9370000000039023	0.1332005431471145
0.9380000000039066	0.1331286484387102
0.9390000000039107	0.13305671677666264
0.9400000000039148	0.13298474896057544
0.9410000000039191	0.13291274326718938
0.942000000003923	0.13284070394588532
0.9430000000039271	0.13276862561609992
0.9440000000039312	0.1326965124133761
0.9450000000039356	0.13262436203394323
0.9460000000039397	0.13255217651186102
0.9470000000039438	0.13247995507279087
0.9480000000039481	0.1324076992973907
0.9490000000039522	0.13233539628406843
0.9500000000039563	0.13226307762366785
0.9510000000039605	0.13219071136571248
0.9520000000039648	0.13211831070286806
0.9530000000039689	0.13204587539965074
0.954000000003973	0.13197340790439782
0.9550000000039773	0.13190090166311796
0.9560000000039814	0.1318283584926212
0.9570000000039856	0.13175578710773572
0.9580000000039897	0.13168317037604504
0.959000000003994	0.1316105353772048
0.9600000000039981	0.1315378459481178
0.9610000000040022	0.13146513940866722
0.9620000000040065	0.1313923908296708
0.9630000000040106	0.13131960860642888
0.9640000000040148	0.1312467876450778
0.9650000000040189	0.13117394244752245
0.9660000000040232	0.13110105545380424
0.9670000000040273	0.13102813937204627
0.9680000000040314	0.13095518885308421
0.9690000000040357	0.1308821932790496
0.9700000000040399	0.13080918305185307
0.9710000000040437	0.13073612876368812
0.9720000000040478	0.13066304330159284
0.9730000000040522	0.13058992594828323
0.9740000000040563	0.13051676456923056
0.9750000000040604	0.13044358847991322
0.9760000000040647	0.13037036901401255
0.9770000000040688	0.130297118243637
0.978000000004073	0.13022383643746527
0.979000000004077	0.13015051105761133
0.9800000000040812	0.1300771721444106
0.9810000000040855	0.13000378946090763
0.9820000000040896	0.12993037601846202
0.9830000000040937	0.12985693090868444
0.984000000004098	0.12978345574282424
0.9850000000041004	0.12970994562259208
0.9860000000041018	0.12963640285186062
0.987000000004103	0.12956283278428637
0.9880000000041045	0.12948922650397532
0.9890000000041059	0.12941558217425297
0.9900000000041072	0.12934192739592643
0.9910000000041086	0.12926821897112617
0.99200000000411	0.12919449548142858
0.9930000000041115	0.12912073059466134
0.9940000000041127	0.1290469403671124
0.9950000000041141	0.12897311899608244
0.9960000000041156	0.1288992615581217
0.997000000004117	0.12882537729371057
0.9980000000041185	0.1287514644285086
0.9990000000041197	0.1286775181405314
1.0000000000041211	0.12860354269408214
1.001000000004117	0.12852953665641986
1.002000000004113	0.1284554987842944
1.0030000000041086	0.12838143327149587
1.0040000000041045	0.1283073360377346
1.0050000000041002	0.12823320881659883
1.006000000004096	0.12815905415194195
1.007000000004092	0.12808486818828113
1.0080000000040878	0.12801065287125524
1.0090000000040837	0.12793640787160376
1.0100000000040794	0.12786213425577708
1.0110000000040753	0.12778783124825976
1.012000000004071	0.127713498982431
1.0130000000040669	0.12763913756826517
1.0140000000040628	0.12756474760962455
1.0150000000040587	0.12749032852778264
1.0160000000040534	0.12741588067745968
1.0170000000040464	0.12734140399525462
1.0180000000040397	0.1272668992496071
1.0190000000040325	0.12719236567828807
1.0200000000040257	0.12711780481247437
1.021000000004019	0.12704321686016096
1.0220000000040117	0.1269685976873578
1.023000000004005	0.12689394944665344
1.0240000000039977	0.12681927922549885
1.025000000003991	0.12674457683454687
1.026000000003984	0.12666984749884325
1.027000000003977	0.12659509069003083
1.0280000000039702	0.12652030675125747
1.0290000000039632	0.12644549695199148
1.0300000000039562	0.12637065622113386
1.0310000000039494	0.1262957888907701
1.0320000000039424	0.12622089716480356
1.0330000000039354	0.12614597703130614
1.0340000000039287	0.12607103063661163
1.0350000000039217	0.12599605737948105
1.0360000000039147	0.12592105769550732
1.0370000000039077	0.1258460304683916
1.0380000000039007	0.1257709779581625
1.039000000003894	0.12569589868385134
1.0400000000038867	0.125620792747845
1.04100000000388	0.12554566188818694
1.0420000000038732	0.12547050397737425
1.043000000003866	0.12539532015723243
1.0440000000038592	0.1253201108483003
1.0450000000038522	0.12524487610438062
1.0460000000038452	0.12516961554058237
1.0470000000038384	0.12509432926925113
1.0480000000038314	0.12501901884297884
1.0490000000038244	0.12494368197553607
1.0500000000038174	0.12486832182587349
1.0510000000038104	0.12479293363875077
1.0520000000038037	0.12471752168333528
1.0530000000037967	0.12464208497426021
1.0540000000037897	0.12456662375411487
1.055000000003783	0.12449113871194362
1.056000000003776	0.12441562420176044
1.057000000003769	0.12434009173474703
1.0580000000037622	0.12426453308114316
1.059000000003755	0.12418894716372275
1.0600000000037482	0.12411334008287045
1.0610000000037412	0.12403770844088435
1.0620000000037342	0.12396205297065421
1.0630000000037274	0.12388637483037646
1.0640000000037202	0.12381066308384492
1.0650000000037134	0.12373494500815885
1.0660000000037064	0.1236591945772414
1.0670000000036994	0.12358341220117242
1.0680000000036927	0.12350762334591037
1.0690000000036857	0.12343180153646593
1.0700000000036787	0.12335595762271123
1.071000000003672	0.12328009107496263
1.072000000003665	0.12320420002615995
1.073000000003658	0.12312828786378605
1.0740000000036511	0.12305235623159672
1.075000000003644	0.12297639756896128
1.0760000000036372	0.12290041576046162
1.0770000000036304	0.1228244171108882
1.0780000000036232	0.12274839052399478
1.0790000000036164	0.12267234002857375
1.0800000000036092	0.12259627256880734
1.0810000000036024	0.12252018209203708
1.0820000000035954	0.12244407073073227
1.0830000000035884	0.12236793886196429
1.0840000000035817	0.12229177965742488
1.0850000000035747	0.12221560587547331
1.0860000000035677	0.12213939843742216
1.087000000003561	0.12206318362777258
1.088000000003554	0.12198694514270292
1.089000000003547	0.12191068131819438
1.0900000000035401	0.1218343899949138
1.091000000003533	0.12175809248477354
1.0920000000035262	0.12168176676091291
1.0930000000035192	0.1216054139730971
1.0940000000035122	0.1215290535186162
1.0950000000035054	0.12145266616009731
1.0960000000034982	0.12137625267787122
1.0970000000034914	0.12129982811972495
1.0980000000034844	0.12122337866966304
1.0990000000034774	0.12114690754857838
1.1000000000034706	0.12107042298699944
1.1010000000034637	0.12099391251059854
1.1020000000034567	0.12091738401376051
1.1030000000034499	0.1208408356765438
1.104000000003443	0.12076426763319925
1.105000000003436	0.12068768021394927
1.106000000003429	0.12061107323715925
1.107000000003422	0.12053444749885422
1.1080000000034151	0.1204578022428866
1.1090000000034081	0.1203811379731724
1.1100000000034012	0.12030445470118889
1.1110000000033944	0.12022775273490216
1.1120000000033872	0.12015103181678
1.1130000000033804	0.12007429240771994
1.1140000000033736	0.11999753396798285
1.1150000000033664	0.11992075733910412
1.1160000000033596	0.11984396285030952
1.1170000000033526	0.11976714944423883
1.1180000000033457	0.11969031696547505
1.1190000000033387	0.11961346894164848
1.1200000000033317	0.11953660281439138
1.121000000003325	0.11945971712212611
1.122000000003318	0.11938281115536342
1.123000000003311	0.11930589055016338
1.1240000000033041	0.1192289514239191
1.1250000000032971	0.11915199509062802
1.1260000000032901	0.1190750214997015
1.1270000000032834	0.11899803071281612
1.1280000000032764	0.11892102266702509
1.1290000000032694	0.11884399762688402
1.1300000000032626	0.11876695584832575
1.1310000000032554	0.11868989715456602
1.1320000000032486	0.11861282156181274
1.1330000000032414	0.11853572941979917
1.1340000000032346	0.11845862100662152
1.1350000000032279	0.11838149557232847
1.1360000000032207	0.11830435423444119
1.1370000000032139	0.1182271965733851
1.138000000003207	0.11815002191004242
1.1390000000032	0.11807283262695423
1.1400000000031931	0.11799562817664044
1.1410000000031861	0.11791840536109521
1.1420000000031791	0.1178411658871873
1.1430000000031724	0.11776391551350551
1.1440000000031654	0.11768664707795706
1.1450000000031584	0.11760935839010889
1.1460000000031516	0.11753205692629709
1.1470000000031444	0.11745474319787352
1.1480000000031376	0.11737741393798407
1.1490000000031304	0.11730006876110943
1.1500000000031236	0.11722270901017473
1.1510000000031169	0.11714533387259796
1.1520000000031096	0.11706794436026546
1.1530000000031029	0.11699054037443979
1.1540000000030959	0.11691312198727022
1.155000000003089	0.11683568799672817
1.1560000000030821	0.11675824193981288
1.1570000000030751	0.11668077900942331
1.1580000000030681	0.11660330259508378
1.1590000000030614	0.11652581236925397
1.1600000000030544	0.1164483082109189
1.1610000000030474	0.11637079159814145
1.1620000000030404	0.11629325811964053
1.1630000000030334	0.11621571233596428
1.1640000000030266	0.11613815313232145
1.1650000000030196	0.11606058028165112
1.1660000000030126	0.11598299465200568
1.1670000000030059	0.11590539562011792
1.1680000000029986	0.11582778299585383
1.1690000000029919	0.11575015792989252
1.1700000000029849	0.11567251977258519
1.1710000000029779	0.11559486870621694
1.172000000002971	0.11551720503898288
1.1730000000029641	0.11543952800711399
1.1740000000029571	0.11536183857957505
1.1750000000029501	0.1152841339424222
1.1760000000029431	0.11520642443556073
1.1770000000029364	0.11512869665684211
1.1780000000029294	0.1150509580624719
1.1790000000029224	0.11497320743809725
1.1800000000029156	0.1148954449884958
1.1810000000029086	0.11481767075683025
1.1820000000029016	0.11473988527653145
1.1830000000028948	0.11466208748759454
1.1840000000028876	0.11458427812906535
1.1850000000028809	0.11450645708804141
1.186000000002874	0.11442862370087203
1.1870000000028669	0.11435078081063499
1.18800000000286	0.11427292575743286
1.1890000000028529	0.11419505995106471
1.1900000000028461	0.11411718305125174
1.1910000000028391	0.11403929542765989
1.1920000000028321	0.11396139718612774
1.1930000000028254	0.1138834880060895
1.1940000000028184	0.11380556804660502
1.1950000000028114	0.11372763791812623
1.1960000000028046	0.11364969752766063
1.1970000000027976	0.11357174630737255
1.1980000000027906	0.11349378523700415
1.1990000000027838	0.11341581436606374
1.2000000000027768	0.11333783277744014
1.2010000000027699	0.11325984181153148
1.2020000000027629	0.11318184258176944
1.2030000000027559	0.11310383075093589
1.204000000002749	0.11302580932022632
1.2050000000027419	0.1129477825421552
1.206000000002735	0.11286974065259359
1.2070000000027283	0.1127916902643521
1.2080000000027211	0.11271363298917436
1.2090000000027143	0.11263556612338321
1.2100000000027074	0.1125574909710434
1.2110000000027004	0.11247940565624348
1.2120000000026936	0.11240131228661976
1.2130000000026866	0.11232321007145751
1.2140000000026796	0.11224509964725982
1.2150000000026726	0.11216698071419551
1.2160000000026656	0.11208884896596327
1.2170000000026588	0.11201071430244003
1.2180000000026519	0.11193257071299212
1.2190000000026449	0.11185441855701916
1.220000000002638	0.11177625762764931
1.2210000000026309	0.11169808789455671
1.222000000002624	0.1116199106860436
1.2230000000026173	0.11154172536143325
1.2240000000026101	0.11146353280094634
1.2250000000026033	0.11138533361704939
1.2260000000025963	0.11130712618145566
1.2270000000025894	0.11122891149673753
1.2280000000025826	0.11115068971780206
1.2290000000025754	0.11107246069293664
1.2300000000025686	0.11099422436340844
1.2310000000025616	0.11091598083741849
1.2320000000025546	0.11083773062547386
1.2330000000025478	0.11075947378870976
1.2340000000025408	0.11068120967063444
1.2350000000025338	0.11060293955136269
1.236000000002527	0.11052466278706552
1.23700000000252	0.11044637829769743
1.238000000002513	0.11036808896860584
1.2390000000025063	0.11028979542716533
1.240000000002499	0.11021149394124319
1.2410000000024923	0.11013318258467697
1.2420000000024853	0.11005486620085758
1.2430000000024783	0.10997654774483179
1.2440000000024716	0.10989822256296511
1.2450000000024644	0.10981989133562475
1.2460000000024576	0.10974155489004822
1.2470000000024506	0.10966321335238871
1.2480000000024436	0.10958486555298252
1.2490000000024368	0.10950651173405934
1.2500000000024298	0.10942815307545983
1.2510000000024228	0.10934978918082772
1.252000000002416	0.10927142093570963
1.253000000002409	0.10919304785751094
1.254000000002402	0.10911466989920948
1.2550000000023953	0.10903628727442327
1.256000000002388	0.10895789951435941
1.2570000000023813	0.10887950781215128
1.2580000000023743	0.10880111159352635
1.2590000000023673	0.10872271010325985
1.2600000000023606	0.10864430544676973
1.2610000000023533	0.10856589632613867
1.2620000000023466	0.10848748238558525
1.2630000000023396	0.10840906556124419
1.2640000000023326	0.10833064457179908
1.2650000000023258	0.10825222102597676
1.2660000000023188	0.10817379151381279
1.2670000000023118	0.10809535921739466
1.268000000002305	0.10801692394988449
1.269000000002298	0.10793848312402365
1.270000000002291	0.10786004218950906
1.271000000002284	0.10778159738445481
1.272000000002277	0.10770314712655937
1.2730000000022703	0.10762469566219413
1.2740000000022633	0.10754624099109589
1.2750000000022563	0.10746778325479012
1.2760000000022496	0.10738932311099636
1.2770000000022423	0.10731086014087898
1.2780000000022356	0.10723239396895923
1.2790000000022288	0.10715392710861482
1.2800000000022216	0.10707545326750623
1.2810000000022148	0.10699698291487336
1.2820000000022078	0.10691850884306087
1.2830000000022008	0.10684003177610091
1.2840000000021938	0.10676154972850438
1.2850000000021868	0.10668306995020715
1.28600000000218	0.10660458737438028
1.287000000002173	0.10652610288555486
1.288000000002166	0.10644761679736148
1.2890000000021593	0.10636912926783015
1.2900000000021523	0.10629064009578226
1.2910000000021453	0.10621214960955672
1.2920000000021385	0.10613365762809623
1.2930000000021313	0.10605516497141532
1.2940000000021246	0.10597667085931906
1.2950000000021178	0.10589817692437031
1.2960000000021106	0.10581968022619126
1.2970000000021038	0.1057411831007743
1.2980000000020966	0.10566268599025597
1.2990000000020898	0.10558418623199628
1.3000000000020828	0.10550568859160414
1.3010000000020758	0.10542719032870984
1.302000000002069	0.1053486893550698
1.303000000002062	0.10527018428126267
1.304000000002055	0.10519168959078684
1.3050000000020483	0.10511319007290587
1.3060000000020413	0.10503468903428581
1.3070000000020343	0.10495619046215943
1.3080000000020275	0.10487769073228803
1.3090000000020205	0.10479919061492005
1.3100000000020136	0.1047206907061583
1.3110000000020068	0.10464219188029267
1.3120000000019996	0.10456369354787665
1.3130000000019928	0.10448519588883942
1.3140000000019856	0.10440669915516332
1.3150000000019788	0.1043282033125752
1.316000000001972	0.10424970817317536
1.3170000000019648	0.10417121399659979
1.318000000001958	0.10409272126017921
1.319000000001951	0.10401422970551588
1.320000000001944	0.10393573934441847
1.3210000000019373	0.10385724968613064
1.3220000000019303	0.10377876010030795
1.3230000000019233	0.10370027260646864
1.3240000000019165	0.10362178888965867
1.3250000000019095	0.10354330658760325
1.3260000000019025	0.10346482576478433
1.3270000000018956	0.10338634661966761
1.3280000000018886	0.10330786941060965
1.3290000000018818	0.10322939478484738
1.3300000000018748	0.10315092224619937
1.3310000000018678	0.10307245275723331
1.332000000001861	0.10299398364053469
1.3330000000018538	0.10291551743679395
1.334000000001847	0.10283705486022143
1.33500000000184	0.10275859272992749
1.336000000001833	0.10268013437017975
1.3370000000018263	0.10260167895279904
1.3380000000018193	0.10252322649015089
1.3390000000018123	0.10244477787608763
1.3400000000018053	0.10236632661643286
1.3410000000017983	0.10228788761899665
1.3420000000017915	0.10220944775266116
1.3430000000017845	0.10213100819876175
1.3440000000017776	0.10205257685140479
1.3450000000017708	0.1019741457377934
1.3460000000017638	0.1018957184850271
1.3470000000017568	0.10181729582864862
1.34800000000175	0.10173887715679775
1.3490000000017428	0.10166046229707548
1.350000000001736	0.1015820513782959
1.3510000000017293	0.10150364443324977
1.352000000001722	0.10142524112390805
1.3530000000017153	0.10134684272127004
1.354000000001708	0.10126844832974125
1.3550000000017013	0.10119005926498581
1.3560000000016943	0.10111167287932288
1.3570000000016873	0.10103329139490858
1.3580000000016805	0.10095491372269905
1.3590000000016735	0.10087653979640443
1.3600000000016665	0.10079817331712793
1.3610000000016598	0.1007198117798127
1.3620000000016528	0.10064145471519581
1.3630000000016458	0.1005631024092396
1.364000000001639	0.10048475527550216
1.3650000000016318	0.10040641375737736
1.366000000001625	0.1003280773793791
1.367000000001618	0.10024974586516178
1.368000000001611	0.10017142036552829
1.3690000000016043	0.10009310035347885
1.370000000001597	0.10001478556283783
1.3710000000015903	0.09993647719800058
1.3720000000015833	0.09985817440682543
1.3730000000015763	0.09977987844653236
1.3740000000015695	0.09970158683086039
1.3750000000015625	0.0996233018139494
1.3760000000015555	0.0995450238008112
1.3770000000015488	0.09946674885709528
1.3780000000015418	0.09938848192432959
1.3790000000015348	0.09931022284340552
1.3800000000015278	0.0992319701208716
1.3810000000015208	0.09915372376412424
1.382000000001514	0.09907548451338122
1.383000000001507	0.09899725256756131
1.3840000000015	0.0989190256414334
1.3850000000014933	0.09884080619156344
1.386000000001486	0.09876259409159682
1.3870000000014793	0.09868438749706443
1.3880000000014725	0.09860619048612063
1.3890000000014653	0.09852800012571172
1.3900000000014585	0.09844981430697775
1.3910000000014515	0.09837163781374358
1.3920000000014445	0.09829347004159095
1.3930000000014378	0.09821530987513172
1.3940000000014305	0.09813715715825189
1.3950000000014238	0.09805901309126619
1.3960000000014168	0.09798087502996011
1.3970000000014098	0.09790274542392419
1.398000000001403	0.09782462470906317
1.399000000001396	0.09774651058939754
1.400000000001389	0.09766840600752924
1.4010000000013823	0.09759030409324265
1.4020000000013753	0.0975122193037008
1.4030000000013683	0.09743413829562553
1.4040000000013615	0.09735606801023777
1.4050000000013543	0.0972780044688415
1.4060000000013475	0.09719994898883733
1.4070000000013405	0.09712190386426856
1.4080000000013335	0.09704386787436436
1.4090000000013267	0.09696584046147383
1.4100000000013195	0.09688782284028596
1.4110000000013128	0.09680981278780165
1.4120000000013058	0.0967318121639904
1.4130000000012988	0.09665382023367197
1.414000000001292	0.09657583716323226
1.415000000001285	0.09649786553898554
1.416000000001278	0.09641990294024227
1.4170000000012712	0.096341949614564
1.4180000000012642	0.09626400653149347
1.4190000000012573	0.09618607296714665
1.4200000000012505	0.0961081500473897
1.4210000000012433	0.09603023595361582
1.4220000000012365	0.09595233008870008
1.4230000000012293	0.09587443696269282
1.4240000000012225	0.09579655396264741
1.4250000000012157	0.0957186782508489
1.4260000000012085	0.09564081460619511
1.4270000000012018	0.09556296290042898
1.4280000000011948	0.09548512077870996
1.4290000000011878	0.0954072892911817
1.430000000001181	0.09532946831537348
1.431000000001174	0.09525165807560221
1.432000000001167	0.09517385871287665
1.4330000000011602	0.09509607004746679
1.4340000000011532	0.09501829244393867
1.4350000000011462	0.09494052623161608
1.4360000000011393	0.09486277077460292
1.4370000000011323	0.09478502585586779
1.4380000000011255	0.09470729228300345
1.4390000000011185	0.09462957064959787
1.4400000000011115	0.09455186075382827
1.4410000000011047	0.09447416253896979
1.4420000000010975	0.09439647575519228
1.4430000000010907	0.09431880081069732
1.4440000000010837	0.09424113772936338
1.4450000000010768	0.09416348626387772
1.44600000000107	0.09408584592676406
1.447000000001063	0.0940082177362822
1.448000000001056	0.09393060205306814
1.449000000001049	0.09385299890000054
1.450000000001042	0.0937754075797812
1.4510000000010352	0.09369782853654707
1.4520000000010282	0.0936202616561791
1.4530000000010213	0.0935427085985
1.4540000000010145	0.09346516647859149
1.4550000000010075	0.09338763685737916
1.4560000000010005	0.09331012184649401
1.4570000000009937	0.09323261926321424
1.4580000000009865	0.09315512930282854
1.4590000000009797	0.09307765172613192
1.460000000000973	0.09300018591079906
1.4610000000009657	0.09292273500425696
1.462000000000959	0.09284529829775379
1.4630000000009518	0.09276787389428387
1.464000000000945	0.09269046158067829
1.465000000000938	0.09261306190863805
1.466000000000931	0.09253567788437189
1.4670000000009242	0.0924583072846924
1.4680000000009172	0.09238095027469662
1.4690000000009102	0.09230360713779395
1.4700000000009035	0.09222627742888523
1.4710000000008965	0.09214896075400847
1.4720000000008895	0.09207165848890742
1.4730000000008827	0.09199437040137004
1.4740000000008757	0.0919170961510618
1.4750000000008687	0.09183983700646003
1.476000000000862	0.0917625931036058
1.4770000000008547	0.09168536174277464
1.478000000000848	0.09160814514476812
1.4790000000008408	0.09153094234819559
1.480000000000834	0.09145375374943454
1.4810000000008272	0.09137658174141516
1.48200000000082	0.09129942488667275
1.4830000000008132	0.09122228116712605
1.4840000000008062	0.09114515280803026
1.4850000000007992	0.09106803967255983
1.4860000000007925	0.09099093955356952
1.4870000000007855	0.0909138559003021
1.4880000000007785	0.0908367894283354
1.4890000000007717	0.09075973663031989
1.4900000000007645	0.09068269775144977
1.4910000000007577	0.09060567527102825
1.4920000000007507	0.09052866842025198
1.4930000000007437	0.0904516777161869
1.494000000000737	0.09037470295978267
1.49500000000073	0.0902977424416942
1.496000000000723	0.09022079699853003
1.497000000000716	0.09014386946063191
1.498000000000709	0.09006695769268536
1.4990000000007022	0.08999006170922952
1.5000000000006952	0.08991318136945792
1.5010000000006882	0.08983631675254033
1.5020000000006815	0.08975946836396154
1.5030000000006745	0.08968263688238931
1.5040000000006675	0.08960582183727817
1.5050000000006605	0.08952902349207248
1.5060000000006535	0.08945224147213149
1.5070000000006467	0.08937547612417585
1.5080000000006397	0.08929872712216769
1.5090000000006327	0.0892219941051553
1.5100000000006257	0.08914527828615426
1.5110000000006187	0.08906857980049077
1.512000000000612	0.08899189850134981
1.513000000000605	0.08891523435579951
1.514000000000598	0.08883858689904367
1.5150000000005912	0.08876195600010506
1.5160000000005842	0.08868534277499629
1.5170000000005772	0.08860874702766686
1.5180000000005702	0.08853216849226941
1.5190000000005632	0.08845560821246212
1.5200000000005565	0.08837906416446184
1.5210000000005495	0.08830253729386217
1.5220000000005425	0.08822603010613783
1.5230000000005357	0.08814954029347133
1.5240000000005285	0.08807306824172811
1.5250000000005217	0.08799661427706329
1.5260000000005147	0.0879201770152852
1.5270000000005077	0.08784375710838466
1.528000000000501	0.08776735717343431
1.529000000000494	0.08769097523218061
1.530000000000487	0.08761461002853022
1.53100000000048	0.08753826359811212
1.532000000000473	0.08746193676763614
1.5330000000004662	0.08738562868338784
1.5340000000004592	0.08730933947399111
1.5350000000004522	0.0872330676775317
1.5360000000004455	0.08715681267738384
1.5370000000004385	0.08708057772400879
1.5380000000004315	0.08700436298906211
1.5390000000004245	0.08692816681618265
1.5400000000004175	0.08685198952223372
1.5410000000004107	0.08677583110104614
1.5420000000004037	0.08669969156478385
1.5430000000003967	0.08662357095751927
1.5440000000003897	0.08654746947319136
1.5450000000003827	0.08647138783989894
1.546000000000376	0.08639532555551233
1.547000000000369	0.08631928257581911
1.548000000000362	0.08624325819694434
1.549000000000355	0.08616725484468635
1.5500000000003482	0.08609127125082017
1.5510000000003412	0.0860153054383882
1.5520000000003342	0.0859393605660248
1.5530000000003272	0.08586343646040007
1.5540000000003205	0.08578753205908829
1.5550000000003135	0.08571164768419814
1.5560000000003065	0.08563577998093785
1.5570000000002997	0.08555993741301593
1.5580000000002925	0.08548411251977783
1.5590000000002857	0.08540830820951162
1.5600000000002787	0.08533252446627149
1.5610000000002717	0.08525676067213639
1.5620000000002647	0.08518101820159563
1.5630000000002577	0.08510529613188378
1.564000000000251	0.08502959295746582
1.565000000000244	0.08495391161180166
1.566000000000237	0.08487825265555482
1.5670000000002302	0.0848026132069506
1.5680000000002232	0.0847269930766964
1.5690000000002162	0.08465139473671512
1.5700000000002092	0.08457581886989451
1.5710000000002025	0.08450026341841665
1.5720000000001955	0.08442472850881222
1.5730000000001885	0.08434921525426531
1.5740000000001815	0.0842737236842368
1.5750000000001747	0.0841982535852226
1.5760000000001675	0.08412280220169788
1.5770000000001607	0.08404737630546144
1.5780000000001537	0.08397196951184405
1.5790000000001467	0.08389658494431229
1.58000000000014	0.08382122236093559
1.581000000000133	0.08374588126180182
1.582000000000126	0.08367056162911868
1.583000000000119	0.08359526389683336
1.584000000000112	0.0835199885285074
1.5850000000001052	0.08344473474452463
1.5860000000000982	0.08336950401044119
1.5870000000000912	0.08329429502583552
1.5880000000000845	0.08321910686003398
1.5890000000000775	0.08314394205668774
1.5900000000000705	0.08306880081452439
1.5910000000000635	0.08299368021591569
1.5920000000000565	0.08291858194939683
1.5930000000000497	0.08284350767947779
1.5940000000000427	0.0827684553900484
1.5950000000000357	0.08269342523070589
1.5960000000000287	0.08261841770992562
1.5970000000000217	0.08254343411580611
1.598000000000015	0.08246847240235522
1.599000000000008	0.08239353342301603
1.600000000000001	0.08231861881476032
1.6009999999999942	0.08224372661477142
1.6019999999999872	0.08216885717702205
1.6029999999999802	0.08209401116860571
1.6039999999999732	0.08201918839845534
1.6049999999999662	0.0819443886608121
1.6059999999999595	0.08186961256621894
1.6069999999999525	0.08179485993678204
1.6079999999999455	0.08172013041068449
1.6089999999999387	0.08164542472832959
1.6099999999999315	0.08157074274294174
1.6109999999999247	0.08149608409207443
1.6119999999999177	0.08142144889610281
1.6129999999999107	0.08134683836071976
1.6139999999999037	0.08127225221706813
1.614999999999897	0.08119768891283596
1.61599999999989	0.08112314938138443
1.616999999999883	0.08104863489939151
1.617999999999876	0.0809741441496935
1.6189999999998692	0.0808996775128521
1.6199999999998622	0.08082523513729278
1.6209999999998552	0.08075081742680912
1.6219999999998485	0.08067642087604643
1.6229999999998415	0.0806020545542947
1.6239999999998345	0.08052770988085611
1.6249999999998275	0.08045338709112027
1.6259999999998205	0.0803790935110904
1.6269999999998137	0.08030482220686008
1.6279999999998067	0.0802305760067008
1.6289999999997997	0.08015635467202409
1.6299999999997927	0.08008215797839013
1.6309999999997857	0.08000798680326315
1.631999999999779	0.07993384019817995
1.632999999999772	0.07985971795979496
1.633999999999765	0.0797856211722483
1.634999999999758	0.07971154964330074
1.6359999999997512	0.07963750412603132
1.6369999999997442	0.07956348339330854
1.6379999999997372	0.07948948813692647
1.6389999999997302	0.07941551828481286
1.6399999999997235	0.07934157368134231
1.6409999999997165	0.07926765478649345
1.6419999999997095	0.079193761541142
1.6429999999997025	0.07911989369137362
1.6439999999996955	0.07904605145033594
1.6449999999996887	0.07897223487642735
1.6459999999996817	0.07889844393414114
1.6469999999996747	0.07882467947041194
1.6479999999996677	0.07875094122489457
1.6489999999996607	0.07867722816222533
1.649999999999654	0.0786035412641205
1.650999999999647	0.07852988112340276
1.65199999999964	0.07845624717252686
1.6529999999996332	0.07838263928534983
1.6539999999996262	0.07830905716715875
1.6549999999996192	0.0782355017979246
1.6559999999996122	0.07816197323708474
1.6569999999996052	0.07808847069594371
1.6579999999995985	0.07801499447165816
1.6589999999995915	0.07794154433212419
1.6599999999995845	0.07786812148859901
1.6609999999995777	0.07779472607054438
1.6619999999995705	0.07772135699176907
1.6629999999995637	0.07764801463453963
1.6639999999995567	0.07757469909254555
1.6649999999995497	0.07750141041411363
1.665999999999543	0.07742814849778978
1.666999999999536	0.07735491362700553
1.667999999999529	0.07728170599997308
1.668999999999522	0.07720852557076796
1.669999999999515	0.07713537239147272
1.6709999999995082	0.07706224647563409
1.6719999999995012	0.07698914773947718
1.6729999999994942	0.07691607714684778
1.6739999999994875	0.07684303348704913
1.6749999999994805	0.07677001691476715
1.6759999999994735	0.07669702862384642
1.6769999999994665	0.07662406794175958
1.6779999999994595	0.07655113489043974
1.6789999999994527	0.07647822876776766
1.6799999999994457	0.07640535002946591
1.6809999999994387	0.07633250029891214
1.6819999999994317	0.07625967837858161
1.6829999999994247	0.07618688432045462
1.683999999999418	0.0761141181674172
1.684999999999411	0.076041379837264
1.685999999999404	0.07596866952493242
1.6869999999993972	0.0758959876806865
1.6879999999993902	0.07582333416977816
1.6889999999993832	0.07575070674606166
1.6899999999993762	0.0756781115392342
1.6909999999993692	0.07560554336466774
1.6919999999993625	0.07553300324792167
1.6929999999993555	0.0754604913714314
1.6939999999993485	0.07538800877147556
1.6949999999993415	0.07531555393908851
1.6959999999993345	0.07524312758097995
1.6969999999993277	0.07517073082706693
1.6979999999993207	0.07509836065042275
1.6989999999993137	0.07502602296441452
1.6999999999993067	0.07495371187752431
1.7009999999993	0.07488142975795264
1.701999999999293	0.07480917760161587
1.702999999999286	0.07473695387710433
1.703999999999279	0.07466475855701848
1.7049999999992722	0.074592592964844
1.7059999999992652	0.07452045625526049
1.7069999999992582	0.07444834937002731
1.7079999999992515	0.07437627206387953
1.7089999999992442	0.07430422360804578
1.7099999999992375	0.07423220426560162
1.7109999999992305	0.07416021457273314
1.7119999999992235	0.07408825460050616
1.7129999999992167	0.07401632412731751
1.7139999999992095	0.07394442331232043
1.7149999999992027	0.07387255197582698
1.7159999999991957	0.07380071027120128
1.7169999999991887	0.07372889853581699
1.717999999999182	0.07365711665451535
1.718999999999175	0.07358536456438802
1.719999999999168	0.07351364251046189
1.720999999999161	0.07344195053611036
1.721999999999154	0.07337028835517123
1.7229999999991472	0.07329865610940822
1.7239999999991402	0.07322705398972762
1.7249999999991332	0.07315548285309037
1.7259999999991265	0.07308394150927278
1.7269999999991195	0.07301242948484843
1.7279999999991125	0.07294094835586984
1.7289999999991055	0.07286949812418986
1.7299999999990985	0.07279807832437368
1.7309999999990917	0.07272668913432967
1.7319999999990847	0.07265533024055704
1.7329999999990777	0.0725840017387267
1.7339999999990707	0.07251270364862084
1.7349999999990655	0.07244143631517563
1.7359999999990614	0.07237019973114178
1.7369999999990573	0.07229899436654375
1.7379999999990532	0.0722278196737498
1.7389999999990489	0.07215667580818153
1.7399999999990448	0.07208556275080424
1.7409999999990406	0.07201448055344195
1.7419999999990363	0.07194342925617236
1.7429999999990322	0.07187240896073754
1.743999999999028	0.07180142071596562
1.744999999999024	0.07173046340183653
1.74599999999902	0.07165953660713553
1.7469999999990156	0.07158864140680132
1.7479999999990115	0.07151777794329806
1.7489999999990071	0.07144694563715881
1.749999999999003	0.07137614456538854
1.7509999999990045	0.07130537517583435
1.751999999999006	0.07123463749867442
1.7529999999990071	0.07116393121589115
1.7539999999990086	0.07109325624248142
1.75499999999901	0.07102261303177393
1.7559999999990115	0.07095200175126648
1.756999999999013	0.07088142069470327
1.7579999999990141	0.07081087433263833
1.7589999999990156	0.07074035878998575
1.759999999999017	0.07066987491288101
1.7609999999990182	0.07059942207583203
1.7619999999990197	0.07052900109134685
1.7629999999990211	0.07045861291915745
1.7639999999990226	0.07038825720200814
1.7649999999990238	0.07031793332468439
1.7659999999990263	0.07024764161780006
1.7669999999990305	0.07017738213651348
1.7679999999990346	0.07010715504820753
1.7689999999990387	0.07003696025880779
1.769999999999043	0.06996679768702807
1.7709999999990471	0.06989666737984512
1.7719999999990512	0.06982656950615462
1.7729999999990556	0.06975650402088318
1.7739999999990597	0.06968647122843463
1.7749999999990638	0.06961647183977404
1.7759999999990679	0.06954650476016466
1.776999999999072	0.06947656996342089
1.7779999999990763	0.06940666761439107
1.7789999999990804	0.06933679795292214
1.7799999999990845	0.06926696191408055
1.7809999999990886	0.06919715890891065
1.781999999999093	0.06912738882498948
1.782999999999097	0.06905765123230312
1.7839999999991012	0.06898794611148062
1.7849999999991053	0.06891827412336404
1.7859999999991096	0.06884863509848449
1.7869999999991137	0.06877902999758434
1.7879999999991179	0.06870945811989726
1.788999999999122	0.06863991914849432
1.789999999999126	0.06857041353205529
1.7909999999991304	0.06850094128476858
1.7919999999991345	0.06843150239114482
1.7929999999991386	0.0683620967980253
1.7939999999991427	0.06829272440323086
1.794999999999147	0.06822338566259722
1.7959999999991512	0.06815408033053261
1.7969999999991553	0.06808480909911818
1.7979999999991594	0.06801557134171388
1.7989999999991637	0.06794636672027898
1.7999999999991678	0.06787719553379912
1.800999999999172	0.06780805830586267
1.801999999999176	0.0677389554828165
1.8029999999991801	0.06766988651792882
1.8039999999991845	0.06760085154092565
1.8049999999991886	0.06753185002975814
1.8059999999991927	0.06746288077097318
1.8069999999991968	0.06739394871882531
1.8079999999992011	0.06732504930756766
1.8089999999992052	0.06725618378656018
1.8099999999992094	0.06718735246651186
1.8109999999992135	0.06711855583215687
1.8119999999992178	0.06704979316847215
1.812999999999222	0.06698106293568351
1.813999999999226	0.06691236948406032
1.8149999999992301	0.06684370974499965
1.8159999999992344	0.06677508443068847
1.8169999999992386	0.06670649355217262
1.8179999999992427	0.06663793677600616
1.8189999999992468	0.06656941411631512
1.819999999999251	0.06650092622634862
1.8209999999992552	0.0664324726469594
1.8219999999992593	0.0663640541278454
1.8229999999992634	0.06629567090594946
1.8239999999992675	0.06622732206380422
1.8249999999992719	0.06615900756487658
1.825999999999276	0.06609072765480717
1.82699999999928	0.06602248287927681
1.8279999999992842	0.06595427285119715
1.8289999999992885	0.06588609772518228
1.8299999999992926	0.06581795760660492
1.8309999999992967	0.06574985242478892
1.8319999999993009	0.06568178247934053
1.8329999999993052	0.06561374763581607
1.8339999999993093	0.06554574678729641
1.8349999999993134	0.06547778349969635
1.8359999999993175	0.06540985439612967
1.8369999999993218	0.06534195965013911
1.837999999999326	0.065274100496021
1.83899999999933	0.0652062767309396
1.8399999999993342	0.06513848866301575
1.8409999999993385	0.06507073558437781
1.8419999999993426	0.06500301759082061
1.8429999999993467	0.06493533514076821
1.8439999999993508	0.06486768827149403
1.844999999999355	0.06480007679067457
1.8459999999993593	0.06473250089855864
1.8469999999993634	0.0646649613110919
1.8479999999993675	0.06459745732096223
1.8489999999993716	0.0645299887663553
1.849999999999376	0.06446255584385874
1.85099999999938	0.06439515876533841
1.8519999999993841	0.06432779716106518
1.8529999999993882	0.0642604713202446
1.8539999999993926	0.06419318146901465
1.8549999999993967	0.0641259275537277
1.8559999999994008	0.06405870965894755
1.856999999999405	0.06399152797676377
1.857999999999409	0.06392438275003398
1.8589999999994133	0.06385727315593748
1.8599999999994175	0.06379019916039153
1.8609999999994216	0.06372316171281789
1.861999999999426	0.06365616038942001
1.86299999999943	0.0635891953425094
1.863999999999434	0.06352226656851268
1.8649999999994382	0.06345537374568022
1.8659999999994423	0.06338851731653816
1.8669999999994467	0.06332169728632653
1.8679999999994508	0.06325491356754243
1.8689999999994549	0.06318816631545654
1.869999999999459	0.0631214556205093
1.870999999999463	0.06305478155830879
1.8719999999994674	0.06298814411378251
1.8729999999994715	0.06292154287180196
1.8739999999994756	0.06285497834402098
1.87499999999948	0.06278845036659764
1.875999999999484	0.06272195927285507
1.8769999999994882	0.06265550467752024
1.8779999999994923	0.06258908679913278
1.8789999999994964	0.06252270578363117
1.8799999999995007	0.06245636137953259
1.8809999999995048	0.06239005394102837
1.881999999999509	0.0623237834552961
1.882999999999513	0.062257550389157146
1.8839999999995174	0.06219135394983266
1.8849999999995215	0.0621251941854728
1.8859999999995256	0.062059071233534935
1.8869999999995297	0.0619929853932325
1.887999999999534	0.06192693690048601
1.8889999999995382	0.0618609253197292
1.8899999999995423	0.061794951293616895
1.8909999999995464	0.06172901456029534
1.8919999999995505	0.06166311458867113
1.8929999999995548	0.06159725192938226
1.893999999999559	0.06153142668759504
1.894999999999563	0.061465638772522535
1.8959999999995671	0.061399888177014916
1.8969999999995715	0.06133417505204086
1.8979999999995756	0.061268499054402126
1.8989999999995797	0.06120285992000196
1.8999999999995838	0.061137257874191775
1.9009999999995881	0.061071695991020025
1.9019999999995922	0.061006170538482674
1.9029999999995963	0.06094068199748959
1.9039999999996005	0.06087523113573723
1.9049999999996048	0.06080981822149001
1.905999999999609	0.06074444288391434
1.906999999999613	0.060679105219766605
1.9079999999996171	0.06061380505406544
1.9089999999996214	0.06054854271383259
1.9099999999996256	0.06048331803592777
1.9109999999996297	0.06041813155079878
1.9119999999996338	0.060352983011194405
1.9129999999996379	0.06028787230742716
1.9139999999996422	0.06022279936468711
1.9149999999996463	0.0601577643508171
1.9159999999996504	0.06009276777430028
1.9169999999996545	0.0600278094576806
1.9179999999996589	0.05996288884930501
1.918999999999663	0.05989800592225669
1.919999999999667	0.05983316113486725
1.9209999999996712	0.05976835431258254
1.9219999999996755	0.059703585727576725
1.9229999999996796	0.05963885547827985
1.9239999999996837	0.059574163709590344
1.9249999999996878	0.059509509928446724
1.9259999999996922	0.059444894675166116
1.9269999999996963	0.059380317891600365
1.9279999999997004	0.05931577938441934
1.9289999999997045	0.05925127918459672
1.9299999999997088	0.05918681731775788
1.930999999999713	0.059122393403302054
1.931999999999717	0.05905800896538116
1.9329999999997212	0.058993662317738726
1.9339999999997253	0.05892935438724767
1.9349999999997296	0.05886508465462048
1.9359999999997337	0.058800853705615164
1.9369999999997378	0.058736661600010454
1.937999999999742	0.05867250837827709
1.9389999999997463	0.05860839374846938
1.9399999999997504	0.05854431751004918
1.9409999999997545	0.058480279560665815
1.9419999999997586	0.05841628076795935
1.942999999999763	0.0583523205024874
1.943999999999767	0.05828839948724662
1.9449999999997711	0.058224517265799025
1.9459999999997752	0.05816067401772962
1.9469999999997794	0.05809686955555815
1.9479999999997837	0.05803310401084083
1.9489999999997878	0.05796937753262599
1.949999999999792	0.057905689962478135
1.950999999999796	0.057842041085389484
1.9519999999998003	0.05777843152936191
1.9529999999998044	0.05771486076920773
1.9539999999998086	0.057651329153950104
1.9549999999998127	0.05758783659719213
1.955999999999817	0.05752438338462562
1.956999999999821	0.057460969291888264
1.9579999999998252	0.0573975949370934
1.9589999999998293	0.05733425914502477
1.9599999999998337	0.057270962699064065
1.9609999999998378	0.0572077055701794
1.9619999999998419	0.057144487868614924
1.962999999999846	0.05708130978983683
1.9639999999998503	0.057018170771218735
1.9649999999998544	0.05695507103842834
1.9659999999998585	0.05689201062956095
1.9669999999998626	0.056828989685701825
1.9679999999998667	0.05676600831193501
1.968999999999871	0.05670306640473077
1.9699999999998752	0.056640163951372835
1.9709999999998793	0.05657730093003621
1.9719999999998834	0.05651447783319208
1.9729999999998877	0.05645169493684721
1.9739999999998918	0.05638895078468853
1.974999999999896	0.0563262463898937
1.9759999999999	0.05626358111077123
1.9769999999999044	0.05620095615626708
1.9779999999999085	0.05613837116530784
1.9789999999999126	0.056075825750632635
1.9799999999999167	0.05601332025290873
1.980999999999921	0.055950854408486905
1.9819999999999252	0.055888427906565674
1.9829999999999293	0.055826041081229016
1.9839999999999334	0.05576369418785787
1.9849999999999375	0.05570138762434107
1.9859999999999418	0.055639120908463346
1.986999999999946	0.055576894244968145
1.98799999999995	0.055514707443559685
1.9889999999999541	0.055452560053791955
1.9899999999999585	0.05539045304223411
1.9909999999999626	0.05532838636026349
1.9919999999999667	0.05526636028216969
1.9929999999999708	0.055204373916174165
1.9939999999999751	0.05514242756016896
1.9949999999999792	0.055080520863471705
1.9959999999999833	0.055018654200965855
1.9969999999999875	0.054956827696063915
1.9979999999999918	0.0548950410968958
1.998999999999996	0.05483329579766194
2.0	0.05477158965614881
2.0010279404845495	0.054708201379390475
2.0021217900815715	0.05464079615705153
2.0032857751923165	0.05456912169946204
2.004524391841744	0.05449291097818998
2.005842426366887	0.05441188198090019
2.007244970197923	0.05432573381389516
2.0087374418720856	0.05423415028906653
2.0103256076664273	0.05413679434004126
2.0120156028936726	0.05403330745882995
2.013813957200875	0.05392331283828744
2.0157276178435577	0.05380641072866199
2.0177639781367303	0.05368217464337666
2.019930905358886	0.053550156656170245
2.0222367711443985	0.05340988271015845
2.024690484011897	0.05326085478896769
2.027301523572695	0.053102539122496184
2.0300799770731848	0.05293437909994669
2.033036578410754	0.05275578515679924
2.036182751117039	0.05256613157286416
2.039530649180409	0.05236476260815015
2.043093206833892	0.05215098877907298
2.046884188175661	0.051924079655287
2.050918238233338	0.051683269849877256
2.0552109433735133	0.05142775796512633
2.059778886913171	0.05115670480401602
2.0646397170403086	0.050869218682134676
2.0698122132469665	0.050564378905045615
2.0753163565584574	0.050241229303989776
2.081173414838828	0.04989872766176606
2.0874060143976347	0.04953582898725606
2.094038234979271	0.04915147455104851
2.1010956980169606	0.04874447004720761
2.1086056699538682	0.04831367251834984
2.116597165034399	0.047857893136302954
2.125101056786564	0.047375873604128205
2.1341501990307465	0.046866259113452324
2.143779554474847	0.046327746450276264
2.1540263207146424	0.045759084952275764
2.1649300857539027	0.04515889846144605
2.1765329774064615	0.044525816894013026
2.1888798204423576	0.043858387145685795
2.2020183144046843	0.043155365826874514
2.2159992202680474	0.042415511417584595
2.2308765524295735	0.04163737528230116
2.246707783705272	0.040819640220847275
2.263554079768369	0.039961468262905475
2.2814805235907363	0.039061795935409704
2.3005563724108544	0.038119490352029994
2.320855322320133	0.03713390758323931
2.3424557929209753	0.03610473385996937
2.3654412374910825	0.03503141390617315
2.389900455657507	0.03391381470808752
2.41592795027163	0.03275263247468574
2.44362426638729	0.031548542509341915
2.473096411506492	0.030302871869422487
2.5044582437089975	0.02901696235630502
2.537830924630887	0.027692898456835202
2.5733433911797423	0.02633328592741746
2.611132843166974	0.024942132644389825
2.6513452603475027	0.023522778867769767
2.6941360153529494	0.022081821659644785
2.739670418177515	0.020623672109332025
2.788124380079947	0.01915559464926253
2.839685109337027	0.017684874806281004
2.894551789617174	0.016220006353756866
2.9529364084026577	0.014768856183565937
3.0150645170164534	0.013342046019770959
3.0811761422888653	0.011950105143213374
3.1515266965252042	0.010603240422902283
3.226387989377641	0.00930940545558756
3.30604919671757	0.008082908926082877
3.39081811677136	0.006927579348142476
3.4810222154328754	0.0058569710950179266
3.577010018652917	0.004878540958535904
3.6791523315125145	0.003996415476191562
3.7878438030764574	0.0032139024720917453
3.9035043177534527	0.002533071510413265
4.02658072998157	0.0019519576588569176
4.157548527011607	0.0014678084653539925
4.296913682346355	0.0010730555962931154
4.445214635465608	0.0007612722969845276
4.603024347307951	0.000522234215574624
4.770952424745148	0.00034482305096228405
4.9496476786701376	0.00021883122983923364
5.139800459354712	0.00013271536522541094
5.342145448462832	7.613295819486332e-05
5.557464321076707	4.127206468185207e-05
5.786588991858403	2.0960732475372446e-05
6.03040459644804	9.866961074744829e-06
6.289853138906711	4.287183183349086e-06
6.565936951835777	1.6951986908653183e-06
6.859722633511745	5.985206905645413e-07
7.172345245053396	1.8873550422515706e-07
7.505012494394354	5.0248011973508255e-08
7.859009576011049	1.1432831681368327e-08
8.23570422033976	2.0795460908829e-09
8.636551628113326	2.717340796820622e-10
9.063100564489073	3.25522941935219e-11
9.516998831091398	1.1916023723301805e-12
10.0	-7.212008767965017e-13
