0.0	0.20183594063385912
0.0010000000000041087	0.2018357853077617
0.0020000000000082174	0.20183536660160983
0.003000000000012548	0.20183470864837294
0.004000000000016657	0.20183381467656203
0.005000000000020766	0.20183263918327865
0.006000000000024874	0.201831225448715
0.007000000000029205	0.2018295452338319
0.008000000000033314	0.20182760495794272
0.009000000000037423	0.20182542257033131
0.010000000000041753	0.20182297228004886
0.011000000000045862	0.20182026125666042
0.01200000000004997	0.20181729541470583
0.01300000000005408	0.2018140680483005
0.01400000000005841	0.20181060155052855
0.015000000000062519	0.2018068700083906
0.016000000000066406	0.20180286511094825
0.017000000000070736	0.20179862099096435
0.018000000000074845	0.20179411789232926
0.019000000000078954	0.20178934374525048
0.020000000000083062	0.20178432545475689
0.021000000000087393	0.20177904602589558
0.022000000000091502	0.20177350693738672
0.02300000000009561	0.20176772470230664
0.02400000000009972	0.20176166001701534
0.02500000000010405	0.20175535945768097
0.02600000000010816	0.20174879712785254
0.027000000000112268	0.20174196331942795
0.0280000000001166	0.20173488122203442
0.029000000000120707	0.20172755588397262
0.030000000000124816	0.20171995995079606
0.031000000000128924	0.20171210804292017
0.032000000000133255	0.2017040022656611
0.033000000000137364	0.20169562682487174
0.03400000000014147	0.20168700744217016
0.0350000000001458	0.20167813884420016
0.03600000000014991	0.2016689984134965
0.03700000000015402	0.20165960497466828
0.03800000000015813	0.20164995634773963
0.03900000000016246	0.2016400540294685
0.04000000000016657	0.20162988201421728
0.04100000000017068	0.20161945939107306
0.04200000000017501	0.20160878831764562
0.04300000000017912	0.20159785737379443
0.044000000000183226	0.2015866685378913
0.045000000000187335	0.20157521321943928
0.046000000000191665	0.20156352017462198
0.04700000000019555	0.20155156698502985
0.04800000000019966	0.2015393383554066
0.04900000000020399	0.201526867173644
0.0500000000002081	0.20151413609076996
0.05100000000021221	0.2015011471340259
0.05200000000021632	0.2014879170891266
0.05300000000022065	0.201474422649894
0.05400000000022476	0.20146065899668508
0.055000000000228866	0.20144665765834446
0.0560000000002332	0.20143239167179106
0.057000000000237305	0.20141785919232624
0.058000000000241414	0.2014030925065068
0.05900000000024552	0.20138805932314185
0.060000000000249853	0.20137276214625255
0.06100000000025396	0.20135722813562507
0.06200000000025807	0.20134142365101848
0.0630000000002624	0.20132536745437846
0.06400000000026651	0.20130906046714803
0.06500000000027062	0.20129249478513778
0.06600000000027473	0.20127566636493754
0.06700000000027906	0.2012585821177022
0.06800000000028317	0.2012412561897372
0.06900000000028728	0.20122367699118415
0.0700000000002916	0.20120582021028544
0.07100000000029572	0.20118772896610027
0.07200000000029982	0.20116937896364928
0.07300000000030393	0.20115076132886534
0.07400000000030826	0.20113190408960024
0.07500000000031237	0.20111278975436475
0.07600000000031648	0.2010934056205771
0.07700000000032081	0.20107378413245502
0.0780000000003247	0.20105390230707076
0.07900000000032881	0.2010337649024071
0.08000000000033292	0.20101337701781286
0.08100000000033725	0.20099273009559715
0.08200000000034136	0.20097183097039972
0.08300000000034546	0.20095067808190248
0.0840000000003498	0.20092927412516404
0.0850000000003539	0.20090761271423008
0.08600000000035801	0.20088569828990777
0.08700000000036212	0.20086352596960122
0.08800000000036645	0.20084110124466192
0.08900000000037056	0.20081841912205511
0.09000000000037467	0.20079549909649652
0.091000000000379	0.200772325576976
0.09200000000038311	0.20074887713341827
0.09300000000038722	0.20072519067589845
0.09400000000039133	0.20070125162039099
0.09500000000039566	0.20067704011888932
0.09600000000039977	0.20065260135005336
0.09700000000040387	0.2006279078667399
0.0980000000004082	0.20060294511021093
0.09900000000041231	0.20057772472322377
0.10000000000041642	0.20055224864284527
0.10100000000042053	0.20052653722954616
0.10200000000042486	0.20050058476486732
0.10300000000042897	0.20047438877023593
0.10400000000043308	0.20044791576188226
0.10500000000043741	0.20042117353309719
0.10600000000044152	0.20039420740322145
0.10700000000044563	0.2003669813926504
0.10800000000044951	0.20033950528893252
0.10900000000045384	0.20031178063050237
0.11000000000045795	0.2002837822421365
0.11100000000046206	0.20025555420522556
0.1120000000004664	0.20022707916749594
0.1130000000004705	0.2001983420768536
0.11400000000047461	0.20016935261289492
0.11500000000047872	0.20014011517456476
0.11600000000048305	0.20011062667482915
0.11700000000048716	0.20008088787644884
0.11800000000049127	0.20005089790494124
0.1190000000004956	0.20002065661549107
0.12000000000049971	0.19999016472690667
0.12100000000050382	0.19995942406570855
0.12200000000050792	0.19992843219985446
0.12300000000051226	0.1998971905871202
0.12400000000051636	0.19986569859657
0.12500000000052047	0.19983395649228886
0.1260000000005248	0.19980196585911003
0.1270000000005289	0.1997697243114812
0.12800000000053302	0.19973723395626453
0.12900000000053713	0.1997044937653819
0.13000000000054146	0.19967150439639336
0.13100000000054557	0.1996382638462495
0.13200000000054968	0.19960476553473638
0.133000000000554	0.1995710423430388
0.13400000000055812	0.19953707866478632
0.13500000000056223	0.19950283303718508
0.13600000000056633	0.19946835051957834
0.13700000000057067	0.19943362029784095
0.13800000000057477	0.19939864249396644
0.13900000000057866	0.19936341307271843
0.140000000000583	0.19932794687375455
0.1410000000005871	0.19929221825031251
0.1420000000005912	0.19925625346504428
0.14300000000059532	0.19922003119069032
0.14400000000059965	0.19918357274910026
0.14500000000060376	0.1991468662848136
0.14600000000060787	0.1991099012730252
0.1470000000006122	0.19907269295245067
0.1480000000006163	0.1990352436436983
0.14900000000062041	0.19899754223674926
0.15000000000062452	0.19895959869184132
0.15100000000062885	0.1989214039263778
0.15200000000063296	0.19888296639979675
0.15300000000063707	0.1988442817880789
0.1540000000006414	0.19880535485591233
0.1550000000006455	0.1987661779369534
0.15600000000064962	0.1987267575829338
0.15700000000065373	0.19868709158581654
0.15800000000065806	0.1986471827233085
0.15900000000066217	0.19860702702828137
0.16000000000066628	0.1985666262824748
0.16100000000067038	0.19852598064883953
0.16200000000067472	0.19848508511238072
0.16300000000067882	0.1984439420830475
0.16400000000068293	0.19840256626304242
0.16500000000068726	0.19836094501701218
0.16600000000069137	0.1983190816792728
0.16700000000069548	0.1982769685047825
0.1680000000006996	0.19823461420926602
0.16900000000070392	0.19819200538040194
0.1700000000007078	0.198149160106027
0.17100000000071192	0.1981060784417663
0.17200000000071625	0.19806274958771697
0.17300000000072036	0.1980191684835464
0.17400000000072446	0.19797537285007716
0.17500000000072857	0.1979313286280927
0.1760000000007329	0.19788701792815844
0.177000000000737	0.19784247569535207
0.17800000000074112	0.19779768863821268
0.17900000000074545	0.19775266632050603
0.18000000000074956	0.19770739523514635
0.18100000000075367	0.19766188485706027
0.18200000000075778	0.1976161328307634
0.1830000000007621	0.19757014638784332
0.18400000000076622	0.19752391562271965
0.18500000000077033	0.19747744329976158
0.18600000000077466	0.1974307259087913
0.18700000000077877	0.19738378156769243
0.18800000000078287	0.19733658805747223
0.18900000000078698	0.19728914664618558
0.1900000000007913	0.19724147597945918
0.19100000000079542	0.1971935592031484
0.19200000000079953	0.19714540902237143
0.19300000000080386	0.19709701387824718
0.19400000000080797	0.19704837762649452
0.19500000000081208	0.19699951091572232
0.1960000000008162	0.19695040778696438
0.19700000000082052	0.19690105845228945
0.19800000000082463	0.19685146919166152
0.19900000000082874	0.1968016472278078
0.20000000000083307	0.1967515823442728
0.20100000000083695	0.1967012838722576
0.20200000000084106	0.19665074264273175
0.20300000000084517	0.1965999747550523
0.2040000000008495	0.19654896121867194
0.2050000000008536	0.19649770921818155
0.20600000000085772	0.19644622503298537
0.20700000000086205	0.19639450012596682
0.20800000000086616	0.19634254224230607
0.20900000000087027	0.1962903451416771
0.21000000000087438	0.1962379170741777
0.2110000000008787	0.1961852493457592
0.21200000000088282	0.19613234501895416
0.21300000000088692	0.19607920761325448
0.21400000000089126	0.1960258326873897
0.21500000000089536	0.1959722244665858
0.21600000000089947	0.19591837930318245
0.21700000000090358	0.1958643028649264
0.2180000000009079	0.1958099892887435
0.21900000000091202	0.195755441571151
0.22000000000091613	0.19570066100633954
0.22100000000092046	0.19564564646360405
0.22200000000092457	0.19559039750397456
0.22300000000092868	0.19553491710875015
0.2240000000009328	0.19547920129773333
0.22500000000093712	0.19542325625468848
0.22600000000094123	0.19536707517769225
0.22700000000094533	0.1953106594204399
0.22800000000094967	0.19525401504804052
0.22900000000095377	0.19519713853504828
0.23000000000095788	0.19514003001739333
0.23100000000096177	0.19508268924271965
0.2320000000009661	0.1950251166091479
0.2330000000009702	0.1949673103239422
0.23400000000097432	0.19490927555047288
0.23500000000097865	0.1948510236256349
0.23600000000098276	0.1947925289828467
0.23700000000098687	0.19473378400318675
0.23800000000099097	0.19467483258210538
0.2390000000009953	0.19461564537972087
0.24000000000099941	0.1945562396476559
0.24100000000100352	0.19449661080574066
0.24200000000100785	0.19443671815859198
0.24300000000101196	0.19437662293011793
0.24400000000101607	0.19431629752182122
0.24500000000102018	0.19425572613644448
0.2460000000010245	0.19419493432955437
0.24700000000102862	0.19413392523123063
0.24800000000103273	0.19407268097740338
0.24900000000103706	0.1940112092059313
0.25000000000104117	0.19394951008628458
0.2510000000010453	0.1938875847335857
0.2520000000010494	0.1938254268739067
0.2530000000010537	0.19376304574495729
0.2540000000010578	0.19370044077481718
0.25500000000106193	0.1936376111827114
0.25600000000106626	0.19357455430707027
0.25700000000107037	0.19351127188665762
0.2580000000010745	0.19344775843933926
0.2590000000010786	0.19338403016680328
0.2600000000010829	0.19332006677176716
0.26100000000108703	0.19325588348773215
0.2620000000010909	0.19319147310132256
0.26300000000109525	0.1931268404201858
0.26400000000109936	0.19306198376082162
0.26500000000110346	0.19299690161495175
0.2660000000011076	0.19293160030448986
0.2670000000011119	0.1928660822421353
0.268000000001116	0.1928003269470776
0.2690000000011201	0.19273434018338276
0.27000000000112445	0.1926681435564639
0.27100000000112856	0.19260174064650715
0.27200000000113267	0.19253512173815912
0.2730000000011368	0.19246825400365097
0.2740000000011411	0.19240115250170087
0.2750000000011452	0.1923338618124073
0.2760000000011493	0.19226633831105533
0.27700000000115366	0.1921985769627539
0.27800000000115777	0.19213062480466025
0.2790000000011619	0.19206244332946254
0.280000000001166	0.19199402449779068
0.2810000000011703	0.19192539815892617
0.2820000000011744	0.19185656354393932
0.28300000000117853	0.19178748583089045
0.28400000000118286	0.1917182018060628
0.28500000000118697	0.19164870858578753
0.2860000000011911	0.191578989123234
0.2870000000011952	0.19150905245717553
0.2880000000011995	0.19143889193515762
0.2890000000012036	0.19136851851656844
0.29000000000120774	0.19129793091637703
0.29100000000121207	0.19122712065714875
0.2920000000012162	0.1911560948476334
0.29300000000122006	0.19108485571231992
0.29400000000122417	0.1910133978541657
0.2950000000012285	0.19094172212108884
0.2960000000012326	0.19086983457217843
0.2970000000012367	0.19079772917273674
0.29800000000124083	0.19072540788093806
0.29900000000124516	0.19065287394793162
0.30000000000124927	0.19058012487225606
0.3010000000012534	0.19050716125924672
0.3020000000012577	0.19043398335109607
0.3030000000012618	0.19036059016605167
0.3040000000012659	0.190286986249938
0.30500000000127003	0.19021316822004153
0.30600000000127436	0.19013913541362748
0.3070000000012785	0.19006489228169587
0.3080000000012826	0.18999043585889597
0.3090000000012869	0.18991576555305234
0.310000000001291	0.18984088650846742
0.31100000000129513	0.18976579501580204
0.31200000000129924	0.18969049144223638
0.31300000000130357	0.18961497494396462
0.3140000000013077	0.18953924919312803
0.3150000000013118	0.18946331485388668
0.3160000000013161	0.18938716912905285
0.3170000000013202	0.1893108148826037
0.31800000000132433	0.18923424932427801
0.31900000000132844	0.18915747120204796
0.3200000000013328	0.18908049191670284
0.3210000000013369	0.1890032996073775
0.322000000001341	0.1889258934247502
0.3230000000013453	0.18884828888891902
0.3240000000013492	0.18877047422903726
0.3250000000013533	0.18869244221284076
0.3260000000013574	0.1886142164734007
0.32700000000136176	0.1885357826319034
0.32800000000136587	0.18845712881311472
0.32900000000137	0.18837827066386725
0.3300000000013743	0.18829922596329096
0.3310000000013784	0.18821995449156204
0.3320000000013825	0.18814047879773133
0.33300000000138663	0.1880608185205086
0.33400000000139096	0.18798093258925408
0.33500000000139507	0.18790084923210415
0.3360000000013992	0.18782056440527983
0.3370000000014035	0.1877400583748039
0.3380000000014076	0.1876593686055016
0.3390000000014117	0.18757847472856515
0.34000000000141584	0.18749736775833936
0.34100000000142017	0.18741605993278276
0.3420000000014243	0.18733454728662835
0.3430000000014284	0.18725284295828293
0.3440000000014327	0.18717092769083177
0.3450000000014368	0.1870888092590839
0.34600000000144093	0.1870064988494896
0.34700000000144504	0.18692397577452524
0.34800000000144937	0.18684126433607573
0.3490000000014535	0.18675834474363628
0.3500000000014576	0.18667522413667959
0.3510000000014619	0.1865919110203984
0.35200000000146603	0.1865083917262912
0.35300000000147014	0.1864246744260626
0.35400000000147425	0.18634076004720912
0.35500000000147836	0.1862566461459476
0.35600000000148246	0.18617233424460045
0.3570000000014866	0.18608782424551507
0.3580000000014909	0.18600311647808843
0.359000000001495	0.18591821040670153
0.3600000000014991	0.18583310756727456
0.36100000000150323	0.18574780800411328
0.36200000000150756	0.1856623141778495
0.36300000000151167	0.18557662350108628
0.3640000000015158	0.18549073414078032
0.3650000000015201	0.18540465150144436
0.3660000000015242	0.18531837584530697
0.3670000000015283	0.18523190340560958
0.36800000000153243	0.18514523717704257
0.36900000000153677	0.18505837734950492
0.3700000000015409	0.18497132183949283
0.371000000001545	0.1848840745542455
0.3720000000015493	0.18479662883798564
0.3730000000015534	0.18470900264654688
0.37400000000155753	0.18462117003983347
0.37500000000156164	0.18453315105034696
0.37600000000156597	0.18444492701296833
0.3770000000015701	0.1843565368973058
0.3780000000015742	0.18426793832010324
0.3790000000015785	0.18417915386422534
0.3800000000015826	0.18409017967920582
0.38100000000158674	0.18400101457570972
0.38200000000159084	0.1839116653105991
0.3830000000015952	0.1838221032110341
0.3840000000015993	0.18373238599061348
0.3850000000016034	0.18364245300299276
0.3860000000016075	0.183552339785653
0.3870000000016116	0.18346203565750163
0.3880000000016157	0.18337154299903635
0.38900000000161983	0.18328086745118832
0.39000000000162416	0.18319000345066916
0.39100000000162827	0.1830989584785654
0.3920000000016324	0.18300771741266908
0.3930000000016367	0.18291628966645512
0.3940000000016408	0.1828246752552497
0.3950000000016449	0.1827328861527593
0.39600000000164903	0.18264091622797618
0.39700000000165336	0.1825487451460508
0.3980000000016575	0.18245638845484402
0.3990000000016616	0.18236385149405876
0.4000000000016659	0.18227112754790098
0.40100000000167	0.18217822567008435
0.40200000000167413	0.18208513999528742
0.40300000000167824	0.1819918700881683
0.40400000000168257	0.18189841685790342
0.4050000000016867	0.18180478283279822
0.4060000000016908	0.18171097076475728
0.4070000000016951	0.18161697577121017
0.4080000000016992	0.1815228001241358
0.40900000000170333	0.18142843436385692
0.41000000000170744	0.18133389210611328
0.4110000000017118	0.18123918104910608
0.4120000000017159	0.18114424611414992
0.41300000000172	0.1810491973442071
0.4140000000017243	0.180953936755617
0.41500000000172843	0.1808584658068283
0.41600000000173254	0.18076287874559493
0.4170000000017364	0.1806670760981176
0.41800000000174076	0.18057110075851068
0.41900000000174487	0.18047494914379092
0.420000000001749	0.18037862061952503
0.4210000000017533	0.1802821153046622
0.4220000000017574	0.18018543353340277
0.4230000000017615	0.18008857577863946
0.42400000000176563	0.17999154339521517
0.42500000000176996	0.17989434082811795
0.42600000000177407	0.17979692607720554
0.4270000000017782	0.1796993979135162
0.4280000000017825	0.179601657734079
0.4290000000017866	0.17950374800835667
0.4300000000017907	0.17940566658040868
0.43100000000179484	0.17930741230237124
0.43200000000179917	0.17920899180949001
0.4330000000018033	0.17911036253414825
0.4340000000018074	0.1790116205940957
0.4350000000018115	0.17891266967344444
0.4360000000018158	0.17881355143516198
0.43700000000181993	0.1787142650030472
0.43800000000182404	0.1786148034491546
0.43900000000182837	0.17851518178849002
0.4400000000018325	0.1784153567322727
0.4410000000018366	0.17831541849877874
0.4420000000018407	0.17821527370290546
0.44300000000184503	0.17811496236890423
0.44400000000184914	0.1780144866143808
0.44500000000185325	0.17791384374315788
0.4460000000018576	0.17781302825087208
0.4470000000018617	0.17771204885580705
0.4480000000018656	0.17761090257334855
0.4490000000018697	0.17750958650352588
0.450000000001874	0.17740810708315813
0.4510000000018781	0.17730646067970768
0.45200000000188223	0.1772046453526459
0.45300000000188656	0.1771026696490008
0.45400000000189067	0.1770005266371366
0.4550000000018948	0.17689822244943
0.4560000000018989	0.1767957558808726
0.4570000000019032	0.17669309997389626
0.4580000000019073	0.17659031351529175
0.45900000000191143	0.1764873422704878
0.46000000000191577	0.17638421756820388
0.4610000000019199	0.17628092738601542
0.462000000001924	0.17617747588648192
0.4630000000019281	0.1760738624147914
0.4640000000019324	0.17597008789329172
0.46500000000193653	0.17586615060952515
0.46600000000194064	0.17576205226745023
0.46700000000194497	0.17565779500663092
0.4680000000019491	0.17555337738149013
0.4690000000019532	0.17544880030971066
0.4700000000019573	0.175344063931266
0.4710000000019616	0.17523916863356814
0.47200000000196574	0.1751341147347727
0.47300000000196984	0.17502890257364112
0.4740000000019742	0.17492353261451732
0.4750000000019783	0.1748180052800581
0.4760000000019824	0.17471232084663701
0.4770000000019865	0.17460647903812132
0.47800000000199083	0.17450048159085674
0.4790000000019947	0.1743943309805298
0.48000000000199883	0.17428802383232167
0.48100000000200316	0.1741815610907933
0.48200000000200727	0.1740749412050664
0.4830000000020114	0.17396816874723853
0.4840000000020155	0.17386124267674719
0.4850000000020198	0.1737541678113501
0.4860000000020239	0.17364690026256902
0.48700000000202803	0.1735395431166391
0.48800000000203236	0.1734319965085469
0.4890000000020365	0.173324302491773
0.4900000000020406	0.1732164578288976
0.4910000000020447	0.17310846281300307
0.492000000002049	0.1730003214642193
0.49300000000205313	0.17289199328481963
0.49400000000205724	0.17278357498318353
0.49500000000206157	0.1726749706216535
0.4960000000020657	0.17256622163367663
0.4970000000020698	0.1724573247526553
0.4980000000020739	0.17234827959290644
0.4990000000020782	0.1722390851048371
0.5000000000020823	0.1721297451889866
0.5010000000020864	0.172020254818523
0.5020000000020908	0.17191061603946467
0.5030000000020949	0.17180083237849297
0.504000000002099	0.17169090184152958
0.5050000000021031	0.17158082507151562
0.5060000000021074	0.1714706024900129
0.5070000000021115	0.17136023447782212
0.5080000000021156	0.17124972142934147
0.50900000000212	0.17113906372242615
0.5100000000021239	0.171028261699407
0.511000000002128	0.17091731564021906
0.5120000000021321	0.17080622573751092
0.5130000000021364	0.17069499156960943
0.5140000000021405	0.1705836167838567
0.5150000000021446	0.1704721025691487
0.516000000002149	0.17036044428569475
0.5170000000021531	0.17024864115299554
0.5180000000021572	0.17013669786520025
0.5190000000021613	0.17002461621060072
0.5200000000021656	0.1699123920033736
0.5210000000021697	0.16980003236314445
0.5220000000021738	0.1696875275275994
0.5230000000021782	0.1695748819629539
0.5240000000021823	0.16946210228339398
0.5250000000021864	0.16934918101688012
0.5260000000021905	0.1692361227810627
0.5270000000021948	0.16912292677694085
0.5280000000021989	0.16900959335399623
0.529000000002203	0.168896123036131
0.5300000000022074	0.1687825161127392
0.5310000000022115	0.16866877282374193
0.5320000000022156	0.16855489343049024
0.5330000000022197	0.16844088057381335
0.534000000002224	0.1683267342585517
0.5350000000022281	0.1682124386515268
0.5360000000022322	0.16809802913851035
0.5370000000022366	0.1679834743934342
0.5380000000022407	0.16786879301828495
0.5390000000022448	0.16775397787244728
0.5400000000022487	0.16763902254805818
0.541000000002253	0.16752393621353856
0.5420000000022571	0.16740872239979887
0.5430000000022612	0.16729337345692485
0.5440000000022656	0.16717789713307052
0.5450000000022697	0.16706228661044742
0.5460000000022738	0.1669465490932387
0.5470000000022779	0.16683067831703824
0.5480000000022822	0.1667146796757626
0.5490000000022863	0.16659855275911684
0.5500000000022904	0.16648229549797622
0.5510000000022948	0.16636591083171282
0.5520000000022989	0.16624939876527012
0.553000000002303	0.1661327588441771
0.5540000000023071	0.16601599139794376
0.5550000000023114	0.16589909701376115
0.5560000000023155	0.16578207622482288
0.5570000000023196	0.16566492947348377
0.558000000002324	0.1655476570611384
0.5590000000023281	0.16543025930852628
0.5600000000023322	0.1653127365632775
0.5610000000023363	0.16519508919030534
0.5620000000023406	0.16507731764223532
0.5630000000023447	0.1649594224589419
0.5640000000023488	0.16484140417567128
0.5650000000023532	0.16472326301074391
0.5660000000023573	0.1646049993023756
0.5670000000023614	0.1644866135999581
0.5680000000023655	0.1643681062483957
0.5690000000023698	0.1642494775460699
0.5700000000023739	0.16413072789041316
0.5710000000023778	0.16401185767542825
0.5720000000023819	0.16389286741569553
0.5730000000023863	0.16377375762486124
0.5740000000023904	0.16365452858886187
0.5750000000023945	0.1635351806388078
0.5760000000023988	0.16341571401056765
0.5770000000024029	0.1632961287235669
0.578000000002407	0.16317642520715703
0.5790000000024111	0.16305660625358565
0.5800000000024155	0.1629366702226447
0.5810000000024196	0.1628166170307046
0.5820000000024237	0.16269644978580933
0.583000000002428	0.16257616993705604
0.5840000000024321	0.16245576623761593
0.5850000000024362	0.16233524871761873
0.5860000000024403	0.16221461965501882
0.5870000000024447	0.162093874731142
0.5880000000024488	0.1619730176195351
0.5890000000024529	0.16185204708733847
0.5900000000024572	0.1617309632164765
0.5910000000024613	0.16160976701726804
0.5920000000024654	0.16148845855263716
0.5930000000024696	0.16136703821478993
0.5940000000024739	0.16124550659714
0.595000000002478	0.16112386359606534
0.5960000000024821	0.16100211018678212
0.5970000000024864	0.16088024633423315
0.5980000000024905	0.16075827332604709
0.5990000000024946	0.1606361912782973
0.6000000000024988	0.16051400353508627
0.6010000000025031	0.16039169878721182
0.602000000002507	0.16026928833240184
0.6030000000025111	0.160146773884418
0.6040000000025154	0.1600241490715948
0.6050000000025195	0.1599014200451978
0.6060000000025236	0.15977858199785255
0.6070000000025277	0.15965564018831935
0.6080000000025321	0.15953259039155332
0.6090000000025362	0.15940943677191888
0.6100000000025403	0.1592861767751821
0.6110000000025446	0.15916281367467278
0.6120000000025487	0.15903934679751142
0.6130000000025528	0.15891577573201998
0.614000000002557	0.15879210095522667
0.6150000000025613	0.15866832315559232
0.6160000000025654	0.15854444279446567
0.6170000000025695	0.15842046029803725
0.6180000000025738	0.15829637607513813
0.6190000000025779	0.15817219054988363
0.620000000002582	0.15804790413639203
0.6210000000025861	0.15792351723656317
0.6220000000025905	0.1577990301880111
0.6230000000025946	0.157674443387964
0.6240000000025987	0.15754975720995001
0.625000000002603	0.15742497177918813
0.6260000000026071	0.15730008749634516
0.6270000000026112	0.15717510635694498
0.6280000000026154	0.1570500265024941
0.6290000000026197	0.15692485009370083
0.6300000000026238	0.1567995753246203
0.6310000000026279	0.1566742055226048
0.6320000000026322	0.15654873842349304
0.6330000000026361	0.15642317606036427
0.6340000000026402	0.1562975182212747
0.6350000000026443	0.15617176580712067
0.6360000000026487	0.1560459185986003
0.6370000000026528	0.15591997768717358
0.6380000000026569	0.15579394269237778
0.6390000000026612	0.15566781490987935
0.6400000000026653	0.1555415946506009
0.6410000000026694	0.15541528414780315
0.6420000000026735	0.1552888813220179
0.6430000000026779	0.1551623730108963
0.644000000002682	0.15503578987254663
0.6450000000026861	0.15490911529610363
0.6460000000026904	0.1547823417464248
0.6470000000026945	0.15465548077520408
0.6480000000026986	0.15452853140199574
0.6490000000027027	0.1544014931685389
0.6500000000027071	0.15427436974174324
0.6510000000027112	0.15414714924753348
0.6520000000027153	0.15401984250596057
0.6530000000027196	0.15389245193476497
0.6540000000027237	0.1537649712993966
0.6550000000027278	0.15363740645585755
0.656000000002732	0.15350975262455546
0.6570000000027363	0.153382014965869
0.6580000000027404	0.15325418938622326
0.6590000000027445	0.15312628045814114
0.6600000000027488	0.1529982847494723
0.6610000000027529	0.15287020618082825
0.662000000002757	0.15274204197574748
0.6630000000027612	0.15261379525195273
0.6640000000027653	0.15248546379619632
0.6650000000027694	0.1523570519922529
0.6660000000027735	0.1522285558067633
0.6670000000027778	0.15209997786462415
0.6680000000027819	0.15197131884186765
0.669000000002786	0.15184257803772483
0.6700000000027901	0.15171375674415621
0.6710000000027945	0.15158485486836681
0.6720000000027986	0.15145587315281483
0.6730000000028027	0.15132681133175363
0.674000000002807	0.15119767051416766
0.6750000000028111	0.15106845108516942
0.6760000000028152	0.15093915298984695
0.6770000000028193	0.15080977705437726
0.6780000000028237	0.1506803231986007
0.6790000000028278	0.15055079275207217
0.6800000000028319	0.150421186039138
0.6810000000028362	0.15029149991173751
0.6820000000028403	0.1501617418187282
0.6830000000028444	0.15003190441148007
0.6840000000028486	0.14990199488445477
0.6850000000028529	0.14977200769071652
0.686000000002857	0.14964194911342388
0.6870000000028611	0.1495118127444761
0.6880000000028654	0.14938160703771808
0.6890000000028695	0.14925132465606517
0.6900000000028736	0.14912097240138922
0.6910000000028778	0.14899054477400853
0.6920000000028821	0.14886004887364712
0.6930000000028862	0.14872947920802182
0.6940000000028901	0.14859883566514143
0.6950000000028944	0.14846812307730017
0.6960000000028985	0.14833734197609671
0.6970000000029026	0.1482064882315578
0.6980000000029067	0.14807556349904494
0.6990000000029111	0.14794457020872764
0.7000000000029152	0.14781351061793369
0.7010000000029193	0.147682379780958
0.7020000000029236	0.1475511839549759
0.7030000000029277	0.14741991798513476
0.7040000000029318	0.14728858642905462
0.705000000002936	0.14715718745291873
0.7060000000029403	0.14702572195385877
0.7070000000029444	0.14689419036463003
0.7080000000029485	0.1467625932621225
0.7090000000029526	0.1466309309239926
0.7100000000029569	0.14649920404559424
0.711000000002961	0.14636741257533648
0.7120000000029651	0.14623555711341818
0.7130000000029695	0.14610363819311534
0.7140000000029736	0.14597165551368896
0.7150000000029777	0.14583961020302372
0.7160000000029818	0.1457075023434916
0.7170000000029861	0.14557533311882742
0.7180000000029902	0.14544310117869963
0.7190000000029944	0.14531080988981326
0.7200000000029987	0.14517845372936988
0.7210000000030028	0.14504604091881912
0.7220000000030069	0.14491356753061402
0.723000000003011	0.14478103080012938
0.7240000000030153	0.14464843858983056
0.7250000000030195	0.14451578605788518
0.7260000000030233	0.1443830760143613
0.7270000000030277	0.1442503107806108
0.7280000000030318	0.14411748046564443
0.7290000000030359	0.1439845959147159
0.73000000000304	0.14385165458176574
0.7310000000030443	0.14371865703522957
0.7320000000030484	0.1435856064374894
0.7330000000030525	0.14345249459274134
0.7340000000030569	0.14331932784970647
0.735000000003061	0.14318610743619475
0.7360000000030651	0.1430528331008052
0.7370000000030692	0.14291950422383337
0.7380000000030735	0.1427861214388435
0.7390000000030776	0.14265268556831978
0.7400000000030817	0.142519196902967
0.7410000000030861	0.14238565648470947
0.7420000000030902	0.14225206338868446
0.7430000000030943	0.1421184180240791
0.7440000000030984	0.1419847212112666
0.7450000000031027	0.14185097369337318
0.7460000000031068	0.14171717543935403
0.747000000003111	0.1415833268913943
0.7480000000031153	0.14144942839979735
0.7490000000031194	0.1413154801916744
0.7500000000031235	0.14118148258034258
0.7510000000031276	0.14104743784760476
0.7520000000031319	0.14091334313551473
0.753000000003136	0.14077920086504725
0.7540000000031402	0.1406450109024323
0.7550000000031445	0.1405107734916785
0.7560000000031484	0.14037649043825862
0.7570000000031525	0.1402421602895756
0.7580000000031566	0.14010778583433559
0.7590000000031609	0.1399733684069273
0.760000000003165	0.13983889943182237
0.7610000000031691	0.1397043866060922
0.7620000000031735	0.13956983112413934
0.7630000000031776	0.13943523107783773
0.7640000000031817	0.13930059093409808
0.7650000000031858	0.13916589663227485
0.7660000000031901	0.13903117197019244
0.7670000000031942	0.13889639966953715
0.7680000000031983	0.13876158796154847
0.7690000000032027	0.13862673468173514
0.7700000000032068	0.1384918344283096
0.7710000000032109	0.13835689438813326
0.772000000003215	0.1382219156967972
0.7730000000032193	0.1380868973835867
0.7740000000032234	0.1379518416793164
0.7750000000032276	0.1378167401636614
0.7760000000032319	0.1376816062800792
0.777000000003236	0.13754642962660335
0.7780000000032401	0.13741121625953678
0.7790000000032442	0.1372759651115617
0.7800000000032485	0.13714067645576833
0.7810000000032526	0.13700535072481168
0.7820000000032568	0.13686998854248478
0.7830000000032611	0.13673458969904606
0.7840000000032652	0.1365991543386842
0.7850000000032693	0.136463685954631
0.7860000000032734	0.13632818004510006
0.7870000000032777	0.13619263967381146
0.7880000000032816	0.136057068348727
0.7890000000032857	0.13592144120388783
0.7900000000032901	0.13578581682085578
0.7910000000032942	0.13565013830416528
0.7920000000032983	0.13551443334607982
0.7930000000033024	0.13537868899610372
0.7940000000033067	0.1352429104302022
0.7950000000033108	0.13510711050882107
0.796000000003315	0.13497127808778442
0.7970000000033193	0.13483540806187277
0.7980000000033234	0.13469950970075772
0.7990000000033275	0.13456358169586924
0.8000000000033316	0.1344276248933991
0.8010000000033359	0.13429164102040314
0.80200000000334	0.13415562131702974
0.8030000000033441	0.13401957240408613
0.8040000000033485	0.13388349590012116
0.8050000000033526	0.13374739793732315
0.8060000000033567	0.1336112769751442
0.8070000000033608	0.13347511603680862
0.8080000000033651	0.13333893261499008
0.8090000000033692	0.13320272460566907
0.8100000000033734	0.1330664883451108
0.8110000000033777	0.13293023033742823
0.8120000000033818	0.13279394422023794
0.8130000000033859	0.1326576352375588
0.81400000000339	0.1325212838208525
0.8150000000033943	0.13238493938506024
0.8160000000033985	0.13224855340711084
0.8170000000034026	0.1321121464754036
0.8180000000034067	0.13197571895203164
0.8190000000034108	0.131839252417982
0.8200000000034149	0.13170279216403014
0.821000000003419	0.13156628949547755
0.8220000000034233	0.13142976899178915
0.8230000000034274	0.13129322664526033
0.8240000000034315	0.1311566620777852
0.8250000000034359	0.13102009066001963
0.82600000000344	0.13088348567697405
0.8270000000034441	0.13074686297333127
0.8280000000034482	0.13061022294018287
0.8290000000034525	0.1304735638115746
0.8300000000034566	0.13033688527311504
0.8310000000034607	0.13020018893028318
0.8320000000034651	0.1300634747460303
0.8330000000034692	0.12992674300661577
0.8340000000034733	0.12978999369683164
0.8350000000034774	0.1296532283397075
0.8360000000034817	0.12951644627230385
0.8370000000034858	0.129379647826935
0.83800000000349	0.1292428341038122
0.8390000000034943	0.1291060049376136
0.8400000000034984	0.12896916059749097
0.8410000000035025	0.12883230139275614
0.8420000000035066	0.12869542843030513
0.8430000000035109	0.1285585416185664
0.844000000003515	0.12842164127857525
0.8450000000035192	0.12828472791618506
0.8460000000035233	0.12814780226511757
0.8470000000035276	0.1280108631493948
0.8480000000035317	0.1278739129968699
0.8490000000035356	0.12773695181147382
0.8500000000035399	0.12759997560245118
0.851000000003544	0.12746299305096775
0.8520000000035481	0.12732599811162149
0.8530000000035523	0.12718899420270557
0.8540000000035566	0.12705197871185403
0.8550000000035607	0.12691495277693265
0.8560000000035648	0.12677791718416287
0.8570000000035691	0.1266408736082767
0.8580000000035732	0.1265038233410003
0.8590000000035773	0.12636676364816946
0.8600000000035815	0.1262296965193952
0.8610000000035858	0.12609262222986029
0.8620000000035899	0.12595554072715753
0.863000000003594	0.12581845173840356
0.8640000000035983	0.1256813587028789
0.8650000000036024	0.12554426225788595
0.8660000000036066	0.12540715449647566
0.8670000000036107	0.125270040273606
0.868000000003615	0.12513292882570104
0.8690000000036191	0.12499580734900984
0.8700000000036232	0.12485868304935666
0.8710000000036275	0.12472155631930748
0.8720000000036316	0.12458442099374045
0.8730000000036358	0.12444728121940396
0.8740000000036399	0.12431014872325719
0.8750000000036442	0.12417300944246412
0.8760000000036483	0.12403586839855185
0.8770000000036524	0.12389872048423622
0.8780000000036567	0.1237615750101575
0.8790000000036609	0.12362442941020424
0.8800000000036647	0.12348728324240965
0.8810000000036688	0.12335013470940692
0.8820000000036732	0.12321298867154984
0.8830000000036773	0.12307584156595996
0.8840000000036814	0.12293869581988692
0.8850000000036857	0.12280155087150213
0.8860000000036898	0.1226644079273077
0.887000000003694	0.1225272671291775
0.888000000003698	0.1223901275384699
0.8890000000037024	0.12225299062800732
0.8900000000037065	0.12211585675441927
0.8910000000037106	0.12197872626347062
0.8920000000037149	0.12184159857454724
0.893000000003719	0.12170447512550653
0.8940000000037231	0.12156735652790096
0.8950000000037273	0.12143024145347991
0.8960000000037316	0.12129313390247054
0.8970000000037357	0.12115603022565469
0.8980000000037398	0.12101892404460579
0.8990000000037441	0.12088183504345829
0.9000000000037482	0.12074475100089976
0.9010000000037524	0.12060766903301845
0.9020000000037565	0.12047059551606776
0.9030000000037608	0.1203335307984944
0.9040000000037649	0.12019646949156737
0.905000000003769	0.12005941882080584
0.9060000000037733	0.1199223772820126
0.9070000000037775	0.1197853444427337
0.9080000000037816	0.11964832000445513
0.9090000000037857	0.11951130441084323
0.91000000000379	0.11937429904158747
0.9110000000037939	0.11923730414214773
0.912000000003798	0.11910031976484459
0.9130000000038023	0.11896334479664894
0.9140000000038064	0.11882638229340747
0.9150000000038105	0.1186894302083027
0.9160000000038147	0.11855249015644531
0.917000000003819	0.11841556236440764
0.9180000000038231	0.11827864601726024
0.9190000000038272	0.11814174243402342
0.9200000000038315	0.11800485265381677
0.9210000000038356	0.11786797414108097
0.9220000000038397	0.1177311124155328
0.9230000000038439	0.11759426145728424
0.9240000000038482	0.11745742643390078
0.9250000000038523	0.11732060652813248
0.9260000000038564	0.11718380237029624
0.9270000000038607	0.11704701238351456
0.9280000000038648	0.11691024014663887
0.929000000003869	0.11677348007721211
0.9300000000038731	0.11663673822163545
0.9310000000038774	0.11650001140990218
0.9320000000038815	0.11636330467956624
0.9330000000038856	0.1162266136876906
0.9340000000038899	0.11608993951637336
0.935000000003894	0.11595328144664507
0.9360000000038982	0.11581664675867565
0.9370000000039023	0.11568002863491966
0.9380000000039066	0.11554342882106328
0.9390000000039107	0.11540684815179725
0.9400000000039148	0.11527028729630528
0.9410000000039191	0.1151337455015492
0.942000000003923	0.1149972257742009
0.9430000000039271	0.11486072457929586
0.9440000000039312	0.11472424527965908
0.9450000000039356	0.11458778635316613
0.9460000000039397	0.11445134968411319
0.9470000000039438	0.11431493501422685
0.9480000000039481	0.11417854362496749
0.9490000000039522	0.11404216040252002
0.9500000000039563	0.11390582573632113
0.9510000000039605	0.11376949943896486
0.9520000000039648	0.11363319747666123
0.9530000000039689	0.11349692011332191
0.954000000003973	0.11336066928534316
0.9550000000039773	0.11322443877264066
0.9560000000039814	0.11308823142674707
0.9570000000039856	0.11295205541776343
0.9580000000039897	0.11281589251086077
0.959000000003994	0.11267978173597082
0.9600000000039981	0.11254366024084206
0.9610000000040022	0.11240759428893732
0.9620000000040065	0.11227154407004158
0.9630000000040106	0.1121355204069614
0.9640000000040148	0.11199951819472553
0.9650000000040189	0.11186355738908427
0.9660000000040232	0.11172761401695763
0.9670000000040273	0.11159170383243289
0.9680000000040314	0.11145582099594453
0.9690000000040357	0.11131995342308576
0.9700000000040399	0.11118413839906105
0.9710000000040437	0.11104834011070719
0.9720000000040478	0.11091257299727952
0.9730000000040522	0.11077683687216633
0.9740000000040563	0.11064111831110268
0.9750000000040604	0.11050545309140813
0.9760000000040647	0.11036980633309013
0.9770000000040688	0.11023419190320893
0.978000000004073	0.11009861008744726
0.979000000004077	0.10996304730809192
0.9800000000040812	0.10982753999454753
0.9810000000040855	0.10969205178928387
0.9820000000040896	0.10955659734390466
0.9830000000040937	0.10942117683230501
0.984000000004098	0.10928579105999514
0.9850000000041004	0.10915043571008964
0.9860000000041018	0.10901511361380722
0.987000000004103	0.10887982944795926
0.9880000000041045	0.10874457557323658
0.9890000000041059	0.10860934860224702
0.9900000000041072	0.10847418692684574
0.9910000000041086	0.1083390236727102
0.99200000000411	0.10820392101338361
0.9930000000041115	0.10806884329319921
0.9940000000041127	0.10793380680095577
0.9950000000041141	0.10779880634935268
0.9960000000041156	0.10766383752528175
0.997000000004117	0.10752890912349022
0.9980000000041185	0.10739402082206295
0.9990000000041197	0.1072591680049706
1.0000000000041211	0.10712435341657867
1.001000000004117	0.10698957704496159
1.002000000004113	0.1068548380360117
1.0030000000041086	0.10672013948845183
1.0040000000041045	0.10658547910635385
1.0050000000041002	0.10645085832213974
1.006000000004096	0.10631627867347637
1.007000000004092	0.10618173813609832
1.0080000000040878	0.10604723810682226
1.0090000000040837	0.1059127784687478
1.0100000000040794	0.105778360155239
1.0110000000040753	0.105643982960545
1.012000000004071	0.10550964720511069
1.0130000000040669	0.10537535318703828
1.0140000000040628	0.10524110145364163
1.0150000000040587	0.10510689189296529
1.0160000000040534	0.10497272493773291
1.0170000000040464	0.10483860079643592
1.0180000000040397	0.10470452002433195
1.0190000000040325	0.10457048255365531
1.0200000000040257	0.10443648963322893
1.021000000004019	0.1043025419290654
1.0220000000040117	0.10416863513168917
1.023000000004005	0.10403477237953429
1.0240000000039977	0.10390095965497825
1.025000000003991	0.10376718815481212
1.026000000003984	0.10363346273948715
1.027000000003977	0.10349978327251219
1.0280000000039702	0.10336615030048468
1.0290000000039632	0.10323256431876071
1.0300000000039562	0.1030990218938963
1.0310000000039494	0.10296552726764308
1.0320000000039424	0.1028320806634142
1.0330000000039354	0.10269868136100291
1.0340000000039287	0.10256532984198852
1.0350000000039217	0.10243202616486835
1.0360000000039147	0.10229877078484884
1.0370000000039077	0.10216556352612027
1.0380000000039007	0.10203240531975666
1.039000000003894	0.10189929595585101
1.0400000000038867	0.10176623573878785
1.04100000000388	0.10163322540932274
1.0420000000038732	0.10150026460223094
1.043000000003866	0.10136735387011675
1.0440000000038592	0.10123449358305059
1.0450000000038522	0.10110168386674778
1.0460000000038452	0.10096892495671583
1.0470000000038384	0.1008362172018833
1.0480000000038314	0.1007035615810079
1.0490000000038244	0.10057095723437492
1.0500000000038174	0.10043840594129794
1.0510000000038104	0.10030590464627531
1.0520000000038037	0.10017345650156695
1.0530000000037967	0.10004106135729263
1.0540000000037897	0.09990871956980996
1.055000000003783	0.09977643134348013
1.056000000003776	0.09964419350662745
1.057000000003769	0.0995120133528612
1.0580000000037622	0.09937988691352306
1.059000000003755	0.09924781227321322
1.0600000000037482	0.0991157933325566
1.0610000000037412	0.09898382964295604
1.0620000000037342	0.09885192134734977
1.0630000000037274	0.0987200686631875
1.0640000000037202	0.09858826239396268
1.0650000000037134	0.09845652948213945
1.0660000000037064	0.09832484366606731
1.0670000000036994	0.09819320548849042
1.0680000000036927	0.09806164086589997
1.0690000000036857	0.097930124105295
1.0700000000036787	0.09779866472064203
1.071000000003672	0.09766726287259575
1.072000000003665	0.09753591742568579
1.073000000003658	0.0974046320115094
1.0740000000036511	0.09727340667014361
1.075000000003644	0.09714223623817908
1.0760000000036372	0.09701112413337332
1.0770000000036304	0.09688007420174227
1.0780000000036232	0.09674907980897096
1.0790000000036164	0.09661814242681799
1.0800000000036092	0.0964872694810276
1.0810000000036024	0.0963564560985195
1.0820000000035954	0.0962257037427865
1.0830000000035884	0.09609501231142603
1.0840000000035817	0.09596437525476831
1.0850000000035747	0.09583380740346337
1.0860000000035677	0.0957032860537006
1.087000000003561	0.09557284588245396
1.088000000003554	0.09544245969581411
1.089000000003547	0.09531213254621862
1.0900000000035401	0.0951818605698983
1.091000000003533	0.09505166582210667
1.0920000000035262	0.09492152642266338
1.0930000000035192	0.09479144308623022
1.0940000000035122	0.0946614365437548
1.0950000000035054	0.09453148665274036
1.0960000000034982	0.09440159352083188
1.0970000000034914	0.09427177449272262
1.0980000000034844	0.09414201397453281
1.0990000000034774	0.09401231540410138
1.1000000000034706	0.09388269052162124
1.1010000000034637	0.09375312326101815
1.1020000000034567	0.09362362172695937
1.1030000000034499	0.0934941856501923
1.104000000003443	0.09336481494875759
1.105000000003436	0.09323550998013119
1.106000000003429	0.09310627082822931
1.107000000003422	0.09297709802241338
1.1080000000034151	0.09284799136935007
1.1090000000034081	0.09271895133168218
1.1100000000034012	0.09258997804378888
1.1110000000033944	0.09246107185252583
1.1120000000033872	0.09233223278720448
1.1130000000033804	0.09220346126181667
1.1140000000033736	0.09207475733755266
1.1150000000033664	0.09194612148613923
1.1160000000033596	0.09181755387209989
1.1170000000033526	0.09168905455099352
1.1180000000033457	0.09156062373905427
1.1190000000033387	0.09143226243124425
1.1200000000033317	0.0913039711705137
1.121000000003325	0.09117574718032295
1.122000000003318	0.09104759031075038
1.123000000003311	0.090919504916818
1.1240000000033041	0.09079148966102524
1.1250000000032971	0.09066354483174555
1.1260000000032901	0.09053567039074029
1.1270000000032834	0.09040786658746158
1.1280000000032764	0.0902801336536676
1.1290000000032694	0.09015247169653295
1.1300000000032626	0.09002488098844008
1.1310000000032554	0.08989736175889196
1.1320000000032486	0.08976991424025882
1.1330000000032414	0.08964253861441296
1.1340000000032346	0.08951523507370873
1.1350000000032279	0.08938800399214686
1.1360000000032207	0.08926084523357503
1.1370000000032139	0.0891337590146668
1.138000000003207	0.08900674672127906
1.1390000000032	0.08887980760462211
1.1400000000031931	0.08875294142728818
1.1410000000031861	0.08862614771820276
1.1420000000031791	0.08849942846031367
1.1430000000031724	0.08837278383532376
1.1440000000031654	0.08824621293057011
1.1450000000031584	0.08811971414655073
1.1460000000031516	0.08799328995547806
1.1470000000031444	0.08786694359352698
1.1480000000031376	0.08774067216399106
1.1490000000031304	0.08761447552800061
1.1500000000031236	0.08748835434704427
1.1510000000031169	0.08736230881489282
1.1520000000031096	0.08723633927176855
1.1530000000031029	0.08711044585781147
1.1540000000030959	0.08698462878628821
1.155000000003089	0.08685888852535217
1.1560000000030821	0.08673322547279261
1.1570000000030751	0.086607637173309
1.1580000000030681	0.08648212636862229
1.1590000000030614	0.08635669342428798
1.1600000000030544	0.08623133835033392
1.1610000000030474	0.08610606072819482
1.1620000000030404	0.08598085965768754
1.1630000000030334	0.08585573742270491
1.1640000000030266	0.08573069351831708
1.1650000000030196	0.08560572832450053
1.1660000000030126	0.08548084150870394
1.1670000000030059	0.08535603366884614
1.1680000000029986	0.08523130525794986
1.1690000000029919	0.08510665571428755
1.1700000000029849	0.08498208585160194
1.1710000000029779	0.0848575957319232
1.172000000002971	0.08473318548842057
1.1730000000029641	0.08460885487856173
1.1740000000029571	0.08448460366392996
1.1750000000029501	0.08436042988173642
1.1760000000029431	0.08423634567296379
1.1770000000029364	0.08411233648190908
1.1780000000029294	0.08398840851693268
1.1790000000029224	0.08386456205454507
1.1800000000029156	0.08374079702662018
1.1810000000029086	0.083617113492368
1.1820000000029016	0.08349351149816253
1.1830000000028948	0.08336999146757385
1.1840000000028876	0.08324655361686961
1.1850000000028809	0.08312319804702162
1.186000000002874	0.08299992526054023
1.1870000000028669	0.08287673451291144
1.18800000000286	0.08275362710030032
1.1890000000028529	0.08263060250395748
1.1900000000028461	0.08250766111373697
1.1910000000028391	0.08238480295232165
1.1920000000028321	0.08226202822738182
1.1930000000028254	0.08213933736533763
1.1940000000028184	0.08201673058797976
1.1950000000028114	0.08189420762492594
1.1960000000028046	0.08177176890204718
1.1970000000027976	0.08164941509908874
1.1980000000027906	0.08152714548708251
1.1990000000027838	0.08140496050770829
1.2000000000027768	0.08128286116128591
1.2010000000027699	0.08116084734183648
1.2020000000027629	0.08103891829572696
1.2030000000027559	0.08091707425277539
1.204000000002749	0.08079531574258902
1.2050000000027419	0.08067364390451526
1.206000000002735	0.08055205692618106
1.2070000000027283	0.08043055476573757
1.2080000000027211	0.08030914126294242
1.2090000000027143	0.08018781407949738
1.2100000000027074	0.08006657400001915
1.2110000000027004	0.07994542011829164
1.2120000000026936	0.0798243535906713
1.2130000000026866	0.0797033741775538
1.2140000000026796	0.07958248237514809
1.2150000000026726	0.07946167820396155
1.2160000000026656	0.07934095699818444
1.2170000000026588	0.07922033049379473
1.2180000000026519	0.07909979066361439
1.2190000000026449	0.0789793403919068
1.220000000002638	0.07885897580948464
1.2210000000026309	0.07873869703921244
1.222000000002624	0.07861850890984368
1.2230000000026173	0.07849841040764771
1.2240000000026101	0.07837840113524397
1.2250000000026033	0.0782584805831994
1.2260000000025963	0.07813864979454599
1.2270000000025894	0.07801890843744042
1.2280000000025826	0.07789925648383311
1.2290000000025754	0.07777969426536868
1.2300000000025686	0.07766022205304624
1.2310000000025616	0.07754084004997508
1.2320000000025546	0.07742154801218393
1.2330000000025478	0.0773023462625122
1.2340000000025408	0.0771832357993334
1.2350000000025338	0.07706421523808671
1.236000000002527	0.07694528546057322
1.23700000000252	0.07682644694621199
1.238000000002513	0.07670770077307254
1.2390000000025063	0.07658904577854919
1.240000000002499	0.0764704815046593
1.2410000000024923	0.07635200821405086
1.2420000000024853	0.07623362567470582
1.2430000000024783	0.0761153367961871
1.2440000000024716	0.07599714044611172
1.2450000000024644	0.07587903627717307
1.2460000000024576	0.07576102438902221
1.2470000000024506	0.0756431050153088
1.2480000000024436	0.07552527784474572
1.2490000000024368	0.07540754317078624
1.2500000000024298	0.07528990159490911
1.2510000000024228	0.07517235348824514
1.252000000002416	0.07505489878170613
1.253000000002409	0.07493753742603282
1.254000000002402	0.07482026961443544
1.2550000000023953	0.07470309553018961
1.256000000002388	0.07458601545142363
1.2570000000023813	0.07446902900802088
1.2580000000023743	0.07435213653110706
1.2590000000023673	0.07423533879838917
1.2600000000023606	0.07411863467116364
1.2610000000023533	0.07400202525347355
1.2620000000023466	0.07388551114265884
1.2630000000023396	0.07376909138129562
1.2640000000023326	0.07365276699180445
1.2650000000023258	0.07353653786457381
1.2660000000023188	0.07342040334346189
1.2670000000023118	0.07330436441616839
1.268000000002305	0.07318842050454533
1.269000000002298	0.0730725718314491
1.270000000002291	0.07295681999455916
1.271000000002284	0.07284116445185584
1.272000000002277	0.07272560461096378
1.2730000000022703	0.07261013939411631
1.2740000000022633	0.07249477137924987
1.2750000000022563	0.07237950027466578
1.2760000000022496	0.0722643250860866
1.2770000000022423	0.07214924678475265
1.2780000000022356	0.07203426482703534
1.2790000000022288	0.07191937976526808
1.2800000000022216	0.07180458989764227
1.2810000000022148	0.0716899019559083
1.2820000000022078	0.07157530962111491
1.2830000000022008	0.07146081399189064
1.2840000000021938	0.07134641554292565
1.2850000000021868	0.07123211416789788
1.28600000000218	0.07111791172434079
1.287000000002173	0.07100380733294709
1.288000000002166	0.07088980093997543
1.2890000000021593	0.07077589257785599
1.2900000000021523	0.07066208269608731
1.2910000000021453	0.07054837108185197
1.2920000000021385	0.07043475821310152
1.2930000000021313	0.07032124363784276
1.2940000000021246	0.07020782847997098
1.2950000000021178	0.0700945117149323
1.2960000000021106	0.06998129383600138
1.2970000000021038	0.06986817557059288
1.2980000000020966	0.06975515549032352
1.2990000000020898	0.06964223559707938
1.3000000000020828	0.06952941525455669
1.3010000000020758	0.06941669457304056
1.302000000002069	0.06930407224629276
1.303000000002062	0.06919154458327015
1.304000000002055	0.06907913055785186
1.3050000000020483	0.0689668078988448
1.3060000000020413	0.0688545868453243
1.3070000000020343	0.06874246818315743
1.3080000000020275	0.06863044792147122
1.3090000000020205	0.06851852557280302
1.3100000000020136	0.06840670599796317
1.3110000000020068	0.06829498735394135
1.3120000000019996	0.06818336992087293
1.3130000000019928	0.06807185318382558
1.3140000000019856	0.06796043719075551
1.3150000000019788	0.0678491222116222
1.316000000001972	0.06773790897939824
1.3170000000019648	0.0676267973717799
1.318000000001958	0.06751578653203194
1.319000000001951	0.06740487750266111
1.320000000001944	0.06729407007279531
1.3210000000019373	0.06718336401001035
1.3220000000019303	0.06707275947043867
1.3230000000019233	0.06696225716703286
1.3240000000019165	0.06685185796101167
1.3250000000019095	0.0667415609827231
1.3260000000019025	0.06663136597706054
1.3270000000018956	0.0665212733484768
1.3280000000018886	0.06641128361913451
1.3290000000018818	0.06630139623583964
1.3300000000018748	0.06619161221105585
1.3310000000018678	0.0660819308173668
1.332000000001861	0.06597235178821137
1.3330000000018538	0.06586287590343254
1.334000000001847	0.06575350201159225
1.33500000000184	0.0656442321439018
1.336000000001833	0.06553506549637045
1.3370000000018263	0.06542600229077877
1.3380000000018193	0.06531704307908925
1.3390000000018123	0.06520818555989982
1.3400000000018053	0.06509943157458142
1.3410000000017983	0.06499078445090944
1.3420000000017915	0.06488223955270767
1.3430000000017845	0.06477379685916107
1.3440000000017776	0.06466546182707789
1.3450000000017708	0.06455722871928105
1.3460000000017638	0.06444909983654146
1.3470000000017568	0.0643410753270598
1.34800000000175	0.06423315534795027
1.3490000000017428	0.06412534005078463
1.350000000001736	0.0640176291834178
1.3510000000017293	0.06391002285607261
1.352000000001722	0.06380252207416193
1.3530000000017153	0.06369512533832378
1.354000000001708	0.06358783414849956
1.3550000000017013	0.06348064712141899
1.3560000000016943	0.06337356577458031
1.3570000000016873	0.0632665888737387
1.3580000000016805	0.06315971705605317
1.3590000000016735	0.06305295050313398
1.3600000000016665	0.06294628936798141
1.3610000000016598	0.06283973449036329
1.3620000000016528	0.06273328489306185
1.3630000000016458	0.06262694111136735
1.364000000001639	0.06252070322919889
1.3650000000016318	0.06241457041086962
1.366000000001625	0.062308544023928714
1.367000000001618	0.06220262436533264
1.368000000001611	0.06209680997754585
1.3690000000016043	0.061991101631028056
1.370000000001597	0.06188550031388418
1.3710000000015903	0.06178000431444575
1.3720000000015833	0.06167461527241047
1.3730000000015763	0.061569331704489305
1.3740000000015695	0.06146415570441022
1.3750000000015625	0.06135908586796557
1.3760000000015555	0.06125412092230442
1.3770000000015488	0.06114926528287523
1.3780000000015418	0.061044514055364596
1.3790000000015348	0.060939871100654575
1.3800000000015278	0.060835335692967396
1.3810000000015208	0.060730907582129845
1.382000000001514	0.0606265857343774
1.383000000001507	0.060522371315480106
1.3840000000015	0.060418264037338965
1.3850000000014933	0.060314264014458274
1.386000000001486	0.060210370753968734
1.3870000000014793	0.0601065852337036
1.3880000000014725	0.060002906681763224
1.3890000000014653	0.05989933658867508
1.3900000000014585	0.059795873986284054
1.3910000000014515	0.059692517563176284
1.3920000000014445	0.05958927041400641
1.3930000000014378	0.05948613110407852
1.3940000000014305	0.05938310067064623
1.3950000000014238	0.05928017751322412
1.3960000000014168	0.05917736225368864
1.3970000000014098	0.05907465492377939
1.398000000001403	0.058972054677239094
1.399000000001396	0.05886956439312674
1.400000000001389	0.05876717991463587
1.4010000000013823	0.058664904030962806
1.4020000000013753	0.05856273815399826
1.4030000000013683	0.058460681642267476
1.4040000000013615	0.05835873203414832
1.4050000000013543	0.058256891134832345
1.4060000000013475	0.05815515885624212
1.4070000000013405	0.05805353635523647
1.4080000000013335	0.057952021478676397
1.4090000000013267	0.05785061629887145
1.4100000000013195	0.05774931891468005
1.4110000000013128	0.05764813109066269
1.4120000000013058	0.05754705164772045
1.4130000000012988	0.05744608113792993
1.414000000001292	0.057345219313363005
1.415000000001285	0.05724446708959552
1.416000000001278	0.05714382452951683
1.4170000000012712	0.05704329182249568
1.4180000000012642	0.0569428670001868
1.4190000000012573	0.05684255233355062
1.4200000000012505	0.05674234598629069
1.4210000000012433	0.05664224989064259
1.4220000000012365	0.05654226489441205
1.4230000000012293	0.05644238644507438
1.4240000000012225	0.05634261756604153
1.4250000000012157	0.05624296028660991
1.4260000000012085	0.056143410677109484
1.4270000000012018	0.05604397122180105
1.4280000000011948	0.05594464292212087
1.4290000000011878	0.055845424094018714
1.430000000001181	0.05574631516698658
1.431000000001174	0.05564731590296734
1.432000000001167	0.055548426182610466
1.4330000000011602	0.05544964741868097
1.4340000000011532	0.05535097851898252
1.4350000000011462	0.05525241768491762
1.4360000000011393	0.05515396733584277
1.4370000000011323	0.055055629043750054
1.4380000000011255	0.054957400027495384
1.4390000000011185	0.054859281439901375
1.4400000000011115	0.054761273244365194
1.4410000000011047	0.054663374857585656
1.4420000000010975	0.054565587700782237
1.4430000000010907	0.05446791048456967
1.4440000000010837	0.054370343259045106
1.4450000000010768	0.054272885868027476
1.44600000000107	0.05417554035535588
1.447000000001063	0.05407830501369937
1.448000000001056	0.0539811801218949
1.449000000001049	0.053884164956258584
1.450000000001042	0.053787261272246534
1.4510000000010352	0.05369046846484027
1.4520000000010282	0.0535937873720278
1.4530000000010213	0.05349721485129588
1.4540000000010145	0.05340075545811107
1.4550000000010075	0.053304405178782543
1.4560000000010005	0.053208166183447037
1.4570000000009937	0.05311203814687837
1.4580000000009865	0.05301602049986476
1.4590000000009797	0.05292011445095768
1.460000000000973	0.052824322075262886
1.4610000000009657	0.05272863781287673
1.462000000000959	0.05263306290371206
1.4630000000009518	0.05253760204595814
1.464000000000945	0.05244225035245509
1.465000000000938	0.052347011074344696
1.466000000000931	0.052251881700612346
1.4670000000009242	0.05215686448523327
1.4680000000009172	0.05206195877025821
1.4690000000009102	0.05196716322903039
1.4700000000009035	0.051872478934838484
1.4710000000008965	0.05177790735355392
1.4720000000008895	0.05168344585943996
1.4730000000008827	0.051589096039821314
1.4740000000008757	0.05149485772633833
1.4750000000008687	0.05140073103736753
1.476000000000862	0.05130671508341267
1.4770000000008547	0.051212812216171355
1.478000000000848	0.05111901851940537
1.4790000000008408	0.05102533789992736
1.480000000000834	0.050931768923849985
1.4810000000008272	0.050838310890644056
1.48200000000082	0.05074496390704808
1.4830000000008132	0.05065172952542474
1.4840000000008062	0.05055860614531471
1.4850000000007992	0.05046559355987945
1.4860000000007925	0.050372694113101746
1.4870000000007855	0.050279905733040864
1.4880000000007785	0.05018722785816465
1.4890000000007717	0.05009466301072707
1.4900000000007645	0.050002210413124915
1.4910000000007577	0.04990986761424643
1.4920000000007507	0.049817639373552325
1.4930000000007437	0.04972552017142651
1.494000000000737	0.04963351296389584
1.49500000000073	0.04954161805890278
1.496000000000723	0.049449835708583745
1.497000000000716	0.04935816359888101
1.498000000000709	0.04926660403804983
1.4990000000007022	0.049175156690315025
1.5000000000006952	0.04908382131031763
1.5010000000006882	0.048992597596871246
1.5020000000006815	0.04890148576577624
1.5030000000006745	0.04881048560833412
1.5040000000006675	0.04871959766885936
1.5050000000006605	0.048628821334560146
1.5060000000006535	0.04853815754233071
1.5070000000006467	0.0484476046332708
1.5080000000006397	0.04835716328540074
1.5090000000006327	0.04826683561642253
1.5100000000006257	0.04817661920358218
1.5110000000006187	0.04808651499116978
1.512000000000612	0.04799652234867258
1.513000000000605	0.04790664031567371
1.514000000000598	0.04781687091458775
1.5150000000005912	0.04772721500384014
1.5160000000005842	0.04763766979944628
1.5170000000005772	0.047548236894269236
1.5180000000005702	0.047458916067269374
1.5190000000005632	0.04736970559467335
1.5200000000005565	0.047280610154952774
1.5210000000005495	0.047191626563193534
1.5220000000005425	0.047102752550744365
1.5230000000005357	0.04701399161643982
1.5240000000005285	0.04692534377552682
1.5250000000005217	0.0468368069087185
1.5260000000005147	0.046748381509752135
1.5270000000005077	0.04666006913302645
1.528000000000501	0.04657186755923315
1.529000000000494	0.04648377810350934
1.530000000000487	0.04639580169257629
1.53100000000048	0.04630793743356909
1.532000000000473	0.04622018576893261
1.5330000000004662	0.04613254539279654
1.5340000000004592	0.0460450156276333
1.5350000000004522	0.045957598028960156
1.5360000000004455	0.04587029464177872
1.5370000000004385	0.04578310108746331
1.5380000000004315	0.04569601972028403
1.5390000000004245	0.045609051042144744
1.5400000000004175	0.045522193180988824
1.5410000000004107	0.0454354486535381
1.5420000000004037	0.045348816660107816
1.5430000000003967	0.045262295360516624
1.5440000000003897	0.04517588690509289
1.5450000000003827	0.045089590313209915
1.546000000000376	0.04500340601082353
1.547000000000369	0.04491733198581027
1.548000000000362	0.04483137164070694
1.549000000000355	0.04474552252879538
1.5500000000003482	0.04465978435204354
1.5510000000003412	0.04457416033994166
1.5520000000003342	0.04448864566569821
1.5530000000003272	0.04440324395678097
1.5540000000003205	0.04431795480884504
1.5550000000003135	0.044232775218370324
1.5560000000003065	0.04414771009524188
1.5570000000002997	0.044062755822697586
1.5580000000002925	0.04397791382635985
1.5590000000002857	0.0438931839458665
1.5600000000002787	0.0438085649241341
1.5610000000002717	0.04372405789963241
1.5620000000002647	0.043639662862614115
1.5630000000002577	0.04355537873978366
1.564000000000251	0.04347120864801224
1.565000000000244	0.043387149265282976
1.566000000000237	0.04330319946077199
1.5670000000002302	0.0432193625893067
1.5680000000002232	0.04313563924580244
1.5690000000002162	0.04305202584762591
1.5700000000002092	0.04296852314897148
1.5710000000002025	0.042885133689865795
1.5720000000001955	0.04280185700962291
1.5730000000001885	0.04271869054826816
1.5740000000001815	0.0426356361435648
1.5750000000001747	0.04255269068167422
1.5760000000001675	0.0424698580196583
1.5770000000001607	0.042387138436008276
1.5780000000001537	0.042304531052557715
1.5790000000001467	0.0422220338655559
1.58000000000014	0.042139647628972376
1.581000000000133	0.04205737298758516
1.582000000000126	0.041975209581697315
1.583000000000119	0.041893158509197725
1.584000000000112	0.04181121871572002
1.5850000000001052	0.04172939057429814
1.5860000000000982	0.04164767195138919
1.5870000000000912	0.04156606499047444
1.5880000000000845	0.04148457142384854
1.5890000000000775	0.041403187933970464
1.5900000000000705	0.04132191423276543
1.5910000000000635	0.041240754498595544
1.5920000000000565	0.041159704388486706
1.5930000000000497	0.04107876442507796
1.5940000000000427	0.040997936892787745
1.5950000000000357	0.04091722094140815
1.5960000000000287	0.040836616107058354
1.5970000000000217	0.04075612053155098
1.598000000000015	0.04067573835382654
1.599000000000008	0.0405954668025027
1.600000000000001	0.04051530424706162
1.6009999999999942	0.04043525432175721
1.6019999999999872	0.040355315812685144
1.6029999999999802	0.04027548719661711
1.6039999999999732	0.0401957692099848
1.6049999999999662	0.040116162956009505
1.6059999999999595	0.04003666675599282
1.6069999999999525	0.03995728119172781
1.6079999999999455	0.039878007291974216
1.6089999999999387	0.03979884328358807
1.6099999999999315	0.03971979022977845
1.6109999999999247	0.03964084673523449
1.6119999999999177	0.03956201514914792
1.6129999999999107	0.03948329552027885
1.6139999999999037	0.039404682958862125
1.614999999999897	0.03932618364262619
1.61599999999989	0.039247794592359164
1.616999999999883	0.039169514320079535
1.617999999999876	0.03909134634027445
1.6189999999998692	0.039013288524724965
1.6199999999998622	0.03893534094956652
1.6209999999998552	0.038857502183131776
1.6219999999998485	0.03877977662612908
1.6229999999998415	0.03870215801573551
1.6239999999998345	0.0386246508746676
1.6249999999998275	0.0385472551268955
1.6259999999998205	0.03846996789997492
1.6269999999998137	0.03839279247911731
1.6279999999998067	0.038315725531759215
1.6289999999997997	0.03823876872088405
1.6299999999997927	0.03816192337799773
1.6309999999997857	0.03808518603031441
1.631999999999779	0.03800855918787305
1.632999999999772	0.037932042205222505
1.633999999999765	0.03785563658183344
1.634999999999758	0.037779339844292714
1.6359999999997512	0.03770315173942129
1.6369999999997442	0.037627074833948226
1.6379999999997372	0.037551107513681514
1.6389999999997302	0.03747524860322915
1.6399999999997235	0.0373995008983079
1.6409999999997165	0.03732386198848292
1.6419999999997095	0.03724833189012655
1.6429999999997025	0.037172911563646105
1.6439999999996955	0.037097601203094355
1.6449999999996887	0.03702239893744619
1.6459999999996817	0.03694730755031883
1.6469999999996747	0.03687232432407439
1.6479999999996677	0.03679744973602572
1.6489999999996607	0.03672268691344838
1.649999999999654	0.03664803296773278
1.650999999999647	0.036573486690632095
1.65199999999964	0.036499049192517896
1.6529999999996332	0.03642472068846825
1.6539999999996262	0.03635050298336595
1.6549999999996192	0.03627639274785599
1.6559999999996122	0.03620239039285755
1.6569999999996052	0.03612849838275478
1.6579999999995985	0.03605471530649218
1.6589999999995915	0.0359810415981745
1.6599999999995845	0.03590747528926286
1.6609999999995777	0.035834018054510364
1.6619999999995705	0.03576066926415833
1.6629999999995637	0.03568742988878548
1.6639999999995567	0.03561429862954202
1.6649999999995497	0.03554127534932583
1.665999999999543	0.035468360845687164
1.666999999999536	0.03539555447882825
1.667999999999529	0.03532285620902509
1.668999999999522	0.035250265606225906
1.669999999999515	0.03517778391796089
1.6709999999995082	0.03510540978339394
1.6719999999995012	0.03503314501475119
1.6729999999994942	0.03496098667806935
1.6739999999994875	0.0348889375829633
1.6749999999994805	0.034816997202479105
1.6759999999994735	0.03474516305270203
1.6769999999994665	0.0346734381863637
1.6779999999994595	0.03460181984456956
1.6789999999994527	0.034530311036994554
1.6799999999994457	0.03445890763535009
1.6809999999994387	0.03438761173745253
1.6819999999994317	0.034316424810590274
1.6829999999994247	0.034245345207917
1.683999999999418	0.034174372693323796
1.684999999999411	0.034103508036175456
1.685999999999404	0.03403275089325064
1.6869999999993972	0.03396210000337052
1.6879999999993902	0.03389155611861916
1.6889999999993832	0.033821121659298625
1.6899999999993762	0.03375079201313547
1.6909999999993692	0.0336805709005884
1.6919999999993625	0.0336104572571464
1.6929999999993555	0.033540450163271895
1.6939999999993485	0.03347054781963377
1.6949999999993415	0.03340075524818409
1.6959999999993345	0.03333106886578485
1.6969999999993277	0.03326148622563163
1.6979999999993207	0.03319201343449518
1.6989999999993137	0.033122644783063815
1.6999999999993067	0.03305338528472901
1.7009999999993	0.03298423267617645
1.701999999999293	0.03291518382953962
1.702999999999286	0.03284624197660668
1.703999999999279	0.03277740816968899
1.7049999999992722	0.032708678466612295
1.7059999999992652	0.032640057250079235
1.7069999999992582	0.032571541131888315
1.7079999999992515	0.032503129290493815
1.7089999999992442	0.03243482553764898
1.7099999999992375	0.032366628345878334
1.7109999999992305	0.03229853544546524
1.7119999999992235	0.03223055010825415
1.7129999999992167	0.03216266868883355
1.7139999999992095	0.03209489276487343
1.7149999999992027	0.03202722339096675
1.7159999999991957	0.031959659572048826
1.7169999999991887	0.031892200525840186
1.717999999999182	0.03182484740554359
1.718999999999175	0.03175760073071343
1.719999999999168	0.03169045855468
1.720999999999161	0.031623421468038426
1.721999999999154	0.03155648972531644
1.7229999999991472	0.03148966300875333
1.7239999999991402	0.03142294240955845
1.7249999999991332	0.03135632520116216
1.7259999999991265	0.031289812428479724
1.7269999999991195	0.031223406490179073
1.7279999999991125	0.031157104762267407
1.7289999999991055	0.031090906216810432
1.7299999999990985	0.03102481363397558
1.7309999999990917	0.03095882705415043
1.7319999999990847	0.03089294528837072
1.7329999999990777	0.030827164840590893
1.7339999999990707	0.03076148987207461
1.7349999999990655	0.030695919377046854
1.7359999999990614	0.030630451692929217
1.7369999999990573	0.03056509108663963
1.7379999999990532	0.030499831916071196
1.7389999999990489	0.030434678697518036
1.7399999999990448	0.03036962880939109
1.7409999999990406	0.030304682756187917
1.7419999999990363	0.030239841594104644
1.7429999999990322	0.030175104860651114
1.743999999999028	0.03011046919086513
1.744999999999024	0.030045937199096873
1.74599999999902	0.029981511206949918
1.7469999999990156	0.029917188840452136
1.7479999999990115	0.029852967007834352
1.7489999999990071	0.02978884833114892
1.749999999999003	0.02972483700736883
1.7509999999990045	0.029660925176972386
1.751999999999006	0.02959711730893866
1.7529999999990071	0.029533414040518124
1.7539999999990086	0.02946981288955841
1.75499999999901	0.029406314622870244
1.7559999999990115	0.02934291817888579
1.756999999999013	0.029279625867725034
1.7579999999990141	0.0292164348155306
1.7589999999990156	0.029153348317033978
1.759999999999017	0.02909036391085973
1.7609999999990182	0.029027482911986535
1.7619999999990197	0.02896470243320559
1.7629999999990211	0.02890202325526514
1.7639999999990226	0.028839446532163082
1.7649999999990238	0.0287769733676978
1.7659999999990263	0.028714603361840063
1.7669999999990305	0.028652335580898747
1.7679999999990346	0.028590168616735356
1.7689999999990387	0.02852810191427546
1.769999999999043	0.028466138089836668
1.7709999999990471	0.028404276390161853
1.7719999999990512	0.028342516799295225
1.7729999999990556	0.028280857653980584
1.7739999999990597	0.028219302230207077
1.7749999999990638	0.02815784647555608
1.7759999999990679	0.028096490734740742
1.776999999999072	0.02803523948108233
1.7779999999990763	0.02797408861611872
1.7789999999990804	0.027913037935054064
1.7799999999990845	0.027852088731131985
1.7809999999990886	0.02779123871843303
1.781999999999093	0.02773049061074917
1.782999999999097	0.02766984408294204
1.7839999999991012	0.02760929871117479
1.7849999999991053	0.02754885407203511
1.7859999999991096	0.02748850840581485
1.7869999999991137	0.02742826446635327
1.7879999999991179	0.027368118805524033
1.788999999999122	0.027308074778728986
1.789999999999126	0.027248131657802266
1.7909999999991304	0.027188289283024858
1.7919999999991345	0.02712854519593877
1.7929999999991386	0.02706890378244542
1.7939999999991427	0.027009360091416412
1.794999999999147	0.026949917049010397
1.7959999999991512	0.02689057402380013
1.7969999999991553	0.02683132944046429
1.7979999999991594	0.026772184200086424
1.7989999999991637	0.026713138470021214
1.7999999999991678	0.02665419449420714
1.800999999999172	0.026595348565566446
1.801999999999176	0.026536602141430388
1.8029999999991801	0.02647795439583911
1.8039999999991845	0.026419406275957513
1.8049999999991886	0.026360955762212424
1.8059999999991927	0.026302608628848034
1.8069999999991968	0.026244353716608604
1.8079999999992011	0.026186202563606042
1.8089999999992052	0.02612814855861001
1.8099999999992094	0.02607019281194667
1.8109999999992135	0.02601233674171699
1.8119999999992178	0.025954576821857644
1.812999999999222	0.025896917522611584
1.813999999999226	0.02583935481339461
1.8149999999992301	0.02578189359421934
1.8159999999992344	0.02572452771407152
1.8169999999992386	0.025667259583282198
1.8179999999992427	0.025610090098040494
1.8189999999992468	0.025553019452642434
1.819999999999251	0.025496046683337603
1.8209999999992552	0.025439168977934967
1.8219999999992593	0.025382391713570263
1.8229999999992634	0.02532570989417937
1.8239999999992675	0.025269125030937478
1.8249999999992719	0.02521264082065655
1.825999999999276	0.025156251808997387
1.82699999999928	0.025099960813557587
1.8279999999992842	0.025043765861199052
1.8289999999992885	0.024987668113703676
1.8299999999992926	0.024931667573398597
1.8309999999992967	0.02487576331538288
1.8319999999993009	0.024819956655131037
1.8329999999993052	0.024764245436394217
1.8339999999993093	0.024708632553105514
1.8349999999993134	0.024653114812119736
1.8359999999993175	0.024597696911398792
1.8369999999993218	0.024542371521123263
1.837999999999326	0.02448714304216426
1.83899999999933	0.024432010015426497
1.8399999999993342	0.024376973394992008
1.8409999999993385	0.024322033346448668
1.8419999999993426	0.024267190027701835
1.8429999999993467	0.024212441460431666
1.8439999999993508	0.024157789149307662
1.844999999999355	0.024103231513269763
1.8459999999993593	0.02404877024070229
1.8469999999993634	0.023994404431838756
1.8479999999993675	0.023940131771883366
1.8489999999993716	0.02388595750266087
1.849999999999376	0.023831877210776842
1.85099999999938	0.023777891456180922
1.8519999999993841	0.023724002087754492
1.8529999999993882	0.0236702061742311
1.8539999999993926	0.023616505566255053
1.8549999999993967	0.023562899678444715
1.8559999999994008	0.02350938901434141
1.856999999999405	0.023455973606007485
1.857999999999409	0.023402649788755725
1.8589999999994133	0.02334942213705893
1.8599999999994175	0.023296288777788776
1.8609999999994216	0.02324324886955187
1.861999999999426	0.023190303276870772
1.86299999999943	0.023137452254915036
1.863999999999434	0.02308469608014263
1.8649999999994382	0.02303203225065975
1.8659999999994423	0.02297946190883604
1.8669999999994467	0.02292698609412025
1.8679999999994508	0.02287460345904513
1.8689999999994549	0.02282231398582102
1.869999999999459	0.022770119135829492
1.870999999999463	0.022718015670727287
1.8719999999994674	0.02266600630671889
1.8729999999994715	0.0226140917965425
1.8739999999994756	0.02256226739975553
1.87499999999948	0.022510535556647282
1.875999999999484	0.022458901219692406
1.8769999999994882	0.0224073564899675
1.8779999999994923	0.02235590146034372
1.8789999999994964	0.02230454288230954
1.8799999999995007	0.022253276511197462
1.8809999999995048	0.022202100823728976
1.881999999999509	0.022151017146404328
1.882999999999513	0.022100028192086896
1.8839999999995174	0.02204913039530898
1.8849999999995215	0.02199832280520564
1.8859999999995256	0.02194760831910736
1.8869999999995297	0.021896986266730645
1.887999999999534	0.021846454745454214
1.8889999999995382	0.021796014539002262
1.8899999999995423	0.02174566663428834
1.8909999999995464	0.02169541057329394
1.8919999999995505	0.021645245169804816
1.8929999999995548	0.021595171608946195
1.893999999999559	0.021545188440910246
1.894999999999563	0.021495295919172763
1.8959999999995671	0.021445494748705607
1.8969999999995715	0.021395784368936743
1.8979999999995756	0.021346165374961035
1.8989999999995797	0.021296636610993125
1.8999999999995838	0.021247198636002995
1.9009999999995881	0.021197849464333007
1.9019999999995922	0.021148592976216296
1.9029999999995963	0.021099426316232406
1.9039999999996005	0.021050349894120246
1.9049999999996048	0.021001362297733195
1.905999999999609	0.02095246423733732
1.906999999999613	0.020903657523407615
1.9079999999996171	0.020854941318003695
1.9089999999996214	0.02080631450488868
1.9099999999996256	0.020757775817977775
1.9109999999996297	0.020709327068230587
1.9119999999996338	0.020660967365861316
1.9129999999996379	0.020612697634519672
1.9139999999996422	0.020564517286950856
1.9149999999996463	0.020516425710611852
1.9159999999996504	0.020468423722107554
1.9169999999996545	0.020420511009283104
1.9179999999996589	0.020372686514870564
1.918999999999663	0.020324948910190987
1.919999999999667	0.020277301321475427
1.9209999999996712	0.02022974323783111
1.9219999999996755	0.02018227312315435
1.9229999999996796	0.020134891140820232
1.9239999999996837	0.020087597248315325
1.9249999999996878	0.020040389887813426
1.9259999999996922	0.01999327240157267
1.9269999999996963	0.01994624378504406
1.9279999999997004	0.019899302474549296
1.9289999999997045	0.01985244758783944
1.9299999999997088	0.019805681763474636
1.930999999999713	0.01975900260396979
1.931999999999717	0.01971241145539049
1.9329999999997212	0.0196659050798621
1.9339999999997253	0.01961948922930279
1.9349999999997296	0.019573159951310926
1.9359999999997337	0.019526916271425887
1.9369999999997378	0.019480760861852353
1.937999999999742	0.019434692868791403
1.9389999999997463	0.019388710266997733
1.9399999999997504	0.019342814988995927
1.9409999999997545	0.019297005326199157
1.9419999999997586	0.019251282862542185
1.942999999999763	0.01920564639622646
1.943999999999767	0.0191600971644178
1.9449999999997711	0.01911463290952997
1.9459999999997752	0.0190692548294481
1.9469999999997794	0.019023962904418767
1.9479999999997837	0.01897875731642973
1.9489999999997878	0.018933637763603794
1.949999999999792	0.018888603396830295
1.950999999999796	0.01884365286381884
1.9519999999998003	0.018798789544199446
1.9529999999998044	0.018754012211407156
1.9539999999998086	0.018709319731143204
1.9549999999998127	0.01866471164551231
1.955999999999817	0.018620189177085966
1.956999999999821	0.01857575129895539
1.9579999999998252	0.01853139995853481
1.9589999999998293	0.01848713050611339
1.9599999999998337	0.018442946376527436
1.9609999999998378	0.018398847933505547
1.9619999999998419	0.01835483506188962
1.962999999999846	0.018310905579106085
1.9639999999998503	0.01826705838066034
1.9649999999998544	0.018223297154562168
1.9659999999998585	0.018179620721679113
1.9669999999998626	0.01813602697067762
1.9679999999998667	0.018092517313359813
1.968999999999871	0.018049091281673646
1.9699999999998752	0.018005749253450554
1.9709999999998793	0.017962491279547854
1.9719999999998834	0.017919318017915686
1.9729999999998877	0.017876225574701143
1.9739999999998918	0.017833215370919087
1.974999999999896	0.017790291118035206
1.9759999999999	0.017747448287810164
1.9769999999999044	0.017704690658783107
1.9779999999999085	0.017662013666291387
1.9789999999999126	0.017619419340392906
1.9799999999999167	0.017576910250010402
1.980999999999921	0.01753448265360591
1.9819999999999252	0.017492135240798845
1.9829999999999293	0.01744987207485016
1.9839999999999334	0.01740769083060567
1.9849999999999375	0.017365590320261193
1.9859999999999418	0.01732357188772604
1.986999999999946	0.01728163744952116
1.98799999999995	0.017239786035947224
1.9889999999999541	0.01719801393354392
1.9899999999999585	0.017156323374577398
1.9909999999999626	0.01711471451480051
1.9919999999999667	0.017073188333470046
1.9929999999999708	0.01703174348852321
1.9939999999999751	0.016990381266319354
1.9949999999999792	0.0169490958558689
1.9959999999999833	0.016907892572029626
1.9969999999999875	0.016866770790930907
1.9979999999999918	0.016825729970461945
1.998999999999996	0.016784770760347345
2.0	0.01674388810012062
2.0010279404845495	0.016701949250282233
2.0021217900815715	0.01665741621132777
2.0032857751923165	0.016610134880662097
2.004524391841744	0.01655993788230048
2.005842426366887	0.016506655731844733
2.007244970197923	0.016450109152642556
2.0087374418720856	0.016390110426773075
2.0103256076664273	0.016326463757022514
2.0120156028936726	0.016258956251705037
2.013813957200875	0.01618736768739426
2.0157276178435577	0.016111466406207198
2.0177639781367303	0.016031014896823015
2.019930905358886	0.015945765324571703
2.0222367711443985	0.015855450717589203
2.024690484011897	0.01575980910642727
2.027301523572695	0.015658540233223883
2.0300799770731848	0.01555136303284066
2.033036578410754	0.015437978995954227
2.036182751117039	0.015318058594956718
2.039530649180409	0.01519127588011504
2.043093206833892	0.015057309282545894
2.046884188175661	0.014915816045930619
2.050918238233338	0.014766442263441482
2.0552109433735133	0.014608832616890943
2.059778886913171	0.014442637724263241
2.0646397170403086	0.014267479893844137
2.0698122132469665	0.01408301524944755
2.0753163565584574	0.01388891066012865
2.081173414838828	0.013684718794614303
2.0874060143976347	0.01347014725491702
2.094038234979271	0.01324496896146421
2.1010956980169606	0.013008675760061927
2.1086056699538682	0.01276103209796442
2.116597165034399	0.012501885812994273
2.125101056786564	0.012230974368847458
2.1341501990307465	0.011947952937869322
2.143779554474847	0.011652714441801604
2.1540263207146424	0.011345381038551317
2.1649300857539027	0.011025833400232776
2.1765329774064615	0.01069402934643926
2.1888798204423576	0.010350015426888182
2.2020183144046843	0.009994280622269924
2.2159992202680474	0.009627328375800603
2.2308765524295735	0.009249264135577473
2.246707783705272	0.00886046447670974
2.263554079768369	0.008462260908418062
2.2814805235907363	0.008055488719079573
2.3005563724108544	0.007640844446221484
2.320855322320133	0.007219671676647499
2.3424557929209753	0.006793748935156385
2.3654412374910825	0.006364270870244049
2.389900455657507	0.00593286565416673
2.41592795027163	0.0055019761449550675
2.44362426638729	0.005073595762900007
2.473096411506492	0.004650139236472728
2.5044582437089975	0.004233594678331176
2.537830924630887	0.0038265056038598866
2.5733433911797423	0.0034313146682811713
2.611132843166974	0.0030508941845709403
2.6513452603475027	0.0026870067330266867
2.6941360153529494	0.0023431250425479666
2.739670418177515	0.002020631603843248
2.788124380079947	0.0017216722788068184
2.839685109337027	0.001447686570205331
2.894551789617174	0.0011999667480410148
2.9529364084026577	0.0009787153572651253
3.0150645170164534	0.0007846282413845884
3.0811761422888653	0.0006173214330792431
3.1515266965252042	0.00047583643659554475
3.226387989377641	0.00035811505562377555
3.30604919671757	0.0002630798787939259
3.39081811677136	0.00018750442332227113
3.4810222154328754	0.0001296401857390217
3.577010018652917	8.667104277104709e-05
3.6791523315125145	5.5835452231978167e-05
3.7878438030764574	3.44632562196967e-05
3.9035043177534527	2.0284812895399185e-05
4.02658072998157	1.1305999834121394e-05
4.157548527011607	5.951680927540615e-06
4.296913682346355	2.9180565659370217e-06
4.445214635465608	1.33043772521102e-06
4.603024347307951	5.561925127128831e-07
4.770952424745148	2.1106983516538946e-07
4.9496476786701376	7.212688735158679e-08
5.139800459354712	2.149681177510132e-08
5.342145448462832	5.1061270767149836e-09
5.557464321076707	1.145131434121538e-09
5.786588991858403	1.570774621484361e-10
6.03040459644804	2.261524301161444e-11
6.289853138906711	-2.6201263381153694e-13
6.565936951835777	3.6004532688593827e-13
6.859722633511745	-1.0724754417879012e-13
7.172345245053396	3.2862601528904634e-14
7.505012494394354	-9.992007221626409e-15
7.859009576011049	3.774758283725532e-15
8.23570422033976	-8.881784197001252e-16
8.636551628113326	0.0
9.063100564489073	-4.440892098500626e-16
9.516998831091398	6.661338147750939e-16
10.0	6.661338147750939e-16
